start_min_wib,start_wib,reference_duration_h,local_date,weekday,reference_start_utc,reference_end_utc,execution_start_utc,execution_end_utc,H,L,R,qualified,reason,hi_visits,lo_visits,k1_start,k1_signal,leave,leave_start,leave_ts,terminal,terminal_start,minutes_leave_to_h2
60,01:00,3,2022-01-02,Sunday,2022-01-01 18:00:00+00:00,2022-01-01 21:00:00+00:00,2022-01-01 21:00:00+00:00,2022-01-02 01:00:00+00:00,527.39,522.41,4.980000000000018,True,,1,0,2022-01-01 23:50:00+00:00,2022-01-01 23:55:00+00:00,False,,,BREAK_DURING_K1,2022-01-02 00:00:00+00:00,
60,01:00,3,2022-01-03,Monday,2022-01-02 18:00:00+00:00,2022-01-02 21:00:00+00:00,2022-01-02 21:00:00+00:00,2022-01-03 01:00:00+00:00,530.39,523.29,7.100000000000023,False,BREAK_BEFORE_K1,0,0,,,False,,,BREAK_BEFORE_K1,2022-01-02 21:10:00+00:00,
60,01:00,3,2022-01-04,Tuesday,2022-01-03 18:00:00+00:00,2022-01-03 21:00:00+00:00,2022-01-03 21:00:00+00:00,2022-01-04 01:00:00+00:00,519.37,510.41,8.95999999999998,False,BREAK_BEFORE_K1,0,0,,,False,,,BREAK_BEFORE_K1,2022-01-04 00:20:00+00:00,
60,01:00,3,2022-01-05,Wednesday,2022-01-04 18:00:00+00:00,2022-01-04 21:00:00+00:00,2022-01-04 21:00:00+00:00,2022-01-05 01:00:00+00:00,515.66,505.52,10.139999999999986,False,OPPOSITE_VISIT_BEFORE_K1,0,1,,,False,,,OPPOSITE_VISIT_BEFORE_K1,2022-01-05 00:00:00+00:00,
60,01:00,3,2022-01-06,Thursday,2022-01-05 18:00:00+00:00,2022-01-05 21:00:00+00:00,2022-01-05 21:00:00+00:00,2022-01-06 01:00:00+00:00,509.68,480.72,28.95999999999998,False,OPPOSITE_VISIT_BEFORE_K1,0,1,,,False,,,OPPOSITE_VISIT_BEFORE_K1,2022-01-05 21:30:00+00:00,
60,01:00,3,2022-01-07,Friday,2022-01-06 18:00:00+00:00,2022-01-06 21:00:00+00:00,2022-01-06 21:00:00+00:00,2022-01-07 01:00:00+00:00,480.96,474.44,6.519999999999982,False,OPPOSITE_VISIT_BEFORE_K1,0,1,,,False,,,OPPOSITE_VISIT_BEFORE_K1,2022-01-06 22:10:00+00:00,
60,01:00,3,2022-01-08,Saturday,2022-01-07 18:00:00+00:00,2022-01-07 21:00:00+00:00,2022-01-07 21:00:00+00:00,2022-01-08 01:00:00+00:00,454.29,447.08,7.210000000000036,False,BREAK_BEFORE_K1,0,0,,,False,,,BREAK_BEFORE_K1,2022-01-07 22:50:00+00:00,
60,01:00,3,2022-01-09,Sunday,2022-01-08 18:00:00+00:00,2022-01-08 21:00:00+00:00,2022-01-08 21:00:00+00:00,2022-01-09 01:00:00+00:00,435.81,415.46,20.350000000000023,False,BREAK_BEFORE_K1,0,0,,,False,,,BREAK_BEFORE_K1,2022-01-08 22:40:00+00:00,
60,01:00,3,2022-01-10,Monday,2022-01-09 18:00:00+00:00,2022-01-09 21:00:00+00:00,2022-01-09 21:00:00+00:00,2022-01-10 01:00:00+00:00,444.14,438.07,6.069999999999993,False,BREAK_BEFORE_K1,0,0,,,False,,,BREAK_BEFORE_K1,2022-01-09 23:20:00+00:00,
60,01:00,3,2022-01-11,Tuesday,2022-01-10 18:00:00+00:00,2022-01-10 21:00:00+00:00,2022-01-10 21:00:00+00:00,2022-01-11 01:00:00+00:00,425.6,415.64,9.960000000000036,False,NO_K1,0,0,,,False,,,NO_K1,,
60,01:00,3,2022-01-12,Wednesday,2022-01-11 18:00:00+00:00,2022-01-11 21:00:00+00:00,2022-01-11 21:00:00+00:00,2022-01-12 01:00:00+00:00,463.86,455.64,8.220000000000027,True,,1,0,2022-01-11 23:40:00+00:00,2022-01-11 23:45:00+00:00,True,2022-01-11 23:50:00+00:00,2022-01-11 23:55:00+00:00,H2_ARRIVAL,2022-01-12 00:00:00+00:00,10.0
60,01:00,3,2022-01-13,Thursday,2022-01-12 18:00:00+00:00,2022-01-12 21:00:00+00:00,2022-01-12 21:00:00+00:00,2022-01-13 01:00:00+00:00,487.59,482.27,5.319999999999993,False,BREAK_BEFORE_K1,0,0,,,False,,,BREAK_BEFORE_K1,2022-01-12 21:20:00+00:00,
60,01:00,3,2022-01-14,Friday,2022-01-13 18:00:00+00:00,2022-01-13 21:00:00+00:00,2022-01-13 21:00:00+00:00,2022-01-14 01:00:00+00:00,477.44,468.62,8.819999999999993,False,BREAK_BEFORE_K1,0,0,,,False,,,BREAK_BEFORE_K1,2022-01-13 21:00:00+00:00,
60,01:00,3,2022-01-15,Saturday,2022-01-14 18:00:00+00:00,2022-01-14 21:00:00+00:00,2022-01-14 21:00:00+00:00,2022-01-15 01:00:00+00:00,487.54,478.15,9.390000000000043,True,,1,0,2022-01-14 21:15:00+00:00,2022-01-14 21:20:00+00:00,False,,,BREAK_DURING_K1,2022-01-14 21:25:00+00:00,
60,01:00,3,2022-01-16,Sunday,2022-01-15 18:00:00+00:00,2022-01-15 21:00:00+00:00,2022-01-15 21:00:00+00:00,2022-01-16 01:00:00+00:00,499.45,493.2,6.25,False,OPPOSITE_VISIT_BEFORE_K1,0,1,,,False,,,OPPOSITE_VISIT_BEFORE_K1,2022-01-15 22:30:00+00:00,
60,01:00,3,2022-01-17,Monday,2022-01-16 18:00:00+00:00,2022-01-16 21:00:00+00:00,2022-01-16 21:00:00+00:00,2022-01-17 01:00:00+00:00,500.74,496.6,4.139999999999986,False,OPPOSITE_VISIT_BEFORE_K1,0,1,,,False,,,OPPOSITE_VISIT_BEFORE_K1,2022-01-17 00:00:00+00:00,
60,01:00,3,2022-01-18,Tuesday,2022-01-17 18:00:00+00:00,2022-01-17 21:00:00+00:00,2022-01-17 21:00:00+00:00,2022-01-18 01:00:00+00:00,477.89,470.92,6.96999999999997,False,BREAK_BEFORE_K1,0,0,,,False,,,BREAK_BEFORE_K1,2022-01-17 21:35:00+00:00,
60,01:00,3,2022-01-19,Wednesday,2022-01-18 18:00:00+00:00,2022-01-18 21:00:00+00:00,2022-01-18 21:00:00+00:00,2022-01-19 01:00:00+00:00,463.39,457.3,6.089999999999975,False,BREAK_BEFORE_K1,0,0,,,False,,,BREAK_BEFORE_K1,2022-01-18 21:10:00+00:00,
60,01:00,3,2022-01-20,Thursday,2022-01-19 18:00:00+00:00,2022-01-19 21:00:00+00:00,2022-01-19 21:00:00+00:00,2022-01-20 01:00:00+00:00,472.3,465.17,7.1299999999999955,False,OPPOSITE_VISIT_BEFORE_K1,0,1,,,False,,,OPPOSITE_VISIT_BEFORE_K1,2022-01-19 22:05:00+00:00,
60,01:00,3,2022-01-21,Friday,2022-01-20 18:00:00+00:00,2022-01-20 21:00:00+00:00,2022-01-20 21:00:00+00:00,2022-01-21 01:00:00+00:00,467.91,461.42,6.490000000000009,False,BREAK_BEFORE_K1,0,0,,,False,,,BREAK_BEFORE_K1,2022-01-20 21:00:00+00:00,
60,01:00,3,2022-01-22,Saturday,2022-01-21 18:00:00+00:00,2022-01-21 21:00:00+00:00,2022-01-21 21:00:00+00:00,2022-01-22 01:00:00+00:00,422.21,406.19,16.019999999999982,False,BREAK_BEFORE_K1,0,0,,,False,,,BREAK_BEFORE_K1,2022-01-21 21:25:00+00:00,
60,01:00,3,2022-01-23,Sunday,2022-01-22 18:00:00+00:00,2022-01-22 21:00:00+00:00,2022-01-22 21:00:00+00:00,2022-01-23 01:00:00+00:00,363.34,346.0,17.339999999999975,False,BREAK_BEFORE_K1,0,0,,,False,,,BREAK_BEFORE_K1,2022-01-22 21:40:00+00:00,
60,01:00,3,2022-01-24,Monday,2022-01-23 18:00:00+00:00,2022-01-23 21:00:00+00:00,2022-01-23 21:00:00+00:00,2022-01-24 01:00:00+00:00,375.35,363.12,12.230000000000018,False,BREAK_BEFORE_K1,0,0,,,False,,,BREAK_BEFORE_K1,2022-01-23 23:05:00+00:00,
60,01:00,3,2022-01-25,Tuesday,2022-01-24 18:00:00+00:00,2022-01-24 21:00:00+00:00,2022-01-24 21:00:00+00:00,2022-01-25 01:00:00+00:00,376.33,354.18,22.149999999999977,False,NO_K1,0,0,,,False,,,NO_K1,,
60,01:00,3,2022-01-26,Wednesday,2022-01-25 18:00:00+00:00,2022-01-25 21:00:00+00:00,2022-01-25 21:00:00+00:00,2022-01-26 01:00:00+00:00,387.9,377.36,10.539999999999964,False,OPPOSITE_VISIT_BEFORE_K1,0,1,,,False,,,OPPOSITE_VISIT_BEFORE_K1,2022-01-25 22:20:00+00:00,
60,01:00,3,2022-01-27,Thursday,2022-01-26 18:00:00+00:00,2022-01-26 21:00:00+00:00,2022-01-26 21:00:00+00:00,2022-01-27 01:00:00+00:00,402.42,372.0,30.420000000000016,False,BREAK_BEFORE_K1,0,0,,,False,,,BREAK_BEFORE_K1,2022-01-26 21:35:00+00:00,
60,01:00,3,2022-01-28,Friday,2022-01-27 18:00:00+00:00,2022-01-27 21:00:00+00:00,2022-01-27 21:00:00+00:00,2022-01-28 01:00:00+00:00,371.27,360.8,10.46999999999997,False,OPPOSITE_VISIT_BEFORE_K1,0,1,,,False,,,OPPOSITE_VISIT_BEFORE_K1,2022-01-27 21:00:00+00:00,
60,01:00,3,2022-01-29,Saturday,2022-01-28 18:00:00+00:00,2022-01-28 21:00:00+00:00,2022-01-28 21:00:00+00:00,2022-01-29 01:00:00+00:00,392.0,382.4,9.600000000000023,False,BREAK_BEFORE_K1,0,0,,,False,,,BREAK_BEFORE_K1,2022-01-28 21:55:00+00:00,
60,01:00,3,2022-01-30,Sunday,2022-01-29 18:00:00+00:00,2022-01-29 21:00:00+00:00,2022-01-29 21:00:00+00:00,2022-01-30 01:00:00+00:00,390.18,382.87,7.310000000000002,True,,1,0,2022-01-29 21:05:00+00:00,2022-01-29 21:10:00+00:00,True,2022-01-29 21:10:00+00:00,2022-01-29 21:15:00+00:00,H2_ARRIVAL,2022-01-29 22:45:00+00:00,95.0
60,01:00,3,2022-01-31,Monday,2022-01-30 18:00:00+00:00,2022-01-30 21:00:00+00:00,2022-01-30 21:00:00+00:00,2022-01-31 01:00:00+00:00,381.25,372.13,9.120000000000005,False,BREAK_BEFORE_K1,0,0,,,False,,,BREAK_BEFORE_K1,2022-01-31 00:40:00+00:00,
60,01:00,3,2022-02-01,Tuesday,2022-01-31 18:00:00+00:00,2022-01-31 21:00:00+00:00,2022-01-31 21:00:00+00:00,2022-02-01 01:00:00+00:00,385.01,381.04,3.9699999999999704,False,BREAK_BEFORE_K1,0,0,,,False,,,BREAK_BEFORE_K1,2022-01-31 21:40:00+00:00,
60,01:00,3,2022-02-02,Wednesday,2022-02-01 18:00:00+00:00,2022-02-01 21:00:00+00:00,2022-02-01 21:00:00+00:00,2022-02-02 01:00:00+00:00,387.34,382.28,5.060000000000002,False,BREAK_BEFORE_K1,0,0,,,False,,,BREAK_BEFORE_K1,2022-02-02 00:30:00+00:00,
60,01:00,3,2022-02-03,Thursday,2022-02-02 18:00:00+00:00,2022-02-02 21:00:00+00:00,2022-02-02 21:00:00+00:00,2022-02-03 01:00:00+00:00,376.99,373.16,3.829999999999984,False,BREAK_BEFORE_K1,0,0,,,False,,,BREAK_BEFORE_K1,2022-02-02 21:05:00+00:00,
60,01:00,3,2022-02-04,Friday,2022-02-03 18:00:00+00:00,2022-02-03 21:00:00+00:00,2022-02-03 21:00:00+00:00,2022-02-04 01:00:00+00:00,366.45,361.56,4.889999999999986,False,BREAK_BEFORE_K1,0,0,,,False,,,BREAK_BEFORE_K1,2022-02-03 21:00:00+00:00,
60,01:00,3,2022-02-05,Saturday,2022-02-04 18:00:00+00:00,2022-02-04 21:00:00+00:00,2022-02-04 21:00:00+00:00,2022-02-05 01:00:00+00:00,398.19,390.36,7.829999999999984,False,BREAK_BEFORE_K1,0,0,,,False,,,BREAK_BEFORE_K1,2022-02-04 23:45:00+00:00,
60,01:00,3,2022-02-06,Sunday,2022-02-05 18:00:00+00:00,2022-02-05 21:00:00+00:00,2022-02-05 21:00:00+00:00,2022-02-06 01:00:00+00:00,416.89,409.85,7.039999999999964,False,NO_K1,0,0,,,False,,,NO_K1,,
60,01:00,3,2022-02-07,Monday,2022-02-06 18:00:00+00:00,2022-02-06 21:00:00+00:00,2022-02-06 21:00:00+00:00,2022-02-07 01:00:00+00:00,414.98,410.17,4.810000000000002,True,,1,0,2022-02-06 23:10:00+00:00,2022-02-06 23:15:00+00:00,False,,,BREAK_DURING_K1,2022-02-06 23:15:00+00:00,
60,01:00,3,2022-02-08,Tuesday,2022-02-07 18:00:00+00:00,2022-02-07 21:00:00+00:00,2022-02-07 21:00:00+00:00,2022-02-08 01:00:00+00:00,438.39,432.65,5.740000000000009,False,OPPOSITE_VISIT_BEFORE_K1,0,1,,,False,,,OPPOSITE_VISIT_BEFORE_K1,2022-02-07 21:20:00+00:00,
60,01:00,3,2022-02-09,Wednesday,2022-02-08 18:00:00+00:00,2022-02-08 21:00:00+00:00,2022-02-08 21:00:00+00:00,2022-02-09 01:00:00+00:00,416.29,406.26,10.03000000000003,True,,1,0,2022-02-08 21:05:00+00:00,2022-02-08 21:10:00+00:00,True,2022-02-08 21:10:00+00:00,2022-02-08 21:15:00+00:00,NO_H2_BY_END,,
60,01:00,3,2022-02-10,Thursday,2022-02-09 18:00:00+00:00,2022-02-09 21:00:00+00:00,2022-02-09 21:00:00+00:00,2022-02-10 01:00:00+00:00,427.49,421.76,5.730000000000018,False,BREAK_BEFORE_K1,0,0,,,False,,,BREAK_BEFORE_K1,2022-02-09 22:00:00+00:00,
60,01:00,3,2022-02-11,Friday,2022-02-10 18:00:00+00:00,2022-02-10 21:00:00+00:00,2022-02-10 21:00:00+00:00,2022-02-11 01:00:00+00:00,428.53,414.77,13.759999999999991,False,OPPOSITE_VISIT_BEFORE_K1,0,1,,,False,,,OPPOSITE_VISIT_BEFORE_K1,2022-02-10 23:30:00+00:00,
60,01:00,3,2022-02-12,Saturday,2022-02-11 18:00:00+00:00,2022-02-11 21:00:00+00:00,2022-02-11 21:00:00+00:00,2022-02-12 01:00:00+00:00,414.0,397.3,16.69999999999999,False,OPPOSITE_VISIT_BEFORE_K1,0,1,,,False,,,OPPOSITE_VISIT_BEFORE_K1,2022-02-11 22:05:00+00:00,
60,01:00,3,2022-02-13,Sunday,2022-02-12 18:00:00+00:00,2022-02-12 21:00:00+00:00,2022-02-12 21:00:00+00:00,2022-02-13 01:00:00+00:00,406.99,402.41,4.579999999999984,False,OPPOSITE_VISIT_BEFORE_K1,0,1,,,False,,,OPPOSITE_VISIT_BEFORE_K1,2022-02-12 21:20:00+00:00,
60,01:00,3,2022-02-14,Monday,2022-02-13 18:00:00+00:00,2022-02-13 21:00:00+00:00,2022-02-13 21:00:00+00:00,2022-02-14 01:00:00+00:00,400.96,394.38,6.579999999999984,False,NO_K1,0,0,,,False,,,NO_K1,,
60,01:00,3,2022-02-15,Tuesday,2022-02-14 18:00:00+00:00,2022-02-14 21:00:00+00:00,2022-02-14 21:00:00+00:00,2022-02-15 01:00:00+00:00,402.84,395.62,7.21999999999997,False,BREAK_BEFORE_K1,0,0,,,False,,,BREAK_BEFORE_K1,2022-02-14 22:10:00+00:00,
60,01:00,3,2022-02-16,Wednesday,2022-02-15 18:00:00+00:00,2022-02-15 21:00:00+00:00,2022-02-15 21:00:00+00:00,2022-02-16 01:00:00+00:00,432.77,422.33,10.439999999999998,False,BREAK_BEFORE_K1,0,0,,,False,,,BREAK_BEFORE_K1,2022-02-15 23:35:00+00:00,
60,01:00,3,2022-02-17,Thursday,2022-02-16 18:00:00+00:00,2022-02-16 21:00:00+00:00,2022-02-16 21:00:00+00:00,2022-02-17 01:00:00+00:00,432.0,423.35,8.649999999999977,False,NO_K1,0,0,,,False,,,NO_K1,,
60,01:00,3,2022-02-18,Friday,2022-02-17 18:00:00+00:00,2022-02-17 21:00:00+00:00,2022-02-17 21:00:00+00:00,2022-02-18 01:00:00+00:00,413.27,402.38,10.889999999999986,False,BREAK_BEFORE_K1,0,0,,,False,,,BREAK_BEFORE_K1,2022-02-17 21:10:00+00:00,
60,01:00,3,2022-02-19,Saturday,2022-02-18 18:00:00+00:00,2022-02-18 21:00:00+00:00,2022-02-18 21:00:00+00:00,2022-02-19 01:00:00+00:00,399.91,394.04,5.8700000000000045,True,,1,0,2022-02-18 23:45:00+00:00,2022-02-18 23:50:00+00:00,True,2022-02-18 23:55:00+00:00,2022-02-19 00:00:00+00:00,H2_ARRIVAL,2022-02-19 00:20:00+00:00,25.0
60,01:00,3,2022-02-20,Sunday,2022-02-19 18:00:00+00:00,2022-02-19 21:00:00+00:00,2022-02-19 21:00:00+00:00,2022-02-20 01:00:00+00:00,401.48,395.56,5.920000000000016,False,OPPOSITE_VISIT_BEFORE_K1,0,1,,,False,,,OPPOSITE_VISIT_BEFORE_K1,2022-02-20 00:50:00+00:00,
60,01:00,3,2022-02-21,Monday,2022-02-20 18:00:00+00:00,2022-02-20 21:00:00+00:00,2022-02-20 21:00:00+00:00,2022-02-21 01:00:00+00:00,383.95,379.59,4.360000000000014,False,BREAK_BEFORE_K1,0,0,,,False,,,BREAK_BEFORE_K1,2022-02-20 21:05:00+00:00,
60,01:00,3,2022-02-22,Tuesday,2022-02-21 18:00:00+00:00,2022-02-21 21:00:00+00:00,2022-02-21 21:00:00+00:00,2022-02-22 01:00:00+00:00,375.79,366.99,8.800000000000011,False,BREAK_BEFORE_K1,0,0,,,False,,,BREAK_BEFORE_K1,2022-02-21 21:50:00+00:00,
60,01:00,3,2022-02-23,Wednesday,2022-02-22 18:00:00+00:00,2022-02-22 21:00:00+00:00,2022-02-22 21:00:00+00:00,2022-02-23 01:00:00+00:00,373.52,362.88,10.639999999999986,False,BREAK_BEFORE_K1,0,0,,,False,,,BREAK_BEFORE_K1,2022-02-22 23:40:00+00:00,
60,01:00,3,2022-02-24,Thursday,2022-02-23 18:00:00+00:00,2022-02-23 21:00:00+00:00,2022-02-23 21:00:00+00:00,2022-02-24 01:00:00+00:00,377.78,368.11,9.669999999999959,False,OPPOSITE_VISIT_BEFORE_K1,0,1,,,False,,,OPPOSITE_VISIT_BEFORE_K1,2022-02-23 21:40:00+00:00,
60,01:00,3,2022-02-25,Friday,2022-02-24 18:00:00+00:00,2022-02-24 21:00:00+00:00,2022-02-24 21:00:00+00:00,2022-02-25 01:00:00+00:00,370.77,342.66,28.109999999999957,False,NO_K1,0,0,,,False,,,NO_K1,,
60,01:00,3,2022-02-26,Saturday,2022-02-25 18:00:00+00:00,2022-02-25 21:00:00+00:00,2022-02-25 21:00:00+00:00,2022-02-26 01:00:00+00:00,369.0,362.78,6.220000000000027,True,,1,0,2022-02-25 21:05:00+00:00,2022-02-25 21:10:00+00:00,False,,,BREAK_DURING_K1,2022-02-25 21:10:00+00:00,
60,01:00,3,2022-02-27,Sunday,2022-02-26 18:00:00+00:00,2022-02-26 21:00:00+00:00,2022-02-26 21:00:00+00:00,2022-02-27 01:00:00+00:00,376.64,370.05,6.589999999999975,False,BREAK_BEFORE_K1,0,0,,,False,,,BREAK_BEFORE_K1,2022-02-26 21:10:00+00:00,
60,01:00,3,2022-02-28,Monday,2022-02-27 18:00:00+00:00,2022-02-27 21:00:00+00:00,2022-02-27 21:00:00+00:00,2022-02-28 01:00:00+00:00,371.78,359.06,12.71999999999997,False,BREAK_BEFORE_K1,0,0,,,False,,,BREAK_BEFORE_K1,2022-02-27 21:15:00+00:00,
60,01:00,3,2022-03-01,Tuesday,2022-02-28 18:00:00+00:00,2022-02-28 21:00:00+00:00,2022-02-28 21:00:00+00:00,2022-03-01 01:00:00+00:00,387.5,381.77,5.730000000000018,True,,1,0,2022-02-28 21:00:00+00:00,2022-02-28 21:05:00+00:00,True,2022-02-28 21:05:00+00:00,2022-02-28 21:10:00+00:00,H2_ARRIVAL,2022-02-28 22:05:00+00:00,60.0
60,01:00,3,2022-03-02,Wednesday,2022-03-01 18:00:00+00:00,2022-03-01 21:00:00+00:00,2022-03-01 21:00:00+00:00,2022-03-02 01:00:00+00:00,409.63,401.12,8.509999999999991,True,,1,0,2022-03-02 00:00:00+00:00,2022-03-02 00:05:00+00:00,True,2022-03-02 00:10:00+00:00,2022-03-02 00:15:00+00:00,NO_H2_BY_END,,
60,01:00,3,2022-03-03,Thursday,2022-03-02 18:00:00+00:00,2022-03-02 21:00:00+00:00,2022-03-02 21:00:00+00:00,2022-03-03 01:00:00+00:00,409.65,404.73,4.919999999999959,True,,1,0,2022-03-02 21:55:00+00:00,2022-03-02 22:00:00+00:00,False,,,BREAK_DURING_K1,2022-03-02 22:00:00+00:00,
60,01:00,3,2022-03-04,Friday,2022-03-03 18:00:00+00:00,2022-03-03 21:00:00+00:00,2022-03-03 21:00:00+00:00,2022-03-04 01:00:00+00:00,402.88,397.5,5.3799999999999955,False,BREAK_BEFORE_K1,0,0,,,False,,,BREAK_BEFORE_K1,2022-03-03 21:00:00+00:00,
60,01:00,3,2022-03-05,Saturday,2022-03-04 18:00:00+00:00,2022-03-04 21:00:00+00:00,2022-03-04 21:00:00+00:00,2022-03-05 01:00:00+00:00,390.0,376.06,13.939999999999998,False,OPPOSITE_VISIT_BEFORE_K1,0,1,,,False,,,OPPOSITE_VISIT_BEFORE_K1,2022-03-04 21:10:00+00:00,
60,01:00,3,2022-03-06,Sunday,2022-03-05 18:00:00+00:00,2022-03-05 21:00:00+00:00,2022-03-05 21:00:00+00:00,2022-03-06 01:00:00+00:00,387.22,378.34,8.880000000000052,False,NO_K1,0,0,,,False,,,NO_K1,,
60,01:00,3,2022-03-07,Monday,2022-03-06 18:00:00+00:00,2022-03-06 21:00:00+00:00,2022-03-06 21:00:00+00:00,2022-03-07 01:00:00+00:00,382.79,376.17,6.6200000000000045,False,OPPOSITE_VISIT_BEFORE_K1,0,1,,,False,,,OPPOSITE_VISIT_BEFORE_K1,2022-03-06 23:15:00+00:00,
60,01:00,3,2022-03-08,Tuesday,2022-03-07 18:00:00+00:00,2022-03-07 21:00:00+00:00,2022-03-07 21:00:00+00:00,2022-03-08 01:00:00+00:00,378.63,362.36,16.269999999999982,False,BREAK_BEFORE_K1,0,0,,,False,,,BREAK_BEFORE_K1,2022-03-07 21:00:00+00:00,
60,01:00,3,2022-03-09,Wednesday,2022-03-08 18:00:00+00:00,2022-03-08 21:00:00+00:00,2022-03-08 21:00:00+00:00,2022-03-09 01:00:00+00:00,387.39,380.46,6.930000000000007,False,OPPOSITE_VISIT_BEFORE_K1,0,1,,,False,,,OPPOSITE_VISIT_BEFORE_K1,2022-03-08 21:00:00+00:00,
60,01:00,3,2022-03-10,Thursday,2022-03-09 18:00:00+00:00,2022-03-09 21:00:00+00:00,2022-03-09 21:00:00+00:00,2022-03-10 01:00:00+00:00,394.92,390.62,4.300000000000011,False,OPPOSITE_VISIT_BEFORE_K1,0,1,,,False,,,OPPOSITE_VISIT_BEFORE_K1,2022-03-09 21:00:00+00:00,
60,01:00,3,2022-03-11,Friday,2022-03-10 18:00:00+00:00,2022-03-10 21:00:00+00:00,2022-03-10 21:00:00+00:00,2022-03-11 01:00:00+00:00,372.08,366.23,5.849999999999966,True,,1,0,2022-03-10 22:45:00+00:00,2022-03-10 22:50:00+00:00,False,,,BREAK_DURING_K1,2022-03-10 22:50:00+00:00,
60,01:00,3,2022-03-12,Saturday,2022-03-11 18:00:00+00:00,2022-03-11 21:00:00+00:00,2022-03-11 21:00:00+00:00,2022-03-12 01:00:00+00:00,372.88,368.32,4.560000000000002,False,OPPOSITE_VISIT_BEFORE_K1,0,1,,,False,,,OPPOSITE_VISIT_BEFORE_K1,2022-03-11 21:00:00+00:00,
60,01:00,3,2022-03-13,Sunday,2022-03-12 18:00:00+00:00,2022-03-12 21:00:00+00:00,2022-03-12 21:00:00+00:00,2022-03-13 01:00:00+00:00,377.19,375.5,1.6899999999999977,False,OPPOSITE_VISIT_BEFORE_K1,0,1,,,False,,,OPPOSITE_VISIT_BEFORE_K1,2022-03-12 21:10:00+00:00,
60,01:00,3,2022-03-14,Monday,2022-03-13 18:00:00+00:00,2022-03-13 21:00:00+00:00,2022-03-13 21:00:00+00:00,2022-03-14 01:00:00+00:00,373.42,368.84,4.580000000000041,False,OPPOSITE_VISIT_BEFORE_K1,0,1,,,False,,,OPPOSITE_VISIT_BEFORE_K1,2022-03-13 21:00:00+00:00,
60,01:00,3,2022-03-15,Tuesday,2022-03-14 18:00:00+00:00,2022-03-14 21:00:00+00:00,2022-03-14 21:00:00+00:00,2022-03-15 01:00:00+00:00,366.45,363.42,3.0299999999999727,True,,1,0,2022-03-14 22:00:00+00:00,2022-03-14 22:05:00+00:00,True,2022-03-14 22:05:00+00:00,2022-03-14 22:10:00+00:00,H2_ARRIVAL,2022-03-14 22:10:00+00:00,5.0
60,01:00,3,2022-03-16,Wednesday,2022-03-15 18:00:00+00:00,2022-03-15 21:00:00+00:00,2022-03-15 21:00:00+00:00,2022-03-16 01:00:00+00:00,374.46,369.94,4.519999999999982,False,OPPOSITE_VISIT_BEFORE_K1,0,1,,,False,,,OPPOSITE_VISIT_BEFORE_K1,2022-03-15 23:20:00+00:00,
60,01:00,3,2022-03-17,Thursday,2022-03-16 18:00:00+00:00,2022-03-16 21:00:00+00:00,2022-03-16 21:00:00+00:00,2022-03-17 01:00:00+00:00,386.15,371.45,14.699999999999989,False,BREAK_BEFORE_K1,0,0,,,False,,,BREAK_BEFORE_K1,2022-03-16 21:05:00+00:00,
60,01:00,3,2022-03-18,Friday,2022-03-17 18:00:00+00:00,2022-03-17 21:00:00+00:00,2022-03-17 21:00:00+00:00,2022-03-18 01:00:00+00:00,389.87,386.98,2.8899999999999864,True,,1,0,2022-03-17 22:00:00+00:00,2022-03-17 22:05:00+00:00,False,,,BREAK_DURING_K1,2022-03-17 22:05:00+00:00,
60,01:00,3,2022-03-19,Saturday,2022-03-18 18:00:00+00:00,2022-03-18 21:00:00+00:00,2022-03-18 21:00:00+00:00,2022-03-19 01:00:00+00:00,400.3,395.23,5.069999999999993,False,NO_K1,0,0,,,False,,,NO_K1,,
60,01:00,3,2022-03-20,Sunday,2022-03-19 18:00:00+00:00,2022-03-19 21:00:00+00:00,2022-03-19 21:00:00+00:00,2022-03-20 01:00:00+00:00,402.29,396.78,5.510000000000048,False,BREAK_BEFORE_K1,0,0,,,False,,,BREAK_BEFORE_K1,2022-03-19 21:25:00+00:00,
60,01:00,3,2022-03-21,Monday,2022-03-20 18:00:00+00:00,2022-03-20 21:00:00+00:00,2022-03-20 21:00:00+00:00,2022-03-21 01:00:00+00:00,394.23,386.55,7.680000000000007,False,NO_K1,0,0,,,False,,,NO_K1,,
60,01:00,3,2022-03-22,Tuesday,2022-03-21 18:00:00+00:00,2022-03-21 21:00:00+00:00,2022-03-21 21:00:00+00:00,2022-03-22 01:00:00+00:00,397.84,395.75,2.089999999999975,True,,1,0,2022-03-21 22:10:00+00:00,2022-03-21 22:15:00+00:00,True,2022-03-21 22:15:00+00:00,2022-03-21 22:20:00+00:00,OPPOSITE_BREAK_BEFORE_H2,2022-03-21 23:25:00+00:00,
60,01:00,3,2022-03-23,Wednesday,2022-03-22 18:00:00+00:00,2022-03-22 21:00:00+00:00,2022-03-22 21:00:00+00:00,2022-03-23 01:00:00+00:00,405.85,402.0,3.8500000000000227,True,,1,0,2022-03-22 21:10:00+00:00,2022-03-22 21:15:00+00:00,False,,,BREAK_DURING_K1,2022-03-22 21:15:00+00:00,
60,01:00,3,2022-03-24,Thursday,2022-03-23 18:00:00+00:00,2022-03-23 21:00:00+00:00,2022-03-23 21:00:00+00:00,2022-03-24 01:00:00+00:00,405.2,402.01,3.1899999999999977,False,BREAK_BEFORE_K1,0,0,,,False,,,BREAK_BEFORE_K1,2022-03-23 21:40:00+00:00,
60,01:00,3,2022-03-25,Friday,2022-03-24 18:00:00+00:00,2022-03-24 21:00:00+00:00,2022-03-24 21:00:00+00:00,2022-03-25 01:00:00+00:00,415.57,413.32,2.25,False,OPPOSITE_VISIT_BEFORE_K1,0,1,,,False,,,OPPOSITE_VISIT_BEFORE_K1,2022-03-24 21:05:00+00:00,
60,01:00,3,2022-03-26,Saturday,2022-03-25 18:00:00+00:00,2022-03-25 21:00:00+00:00,2022-03-25 21:00:00+00:00,2022-03-26 01:00:00+00:00,412.44,408.2,4.240000000000009,False,BREAK_BEFORE_K1,0,0,,,False,,,BREAK_BEFORE_K1,2022-03-25 21:50:00+00:00,
60,01:00,3,2022-03-27,Sunday,2022-03-26 18:00:00+00:00,2022-03-26 21:00:00+00:00,2022-03-26 21:00:00+00:00,2022-03-27 01:00:00+00:00,416.29,412.81,3.480000000000018,True,,1,0,2022-03-27 00:20:00+00:00,2022-03-27 00:25:00+00:00,True,2022-03-27 00:25:00+00:00,2022-03-27 00:30:00+00:00,H2_ARRIVAL,2022-03-27 00:30:00+00:00,5.0
60,01:00,3,2022-03-28,Monday,2022-03-27 18:00:00+00:00,2022-03-27 21:00:00+00:00,2022-03-27 21:00:00+00:00,2022-03-28 01:00:00+00:00,423.78,416.0,7.779999999999973,True,,1,0,2022-03-27 21:00:00+00:00,2022-03-27 21:05:00+00:00,True,2022-03-27 21:05:00+00:00,2022-03-27 21:10:00+00:00,H2_ARRIVAL,2022-03-27 21:25:00+00:00,20.0
60,01:00,3,2022-03-29,Tuesday,2022-03-28 18:00:00+00:00,2022-03-28 21:00:00+00:00,2022-03-28 21:00:00+00:00,2022-03-29 01:00:00+00:00,440.72,436.3,4.420000000000016,False,BREAK_BEFORE_K1,0,0,,,False,,,BREAK_BEFORE_K1,2022-03-28 21:30:00+00:00,
60,01:00,3,2022-03-30,Wednesday,2022-03-29 18:00:00+00:00,2022-03-29 21:00:00+00:00,2022-03-29 21:00:00+00:00,2022-03-30 01:00:00+00:00,437.85,432.5,5.350000000000023,False,OPPOSITE_VISIT_BEFORE_K1,0,1,,,False,,,OPPOSITE_VISIT_BEFORE_K1,2022-03-29 21:45:00+00:00,
60,01:00,3,2022-03-31,Thursday,2022-03-30 18:00:00+00:00,2022-03-30 21:00:00+00:00,2022-03-30 21:00:00+00:00,2022-03-31 01:00:00+00:00,449.75,442.12,7.6299999999999955,False,OPPOSITE_VISIT_BEFORE_K1,0,1,,,False,,,OPPOSITE_VISIT_BEFORE_K1,2022-03-30 21:05:00+00:00,
60,01:00,3,2022-04-01,Friday,2022-03-31 18:00:00+00:00,2022-03-31 21:00:00+00:00,2022-03-31 21:00:00+00:00,2022-04-01 01:00:00+00:00,431.17,425.84,5.330000000000041,False,BREAK_BEFORE_K1,0,0,,,False,,,BREAK_BEFORE_K1,2022-03-31 22:45:00+00:00,
60,01:00,3,2022-04-02,Saturday,2022-04-01 18:00:00+00:00,2022-04-01 21:00:00+00:00,2022-04-01 21:00:00+00:00,2022-04-02 01:00:00+00:00,447.08,442.43,4.649999999999977,False,BREAK_BEFORE_K1,0,0,,,False,,,BREAK_BEFORE_K1,2022-04-01 23:55:00+00:00,
60,01:00,3,2022-04-03,Sunday,2022-04-02 18:00:00+00:00,2022-04-02 21:00:00+00:00,2022-04-02 21:00:00+00:00,2022-04-03 01:00:00+00:00,445.3,438.45,6.850000000000023,False,OPPOSITE_VISIT_BEFORE_K1,0,1,,,False,,,OPPOSITE_VISIT_BEFORE_K1,2022-04-02 23:25:00+00:00,
60,01:00,3,2022-04-04,Monday,2022-04-03 18:00:00+00:00,2022-04-03 21:00:00+00:00,2022-04-03 21:00:00+00:00,2022-04-04 01:00:00+00:00,449.17,446.32,2.8500000000000227,True,,1,0,2022-04-03 21:25:00+00:00,2022-04-03 21:30:00+00:00,True,2022-04-03 21:30:00+00:00,2022-04-03 21:35:00+00:00,H2_ARRIVAL,2022-04-03 21:35:00+00:00,5.0
60,01:00,3,2022-04-05,Tuesday,2022-04-04 18:00:00+00:00,2022-04-04 21:00:00+00:00,2022-04-04 21:00:00+00:00,2022-04-05 01:00:00+00:00,445.84,433.39,12.449999999999989,False,BREAK_BEFORE_K1,0,0,,,False,,,BREAK_BEFORE_K1,2022-04-04 21:00:00+00:00,
60,01:00,3,2022-04-06,Wednesday,2022-04-05 18:00:00+00:00,2022-04-05 21:00:00+00:00,2022-04-05 21:00:00+00:00,2022-04-06 01:00:00+00:00,451.44,446.0,5.439999999999998,False,BREAK_BEFORE_K1,0,0,,,False,,,BREAK_BEFORE_K1,2022-04-05 23:45:00+00:00,
60,01:00,3,2022-04-07,Thursday,2022-04-06 18:00:00+00:00,2022-04-06 21:00:00+00:00,2022-04-06 21:00:00+00:00,2022-04-07 01:00:00+00:00,428.0,418.07,9.930000000000007,False,BREAK_BEFORE_K1,0,0,,,False,,,BREAK_BEFORE_K1,2022-04-07 00:50:00+00:00,
60,01:00,3,2022-04-08,Friday,2022-04-07 18:00:00+00:00,2022-04-07 21:00:00+00:00,2022-04-07 21:00:00+00:00,2022-04-08 01:00:00+00:00,438.43,434.55,3.8799999999999955,False,BREAK_BEFORE_K1,0,0,,,False,,,BREAK_BEFORE_K1,2022-04-07 21:20:00+00:00,
60,01:00,3,2022-04-09,Saturday,2022-04-08 18:00:00+00:00,2022-04-08 21:00:00+00:00,2022-04-08 21:00:00+00:00,2022-04-09 01:00:00+00:00,430.67,422.87,7.800000000000011,False,BREAK_BEFORE_K1,0,0,,,False,,,BREAK_BEFORE_K1,2022-04-08 22:15:00+00:00,
60,01:00,3,2022-04-10,Sunday,2022-04-09 18:00:00+00:00,2022-04-09 21:00:00+00:00,2022-04-09 21:00:00+00:00,2022-04-10 01:00:00+00:00,424.34,420.5,3.839999999999975,False,OPPOSITE_VISIT_BEFORE_K1,0,1,,,False,,,OPPOSITE_VISIT_BEFORE_K1,2022-04-09 21:00:00+00:00,
60,01:00,3,2022-04-11,Monday,2022-04-10 18:00:00+00:00,2022-04-10 21:00:00+00:00,2022-04-10 21:00:00+00:00,2022-04-11 01:00:00+00:00,429.54,425.67,3.8700000000000045,False,BREAK_BEFORE_K1,0,0,,,False,,,BREAK_BEFORE_K1,2022-04-10 21:50:00+00:00,
60,01:00,3,2022-04-12,Tuesday,2022-04-11 18:00:00+00:00,2022-04-11 21:00:00+00:00,2022-04-11 21:00:00+00:00,2022-04-12 01:00:00+00:00,403.49,394.51,8.980000000000018,False,BREAK_BEFORE_K1,0,0,,,False,,,BREAK_BEFORE_K1,2022-04-11 21:30:00+00:00,
60,01:00,3,2022-04-13,Wednesday,2022-04-12 18:00:00+00:00,2022-04-12 21:00:00+00:00,2022-04-12 21:00:00+00:00,2022-04-13 01:00:00+00:00,411.32,406.4,4.920000000000016,True,,1,0,2022-04-12 21:10:00+00:00,2022-04-12 21:15:00+00:00,True,2022-04-12 21:15:00+00:00,2022-04-12 21:20:00+00:00,H2_ARRIVAL,2022-04-12 21:40:00+00:00,25.0
60,01:00,3,2022-04-14,Thursday,2022-04-13 18:00:00+00:00,2022-04-13 21:00:00+00:00,2022-04-13 21:00:00+00:00,2022-04-14 01:00:00+00:00,423.17,416.7,6.470000000000027,False,BREAK_BEFORE_K1,0,0,,,False,,,BREAK_BEFORE_K1,2022-04-13 22:30:00+00:00,
60,01:00,3,2022-04-15,Friday,2022-04-14 18:00:00+00:00,2022-04-14 21:00:00+00:00,2022-04-14 21:00:00+00:00,2022-04-15 01:00:00+00:00,416.79,411.53,5.260000000000048,False,NO_K1,0,0,,,False,,,NO_K1,,
60,01:00,3,2022-04-16,Saturday,2022-04-15 18:00:00+00:00,2022-04-15 21:00:00+00:00,2022-04-15 21:00:00+00:00,2022-04-16 01:00:00+00:00,419.07,415.71,3.3600000000000136,False,BREAK_BEFORE_K1,0,0,,,False,,,BREAK_BEFORE_K1,2022-04-15 22:50:00+00:00,
60,01:00,3,2022-04-17,Sunday,2022-04-16 18:00:00+00:00,2022-04-16 21:00:00+00:00,2022-04-16 21:00:00+00:00,2022-04-17 01:00:00+00:00,415.47,412.75,2.7200000000000273,True,,1,0,2022-04-16 21:35:00+00:00,2022-04-16 21:40:00+00:00,False,,,BREAK_DURING_K1,2022-04-16 21:40:00+00:00,
60,01:00,3,2022-04-18,Monday,2022-04-17 18:00:00+00:00,2022-04-17 21:00:00+00:00,2022-04-17 21:00:00+00:00,2022-04-18 01:00:00+00:00,415.17,412.01,3.160000000000025,True,,1,0,2022-04-17 22:05:00+00:00,2022-04-17 22:10:00+00:00,False,,,BREAK_DURING_K1,2022-04-17 22:10:00+00:00,
60,01:00,3,2022-04-19,Tuesday,2022-04-18 18:00:00+00:00,2022-04-18 21:00:00+00:00,2022-04-18 21:00:00+00:00,2022-04-19 01:00:00+00:00,416.8,412.8,4.0,True,,1,0,2022-04-18 21:20:00+00:00,2022-04-18 21:25:00+00:00,False,,,BREAK_DURING_K1,2022-04-18 21:30:00+00:00,
60,01:00,3,2022-04-20,Wednesday,2022-04-19 18:00:00+00:00,2022-04-19 21:00:00+00:00,2022-04-19 21:00:00+00:00,2022-04-20 01:00:00+00:00,420.65,417.6,3.0499999999999545,True,,1,0,2022-04-19 21:55:00+00:00,2022-04-19 22:00:00+00:00,False,,,BREAK_DURING_K1,2022-04-19 22:00:00+00:00,
60,01:00,3,2022-04-21,Thursday,2022-04-20 18:00:00+00:00,2022-04-20 21:00:00+00:00,2022-04-20 21:00:00+00:00,2022-04-21 01:00:00+00:00,419.68,414.56,5.1200000000000045,False,BREAK_BEFORE_K1,0,0,,,False,,,BREAK_BEFORE_K1,2022-04-20 22:10:00+00:00,
60,01:00,3,2022-04-22,Friday,2022-04-21 18:00:00+00:00,2022-04-21 21:00:00+00:00,2022-04-21 21:00:00+00:00,2022-04-22 01:00:00+00:00,417.77,405.87,11.899999999999977,False,OPPOSITE_VISIT_BEFORE_K1,0,1,,,False,,,OPPOSITE_VISIT_BEFORE_K1,2022-04-21 21:50:00+00:00,
60,01:00,3,2022-04-23,Saturday,2022-04-22 18:00:00+00:00,2022-04-22 21:00:00+00:00,2022-04-22 21:00:00+00:00,2022-04-23 01:00:00+00:00,409.75,405.86,3.8899999999999864,False,OPPOSITE_VISIT_BEFORE_K1,0,1,,,False,,,OPPOSITE_VISIT_BEFORE_K1,2022-04-22 22:00:00+00:00,
60,01:00,3,2022-04-24,Sunday,2022-04-23 18:00:00+00:00,2022-04-23 21:00:00+00:00,2022-04-23 21:00:00+00:00,2022-04-24 01:00:00+00:00,407.5,405.32,2.180000000000007,False,OPPOSITE_VISIT_BEFORE_K1,0,1,,,False,,,OPPOSITE_VISIT_BEFORE_K1,2022-04-23 21:55:00+00:00,
60,01:00,3,2022-04-25,Monday,2022-04-24 18:00:00+00:00,2022-04-24 21:00:00+00:00,2022-04-24 21:00:00+00:00,2022-04-25 01:00:00+00:00,403.27,398.86,4.409999999999968,False,BREAK_BEFORE_K1,0,0,,,False,,,BREAK_BEFORE_K1,2022-04-24 23:50:00+00:00,
60,01:00,3,2022-04-26,Tuesday,2022-04-25 18:00:00+00:00,2022-04-25 21:00:00+00:00,2022-04-25 21:00:00+00:00,2022-04-26 01:00:00+00:00,402.99,397.0,5.990000000000009,False,BREAK_BEFORE_K1,0,0,,,False,,,BREAK_BEFORE_K1,2022-04-25 22:00:00+00:00,
60,01:00,3,2022-04-27,Wednesday,2022-04-26 18:00:00+00:00,2022-04-26 21:00:00+00:00,2022-04-26 21:00:00+00:00,2022-04-27 01:00:00+00:00,390.41,382.08,8.330000000000041,False,BREAK_BEFORE_K1,0,0,,,False,,,BREAK_BEFORE_K1,2022-04-26 23:15:00+00:00,
60,01:00,3,2022-04-28,Thursday,2022-04-27 18:00:00+00:00,2022-04-27 21:00:00+00:00,2022-04-27 21:00:00+00:00,2022-04-28 01:00:00+00:00,390.55,386.6,3.9499999999999886,False,BREAK_BEFORE_K1,0,0,,,False,,,BREAK_BEFORE_K1,2022-04-27 21:40:00+00:00,
60,01:00,3,2022-04-29,Friday,2022-04-28 18:00:00+00:00,2022-04-28 21:00:00+00:00,2022-04-28 21:00:00+00:00,2022-04-29 01:00:00+00:00,407.51,402.88,4.6299999999999955,False,BREAK_BEFORE_K1,0,0,,,False,,,BREAK_BEFORE_K1,2022-04-28 22:50:00+00:00,
60,01:00,3,2022-04-30,Saturday,2022-04-29 18:00:00+00:00,2022-04-29 21:00:00+00:00,2022-04-29 21:00:00+00:00,2022-04-30 01:00:00+00:00,395.51,389.46,6.050000000000011,False,NO_K1,0,0,,,False,,,NO_K1,,
60,01:00,3,2022-05-01,Sunday,2022-04-30 18:00:00+00:00,2022-04-30 21:00:00+00:00,2022-04-30 21:00:00+00:00,2022-05-01 01:00:00+00:00,391.78,388.3,3.4799999999999613,False,BREAK_BEFORE_K1,0,0,,,False,,,BREAK_BEFORE_K1,2022-04-30 22:00:00+00:00,
60,01:00,3,2022-05-02,Monday,2022-05-01 18:00:00+00:00,2022-05-01 21:00:00+00:00,2022-05-01 21:00:00+00:00,2022-05-02 01:00:00+00:00,388.49,382.42,6.069999999999993,False,BREAK_BEFORE_K1,0,0,,,False,,,BREAK_BEFORE_K1,2022-05-01 21:00:00+00:00,
60,01:00,3,2022-05-03,Tuesday,2022-05-02 18:00:00+00:00,2022-05-02 21:00:00+00:00,2022-05-02 21:00:00+00:00,2022-05-03 01:00:00+00:00,387.76,381.91,5.849999999999966,False,BREAK_BEFORE_K1,0,0,,,False,,,BREAK_BEFORE_K1,2022-05-02 21:25:00+00:00,
60,01:00,3,2022-05-04,Wednesday,2022-05-03 18:00:00+00:00,2022-05-03 21:00:00+00:00,2022-05-03 21:00:00+00:00,2022-05-04 01:00:00+00:00,384.54,379.5,5.0400000000000205,True,,1,0,2022-05-04 00:35:00+00:00,2022-05-04 00:40:00+00:00,True,2022-05-04 00:45:00+00:00,2022-05-04 00:50:00+00:00,H2_ARRIVAL,2022-05-04 00:50:00+00:00,5.0
60,01:00,3,2022-05-05,Thursday,2022-05-04 18:00:00+00:00,2022-05-04 21:00:00+00:00,2022-05-04 21:00:00+00:00,2022-05-05 01:00:00+00:00,402.93,390.43,12.5,False,BREAK_BEFORE_K1,0,0,,,False,,,BREAK_BEFORE_K1,2022-05-05 00:00:00+00:00,
60,01:00,3,2022-05-06,Friday,2022-05-05 18:00:00+00:00,2022-05-05 21:00:00+00:00,2022-05-05 21:00:00+00:00,2022-05-06 01:00:00+00:00,377.82,370.0,7.819999999999993,False,BREAK_BEFORE_K1,0,0,,,False,,,BREAK_BEFORE_K1,2022-05-05 21:20:00+00:00,
60,01:00,3,2022-05-07,Saturday,2022-05-06 18:00:00+00:00,2022-05-06 21:00:00+00:00,2022-05-06 21:00:00+00:00,2022-05-07 01:00:00+00:00,382.38,377.82,4.560000000000002,False,NO_K1,0,0,,,False,,,NO_K1,,
60,01:00,3,2022-05-08,Sunday,2022-05-07 18:00:00+00:00,2022-05-07 21:00:00+00:00,2022-05-07 21:00:00+00:00,2022-05-08 01:00:00+00:00,378.07,374.88,3.1899999999999977,False,BREAK_BEFORE_K1,0,0,,,False,,,BREAK_BEFORE_K1,2022-05-07 21:10:00+00:00,
60,01:00,3,2022-05-09,Monday,2022-05-08 18:00:00+00:00,2022-05-08 21:00:00+00:00,2022-05-08 21:00:00+00:00,2022-05-09 01:00:00+00:00,359.51,352.73,6.779999999999973,False,NO_K1,0,0,,,False,,,NO_K1,,
60,01:00,3,2022-05-10,Tuesday,2022-05-09 18:00:00+00:00,2022-05-09 21:00:00+00:00,2022-05-09 21:00:00+00:00,2022-05-10 01:00:00+00:00,316.41,300.61,15.800000000000011,False,BREAK_BEFORE_K1,0,0,,,False,,,BREAK_BEFORE_K1,2022-05-09 23:40:00+00:00,
60,01:00,3,2022-05-11,Wednesday,2022-05-10 18:00:00+00:00,2022-05-10 21:00:00+00:00,2022-05-10 21:00:00+00:00,2022-05-11 01:00:00+00:00,326.75,317.97,8.779999999999973,False,OPPOSITE_VISIT_BEFORE_K1,0,1,,,False,,,OPPOSITE_VISIT_BEFORE_K1,2022-05-10 21:00:00+00:00,
60,01:00,3,2022-05-12,Thursday,2022-05-11 18:00:00+00:00,2022-05-11 21:00:00+00:00,2022-05-11 21:00:00+00:00,2022-05-12 01:00:00+00:00,280.76,266.11,14.649999999999977,False,OPPOSITE_VISIT_BEFORE_K1,0,1,,,False,,,OPPOSITE_VISIT_BEFORE_K1,2022-05-11 21:10:00+00:00,
60,01:00,3,2022-05-13,Friday,2022-05-12 18:00:00+00:00,2022-05-12 21:00:00+00:00,2022-05-12 21:00:00+00:00,2022-05-13 01:00:00+00:00,273.28,265.62,7.659999999999968,False,BREAK_BEFORE_K1,0,0,,,False,,,BREAK_BEFORE_K1,2022-05-12 21:20:00+00:00,
60,01:00,3,2022-05-14,Saturday,2022-05-13 18:00:00+00:00,2022-05-13 21:00:00+00:00,2022-05-13 21:00:00+00:00,2022-05-14 01:00:00+00:00,297.48,288.91,8.569999999999993,False,BREAK_BEFORE_K1,0,0,,,False,,,BREAK_BEFORE_K1,2022-05-13 21:40:00+00:00,
60,01:00,3,2022-05-15,Sunday,2022-05-14 18:00:00+00:00,2022-05-14 21:00:00+00:00,2022-05-14 21:00:00+00:00,2022-05-15 01:00:00+00:00,290.74,284.76,5.980000000000018,False,BREAK_BEFORE_K1,0,0,,,False,,,BREAK_BEFORE_K1,2022-05-14 21:45:00+00:00,
60,01:00,3,2022-05-16,Monday,2022-05-15 18:00:00+00:00,2022-05-15 21:00:00+00:00,2022-05-15 21:00:00+00:00,2022-05-16 01:00:00+00:00,307.78,298.83,8.949999999999989,False,BREAK_BEFORE_K1,0,0,,,False,,,BREAK_BEFORE_K1,2022-05-15 21:00:00+00:00,
60,01:00,3,2022-05-17,Tuesday,2022-05-16 18:00:00+00:00,2022-05-16 21:00:00+00:00,2022-05-16 21:00:00+00:00,2022-05-17 01:00:00+00:00,300.86,294.0,6.860000000000014,True,,1,0,2022-05-16 21:45:00+00:00,2022-05-16 21:50:00+00:00,True,2022-05-16 21:50:00+00:00,2022-05-16 21:55:00+00:00,H2_ARRIVAL,2022-05-16 22:00:00+00:00,10.0
60,01:00,3,2022-05-18,Wednesday,2022-05-17 18:00:00+00:00,2022-05-17 21:00:00+00:00,2022-05-17 21:00:00+00:00,2022-05-18 01:00:00+00:00,303.26,295.83,7.430000000000007,True,,1,0,2022-05-17 21:20:00+00:00,2022-05-17 21:25:00+00:00,True,2022-05-17 21:25:00+00:00,2022-05-17 21:30:00+00:00,H2_ARRIVAL,2022-05-17 21:30:00+00:00,5.0
60,01:00,3,2022-05-19,Thursday,2022-05-18 18:00:00+00:00,2022-05-18 21:00:00+00:00,2022-05-18 21:00:00+00:00,2022-05-19 01:00:00+00:00,297.5,290.6,6.899999999999977,False,BREAK_BEFORE_K1,0,0,,,False,,,BREAK_BEFORE_K1,2022-05-18 23:25:00+00:00,
60,01:00,3,2022-05-20,Friday,2022-05-19 18:00:00+00:00,2022-05-19 21:00:00+00:00,2022-05-19 21:00:00+00:00,2022-05-20 01:00:00+00:00,307.1,303.0,4.100000000000023,False,OPPOSITE_VISIT_BEFORE_K1,0,1,,,False,,,OPPOSITE_VISIT_BEFORE_K1,2022-05-19 22:20:00+00:00,
60,01:00,3,2022-05-21,Saturday,2022-05-20 18:00:00+00:00,2022-05-20 21:00:00+00:00,2022-05-20 21:00:00+00:00,2022-05-21 01:00:00+00:00,303.67,295.82,7.850000000000023,True,,1,0,2022-05-20 21:25:00+00:00,2022-05-20 21:30:00+00:00,True,2022-05-20 21:30:00+00:00,2022-05-20 21:35:00+00:00,H2_ARRIVAL,2022-05-20 22:20:00+00:00,50.0
60,01:00,3,2022-05-22,Sunday,2022-05-21 18:00:00+00:00,2022-05-21 21:00:00+00:00,2022-05-21 21:00:00+00:00,2022-05-22 01:00:00+00:00,313.98,310.7,3.2800000000000296,False,NO_K1,0,0,,,False,,,NO_K1,,
60,01:00,3,2022-05-23,Monday,2022-05-22 18:00:00+00:00,2022-05-22 21:00:00+00:00,2022-05-22 21:00:00+00:00,2022-05-23 01:00:00+00:00,318.62,315.67,2.9499999999999886,False,BREAK_BEFORE_K1,0,0,,,False,,,BREAK_BEFORE_K1,2022-05-22 22:20:00+00:00,
60,01:00,3,2022-05-24,Tuesday,2022-05-23 18:00:00+00:00,2022-05-23 21:00:00+00:00,2022-05-23 21:00:00+00:00,2022-05-24 01:00:00+00:00,334.71,322.23,12.479999999999961,False,BREAK_BEFORE_K1,0,0,,,False,,,BREAK_BEFORE_K1,2022-05-23 22:00:00+00:00,
60,01:00,3,2022-05-25,Wednesday,2022-05-24 18:00:00+00:00,2022-05-24 21:00:00+00:00,2022-05-24 21:00:00+00:00,2022-05-25 01:00:00+00:00,327.58,319.06,8.519999999999982,True,,1,0,2022-05-24 21:00:00+00:00,2022-05-24 21:05:00+00:00,True,2022-05-24 21:05:00+00:00,2022-05-24 21:10:00+00:00,H2_ARRIVAL,2022-05-24 21:10:00+00:00,5.0
60,01:00,3,2022-05-26,Thursday,2022-05-25 18:00:00+00:00,2022-05-25 21:00:00+00:00,2022-05-25 21:00:00+00:00,2022-05-26 01:00:00+00:00,329.8,324.03,5.770000000000039,False,NO_K1,0,0,,,False,,,NO_K1,,
60,01:00,3,2022-05-27,Friday,2022-05-26 18:00:00+00:00,2022-05-26 21:00:00+00:00,2022-05-26 21:00:00+00:00,2022-05-27 01:00:00+00:00,317.5,307.46,10.04000000000002,False,BREAK_BEFORE_K1,0,0,,,False,,,BREAK_BEFORE_K1,2022-05-26 23:45:00+00:00,
60,01:00,3,2022-05-28,Saturday,2022-05-27 18:00:00+00:00,2022-05-27 21:00:00+00:00,2022-05-27 21:00:00+00:00,2022-05-28 01:00:00+00:00,303.7,295.42,8.279999999999973,True,,1,0,2022-05-27 22:40:00+00:00,2022-05-27 22:45:00+00:00,True,2022-05-27 22:45:00+00:00,2022-05-27 22:50:00+00:00,H2_ARRIVAL,2022-05-27 22:55:00+00:00,10.0
60,01:00,3,2022-05-29,Sunday,2022-05-28 18:00:00+00:00,2022-05-28 21:00:00+00:00,2022-05-28 21:00:00+00:00,2022-05-29 01:00:00+00:00,309.57,305.15,4.420000000000016,True,,1,0,2022-05-28 23:40:00+00:00,2022-05-28 23:45:00+00:00,True,2022-05-28 23:50:00+00:00,2022-05-28 23:55:00+00:00,NO_H2_BY_END,,
60,01:00,3,2022-05-30,Monday,2022-05-29 18:00:00+00:00,2022-05-29 21:00:00+00:00,2022-05-29 21:00:00+00:00,2022-05-30 01:00:00+00:00,303.6,301.47,2.1299999999999955,True,,1,0,2022-05-29 21:55:00+00:00,2022-05-29 22:00:00+00:00,False,,,BREAK_DURING_K1,2022-05-29 22:05:00+00:00,
60,01:00,3,2022-05-31,Tuesday,2022-05-30 18:00:00+00:00,2022-05-30 21:00:00+00:00,2022-05-30 21:00:00+00:00,2022-05-31 01:00:00+00:00,318.86,311.78,7.080000000000041,True,,1,0,2022-05-30 21:00:00+00:00,2022-05-30 21:05:00+00:00,True,2022-05-30 21:05:00+00:00,2022-05-30 21:10:00+00:00,H2_ARRIVAL,2022-05-30 21:10:00+00:00,5.0
60,01:00,3,2022-06-01,Wednesday,2022-05-31 18:00:00+00:00,2022-05-31 21:00:00+00:00,2022-05-31 21:00:00+00:00,2022-06-01 01:00:00+00:00,323.6,318.08,5.520000000000039,False,BREAK_BEFORE_K1,0,0,,,False,,,BREAK_BEFORE_K1,2022-06-01 00:55:00+00:00,
60,01:00,3,2022-06-02,Thursday,2022-06-01 18:00:00+00:00,2022-06-01 21:00:00+00:00,2022-06-01 21:00:00+00:00,2022-06-02 01:00:00+00:00,304.5,297.15,7.350000000000023,False,NO_K1,0,0,,,False,,,NO_K1,,
60,01:00,3,2022-06-03,Friday,2022-06-02 18:00:00+00:00,2022-06-02 21:00:00+00:00,2022-06-02 21:00:00+00:00,2022-06-03 01:00:00+00:00,305.81,302.72,3.089999999999975,False,BREAK_BEFORE_K1,0,0,,,False,,,BREAK_BEFORE_K1,2022-06-02 21:25:00+00:00,
60,01:00,3,2022-06-04,Saturday,2022-06-03 18:00:00+00:00,2022-06-03 21:00:00+00:00,2022-06-03 21:00:00+00:00,2022-06-04 01:00:00+00:00,297.68,295.25,2.430000000000007,True,,1,0,2022-06-03 21:05:00+00:00,2022-06-03 21:10:00+00:00,False,,,BREAK_DURING_K1,2022-06-03 21:10:00+00:00,
60,01:00,3,2022-06-05,Sunday,2022-06-04 18:00:00+00:00,2022-06-04 21:00:00+00:00,2022-06-04 21:00:00+00:00,2022-06-05 01:00:00+00:00,301.98,299.5,2.480000000000018,False,OPPOSITE_VISIT_BEFORE_K1,0,1,,,False,,,OPPOSITE_VISIT_BEFORE_K1,2022-06-04 21:45:00+00:00,
60,01:00,3,2022-06-06,Monday,2022-06-05 18:00:00+00:00,2022-06-05 21:00:00+00:00,2022-06-05 21:00:00+00:00,2022-06-06 01:00:00+00:00,302.43,299.82,2.6100000000000136,False,OPPOSITE_VISIT_BEFORE_K1,0,1,,,False,,,OPPOSITE_VISIT_BEFORE_K1,2022-06-05 21:10:00+00:00,
60,01:00,3,2022-06-07,Tuesday,2022-06-06 18:00:00+00:00,2022-06-06 21:00:00+00:00,2022-06-06 21:00:00+00:00,2022-06-07 01:00:00+00:00,302.13,286.8,15.329999999999984,False,BREAK_BEFORE_K1,0,0,,,False,,,BREAK_BEFORE_K1,2022-06-07 00:35:00+00:00,
60,01:00,3,2022-06-08,Wednesday,2022-06-07 18:00:00+00:00,2022-06-07 21:00:00+00:00,2022-06-07 21:00:00+00:00,2022-06-08 01:00:00+00:00,295.98,283.05,12.930000000000007,False,NO_K1,0,0,,,False,,,NO_K1,,
60,01:00,3,2022-06-09,Thursday,2022-06-08 18:00:00+00:00,2022-06-08 21:00:00+00:00,2022-06-08 21:00:00+00:00,2022-06-09 01:00:00+00:00,290.8,285.96,4.840000000000032,False,NO_K1,0,0,,,False,,,NO_K1,,
60,01:00,3,2022-06-10,Friday,2022-06-09 18:00:00+00:00,2022-06-09 21:00:00+00:00,2022-06-09 21:00:00+00:00,2022-06-10 01:00:00+00:00,291.9,286.5,5.399999999999977,False,BREAK_BEFORE_K1,0,0,,,False,,,BREAK_BEFORE_K1,2022-06-10 00:15:00+00:00,
60,01:00,3,2022-06-11,Saturday,2022-06-10 18:00:00+00:00,2022-06-10 21:00:00+00:00,2022-06-10 21:00:00+00:00,2022-06-11 01:00:00+00:00,286.81,282.91,3.8999999999999773,False,BREAK_BEFORE_K1,0,0,,,False,,,BREAK_BEFORE_K1,2022-06-10 21:50:00+00:00,
60,01:00,3,2022-06-12,Sunday,2022-06-11 18:00:00+00:00,2022-06-11 21:00:00+00:00,2022-06-11 21:00:00+00:00,2022-06-12 01:00:00+00:00,273.9,268.29,5.609999999999957,False,OPPOSITE_VISIT_BEFORE_K1,0,1,,,False,,,OPPOSITE_VISIT_BEFORE_K1,2022-06-11 23:40:00+00:00,
60,01:00,3,2022-06-13,Monday,2022-06-12 18:00:00+00:00,2022-06-12 21:00:00+00:00,2022-06-12 21:00:00+00:00,2022-06-13 01:00:00+00:00,266.99,261.2,5.7900000000000205,False,OPPOSITE_VISIT_BEFORE_K1,0,1,,,False,,,OPPOSITE_VISIT_BEFORE_K1,2022-06-12 21:00:00+00:00,
60,01:00,3,2022-06-14,Tuesday,2022-06-13 18:00:00+00:00,2022-06-13 21:00:00+00:00,2022-06-13 21:00:00+00:00,2022-06-14 01:00:00+00:00,231.98,223.04,8.939999999999998,False,BREAK_BEFORE_K1,0,0,,,False,,,BREAK_BEFORE_K1,2022-06-13 22:15:00+00:00,
60,01:00,3,2022-06-15,Wednesday,2022-06-14 18:00:00+00:00,2022-06-14 21:00:00+00:00,2022-06-14 21:00:00+00:00,2022-06-15 01:00:00+00:00,223.83,217.79,6.0400000000000205,False,BREAK_BEFORE_K1,0,0,,,False,,,BREAK_BEFORE_K1,2022-06-14 21:20:00+00:00,
60,01:00,3,2022-06-16,Thursday,2022-06-15 18:00:00+00:00,2022-06-15 21:00:00+00:00,2022-06-15 21:00:00+00:00,2022-06-16 01:00:00+00:00,225.85,202.48,23.370000000000005,True,,1,0,2022-06-15 21:40:00+00:00,2022-06-15 21:45:00+00:00,False,,,BREAK_DURING_K1,2022-06-15 21:45:00+00:00,
60,01:00,3,2022-06-17,Friday,2022-06-16 18:00:00+00:00,2022-06-16 21:00:00+00:00,2022-06-16 21:00:00+00:00,2022-06-17 01:00:00+00:00,217.16,212.19,4.969999999999999,False,BREAK_BEFORE_K1,0,0,,,False,,,BREAK_BEFORE_K1,2022-06-16 22:45:00+00:00,
60,01:00,3,2022-06-18,Saturday,2022-06-17 18:00:00+00:00,2022-06-17 21:00:00+00:00,2022-06-17 21:00:00+00:00,2022-06-18 01:00:00+00:00,217.28,213.65,3.6299999999999955,False,BREAK_BEFORE_K1,0,0,,,False,,,BREAK_BEFORE_K1,2022-06-18 00:10:00+00:00,
60,01:00,3,2022-06-19,Sunday,2022-06-18 18:00:00+00:00,2022-06-18 21:00:00+00:00,2022-06-18 21:00:00+00:00,2022-06-19 01:00:00+00:00,195.34,182.97,12.370000000000005,False,BREAK_BEFORE_K1,0,0,,,False,,,BREAK_BEFORE_K1,2022-06-18 21:25:00+00:00,
60,01:00,3,2022-06-20,Monday,2022-06-19 18:00:00+00:00,2022-06-19 21:00:00+00:00,2022-06-19 21:00:00+00:00,2022-06-20 01:00:00+00:00,216.56,205.66,10.900000000000006,True,,1,0,2022-06-19 22:25:00+00:00,2022-06-19 22:30:00+00:00,True,2022-06-19 22:30:00+00:00,2022-06-19 22:35:00+00:00,NO_H2_BY_END,,
60,01:00,3,2022-06-21,Tuesday,2022-06-20 18:00:00+00:00,2022-06-20 21:00:00+00:00,2022-06-20 21:00:00+00:00,2022-06-21 01:00:00+00:00,216.62,211.0,5.6200000000000045,True,,1,0,2022-06-20 21:00:00+00:00,2022-06-20 21:05:00+00:00,True,2022-06-20 21:05:00+00:00,2022-06-20 21:10:00+00:00,H2_ARRIVAL,2022-06-20 23:30:00+00:00,145.0
60,01:00,3,2022-06-22,Wednesday,2022-06-21 18:00:00+00:00,2022-06-21 21:00:00+00:00,2022-06-21 21:00:00+00:00,2022-06-22 01:00:00+00:00,224.8,218.61,6.189999999999998,False,OPPOSITE_VISIT_BEFORE_K1,0,1,,,False,,,OPPOSITE_VISIT_BEFORE_K1,2022-06-21 23:20:00+00:00,
60,01:00,3,2022-06-23,Thursday,2022-06-22 18:00:00+00:00,2022-06-22 21:00:00+00:00,2022-06-22 21:00:00+00:00,2022-06-23 01:00:00+00:00,218.13,212.72,5.409999999999997,True,,1,0,2022-06-23 00:20:00+00:00,2022-06-23 00:25:00+00:00,False,,,BREAK_DURING_K1,2022-06-23 00:25:00+00:00,
60,01:00,3,2022-06-24,Friday,2022-06-23 18:00:00+00:00,2022-06-23 21:00:00+00:00,2022-06-23 21:00:00+00:00,2022-06-24 01:00:00+00:00,230.67,222.07,8.599999999999994,True,,1,0,2022-06-24 00:15:00+00:00,2022-06-24 00:20:00+00:00,True,2022-06-24 00:25:00+00:00,2022-06-24 00:30:00+00:00,NO_H2_BY_END,,
60,01:00,3,2022-06-25,Saturday,2022-06-24 18:00:00+00:00,2022-06-24 21:00:00+00:00,2022-06-24 21:00:00+00:00,2022-06-25 01:00:00+00:00,240.32,234.74,5.579999999999984,False,BREAK_BEFORE_K1,0,0,,,False,,,BREAK_BEFORE_K1,2022-06-24 21:45:00+00:00,
60,01:00,3,2022-06-26,Sunday,2022-06-25 18:00:00+00:00,2022-06-25 21:00:00+00:00,2022-06-25 21:00:00+00:00,2022-06-26 01:00:00+00:00,236.89,233.07,3.819999999999993,False,BREAK_BEFORE_K1,0,0,,,False,,,BREAK_BEFORE_K1,2022-06-25 21:10:00+00:00,
60,01:00,3,2022-06-27,Monday,2022-06-26 18:00:00+00:00,2022-06-26 21:00:00+00:00,2022-06-26 21:00:00+00:00,2022-06-27 01:00:00+00:00,240.0,235.52,4.47999999999999,False,BREAK_BEFORE_K1,0,0,,,False,,,BREAK_BEFORE_K1,2022-06-26 22:25:00+00:00,
60,01:00,3,2022-06-28,Tuesday,2022-06-27 18:00:00+00:00,2022-06-27 21:00:00+00:00,2022-06-27 21:00:00+00:00,2022-06-28 01:00:00+00:00,236.76,231.23,5.530000000000001,False,NO_K1,0,0,,,False,,,NO_K1,,
60,01:00,3,2022-06-29,Wednesday,2022-06-28 18:00:00+00:00,2022-06-28 21:00:00+00:00,2022-06-28 21:00:00+00:00,2022-06-29 01:00:00+00:00,234.86,231.13,3.730000000000018,False,BREAK_BEFORE_K1,0,0,,,False,,,BREAK_BEFORE_K1,2022-06-28 22:05:00+00:00,
60,01:00,3,2022-06-30,Thursday,2022-06-29 18:00:00+00:00,2022-06-29 21:00:00+00:00,2022-06-29 21:00:00+00:00,2022-06-30 01:00:00+00:00,222.14,217.92,4.219999999999999,True,,1,0,2022-06-29 21:20:00+00:00,2022-06-29 21:25:00+00:00,True,2022-06-29 21:35:00+00:00,2022-06-29 21:40:00+00:00,H2_ARRIVAL,2022-06-29 21:40:00+00:00,5.0
60,01:00,3,2022-07-01,Friday,2022-06-30 18:00:00+00:00,2022-06-30 21:00:00+00:00,2022-06-30 21:00:00+00:00,2022-07-01 01:00:00+00:00,214.3,209.62,4.680000000000007,True,,1,0,2022-06-30 22:35:00+00:00,2022-06-30 22:40:00+00:00,True,2022-06-30 22:40:00+00:00,2022-06-30 22:45:00+00:00,H2_ARRIVAL,2022-06-30 22:45:00+00:00,5.0
60,01:00,3,2022-07-02,Saturday,2022-07-01 18:00:00+00:00,2022-07-01 21:00:00+00:00,2022-07-01 21:00:00+00:00,2022-07-02 01:00:00+00:00,220.77,216.18,4.590000000000003,False,BREAK_BEFORE_K1,0,0,,,False,,,BREAK_BEFORE_K1,2022-07-01 23:50:00+00:00,
60,01:00,3,2022-07-03,Sunday,2022-07-02 18:00:00+00:00,2022-07-02 21:00:00+00:00,2022-07-02 21:00:00+00:00,2022-07-03 01:00:00+00:00,219.24,216.97,2.2700000000000102,True,,1,0,2022-07-02 21:55:00+00:00,2022-07-02 22:00:00+00:00,False,,,BREAK_DURING_K1,2022-07-02 22:00:00+00:00,
60,01:00,3,2022-07-04,Monday,2022-07-03 18:00:00+00:00,2022-07-03 21:00:00+00:00,2022-07-03 21:00:00+00:00,2022-07-04 01:00:00+00:00,220.2,215.92,4.280000000000001,False,NO_K1,0,0,,,False,,,NO_K1,,
60,01:00,3,2022-07-05,Tuesday,2022-07-04 18:00:00+00:00,2022-07-04 21:00:00+00:00,2022-07-04 21:00:00+00:00,2022-07-05 01:00:00+00:00,228.73,226.59,2.1399999999999864,True,,1,0,2022-07-04 21:50:00+00:00,2022-07-04 21:55:00+00:00,True,2022-07-04 22:00:00+00:00,2022-07-04 22:05:00+00:00,H2_ARRIVAL,2022-07-04 22:20:00+00:00,20.0
60,01:00,3,2022-07-06,Wednesday,2022-07-05 18:00:00+00:00,2022-07-05 21:00:00+00:00,2022-07-05 21:00:00+00:00,2022-07-06 01:00:00+00:00,233.69,225.1,8.590000000000003,False,BREAK_BEFORE_K1,0,0,,,False,,,BREAK_BEFORE_K1,2022-07-06 00:45:00+00:00,
60,01:00,3,2022-07-07,Thursday,2022-07-06 18:00:00+00:00,2022-07-06 21:00:00+00:00,2022-07-06 21:00:00+00:00,2022-07-07 01:00:00+00:00,239.63,236.0,3.6299999999999955,True,,1,0,2022-07-06 22:05:00+00:00,2022-07-06 22:10:00+00:00,True,2022-07-06 22:20:00+00:00,2022-07-06 22:25:00+00:00,H2_ARRIVAL,2022-07-06 23:00:00+00:00,40.0
60,01:00,3,2022-07-08,Friday,2022-07-07 18:00:00+00:00,2022-07-07 21:00:00+00:00,2022-07-07 21:00:00+00:00,2022-07-08 01:00:00+00:00,243.71,239.79,3.920000000000016,False,NO_K1,0,0,,,False,,,NO_K1,,
60,01:00,3,2022-07-09,Saturday,2022-07-08 18:00:00+00:00,2022-07-08 21:00:00+00:00,2022-07-08 21:00:00+00:00,2022-07-09 01:00:00+00:00,243.6,240.31,3.289999999999992,True,,1,0,2022-07-08 23:25:00+00:00,2022-07-08 23:30:00+00:00,True,2022-07-08 23:30:00+00:00,2022-07-08 23:35:00+00:00,NO_H2_BY_END,,
60,01:00,3,2022-07-10,Sunday,2022-07-09 18:00:00+00:00,2022-07-09 21:00:00+00:00,2022-07-09 21:00:00+00:00,2022-07-10 01:00:00+00:00,244.92,241.87,3.049999999999983,False,BREAK_BEFORE_K1,0,0,,,False,,,BREAK_BEFORE_K1,2022-07-10 00:45:00+00:00,
60,01:00,3,2022-07-11,Monday,2022-07-10 18:00:00+00:00,2022-07-10 21:00:00+00:00,2022-07-10 21:00:00+00:00,2022-07-11 01:00:00+00:00,234.8,232.69,2.1100000000000136,False,BREAK_BEFORE_K1,0,0,,,False,,,BREAK_BEFORE_K1,2022-07-10 21:00:00+00:00,
60,01:00,3,2022-07-12,Tuesday,2022-07-11 18:00:00+00:00,2022-07-11 21:00:00+00:00,2022-07-11 21:00:00+00:00,2022-07-12 01:00:00+00:00,233.7,229.88,3.819999999999993,False,OPPOSITE_VISIT_BEFORE_K1,0,1,,,False,,,OPPOSITE_VISIT_BEFORE_K1,2022-07-11 21:20:00+00:00,
60,01:00,3,2022-07-13,Wednesday,2022-07-12 18:00:00+00:00,2022-07-12 21:00:00+00:00,2022-07-12 21:00:00+00:00,2022-07-13 01:00:00+00:00,227.19,221.15,6.039999999999992,False,BREAK_BEFORE_K1,0,0,,,False,,,BREAK_BEFORE_K1,2022-07-12 23:50:00+00:00,
60,01:00,3,2022-07-14,Thursday,2022-07-13 18:00:00+00:00,2022-07-13 21:00:00+00:00,2022-07-13 21:00:00+00:00,2022-07-14 01:00:00+00:00,225.65,223.73,1.920000000000016,True,,1,0,2022-07-13 21:10:00+00:00,2022-07-13 21:15:00+00:00,True,2022-07-13 21:15:00+00:00,2022-07-13 21:20:00+00:00,H2_ARRIVAL,2022-07-13 21:40:00+00:00,25.0
60,01:00,3,2022-07-15,Friday,2022-07-14 18:00:00+00:00,2022-07-14 21:00:00+00:00,2022-07-14 21:00:00+00:00,2022-07-15 01:00:00+00:00,240.0,237.22,2.780000000000001,False,OPPOSITE_VISIT_BEFORE_K1,0,1,,,False,,,OPPOSITE_VISIT_BEFORE_K1,2022-07-14 22:05:00+00:00,
60,01:00,3,2022-07-16,Saturday,2022-07-15 18:00:00+00:00,2022-07-15 21:00:00+00:00,2022-07-15 21:00:00+00:00,2022-07-16 01:00:00+00:00,242.6,237.19,5.409999999999997,False,BREAK_BEFORE_K1,0,0,,,False,,,BREAK_BEFORE_K1,2022-07-16 00:30:00+00:00,
60,01:00,3,2022-07-17,Sunday,2022-07-16 18:00:00+00:00,2022-07-16 21:00:00+00:00,2022-07-16 21:00:00+00:00,2022-07-17 01:00:00+00:00,250.39,246.46,3.9299999999999784,True,,1,0,2022-07-16 22:20:00+00:00,2022-07-16 22:25:00+00:00,True,2022-07-16 22:25:00+00:00,2022-07-16 22:30:00+00:00,H2_ARRIVAL,2022-07-16 22:50:00+00:00,25.0
60,01:00,3,2022-07-18,Monday,2022-07-17 18:00:00+00:00,2022-07-17 21:00:00+00:00,2022-07-17 21:00:00+00:00,2022-07-18 01:00:00+00:00,250.36,246.9,3.460000000000008,True,,1,0,2022-07-17 21:50:00+00:00,2022-07-17 21:55:00+00:00,True,2022-07-17 22:05:00+00:00,2022-07-17 22:10:00+00:00,NO_H2_BY_END,,
60,01:00,3,2022-07-19,Tuesday,2022-07-18 18:00:00+00:00,2022-07-18 21:00:00+00:00,2022-07-18 21:00:00+00:00,2022-07-19 01:00:00+00:00,258.47,254.68,3.7900000000000205,False,BREAK_BEFORE_K1,0,0,,,False,,,BREAK_BEFORE_K1,2022-07-18 22:10:00+00:00,
60,01:00,3,2022-07-20,Wednesday,2022-07-19 18:00:00+00:00,2022-07-19 21:00:00+00:00,2022-07-19 21:00:00+00:00,2022-07-20 01:00:00+00:00,274.77,269.7,5.069999999999993,False,BREAK_BEFORE_K1,0,0,,,False,,,BREAK_BEFORE_K1,2022-07-19 22:40:00+00:00,
60,01:00,3,2022-07-21,Thursday,2022-07-20 18:00:00+00:00,2022-07-20 21:00:00+00:00,2022-07-20 21:00:00+00:00,2022-07-21 01:00:00+00:00,267.13,256.74,10.389999999999986,False,OPPOSITE_VISIT_BEFORE_K1,0,1,,,False,,,OPPOSITE_VISIT_BEFORE_K1,2022-07-20 23:15:00+00:00,
60,01:00,3,2022-07-22,Friday,2022-07-21 18:00:00+00:00,2022-07-21 21:00:00+00:00,2022-07-21 21:00:00+00:00,2022-07-22 01:00:00+00:00,265.88,260.64,5.240000000000009,False,BREAK_BEFORE_K1,0,0,,,False,,,BREAK_BEFORE_K1,2022-07-22 00:10:00+00:00,
60,01:00,3,2022-07-23,Saturday,2022-07-22 18:00:00+00:00,2022-07-22 21:00:00+00:00,2022-07-22 21:00:00+00:00,2022-07-23 01:00:00+00:00,266.99,261.07,5.920000000000016,False,OPPOSITE_VISIT_BEFORE_K1,0,1,,,False,,,OPPOSITE_VISIT_BEFORE_K1,2022-07-23 00:05:00+00:00,
60,01:00,3,2022-07-24,Sunday,2022-07-23 18:00:00+00:00,2022-07-23 21:00:00+00:00,2022-07-23 21:00:00+00:00,2022-07-24 01:00:00+00:00,256.29,252.51,3.7800000000000296,True,,1,0,2022-07-23 21:00:00+00:00,2022-07-23 21:05:00+00:00,True,2022-07-23 21:05:00+00:00,2022-07-23 21:10:00+00:00,H2_ARRIVAL,2022-07-23 22:20:00+00:00,75.0
60,01:00,3,2022-07-25,Monday,2022-07-24 18:00:00+00:00,2022-07-24 21:00:00+00:00,2022-07-24 21:00:00+00:00,2022-07-25 01:00:00+00:00,263.62,261.61,2.009999999999991,True,,1,0,2022-07-24 21:10:00+00:00,2022-07-24 21:15:00+00:00,False,,,BREAK_DURING_K1,2022-07-24 21:15:00+00:00,
60,01:00,3,2022-07-26,Tuesday,2022-07-25 18:00:00+00:00,2022-07-25 21:00:00+00:00,2022-07-25 21:00:00+00:00,2022-07-26 01:00:00+00:00,256.05,249.24,6.810000000000002,False,OPPOSITE_VISIT_BEFORE_K1,0,1,,,False,,,OPPOSITE_VISIT_BEFORE_K1,2022-07-25 23:10:00+00:00,
60,01:00,3,2022-07-27,Wednesday,2022-07-26 18:00:00+00:00,2022-07-26 21:00:00+00:00,2022-07-26 21:00:00+00:00,2022-07-27 01:00:00+00:00,244.98,241.39,3.5900000000000034,False,BREAK_BEFORE_K1,0,0,,,False,,,BREAK_BEFORE_K1,2022-07-26 21:00:00+00:00,
60,01:00,3,2022-07-28,Thursday,2022-07-27 18:00:00+00:00,2022-07-27 21:00:00+00:00,2022-07-27 21:00:00+00:00,2022-07-28 01:00:00+00:00,269.58,257.43,12.149999999999977,True,,1,0,2022-07-27 21:55:00+00:00,2022-07-27 22:00:00+00:00,True,2022-07-27 22:00:00+00:00,2022-07-27 22:05:00+00:00,H2_ARRIVAL,2022-07-27 22:05:00+00:00,5.0
60,01:00,3,2022-07-29,Friday,2022-07-28 18:00:00+00:00,2022-07-28 21:00:00+00:00,2022-07-28 21:00:00+00:00,2022-07-29 01:00:00+00:00,280.93,274.54,6.389999999999986,False,NO_K1,0,0,,,False,,,NO_K1,,
60,01:00,3,2022-07-30,Saturday,2022-07-29 18:00:00+00:00,2022-07-29 21:00:00+00:00,2022-07-29 21:00:00+00:00,2022-07-30 01:00:00+00:00,302.57,295.12,7.449999999999989,False,BREAK_BEFORE_K1,0,0,,,False,,,BREAK_BEFORE_K1,2022-07-29 21:10:00+00:00,
60,01:00,3,2022-07-31,Sunday,2022-07-30 18:00:00+00:00,2022-07-30 21:00:00+00:00,2022-07-30 21:00:00+00:00,2022-07-31 01:00:00+00:00,297.23,288.98,8.25,False,BREAK_BEFORE_K1,0,0,,,False,,,BREAK_BEFORE_K1,2022-07-30 21:15:00+00:00,
60,01:00,3,2022-08-01,Monday,2022-07-31 18:00:00+00:00,2022-07-31 21:00:00+00:00,2022-07-31 21:00:00+00:00,2022-08-01 01:00:00+00:00,297.26,287.04,10.21999999999997,False,OPPOSITE_VISIT_BEFORE_K1,0,1,,,False,,,OPPOSITE_VISIT_BEFORE_K1,2022-07-31 21:45:00+00:00,
60,01:00,3,2022-08-02,Tuesday,2022-08-01 18:00:00+00:00,2022-08-01 21:00:00+00:00,2022-08-01 21:00:00+00:00,2022-08-02 01:00:00+00:00,281.98,277.89,4.090000000000032,True,,1,0,2022-08-01 22:40:00+00:00,2022-08-01 22:45:00+00:00,False,,,BREAK_DURING_K1,2022-08-01 22:45:00+00:00,
60,01:00,3,2022-08-03,Wednesday,2022-08-02 18:00:00+00:00,2022-08-02 21:00:00+00:00,2022-08-02 21:00:00+00:00,2022-08-03 01:00:00+00:00,289.58,284.68,4.899999999999977,False,BREAK_BEFORE_K1,0,0,,,False,,,BREAK_BEFORE_K1,2022-08-02 21:05:00+00:00,
60,01:00,3,2022-08-04,Thursday,2022-08-03 18:00:00+00:00,2022-08-03 21:00:00+00:00,2022-08-03 21:00:00+00:00,2022-08-04 01:00:00+00:00,305.9,300.01,5.889999999999986,False,BREAK_BEFORE_K1,0,0,,,False,,,BREAK_BEFORE_K1,2022-08-03 22:40:00+00:00,
60,01:00,3,2022-08-05,Friday,2022-08-04 18:00:00+00:00,2022-08-04 21:00:00+00:00,2022-08-04 21:00:00+00:00,2022-08-05 01:00:00+00:00,312.69,300.26,12.430000000000007,True,,1,0,2022-08-04 22:40:00+00:00,2022-08-04 22:45:00+00:00,True,2022-08-04 22:50:00+00:00,2022-08-04 22:55:00+00:00,NO_H2_BY_END,,
60,01:00,3,2022-08-06,Saturday,2022-08-05 18:00:00+00:00,2022-08-05 21:00:00+00:00,2022-08-05 21:00:00+00:00,2022-08-06 01:00:00+00:00,314.72,311.1,3.6200000000000045,False,BREAK_BEFORE_K1,0,0,,,False,,,BREAK_BEFORE_K1,2022-08-05 21:05:00+00:00,
60,01:00,3,2022-08-07,Sunday,2022-08-06 18:00:00+00:00,2022-08-06 21:00:00+00:00,2022-08-06 21:00:00+00:00,2022-08-07 01:00:00+00:00,321.99,317.56,4.430000000000007,False,BREAK_BEFORE_K1,0,0,,,False,,,BREAK_BEFORE_K1,2022-08-06 22:30:00+00:00,
60,01:00,3,2022-08-08,Monday,2022-08-07 18:00:00+00:00,2022-08-07 21:00:00+00:00,2022-08-07 21:00:00+00:00,2022-08-08 01:00:00+00:00,324.28,321.44,2.839999999999975,False,BREAK_BEFORE_K1,0,0,,,False,,,BREAK_BEFORE_K1,2022-08-07 22:15:00+00:00,
60,01:00,3,2022-08-09,Tuesday,2022-08-08 18:00:00+00:00,2022-08-08 21:00:00+00:00,2022-08-08 21:00:00+00:00,2022-08-09 01:00:00+00:00,329.64,323.83,5.810000000000002,False,OPPOSITE_VISIT_BEFORE_K1,0,1,,,False,,,OPPOSITE_VISIT_BEFORE_K1,2022-08-08 21:15:00+00:00,
60,01:00,3,2022-08-10,Wednesday,2022-08-09 18:00:00+00:00,2022-08-09 21:00:00+00:00,2022-08-09 21:00:00+00:00,2022-08-10 01:00:00+00:00,322.95,318.68,4.269999999999982,False,BREAK_BEFORE_K1,0,0,,,False,,,BREAK_BEFORE_K1,2022-08-09 21:00:00+00:00,
60,01:00,3,2022-08-11,Thursday,2022-08-10 18:00:00+00:00,2022-08-10 21:00:00+00:00,2022-08-10 21:00:00+00:00,2022-08-11 01:00:00+00:00,332.88,325.79,7.089999999999975,False,NO_K1,0,0,,,False,,,NO_K1,,
60,01:00,3,2022-08-12,Friday,2022-08-11 18:00:00+00:00,2022-08-11 21:00:00+00:00,2022-08-11 21:00:00+00:00,2022-08-12 01:00:00+00:00,327.42,323.88,3.5400000000000205,False,BREAK_BEFORE_K1,0,0,,,False,,,BREAK_BEFORE_K1,2022-08-11 22:50:00+00:00,
60,01:00,3,2022-08-13,Saturday,2022-08-12 18:00:00+00:00,2022-08-12 21:00:00+00:00,2022-08-12 21:00:00+00:00,2022-08-13 01:00:00+00:00,326.0,321.82,4.180000000000007,False,BREAK_BEFORE_K1,0,0,,,False,,,BREAK_BEFORE_K1,2022-08-12 23:15:00+00:00,
60,01:00,3,2022-08-14,Sunday,2022-08-13 18:00:00+00:00,2022-08-13 21:00:00+00:00,2022-08-13 21:00:00+00:00,2022-08-14 01:00:00+00:00,328.66,323.0,5.660000000000025,False,OPPOSITE_VISIT_BEFORE_K1,0,1,,,False,,,OPPOSITE_VISIT_BEFORE_K1,2022-08-13 23:00:00+00:00,
60,01:00,3,2022-08-15,Monday,2022-08-14 18:00:00+00:00,2022-08-14 21:00:00+00:00,2022-08-14 21:00:00+00:00,2022-08-15 01:00:00+00:00,320.19,316.13,4.060000000000002,True,,1,0,2022-08-14 21:30:00+00:00,2022-08-14 21:35:00+00:00,True,2022-08-14 21:40:00+00:00,2022-08-14 21:45:00+00:00,OPPOSITE_BREAK_BEFORE_H2,2022-08-15 00:10:00+00:00,
60,01:00,3,2022-08-16,Tuesday,2022-08-15 18:00:00+00:00,2022-08-15 21:00:00+00:00,2022-08-15 21:00:00+00:00,2022-08-16 01:00:00+00:00,319.58,316.64,2.9399999999999977,True,,1,0,2022-08-15 21:20:00+00:00,2022-08-15 21:25:00+00:00,True,2022-08-15 21:25:00+00:00,2022-08-15 21:30:00+00:00,H2_ARRIVAL,2022-08-15 22:10:00+00:00,45.0
60,01:00,3,2022-08-17,Wednesday,2022-08-16 18:00:00+00:00,2022-08-16 21:00:00+00:00,2022-08-16 21:00:00+00:00,2022-08-17 01:00:00+00:00,317.58,311.69,5.889999999999986,False,BREAK_BEFORE_K1,0,0,,,False,,,BREAK_BEFORE_K1,2022-08-17 00:35:00+00:00,
60,01:00,3,2022-08-18,Thursday,2022-08-17 18:00:00+00:00,2022-08-17 21:00:00+00:00,2022-08-17 21:00:00+00:00,2022-08-18 01:00:00+00:00,311.45,306.59,4.860000000000014,False,BREAK_BEFORE_K1,0,0,,,False,,,BREAK_BEFORE_K1,2022-08-17 21:20:00+00:00,
60,01:00,3,2022-08-19,Friday,2022-08-18 18:00:00+00:00,2022-08-18 21:00:00+00:00,2022-08-18 21:00:00+00:00,2022-08-19 01:00:00+00:00,304.8,301.56,3.240000000000009,False,BREAK_BEFORE_K1,0,0,,,False,,,BREAK_BEFORE_K1,2022-08-18 23:10:00+00:00,
60,01:00,3,2022-08-20,Saturday,2022-08-19 18:00:00+00:00,2022-08-19 21:00:00+00:00,2022-08-19 21:00:00+00:00,2022-08-20 01:00:00+00:00,287.83,283.15,4.680000000000007,False,OPPOSITE_VISIT_BEFORE_K1,0,1,,,False,,,OPPOSITE_VISIT_BEFORE_K1,2022-08-19 21:25:00+00:00,
60,01:00,3,2022-08-21,Sunday,2022-08-20 18:00:00+00:00,2022-08-20 21:00:00+00:00,2022-08-20 21:00:00+00:00,2022-08-21 01:00:00+00:00,284.38,277.41,6.96999999999997,False,OPPOSITE_VISIT_BEFORE_K1,0,1,,,False,,,OPPOSITE_VISIT_BEFORE_K1,2022-08-20 21:00:00+00:00,
60,01:00,3,2022-08-22,Monday,2022-08-21 18:00:00+00:00,2022-08-21 21:00:00+00:00,2022-08-21 21:00:00+00:00,2022-08-22 01:00:00+00:00,304.0,296.41,7.589999999999975,True,,1,0,2022-08-21 21:15:00+00:00,2022-08-21 21:20:00+00:00,True,2022-08-21 21:20:00+00:00,2022-08-21 21:25:00+00:00,H2_ARRIVAL,2022-08-22 00:20:00+00:00,180.0
60,01:00,3,2022-08-23,Tuesday,2022-08-22 18:00:00+00:00,2022-08-22 21:00:00+00:00,2022-08-22 21:00:00+00:00,2022-08-23 01:00:00+00:00,299.5,292.84,6.660000000000025,True,,1,0,2022-08-22 22:10:00+00:00,2022-08-22 22:15:00+00:00,False,,,BREAK_DURING_K1,2022-08-22 22:15:00+00:00,
60,01:00,3,2022-08-24,Wednesday,2022-08-23 18:00:00+00:00,2022-08-23 21:00:00+00:00,2022-08-23 21:00:00+00:00,2022-08-24 01:00:00+00:00,299.5,295.8,3.6999999999999886,True,,1,0,2022-08-23 22:05:00+00:00,2022-08-23 22:10:00+00:00,True,2022-08-23 22:10:00+00:00,2022-08-23 22:15:00+00:00,H2_ARRIVAL,2022-08-23 22:30:00+00:00,20.0
60,01:00,3,2022-08-25,Thursday,2022-08-24 18:00:00+00:00,2022-08-24 21:00:00+00:00,2022-08-24 21:00:00+00:00,2022-08-25 01:00:00+00:00,300.17,297.85,2.319999999999993,False,OPPOSITE_VISIT_BEFORE_K1,0,1,,,False,,,OPPOSITE_VISIT_BEFORE_K1,2022-08-24 21:10:00+00:00,
60,01:00,3,2022-08-26,Friday,2022-08-25 18:00:00+00:00,2022-08-25 21:00:00+00:00,2022-08-25 21:00:00+00:00,2022-08-26 01:00:00+00:00,303.38,300.4,2.980000000000018,True,,1,0,2022-08-25 21:15:00+00:00,2022-08-25 21:20:00+00:00,True,2022-08-25 21:25:00+00:00,2022-08-25 21:30:00+00:00,OPPOSITE_BREAK_BEFORE_H2,2022-08-26 00:05:00+00:00,
60,01:00,3,2022-08-27,Saturday,2022-08-26 18:00:00+00:00,2022-08-26 21:00:00+00:00,2022-08-26 21:00:00+00:00,2022-08-27 01:00:00+00:00,286.23,282.36,3.8700000000000045,False,BREAK_BEFORE_K1,0,0,,,False,,,BREAK_BEFORE_K1,2022-08-26 22:35:00+00:00,
60,01:00,3,2022-08-28,Sunday,2022-08-27 18:00:00+00:00,2022-08-27 21:00:00+00:00,2022-08-27 21:00:00+00:00,2022-08-28 01:00:00+00:00,278.31,276.16,2.1499999999999773,False,BREAK_BEFORE_K1,0,0,,,False,,,BREAK_BEFORE_K1,2022-08-27 21:50:00+00:00,
60,01:00,3,2022-08-29,Monday,2022-08-28 18:00:00+00:00,2022-08-28 21:00:00+00:00,2022-08-28 21:00:00+00:00,2022-08-29 01:00:00+00:00,282.94,280.49,2.4499999999999886,False,OPPOSITE_VISIT_BEFORE_K1,0,1,,,False,,,OPPOSITE_VISIT_BEFORE_K1,2022-08-28 21:45:00+00:00,
60,01:00,3,2022-08-30,Tuesday,2022-08-29 18:00:00+00:00,2022-08-29 21:00:00+00:00,2022-08-29 21:00:00+00:00,2022-08-30 01:00:00+00:00,282.85,279.85,3.0,True,,1,0,2022-08-29 21:10:00+00:00,2022-08-29 21:15:00+00:00,False,,,BREAK_DURING_K1,2022-08-29 21:15:00+00:00,
60,01:00,3,2022-08-31,Wednesday,2022-08-30 18:00:00+00:00,2022-08-30 21:00:00+00:00,2022-08-30 21:00:00+00:00,2022-08-31 01:00:00+00:00,284.58,277.53,7.050000000000011,True,,1,0,2022-08-31 00:25:00+00:00,2022-08-31 00:30:00+00:00,True,2022-08-31 00:35:00+00:00,2022-08-31 00:40:00+00:00,NO_H2_BY_END,,
60,01:00,3,2022-09-01,Thursday,2022-08-31 18:00:00+00:00,2022-08-31 21:00:00+00:00,2022-08-31 21:00:00+00:00,2022-09-01 01:00:00+00:00,283.3,278.82,4.480000000000018,False,BREAK_BEFORE_K1,0,0,,,False,,,BREAK_BEFORE_K1,2022-08-31 23:05:00+00:00,
60,01:00,3,2022-09-02,Friday,2022-09-01 18:00:00+00:00,2022-09-01 21:00:00+00:00,2022-09-01 21:00:00+00:00,2022-09-02 01:00:00+00:00,277.96,272.58,5.3799999999999955,True,,1,0,2022-09-01 21:15:00+00:00,2022-09-01 21:20:00+00:00,True,2022-09-01 21:20:00+00:00,2022-09-01 21:25:00+00:00,H2_ARRIVAL,2022-09-01 22:05:00+00:00,45.0
60,01:00,3,2022-09-03,Saturday,2022-09-02 18:00:00+00:00,2022-09-02 21:00:00+00:00,2022-09-02 21:00:00+00:00,2022-09-03 01:00:00+00:00,277.73,273.33,4.400000000000034,True,,1,0,2022-09-02 22:55:00+00:00,2022-09-02 23:00:00+00:00,True,2022-09-02 23:00:00+00:00,2022-09-02 23:05:00+00:00,H2_ARRIVAL,2022-09-03 00:20:00+00:00,80.0
60,01:00,3,2022-09-04,Sunday,2022-09-03 18:00:00+00:00,2022-09-03 21:00:00+00:00,2022-09-03 21:00:00+00:00,2022-09-04 01:00:00+00:00,277.99,275.28,2.7100000000000364,False,BREAK_BEFORE_K1,0,0,,,False,,,BREAK_BEFORE_K1,2022-09-04 00:25:00+00:00,
60,01:00,3,2022-09-05,Monday,2022-09-04 18:00:00+00:00,2022-09-04 21:00:00+00:00,2022-09-04 21:00:00+00:00,2022-09-05 01:00:00+00:00,279.29,277.15,2.140000000000043,False,OPPOSITE_VISIT_BEFORE_K1,0,1,,,False,,,OPPOSITE_VISIT_BEFORE_K1,2022-09-04 21:50:00+00:00,
60,01:00,3,2022-09-06,Tuesday,2022-09-05 18:00:00+00:00,2022-09-05 21:00:00+00:00,2022-09-05 21:00:00+00:00,2022-09-06 01:00:00+00:00,276.11,273.42,2.6899999999999977,True,,1,0,2022-09-05 22:55:00+00:00,2022-09-05 23:00:00+00:00,True,2022-09-05 23:00:00+00:00,2022-09-05 23:05:00+00:00,H2_ARRIVAL,2022-09-05 23:35:00+00:00,35.0
60,01:00,3,2022-09-07,Wednesday,2022-09-06 18:00:00+00:00,2022-09-06 21:00:00+00:00,2022-09-06 21:00:00+00:00,2022-09-07 01:00:00+00:00,267.0,260.44,6.560000000000002,True,,1,0,2022-09-06 21:00:00+00:00,2022-09-06 21:05:00+00:00,True,2022-09-06 21:05:00+00:00,2022-09-06 21:10:00+00:00,NO_H2_BY_END,,
60,01:00,3,2022-09-08,Thursday,2022-09-07 18:00:00+00:00,2022-09-07 21:00:00+00:00,2022-09-07 21:00:00+00:00,2022-09-08 01:00:00+00:00,278.23,268.52,9.710000000000036,False,BREAK_BEFORE_K1,0,0,,,False,,,BREAK_BEFORE_K1,2022-09-07 21:00:00+00:00,
60,01:00,3,2022-09-09,Friday,2022-09-08 18:00:00+00:00,2022-09-08 21:00:00+00:00,2022-09-08 21:00:00+00:00,2022-09-09 01:00:00+00:00,281.94,279.13,2.8100000000000023,False,NO_K1,0,0,,,False,,,NO_K1,,
60,01:00,3,2022-09-10,Saturday,2022-09-09 18:00:00+00:00,2022-09-09 21:00:00+00:00,2022-09-09 21:00:00+00:00,2022-09-10 01:00:00+00:00,291.9,289.5,2.3999999999999773,False,OPPOSITE_VISIT_BEFORE_K1,0,1,,,False,,,OPPOSITE_VISIT_BEFORE_K1,2022-09-09 22:00:00+00:00,
60,01:00,3,2022-09-11,Sunday,2022-09-10 18:00:00+00:00,2022-09-10 21:00:00+00:00,2022-09-10 21:00:00+00:00,2022-09-11 01:00:00+00:00,294.94,292.55,2.3899999999999864,False,BREAK_BEFORE_K1,0,0,,,False,,,BREAK_BEFORE_K1,2022-09-10 21:45:00+00:00,
60,01:00,3,2022-09-12,Monday,2022-09-11 18:00:00+00:00,2022-09-11 21:00:00+00:00,2022-09-11 21:00:00+00:00,2022-09-12 01:00:00+00:00,295.33,292.8,2.5299999999999727,False,BREAK_BEFORE_K1,0,0,,,False,,,BREAK_BEFORE_K1,2022-09-11 21:50:00+00:00,
60,01:00,3,2022-09-13,Tuesday,2022-09-12 18:00:00+00:00,2022-09-12 21:00:00+00:00,2022-09-12 21:00:00+00:00,2022-09-13 01:00:00+00:00,294.77,291.74,3.0299999999999727,False,BREAK_BEFORE_K1,0,0,,,False,,,BREAK_BEFORE_K1,2022-09-12 22:20:00+00:00,
60,01:00,3,2022-09-14,Wednesday,2022-09-13 18:00:00+00:00,2022-09-13 21:00:00+00:00,2022-09-13 21:00:00+00:00,2022-09-14 01:00:00+00:00,283.4,278.0,5.399999999999977,False,OPPOSITE_VISIT_BEFORE_K1,0,1,,,False,,,OPPOSITE_VISIT_BEFORE_K1,2022-09-13 21:20:00+00:00,
60,01:00,3,2022-09-15,Thursday,2022-09-14 18:00:00+00:00,2022-09-14 21:00:00+00:00,2022-09-14 21:00:00+00:00,2022-09-15 01:00:00+00:00,278.23,273.0,5.230000000000018,True,,1,0,2022-09-14 21:35:00+00:00,2022-09-14 21:40:00+00:00,True,2022-09-14 21:40:00+00:00,2022-09-14 21:45:00+00:00,H2_ARRIVAL,2022-09-14 21:45:00+00:00,5.0
60,01:00,3,2022-09-16,Friday,2022-09-15 18:00:00+00:00,2022-09-15 21:00:00+00:00,2022-09-15 21:00:00+00:00,2022-09-16 01:00:00+00:00,272.57,269.95,2.6200000000000045,False,BREAK_BEFORE_K1,0,0,,,False,,,BREAK_BEFORE_K1,2022-09-15 22:35:00+00:00,
60,01:00,3,2022-09-17,Saturday,2022-09-16 18:00:00+00:00,2022-09-16 21:00:00+00:00,2022-09-16 21:00:00+00:00,2022-09-17 01:00:00+00:00,274.23,270.74,3.490000000000009,True,,1,0,2022-09-16 21:00:00+00:00,2022-09-16 21:05:00+00:00,True,2022-09-16 21:05:00+00:00,2022-09-16 21:10:00+00:00,H2_ARRIVAL,2022-09-16 21:35:00+00:00,30.0
60,01:00,3,2022-09-18,Sunday,2022-09-17 18:00:00+00:00,2022-09-17 21:00:00+00:00,2022-09-17 21:00:00+00:00,2022-09-18 01:00:00+00:00,279.36,277.89,1.4700000000000273,True,,1,0,2022-09-17 21:00:00+00:00,2022-09-17 21:05:00+00:00,True,2022-09-17 21:05:00+00:00,2022-09-17 21:10:00+00:00,OPPOSITE_BREAK_BEFORE_H2,2022-09-17 21:25:00+00:00,
60,01:00,3,2022-09-19,Monday,2022-09-18 18:00:00+00:00,2022-09-18 21:00:00+00:00,2022-09-18 21:00:00+00:00,2022-09-19 01:00:00+00:00,273.69,270.57,3.1200000000000045,False,BREAK_BEFORE_K1,0,0,,,False,,,BREAK_BEFORE_K1,2022-09-18 21:00:00+00:00,
60,01:00,3,2022-09-20,Tuesday,2022-09-19 18:00:00+00:00,2022-09-19 21:00:00+00:00,2022-09-19 21:00:00+00:00,2022-09-20 01:00:00+00:00,269.82,264.58,5.240000000000009,False,BREAK_BEFORE_K1,0,0,,,False,,,BREAK_BEFORE_K1,2022-09-19 21:20:00+00:00,
60,01:00,3,2022-09-21,Wednesday,2022-09-20 18:00:00+00:00,2022-09-20 21:00:00+00:00,2022-09-20 21:00:00+00:00,2022-09-21 01:00:00+00:00,268.87,265.09,3.7800000000000296,False,NO_K1,0,0,,,False,,,NO_K1,,
60,01:00,3,2022-09-22,Thursday,2022-09-21 18:00:00+00:00,2022-09-21 21:00:00+00:00,2022-09-21 21:00:00+00:00,2022-09-22 01:00:00+00:00,276.47,262.0,14.470000000000027,False,BREAK_BEFORE_K1,0,0,,,False,,,BREAK_BEFORE_K1,2022-09-21 22:10:00+00:00,
60,01:00,3,2022-09-23,Friday,2022-09-22 18:00:00+00:00,2022-09-22 21:00:00+00:00,2022-09-22 21:00:00+00:00,2022-09-23 01:00:00+00:00,275.55,270.03,5.520000000000039,True,,1,0,2022-09-22 22:35:00+00:00,2022-09-22 22:40:00+00:00,True,2022-09-22 22:40:00+00:00,2022-09-22 22:45:00+00:00,H2_ARRIVAL,2022-09-22 23:05:00+00:00,25.0
60,01:00,3,2022-09-24,Saturday,2022-09-23 18:00:00+00:00,2022-09-23 21:00:00+00:00,2022-09-23 21:00:00+00:00,2022-09-24 01:00:00+00:00,274.8,268.1,6.699999999999989,True,,1,0,2022-09-23 21:50:00+00:00,2022-09-23 21:55:00+00:00,False,,,BREAK_DURING_K1,2022-09-23 21:55:00+00:00,
60,01:00,3,2022-09-25,Sunday,2022-09-24 18:00:00+00:00,2022-09-24 21:00:00+00:00,2022-09-24 21:00:00+00:00,2022-09-25 01:00:00+00:00,278.36,275.62,2.740000000000009,False,BREAK_BEFORE_K1,0,0,,,False,,,BREAK_BEFORE_K1,2022-09-24 21:15:00+00:00,
60,01:00,3,2022-09-26,Monday,2022-09-25 18:00:00+00:00,2022-09-25 21:00:00+00:00,2022-09-25 21:00:00+00:00,2022-09-26 01:00:00+00:00,275.96,273.92,2.0399999999999636,False,OPPOSITE_VISIT_BEFORE_K1,0,1,,,False,,,OPPOSITE_VISIT_BEFORE_K1,2022-09-25 21:20:00+00:00,
60,01:00,3,2022-09-27,Tuesday,2022-09-26 18:00:00+00:00,2022-09-26 21:00:00+00:00,2022-09-26 21:00:00+00:00,2022-09-27 01:00:00+00:00,275.76,273.55,2.2099999999999795,True,,1,0,2022-09-26 23:35:00+00:00,2022-09-26 23:40:00+00:00,True,2022-09-26 23:40:00+00:00,2022-09-26 23:45:00+00:00,H2_ARRIVAL,2022-09-26 23:50:00+00:00,10.0
60,01:00,3,2022-09-28,Wednesday,2022-09-27 18:00:00+00:00,2022-09-27 21:00:00+00:00,2022-09-27 21:00:00+00:00,2022-09-28 01:00:00+00:00,272.33,269.05,3.2799999999999727,False,BREAK_BEFORE_K1,0,0,,,False,,,BREAK_BEFORE_K1,2022-09-27 22:15:00+00:00,
60,01:00,3,2022-09-29,Thursday,2022-09-28 18:00:00+00:00,2022-09-28 21:00:00+00:00,2022-09-28 21:00:00+00:00,2022-09-29 01:00:00+00:00,283.0,277.42,5.579999999999984,True,,1,0,2022-09-28 21:15:00+00:00,2022-09-28 21:20:00+00:00,False,,,BREAK_DURING_K1,2022-09-28 21:20:00+00:00,
60,01:00,3,2022-09-30,Friday,2022-09-29 18:00:00+00:00,2022-09-29 21:00:00+00:00,2022-09-29 21:00:00+00:00,2022-09-30 01:00:00+00:00,283.49,280.3,3.1899999999999977,True,,1,0,2022-09-29 21:00:00+00:00,2022-09-29 21:05:00+00:00,True,2022-09-29 21:15:00+00:00,2022-09-29 21:20:00+00:00,H2_ARRIVAL,2022-09-29 22:00:00+00:00,45.0
60,01:00,3,2022-10-01,Saturday,2022-09-30 18:00:00+00:00,2022-09-30 21:00:00+00:00,2022-09-30 21:00:00+00:00,2022-10-01 01:00:00+00:00,287.31,281.14,6.170000000000016,False,BREAK_BEFORE_K1,0,0,,,False,,,BREAK_BEFORE_K1,2022-09-30 21:00:00+00:00,
60,01:00,3,2022-10-02,Sunday,2022-10-01 18:00:00+00:00,2022-10-01 21:00:00+00:00,2022-10-01 21:00:00+00:00,2022-10-02 01:00:00+00:00,284.37,277.6,6.769999999999982,False,NO_K1,0,0,,,False,,,NO_K1,,
60,01:00,3,2022-10-03,Monday,2022-10-02 18:00:00+00:00,2022-10-02 21:00:00+00:00,2022-10-02 21:00:00+00:00,2022-10-03 01:00:00+00:00,287.13,282.53,4.600000000000023,True,,1,0,2022-10-02 22:20:00+00:00,2022-10-02 22:25:00+00:00,True,2022-10-02 22:30:00+00:00,2022-10-02 22:35:00+00:00,NO_H2_BY_END,,
60,01:00,3,2022-10-04,Tuesday,2022-10-03 18:00:00+00:00,2022-10-03 21:00:00+00:00,2022-10-03 21:00:00+00:00,2022-10-04 01:00:00+00:00,288.69,285.54,3.1499999999999773,False,OPPOSITE_VISIT_BEFORE_K1,0,1,,,False,,,OPPOSITE_VISIT_BEFORE_K1,2022-10-03 21:50:00+00:00,
60,01:00,3,2022-10-05,Wednesday,2022-10-04 18:00:00+00:00,2022-10-04 21:00:00+00:00,2022-10-04 21:00:00+00:00,2022-10-05 01:00:00+00:00,298.35,294.14,4.210000000000036,False,NO_K1,0,0,,,False,,,NO_K1,,
60,01:00,3,2022-10-06,Thursday,2022-10-05 18:00:00+00:00,2022-10-05 21:00:00+00:00,2022-10-05 21:00:00+00:00,2022-10-06 01:00:00+00:00,294.77,292.06,2.7099999999999795,True,,1,0,2022-10-06 00:10:00+00:00,2022-10-06 00:15:00+00:00,True,2022-10-06 00:20:00+00:00,2022-10-06 00:25:00+00:00,H2_ARRIVAL,2022-10-06 00:30:00+00:00,10.0
60,01:00,3,2022-10-07,Friday,2022-10-06 18:00:00+00:00,2022-10-06 21:00:00+00:00,2022-10-06 21:00:00+00:00,2022-10-07 01:00:00+00:00,293.26,288.0,5.259999999999991,False,BREAK_BEFORE_K1,0,0,,,False,,,BREAK_BEFORE_K1,2022-10-06 21:00:00+00:00,
60,01:00,3,2022-10-08,Saturday,2022-10-07 18:00:00+00:00,2022-10-07 21:00:00+00:00,2022-10-07 21:00:00+00:00,2022-10-08 01:00:00+00:00,283.61,280.8,2.8100000000000023,False,NO_K1,0,0,,,False,,,NO_K1,,
60,01:00,3,2022-10-09,Sunday,2022-10-08 18:00:00+00:00,2022-10-08 21:00:00+00:00,2022-10-08 21:00:00+00:00,2022-10-09 01:00:00+00:00,282.12,280.14,1.9800000000000182,False,BREAK_BEFORE_K1,0,0,,,False,,,BREAK_BEFORE_K1,2022-10-08 21:00:00+00:00,
60,01:00,3,2022-10-10,Monday,2022-10-09 18:00:00+00:00,2022-10-09 21:00:00+00:00,2022-10-09 21:00:00+00:00,2022-10-10 01:00:00+00:00,278.76,276.59,2.170000000000016,False,NO_K1,0,0,,,False,,,NO_K1,,
60,01:00,3,2022-10-11,Tuesday,2022-10-10 18:00:00+00:00,2022-10-10 21:00:00+00:00,2022-10-10 21:00:00+00:00,2022-10-11 01:00:00+00:00,275.04,273.7,1.3400000000000318,False,BREAK_BEFORE_K1,0,0,,,False,,,BREAK_BEFORE_K1,2022-10-10 21:00:00+00:00,
60,01:00,3,2022-10-12,Wednesday,2022-10-11 18:00:00+00:00,2022-10-11 21:00:00+00:00,2022-10-11 21:00:00+00:00,2022-10-12 01:00:00+00:00,272.97,269.1,3.8700000000000045,False,NO_K1,0,0,,,False,,,NO_K1,,
60,01:00,3,2022-10-13,Thursday,2022-10-12 18:00:00+00:00,2022-10-12 21:00:00+00:00,2022-10-12 21:00:00+00:00,2022-10-13 01:00:00+00:00,271.38,269.38,2.0,False,BREAK_BEFORE_K1,0,0,,,False,,,BREAK_BEFORE_K1,2022-10-12 21:00:00+00:00,
60,01:00,3,2022-10-14,Friday,2022-10-13 18:00:00+00:00,2022-10-13 21:00:00+00:00,2022-10-13 21:00:00+00:00,2022-10-14 01:00:00+00:00,273.66,269.01,4.650000000000034,False,NO_K1,0,0,,,False,,,NO_K1,,
60,01:00,3,2022-10-15,Saturday,2022-10-14 18:00:00+00:00,2022-10-14 21:00:00+00:00,2022-10-14 21:00:00+00:00,2022-10-15 01:00:00+00:00,270.41,268.17,2.240000000000009,False,OPPOSITE_VISIT_BEFORE_K1,0,1,,,False,,,OPPOSITE_VISIT_BEFORE_K1,2022-10-14 21:55:00+00:00,
60,01:00,3,2022-10-16,Sunday,2022-10-15 18:00:00+00:00,2022-10-15 21:00:00+00:00,2022-10-15 21:00:00+00:00,2022-10-16 01:00:00+00:00,270.04,269.2,0.8400000000000318,False,BREAK_BEFORE_K1,0,0,,,False,,,BREAK_BEFORE_K1,2022-10-15 21:05:00+00:00,
60,01:00,3,2022-10-17,Monday,2022-10-16 18:00:00+00:00,2022-10-16 21:00:00+00:00,2022-10-16 21:00:00+00:00,2022-10-17 01:00:00+00:00,273.74,269.88,3.8600000000000136,False,NO_K1,0,0,,,False,,,NO_K1,,
60,01:00,3,2022-10-18,Tuesday,2022-10-17 18:00:00+00:00,2022-10-17 21:00:00+00:00,2022-10-17 21:00:00+00:00,2022-10-18 01:00:00+00:00,275.27,274.33,0.9399999999999977,True,,1,0,2022-10-17 22:00:00+00:00,2022-10-17 22:05:00+00:00,False,,,BREAK_DURING_K1,2022-10-17 22:05:00+00:00,
60,01:00,3,2022-10-19,Wednesday,2022-10-18 18:00:00+00:00,2022-10-18 21:00:00+00:00,2022-10-18 21:00:00+00:00,2022-10-19 01:00:00+00:00,273.9,270.12,3.7799999999999727,True,,1,0,2022-10-18 21:00:00+00:00,2022-10-18 21:05:00+00:00,True,2022-10-18 21:05:00+00:00,2022-10-18 21:10:00+00:00,NO_H2_BY_END,,
60,01:00,3,2022-10-20,Thursday,2022-10-19 18:00:00+00:00,2022-10-19 21:00:00+00:00,2022-10-19 21:00:00+00:00,2022-10-20 01:00:00+00:00,273.87,272.27,1.6000000000000227,False,OPPOSITE_VISIT_BEFORE_K1,0,1,,,False,,,OPPOSITE_VISIT_BEFORE_K1,2022-10-19 22:30:00+00:00,
60,01:00,3,2022-10-21,Friday,2022-10-20 18:00:00+00:00,2022-10-20 21:00:00+00:00,2022-10-20 21:00:00+00:00,2022-10-21 01:00:00+00:00,269.95,267.1,2.849999999999966,False,BREAK_BEFORE_K1,0,0,,,False,,,BREAK_BEFORE_K1,2022-10-21 00:20:00+00:00,
60,01:00,3,2022-10-22,Saturday,2022-10-21 18:00:00+00:00,2022-10-21 21:00:00+00:00,2022-10-21 21:00:00+00:00,2022-10-22 01:00:00+00:00,271.0,269.16,1.839999999999975,False,BREAK_BEFORE_K1,0,0,,,False,,,BREAK_BEFORE_K1,2022-10-21 21:20:00+00:00,
60,01:00,3,2022-10-23,Sunday,2022-10-22 18:00:00+00:00,2022-10-22 21:00:00+00:00,2022-10-22 21:00:00+00:00,2022-10-23 01:00:00+00:00,270.65,268.78,1.8700000000000045,False,BREAK_BEFORE_K1,0,0,,,False,,,BREAK_BEFORE_K1,2022-10-22 21:00:00+00:00,
60,01:00,3,2022-10-24,Monday,2022-10-23 18:00:00+00:00,2022-10-23 21:00:00+00:00,2022-10-23 21:00:00+00:00,2022-10-24 01:00:00+00:00,274.07,272.65,1.420000000000016,True,,1,0,2022-10-23 21:20:00+00:00,2022-10-23 21:25:00+00:00,True,2022-10-23 21:25:00+00:00,2022-10-23 21:30:00+00:00,H2_ARRIVAL,2022-10-23 21:45:00+00:00,20.0
60,01:00,3,2022-10-25,Tuesday,2022-10-24 18:00:00+00:00,2022-10-24 21:00:00+00:00,2022-10-24 21:00:00+00:00,2022-10-25 01:00:00+00:00,274.22,272.89,1.330000000000041,True,,1,0,2022-10-24 21:05:00+00:00,2022-10-24 21:10:00+00:00,True,2022-10-24 21:10:00+00:00,2022-10-24 21:15:00+00:00,OPPOSITE_BREAK_BEFORE_H2,2022-10-24 22:00:00+00:00,
60,01:00,3,2022-10-26,Wednesday,2022-10-25 18:00:00+00:00,2022-10-25 21:00:00+00:00,2022-10-25 21:00:00+00:00,2022-10-26 01:00:00+00:00,289.75,285.4,4.350000000000023,False,BREAK_BEFORE_K1,0,0,,,False,,,BREAK_BEFORE_K1,2022-10-25 22:10:00+00:00,
60,01:00,3,2022-10-27,Thursday,2022-10-26 18:00:00+00:00,2022-10-26 21:00:00+00:00,2022-10-26 21:00:00+00:00,2022-10-27 01:00:00+00:00,291.87,288.71,3.160000000000025,True,,1,0,2022-10-26 23:10:00+00:00,2022-10-26 23:15:00+00:00,True,2022-10-26 23:15:00+00:00,2022-10-26 23:20:00+00:00,H2_ARRIVAL,2022-10-27 00:15:00+00:00,60.0
60,01:00,3,2022-10-28,Friday,2022-10-27 18:00:00+00:00,2022-10-27 21:00:00+00:00,2022-10-27 21:00:00+00:00,2022-10-28 01:00:00+00:00,289.02,284.42,4.599999999999966,False,NO_K1,0,0,,,False,,,NO_K1,,
60,01:00,3,2022-10-29,Saturday,2022-10-28 18:00:00+00:00,2022-10-28 21:00:00+00:00,2022-10-28 21:00:00+00:00,2022-10-29 01:00:00+00:00,301.08,297.31,3.769999999999982,False,OPPOSITE_VISIT_BEFORE_K1,0,1,,,False,,,OPPOSITE_VISIT_BEFORE_K1,2022-10-28 21:50:00+00:00,
60,01:00,3,2022-10-30,Sunday,2022-10-29 18:00:00+00:00,2022-10-29 21:00:00+00:00,2022-10-29 21:00:00+00:00,2022-10-30 01:00:00+00:00,306.69,302.25,4.439999999999998,False,OPPOSITE_VISIT_BEFORE_K1,0,1,,,False,,,OPPOSITE_VISIT_BEFORE_K1,2022-10-29 22:45:00+00:00,
60,01:00,3,2022-10-31,Monday,2022-10-30 18:00:00+00:00,2022-10-30 21:00:00+00:00,2022-10-30 21:00:00+00:00,2022-10-31 01:00:00+00:00,317.64,313.89,3.75,False,BREAK_BEFORE_K1,0,0,,,False,,,BREAK_BEFORE_K1,2022-10-30 21:20:00+00:00,
60,01:00,3,2022-11-01,Tuesday,2022-10-31 18:00:00+00:00,2022-10-31 21:00:00+00:00,2022-10-31 21:00:00+00:00,2022-11-01 01:00:00+00:00,329.94,325.86,4.079999999999984,False,OPPOSITE_VISIT_BEFORE_K1,0,1,,,False,,,OPPOSITE_VISIT_BEFORE_K1,2022-10-31 21:15:00+00:00,
60,01:00,3,2022-11-02,Wednesday,2022-11-01 18:00:00+00:00,2022-11-01 21:00:00+00:00,2022-11-01 21:00:00+00:00,2022-11-02 01:00:00+00:00,325.0,321.97,3.0299999999999727,False,BREAK_BEFORE_K1,0,0,,,False,,,BREAK_BEFORE_K1,2022-11-01 21:25:00+00:00,
60,01:00,3,2022-11-03,Thursday,2022-11-02 18:00:00+00:00,2022-11-02 21:00:00+00:00,2022-11-02 21:00:00+00:00,2022-11-03 01:00:00+00:00,329.63,315.31,14.319999999999993,False,NO_K1,0,0,,,False,,,NO_K1,,
60,01:00,3,2022-11-04,Friday,2022-11-03 18:00:00+00:00,2022-11-03 21:00:00+00:00,2022-11-03 21:00:00+00:00,2022-11-04 01:00:00+00:00,331.76,328.92,2.839999999999975,False,BREAK_BEFORE_K1,0,0,,,False,,,BREAK_BEFORE_K1,2022-11-03 21:35:00+00:00,
60,01:00,3,2022-11-05,Saturday,2022-11-04 18:00:00+00:00,2022-11-04 21:00:00+00:00,2022-11-04 21:00:00+00:00,2022-11-05 01:00:00+00:00,354.86,349.74,5.1200000000000045,True,,1,0,2022-11-05 00:00:00+00:00,2022-11-05 00:05:00+00:00,True,2022-11-05 00:05:00+00:00,2022-11-05 00:10:00+00:00,H2_ARRIVAL,2022-11-05 00:35:00+00:00,30.0
60,01:00,3,2022-11-06,Sunday,2022-11-05 18:00:00+00:00,2022-11-05 21:00:00+00:00,2022-11-05 21:00:00+00:00,2022-11-06 01:00:00+00:00,351.81,348.13,3.680000000000007,False,BREAK_BEFORE_K1,0,0,,,False,,,BREAK_BEFORE_K1,2022-11-05 23:05:00+00:00,
60,01:00,3,2022-11-07,Monday,2022-11-06 18:00:00+00:00,2022-11-06 21:00:00+00:00,2022-11-06 21:00:00+00:00,2022-11-07 01:00:00+00:00,353.48,350.3,3.180000000000007,False,BREAK_BEFORE_K1,0,0,,,False,,,BREAK_BEFORE_K1,2022-11-06 21:50:00+00:00,
60,01:00,3,2022-11-08,Tuesday,2022-11-07 18:00:00+00:00,2022-11-07 21:00:00+00:00,2022-11-07 21:00:00+00:00,2022-11-08 01:00:00+00:00,344.19,335.93,8.259999999999991,False,OPPOSITE_VISIT_BEFORE_K1,0,1,,,False,,,OPPOSITE_VISIT_BEFORE_K1,2022-11-07 21:40:00+00:00,
60,01:00,3,2022-11-09,Wednesday,2022-11-08 18:00:00+00:00,2022-11-08 21:00:00+00:00,2022-11-08 21:00:00+00:00,2022-11-09 01:00:00+00:00,357.28,298.17,59.10999999999996,False,NO_K1,0,0,,,False,,,NO_K1,,
60,01:00,3,2022-11-10,Thursday,2022-11-09 18:00:00+00:00,2022-11-09 21:00:00+00:00,2022-11-09 21:00:00+00:00,2022-11-10 01:00:00+00:00,288.59,269.5,19.089999999999975,False,BREAK_BEFORE_K1,0,0,,,False,,,BREAK_BEFORE_K1,2022-11-09 21:00:00+00:00,
60,01:00,3,2022-11-11,Friday,2022-11-10 18:00:00+00:00,2022-11-10 21:00:00+00:00,2022-11-10 21:00:00+00:00,2022-11-11 01:00:00+00:00,308.55,296.76,11.79000000000002,False,NO_K1,0,0,,,False,,,NO_K1,,
60,01:00,3,2022-11-12,Saturday,2022-11-11 18:00:00+00:00,2022-11-11 21:00:00+00:00,2022-11-11 21:00:00+00:00,2022-11-12 01:00:00+00:00,289.39,284.7,4.689999999999998,True,,1,0,2022-11-11 22:55:00+00:00,2022-11-11 23:00:00+00:00,False,,,BREAK_DURING_K1,2022-11-11 23:00:00+00:00,
60,01:00,3,2022-11-13,Sunday,2022-11-12 18:00:00+00:00,2022-11-12 21:00:00+00:00,2022-11-12 21:00:00+00:00,2022-11-13 01:00:00+00:00,283.36,281.0,2.3600000000000136,False,OPPOSITE_VISIT_BEFORE_K1,0,1,,,False,,,OPPOSITE_VISIT_BEFORE_K1,2022-11-12 21:20:00+00:00,
60,01:00,3,2022-11-14,Monday,2022-11-13 18:00:00+00:00,2022-11-13 21:00:00+00:00,2022-11-13 21:00:00+00:00,2022-11-14 01:00:00+00:00,279.37,275.31,4.060000000000002,False,BREAK_BEFORE_K1,0,0,,,False,,,BREAK_BEFORE_K1,2022-11-13 21:00:00+00:00,
60,01:00,3,2022-11-15,Tuesday,2022-11-14 18:00:00+00:00,2022-11-14 21:00:00+00:00,2022-11-14 21:00:00+00:00,2022-11-15 01:00:00+00:00,277.75,271.74,6.009999999999991,False,BREAK_BEFORE_K1,0,0,,,False,,,BREAK_BEFORE_K1,2022-11-14 23:15:00+00:00,
60,01:00,3,2022-11-16,Wednesday,2022-11-15 18:00:00+00:00,2022-11-15 21:00:00+00:00,2022-11-15 21:00:00+00:00,2022-11-16 01:00:00+00:00,279.91,272.9,7.010000000000048,False,NO_K1,0,0,,,False,,,NO_K1,,
60,01:00,3,2022-11-17,Thursday,2022-11-16 18:00:00+00:00,2022-11-16 21:00:00+00:00,2022-11-16 21:00:00+00:00,2022-11-17 01:00:00+00:00,273.24,269.48,3.759999999999991,True,,1,0,2022-11-17 00:45:00+00:00,2022-11-17 00:50:00+00:00,True,2022-11-17 00:50:00+00:00,2022-11-17 00:55:00+00:00,NO_H2_BY_END,,
60,01:00,3,2022-11-18,Friday,2022-11-17 18:00:00+00:00,2022-11-17 21:00:00+00:00,2022-11-17 21:00:00+00:00,2022-11-18 01:00:00+00:00,268.95,267.23,1.7199999999999704,False,OPPOSITE_VISIT_BEFORE_K1,0,1,,,False,,,OPPOSITE_VISIT_BEFORE_K1,2022-11-17 21:00:00+00:00,
60,01:00,3,2022-11-19,Saturday,2022-11-18 18:00:00+00:00,2022-11-18 21:00:00+00:00,2022-11-18 21:00:00+00:00,2022-11-19 01:00:00+00:00,273.89,270.33,3.5600000000000023,True,,1,0,2022-11-18 21:50:00+00:00,2022-11-18 21:55:00+00:00,False,,,BREAK_DURING_K1,2022-11-18 21:55:00+00:00,
60,01:00,3,2022-11-20,Sunday,2022-11-19 18:00:00+00:00,2022-11-19 21:00:00+00:00,2022-11-19 21:00:00+00:00,2022-11-20 01:00:00+00:00,271.87,270.62,1.25,True,,1,0,2022-11-19 21:05:00+00:00,2022-11-19 21:10:00+00:00,True,2022-11-19 21:10:00+00:00,2022-11-19 21:15:00+00:00,H2_ARRIVAL,2022-11-19 21:15:00+00:00,5.0
60,01:00,3,2022-11-21,Monday,2022-11-20 18:00:00+00:00,2022-11-20 21:00:00+00:00,2022-11-20 21:00:00+00:00,2022-11-21 01:00:00+00:00,269.84,267.36,2.4799999999999613,False,BREAK_BEFORE_K1,0,0,,,False,,,BREAK_BEFORE_K1,2022-11-20 21:30:00+00:00,
60,01:00,3,2022-11-22,Tuesday,2022-11-21 18:00:00+00:00,2022-11-21 21:00:00+00:00,2022-11-21 21:00:00+00:00,2022-11-22 01:00:00+00:00,256.08,249.12,6.9599999999999795,False,BREAK_BEFORE_K1,0,0,,,False,,,BREAK_BEFORE_K1,2022-11-22 00:20:00+00:00,
60,01:00,3,2022-11-23,Wednesday,2022-11-22 18:00:00+00:00,2022-11-22 21:00:00+00:00,2022-11-22 21:00:00+00:00,2022-11-23 01:00:00+00:00,264.6,261.68,2.920000000000016,True,,1,0,2022-11-22 21:40:00+00:00,2022-11-22 21:45:00+00:00,False,,,BREAK_DURING_K1,2022-11-22 21:45:00+00:00,
60,01:00,3,2022-11-24,Thursday,2022-11-23 18:00:00+00:00,2022-11-23 21:00:00+00:00,2022-11-23 21:00:00+00:00,2022-11-24 01:00:00+00:00,302.16,293.44,8.720000000000027,False,OPPOSITE_VISIT_BEFORE_K1,0,1,,,False,,,OPPOSITE_VISIT_BEFORE_K1,2022-11-23 22:30:00+00:00,
60,01:00,3,2022-11-25,Friday,2022-11-24 18:00:00+00:00,2022-11-24 21:00:00+00:00,2022-11-24 21:00:00+00:00,2022-11-25 01:00:00+00:00,299.81,297.79,2.019999999999982,False,OPPOSITE_VISIT_BEFORE_K1,0,1,,,False,,,OPPOSITE_VISIT_BEFORE_K1,2022-11-24 21:20:00+00:00,
60,01:00,3,2022-11-26,Saturday,2022-11-25 18:00:00+00:00,2022-11-25 21:00:00+00:00,2022-11-25 21:00:00+00:00,2022-11-26 01:00:00+00:00,302.5,299.49,3.009999999999991,False,OPPOSITE_VISIT_BEFORE_K1,0,1,,,False,,,OPPOSITE_VISIT_BEFORE_K1,2022-11-25 22:15:00+00:00,
60,01:00,3,2022-11-27,Sunday,2022-11-26 18:00:00+00:00,2022-11-26 21:00:00+00:00,2022-11-26 21:00:00+00:00,2022-11-27 01:00:00+00:00,314.56,311.01,3.5500000000000114,False,BREAK_BEFORE_K1,0,0,,,False,,,BREAK_BEFORE_K1,2022-11-26 22:40:00+00:00,
60,01:00,3,2022-11-28,Monday,2022-11-27 18:00:00+00:00,2022-11-27 21:00:00+00:00,2022-11-27 21:00:00+00:00,2022-11-28 01:00:00+00:00,313.3,309.39,3.910000000000025,False,BREAK_BEFORE_K1,0,0,,,False,,,BREAK_BEFORE_K1,2022-11-27 21:05:00+00:00,
60,01:00,3,2022-11-29,Tuesday,2022-11-28 18:00:00+00:00,2022-11-28 21:00:00+00:00,2022-11-28 21:00:00+00:00,2022-11-29 01:00:00+00:00,294.16,291.1,3.0600000000000023,False,BREAK_BEFORE_K1,0,0,,,False,,,BREAK_BEFORE_K1,2022-11-29 00:10:00+00:00,
60,01:00,3,2022-11-30,Wednesday,2022-11-29 18:00:00+00:00,2022-11-29 21:00:00+00:00,2022-11-29 21:00:00+00:00,2022-11-30 01:00:00+00:00,297.27,295.02,2.25,True,,1,0,2022-11-29 23:00:00+00:00,2022-11-29 23:05:00+00:00,True,2022-11-29 23:05:00+00:00,2022-11-29 23:10:00+00:00,H2_ARRIVAL,2022-11-30 00:30:00+00:00,85.0
60,01:00,3,2022-12-01,Thursday,2022-11-30 18:00:00+00:00,2022-11-30 21:00:00+00:00,2022-11-30 21:00:00+00:00,2022-12-01 01:00:00+00:00,300.5,293.15,7.350000000000023,False,BREAK_BEFORE_K1,0,0,,,False,,,BREAK_BEFORE_K1,2022-11-30 21:30:00+00:00,
60,01:00,3,2022-12-02,Friday,2022-12-01 18:00:00+00:00,2022-12-01 21:00:00+00:00,2022-12-01 21:00:00+00:00,2022-12-02 01:00:00+00:00,292.94,291.15,1.7900000000000205,False,OPPOSITE_VISIT_BEFORE_K1,0,1,,,False,,,OPPOSITE_VISIT_BEFORE_K1,2022-12-01 21:00:00+00:00,
60,01:00,3,2022-12-03,Saturday,2022-12-02 18:00:00+00:00,2022-12-02 21:00:00+00:00,2022-12-02 21:00:00+00:00,2022-12-03 01:00:00+00:00,291.58,289.42,2.159999999999968,True,,1,0,2022-12-02 21:00:00+00:00,2022-12-02 21:05:00+00:00,True,2022-12-02 21:10:00+00:00,2022-12-02 21:15:00+00:00,H2_ARRIVAL,2022-12-02 22:25:00+00:00,75.0
60,01:00,3,2022-12-04,Sunday,2022-12-03 18:00:00+00:00,2022-12-03 21:00:00+00:00,2022-12-03 21:00:00+00:00,2022-12-04 01:00:00+00:00,292.11,291.11,1.0,False,OPPOSITE_VISIT_BEFORE_K1,0,1,,,False,,,OPPOSITE_VISIT_BEFORE_K1,2022-12-03 21:05:00+00:00,
60,01:00,3,2022-12-05,Monday,2022-12-04 18:00:00+00:00,2022-12-04 21:00:00+00:00,2022-12-04 21:00:00+00:00,2022-12-05 01:00:00+00:00,291.9,290.31,1.589999999999975,True,,1,0,2022-12-04 21:10:00+00:00,2022-12-04 21:15:00+00:00,True,2022-12-04 21:20:00+00:00,2022-12-04 21:25:00+00:00,H2_ARRIVAL,2022-12-04 21:50:00+00:00,30.0
60,01:00,3,2022-12-06,Tuesday,2022-12-05 18:00:00+00:00,2022-12-05 21:00:00+00:00,2022-12-05 21:00:00+00:00,2022-12-06 01:00:00+00:00,290.56,286.01,4.550000000000011,False,NO_K1,0,0,,,False,,,NO_K1,,
60,01:00,3,2022-12-07,Wednesday,2022-12-06 18:00:00+00:00,2022-12-06 21:00:00+00:00,2022-12-06 21:00:00+00:00,2022-12-07 01:00:00+00:00,289.15,286.78,2.3700000000000045,False,BREAK_BEFORE_K1,0,0,,,False,,,BREAK_BEFORE_K1,2022-12-06 22:20:00+00:00,
60,01:00,3,2022-12-08,Thursday,2022-12-07 18:00:00+00:00,2022-12-07 21:00:00+00:00,2022-12-07 21:00:00+00:00,2022-12-08 01:00:00+00:00,283.86,282.23,1.6299999999999955,True,,1,0,2022-12-07 21:00:00+00:00,2022-12-07 21:05:00+00:00,True,2022-12-07 21:05:00+00:00,2022-12-07 21:10:00+00:00,H2_ARRIVAL,2022-12-07 21:50:00+00:00,45.0
60,01:00,3,2022-12-09,Friday,2022-12-08 18:00:00+00:00,2022-12-08 21:00:00+00:00,2022-12-08 21:00:00+00:00,2022-12-09 01:00:00+00:00,291.99,287.72,4.269999999999982,False,NO_K1,0,0,,,False,,,NO_K1,,
60,01:00,3,2022-12-10,Saturday,2022-12-09 18:00:00+00:00,2022-12-09 21:00:00+00:00,2022-12-09 21:00:00+00:00,2022-12-10 01:00:00+00:00,289.14,286.4,2.740000000000009,False,OPPOSITE_VISIT_BEFORE_K1,0,1,,,False,,,OPPOSITE_VISIT_BEFORE_K1,2022-12-09 21:00:00+00:00,
60,01:00,3,2022-12-11,Sunday,2022-12-10 18:00:00+00:00,2022-12-10 21:00:00+00:00,2022-12-10 21:00:00+00:00,2022-12-11 01:00:00+00:00,288.53,287.65,0.8799999999999955,True,,1,0,2022-12-10 21:05:00+00:00,2022-12-10 21:10:00+00:00,True,2022-12-10 21:15:00+00:00,2022-12-10 21:20:00+00:00,OPPOSITE_BREAK_BEFORE_H2,2022-12-10 22:40:00+00:00,
60,01:00,3,2022-12-12,Monday,2022-12-11 18:00:00+00:00,2022-12-11 21:00:00+00:00,2022-12-11 21:00:00+00:00,2022-12-12 01:00:00+00:00,291.49,287.72,3.769999999999982,False,BREAK_BEFORE_K1,0,0,,,False,,,BREAK_BEFORE_K1,2022-12-11 21:45:00+00:00,
60,01:00,3,2022-12-13,Tuesday,2022-12-12 18:00:00+00:00,2022-12-12 21:00:00+00:00,2022-12-12 21:00:00+00:00,2022-12-13 01:00:00+00:00,275.83,272.95,2.8799999999999955,True,,1,0,2022-12-12 21:05:00+00:00,2022-12-12 21:10:00+00:00,True,2022-12-12 21:10:00+00:00,2022-12-12 21:15:00+00:00,H2_ARRIVAL,2022-12-12 21:15:00+00:00,5.0
60,01:00,3,2022-12-14,Wednesday,2022-12-13 18:00:00+00:00,2022-12-13 21:00:00+00:00,2022-12-13 21:00:00+00:00,2022-12-14 01:00:00+00:00,270.8,266.85,3.9499999999999886,False,BREAK_BEFORE_K1,0,0,,,False,,,BREAK_BEFORE_K1,2022-12-13 21:50:00+00:00,
60,01:00,3,2022-12-15,Thursday,2022-12-14 18:00:00+00:00,2022-12-14 21:00:00+00:00,2022-12-14 21:00:00+00:00,2022-12-15 01:00:00+00:00,274.09,265.0,9.089999999999975,False,NO_K1,0,0,,,False,,,NO_K1,,
60,01:00,3,2022-12-16,Friday,2022-12-15 18:00:00+00:00,2022-12-15 21:00:00+00:00,2022-12-15 21:00:00+00:00,2022-12-16 01:00:00+00:00,262.08,258.44,3.6399999999999864,False,OPPOSITE_VISIT_BEFORE_K1,0,1,,,False,,,OPPOSITE_VISIT_BEFORE_K1,2022-12-15 21:40:00+00:00,
60,01:00,3,2022-12-17,Saturday,2022-12-16 18:00:00+00:00,2022-12-16 21:00:00+00:00,2022-12-16 21:00:00+00:00,2022-12-17 01:00:00+00:00,246.62,241.36,5.259999999999991,False,BREAK_BEFORE_K1,0,0,,,False,,,BREAK_BEFORE_K1,2022-12-16 22:20:00+00:00,
60,01:00,3,2022-12-18,Sunday,2022-12-17 18:00:00+00:00,2022-12-17 21:00:00+00:00,2022-12-17 21:00:00+00:00,2022-12-18 01:00:00+00:00,237.77,234.65,3.1200000000000045,False,BREAK_BEFORE_K1,0,0,,,False,,,BREAK_BEFORE_K1,2022-12-17 22:35:00+00:00,
60,01:00,3,2022-12-19,Monday,2022-12-18 18:00:00+00:00,2022-12-18 21:00:00+00:00,2022-12-18 21:00:00+00:00,2022-12-19 01:00:00+00:00,251.8,246.39,5.410000000000025,False,BREAK_BEFORE_K1,0,0,,,False,,,BREAK_BEFORE_K1,2022-12-18 22:35:00+00:00,
60,01:00,3,2022-12-20,Tuesday,2022-12-19 18:00:00+00:00,2022-12-19 21:00:00+00:00,2022-12-19 21:00:00+00:00,2022-12-20 01:00:00+00:00,244.18,240.3,3.8799999999999955,False,BREAK_BEFORE_K1,0,0,,,False,,,BREAK_BEFORE_K1,2022-12-19 21:20:00+00:00,
60,01:00,3,2022-12-21,Wednesday,2022-12-20 18:00:00+00:00,2022-12-20 21:00:00+00:00,2022-12-20 21:00:00+00:00,2022-12-21 01:00:00+00:00,251.25,247.81,3.4399999999999977,True,,1,0,2022-12-20 22:10:00+00:00,2022-12-20 22:15:00+00:00,True,2022-12-20 22:15:00+00:00,2022-12-20 22:20:00+00:00,H2_ARRIVAL,2022-12-20 22:45:00+00:00,30.0
60,01:00,3,2022-12-22,Thursday,2022-12-21 18:00:00+00:00,2022-12-21 21:00:00+00:00,2022-12-21 21:00:00+00:00,2022-12-22 01:00:00+00:00,248.27,245.0,3.2700000000000102,False,NO_K1,0,0,,,False,,,NO_K1,,
60,01:00,3,2022-12-23,Friday,2022-12-22 18:00:00+00:00,2022-12-22 21:00:00+00:00,2022-12-22 21:00:00+00:00,2022-12-23 01:00:00+00:00,247.0,240.55,6.449999999999989,False,NO_K1,0,0,,,False,,,NO_K1,,
60,01:00,3,2022-12-24,Saturday,2022-12-23 18:00:00+00:00,2022-12-23 21:00:00+00:00,2022-12-23 21:00:00+00:00,2022-12-24 01:00:00+00:00,246.34,245.52,0.8199999999999932,False,OPPOSITE_VISIT_BEFORE_K1,0,1,,,False,,,OPPOSITE_VISIT_BEFORE_K1,2022-12-23 21:20:00+00:00,
60,01:00,3,2022-12-25,Sunday,2022-12-24 18:00:00+00:00,2022-12-24 21:00:00+00:00,2022-12-24 21:00:00+00:00,2022-12-25 01:00:00+00:00,244.96,244.22,0.7400000000000091,False,BREAK_BEFORE_K1,0,0,,,False,,,BREAK_BEFORE_K1,2022-12-24 21:35:00+00:00,
60,01:00,3,2022-12-26,Monday,2022-12-25 18:00:00+00:00,2022-12-25 21:00:00+00:00,2022-12-25 21:00:00+00:00,2022-12-26 01:00:00+00:00,242.99,241.2,1.7900000000000205,True,,1,0,2022-12-25 21:40:00+00:00,2022-12-25 21:45:00+00:00,False,,,BREAK_DURING_K1,2022-12-25 21:50:00+00:00,
60,01:00,3,2022-12-27,Tuesday,2022-12-26 18:00:00+00:00,2022-12-26 21:00:00+00:00,2022-12-26 21:00:00+00:00,2022-12-27 01:00:00+00:00,243.13,241.88,1.25,True,,1,0,2022-12-26 23:30:00+00:00,2022-12-26 23:35:00+00:00,False,,,BREAK_DURING_K1,2022-12-26 23:35:00+00:00,
60,01:00,3,2022-12-28,Wednesday,2022-12-27 18:00:00+00:00,2022-12-27 21:00:00+00:00,2022-12-27 21:00:00+00:00,2022-12-28 01:00:00+00:00,246.34,244.34,2.0,True,,1,0,2022-12-27 22:55:00+00:00,2022-12-27 23:00:00+00:00,True,2022-12-27 23:15:00+00:00,2022-12-27 23:20:00+00:00,H2_ARRIVAL,2022-12-27 23:25:00+00:00,10.0
60,01:00,3,2022-12-29,Thursday,2022-12-28 18:00:00+00:00,2022-12-28 21:00:00+00:00,2022-12-28 21:00:00+00:00,2022-12-29 01:00:00+00:00,244.96,242.91,2.0500000000000114,False,BREAK_BEFORE_K1,0,0,,,False,,,BREAK_BEFORE_K1,2022-12-28 21:25:00+00:00,
60,01:00,3,2022-12-30,Friday,2022-12-29 18:00:00+00:00,2022-12-29 21:00:00+00:00,2022-12-29 21:00:00+00:00,2022-12-30 01:00:00+00:00,246.29,244.46,1.829999999999984,True,,1,0,2022-12-29 22:35:00+00:00,2022-12-29 22:40:00+00:00,True,2022-12-29 22:40:00+00:00,2022-12-29 22:45:00+00:00,H2_ARRIVAL,2022-12-29 23:15:00+00:00,35.0
60,01:00,3,2022-12-31,Saturday,2022-12-30 18:00:00+00:00,2022-12-30 21:00:00+00:00,2022-12-30 21:00:00+00:00,2022-12-31 01:00:00+00:00,245.48,244.52,0.9599999999999795,True,,1,0,2022-12-30 21:00:00+00:00,2022-12-30 21:05:00+00:00,False,,,BREAK_DURING_K1,2022-12-30 21:05:00+00:00,
60,01:00,3,2023-01-01,Sunday,2022-12-31 18:00:00+00:00,2022-12-31 21:00:00+00:00,2022-12-31 21:00:00+00:00,2023-01-01 01:00:00+00:00,247.22,246.31,0.9099999999999966,True,,1,0,2022-12-31 21:15:00+00:00,2022-12-31 21:20:00+00:00,True,2022-12-31 21:20:00+00:00,2022-12-31 21:25:00+00:00,H2_ARRIVAL,2022-12-31 21:25:00+00:00,5.0
60,01:00,3,2023-01-02,Monday,2023-01-01 18:00:00+00:00,2023-01-01 21:00:00+00:00,2023-01-01 21:00:00+00:00,2023-01-02 01:00:00+00:00,245.81,244.68,1.1299999999999955,False,OPPOSITE_VISIT_BEFORE_K1,0,1,,,False,,,OPPOSITE_VISIT_BEFORE_K1,2023-01-01 22:05:00+00:00,
60,01:00,3,2023-01-03,Tuesday,2023-01-02 18:00:00+00:00,2023-01-02 21:00:00+00:00,2023-01-02 21:00:00+00:00,2023-01-03 01:00:00+00:00,247.23,246.08,1.1499999999999773,True,,1,0,2023-01-02 21:00:00+00:00,2023-01-02 21:05:00+00:00,True,2023-01-02 21:10:00+00:00,2023-01-02 21:15:00+00:00,H2_ARRIVAL,2023-01-02 21:20:00+00:00,10.0
60,01:00,3,2023-01-04,Wednesday,2023-01-03 18:00:00+00:00,2023-01-03 21:00:00+00:00,2023-01-03 21:00:00+00:00,2023-01-04 01:00:00+00:00,245.56,244.54,1.0200000000000102,True,,1,0,2023-01-03 21:10:00+00:00,2023-01-03 21:15:00+00:00,True,2023-01-03 21:30:00+00:00,2023-01-03 21:35:00+00:00,H2_ARRIVAL,2023-01-03 21:55:00+00:00,25.0
60,01:00,3,2023-01-05,Thursday,2023-01-04 18:00:00+00:00,2023-01-04 21:00:00+00:00,2023-01-04 21:00:00+00:00,2023-01-05 01:00:00+00:00,260.65,254.7,5.949999999999989,False,NO_K1,0,0,,,False,,,NO_K1,,
60,01:00,3,2023-01-06,Friday,2023-01-05 18:00:00+00:00,2023-01-05 21:00:00+00:00,2023-01-05 21:00:00+00:00,2023-01-06 01:00:00+00:00,258.22,256.2,2.0200000000000387,False,BREAK_BEFORE_K1,0,0,,,False,,,BREAK_BEFORE_K1,2023-01-05 23:20:00+00:00,
60,01:00,3,2023-01-07,Saturday,2023-01-06 18:00:00+00:00,2023-01-06 21:00:00+00:00,2023-01-06 21:00:00+00:00,2023-01-07 01:00:00+00:00,260.5,258.21,2.2900000000000205,False,BREAK_BEFORE_K1,0,0,,,False,,,BREAK_BEFORE_K1,2023-01-07 00:55:00+00:00,
60,01:00,3,2023-01-08,Sunday,2023-01-07 18:00:00+00:00,2023-01-07 21:00:00+00:00,2023-01-07 21:00:00+00:00,2023-01-08 01:00:00+00:00,261.62,260.99,0.6299999999999955,False,OPPOSITE_VISIT_BEFORE_K1,0,1,,,False,,,OPPOSITE_VISIT_BEFORE_K1,2023-01-07 21:25:00+00:00,
60,01:00,3,2023-01-09,Monday,2023-01-08 18:00:00+00:00,2023-01-08 21:00:00+00:00,2023-01-08 21:00:00+00:00,2023-01-09 01:00:00+00:00,271.13,264.89,6.240000000000009,False,BREAK_BEFORE_K1,0,0,,,False,,,BREAK_BEFORE_K1,2023-01-08 22:50:00+00:00,
60,01:00,3,2023-01-10,Tuesday,2023-01-09 18:00:00+00:00,2023-01-09 21:00:00+00:00,2023-01-09 21:00:00+00:00,2023-01-10 01:00:00+00:00,282.21,271.56,10.649999999999977,False,OPPOSITE_VISIT_BEFORE_K1,0,1,,,False,,,OPPOSITE_VISIT_BEFORE_K1,2023-01-09 22:00:00+00:00,
60,01:00,3,2023-01-11,Wednesday,2023-01-10 18:00:00+00:00,2023-01-10 21:00:00+00:00,2023-01-10 21:00:00+00:00,2023-01-11 01:00:00+00:00,278.65,274.64,4.009999999999991,False,NO_K1,0,0,,,False,,,NO_K1,,
60,01:00,3,2023-01-12,Thursday,2023-01-11 18:00:00+00:00,2023-01-11 21:00:00+00:00,2023-01-11 21:00:00+00:00,2023-01-12 01:00:00+00:00,279.94,276.95,2.990000000000009,True,,1,0,2023-01-11 22:00:00+00:00,2023-01-11 22:05:00+00:00,True,2023-01-11 22:05:00+00:00,2023-01-11 22:10:00+00:00,H2_ARRIVAL,2023-01-11 22:40:00+00:00,35.0
60,01:00,3,2023-01-13,Friday,2023-01-12 18:00:00+00:00,2023-01-12 21:00:00+00:00,2023-01-12 21:00:00+00:00,2023-01-13 01:00:00+00:00,288.42,284.53,3.890000000000043,True,,1,0,2023-01-12 21:00:00+00:00,2023-01-12 21:05:00+00:00,True,2023-01-12 21:05:00+00:00,2023-01-12 21:10:00+00:00,NO_H2_BY_END,,
60,01:00,3,2023-01-14,Saturday,2023-01-13 18:00:00+00:00,2023-01-13 21:00:00+00:00,2023-01-13 21:00:00+00:00,2023-01-14 01:00:00+00:00,289.9,286.7,3.1999999999999886,False,BREAK_BEFORE_K1,0,0,,,False,,,BREAK_BEFORE_K1,2023-01-13 21:25:00+00:00,
60,01:00,3,2023-01-15,Sunday,2023-01-14 18:00:00+00:00,2023-01-14 21:00:00+00:00,2023-01-14 21:00:00+00:00,2023-01-15 01:00:00+00:00,304.84,302.31,2.5299999999999727,False,BREAK_BEFORE_K1,0,0,,,False,,,BREAK_BEFORE_K1,2023-01-14 22:35:00+00:00,
60,01:00,3,2023-01-16,Monday,2023-01-15 18:00:00+00:00,2023-01-15 21:00:00+00:00,2023-01-15 21:00:00+00:00,2023-01-16 01:00:00+00:00,302.22,298.0,4.220000000000027,True,,1,0,2023-01-15 21:35:00+00:00,2023-01-15 21:40:00+00:00,False,,,BREAK_DURING_K1,2023-01-15 21:40:00+00:00,
60,01:00,3,2023-01-17,Tuesday,2023-01-16 18:00:00+00:00,2023-01-16 21:00:00+00:00,2023-01-16 21:00:00+00:00,2023-01-17 01:00:00+00:00,302.55,298.54,4.009999999999991,False,OPPOSITE_VISIT_BEFORE_K1,0,1,,,False,,,OPPOSITE_VISIT_BEFORE_K1,2023-01-16 21:15:00+00:00,
60,01:00,3,2023-01-18,Wednesday,2023-01-17 18:00:00+00:00,2023-01-17 21:00:00+00:00,2023-01-17 21:00:00+00:00,2023-01-18 01:00:00+00:00,303.63,301.48,2.1499999999999773,False,OPPOSITE_VISIT_BEFORE_K1,0,1,,,False,,,OPPOSITE_VISIT_BEFORE_K1,2023-01-17 22:35:00+00:00,
60,01:00,3,2023-01-19,Thursday,2023-01-18 18:00:00+00:00,2023-01-18 21:00:00+00:00,2023-01-18 21:00:00+00:00,2023-01-19 01:00:00+00:00,296.36,287.51,8.850000000000023,False,OPPOSITE_VISIT_BEFORE_K1,0,1,,,False,,,OPPOSITE_VISIT_BEFORE_K1,2023-01-18 22:15:00+00:00,
60,01:00,3,2023-01-20,Friday,2023-01-19 18:00:00+00:00,2023-01-19 21:00:00+00:00,2023-01-19 21:00:00+00:00,2023-01-20 01:00:00+00:00,295.4,289.84,5.560000000000002,True,,1,0,2023-01-20 00:05:00+00:00,2023-01-20 00:10:00+00:00,True,2023-01-20 00:10:00+00:00,2023-01-20 00:15:00+00:00,NO_H2_BY_END,,
60,01:00,3,2023-01-21,Saturday,2023-01-20 18:00:00+00:00,2023-01-20 21:00:00+00:00,2023-01-20 21:00:00+00:00,2023-01-21 01:00:00+00:00,301.83,291.65,10.180000000000007,True,,1,0,2023-01-20 21:00:00+00:00,2023-01-20 21:05:00+00:00,False,,,BREAK_DURING_K1,2023-01-20 21:05:00+00:00,
60,01:00,3,2023-01-22,Sunday,2023-01-21 18:00:00+00:00,2023-01-21 21:00:00+00:00,2023-01-21 21:00:00+00:00,2023-01-22 01:00:00+00:00,305.19,302.8,2.3899999999999864,False,OPPOSITE_VISIT_BEFORE_K1,0,1,,,False,,,OPPOSITE_VISIT_BEFORE_K1,2023-01-21 22:25:00+00:00,
60,01:00,3,2023-01-23,Monday,2023-01-22 18:00:00+00:00,2023-01-22 21:00:00+00:00,2023-01-22 21:00:00+00:00,2023-01-23 01:00:00+00:00,312.0,298.5,13.5,False,NO_K1,0,0,,,False,,,NO_K1,,
60,01:00,3,2023-01-24,Tuesday,2023-01-23 18:00:00+00:00,2023-01-23 21:00:00+00:00,2023-01-23 21:00:00+00:00,2023-01-24 01:00:00+00:00,306.57,303.5,3.069999999999993,True,,1,0,2023-01-23 21:00:00+00:00,2023-01-23 21:05:00+00:00,True,2023-01-23 21:05:00+00:00,2023-01-23 21:10:00+00:00,H2_ARRIVAL,2023-01-23 21:20:00+00:00,15.0
60,01:00,3,2023-01-25,Wednesday,2023-01-24 18:00:00+00:00,2023-01-24 21:00:00+00:00,2023-01-24 21:00:00+00:00,2023-01-25 01:00:00+00:00,311.36,308.47,2.8899999999999864,False,BREAK_BEFORE_K1,0,0,,,False,,,BREAK_BEFORE_K1,2023-01-24 21:50:00+00:00,
60,01:00,3,2023-01-26,Thursday,2023-01-25 18:00:00+00:00,2023-01-25 21:00:00+00:00,2023-01-25 21:00:00+00:00,2023-01-26 01:00:00+00:00,304.69,300.07,4.6200000000000045,False,BREAK_BEFORE_K1,0,0,,,False,,,BREAK_BEFORE_K1,2023-01-25 21:00:00+00:00,
60,01:00,3,2023-01-27,Friday,2023-01-26 18:00:00+00:00,2023-01-26 21:00:00+00:00,2023-01-26 21:00:00+00:00,2023-01-27 01:00:00+00:00,306.95,303.41,3.5399999999999636,True,,1,0,2023-01-26 21:00:00+00:00,2023-01-26 21:05:00+00:00,True,2023-01-26 21:05:00+00:00,2023-01-26 21:10:00+00:00,OPPOSITE_BREAK_BEFORE_H2,2023-01-27 00:20:00+00:00,
60,01:00,3,2023-01-28,Saturday,2023-01-27 18:00:00+00:00,2023-01-27 21:00:00+00:00,2023-01-27 21:00:00+00:00,2023-01-28 01:00:00+00:00,310.73,305.29,5.439999999999998,False,NO_K1,0,0,,,False,,,NO_K1,,
60,01:00,3,2023-01-29,Sunday,2023-01-28 18:00:00+00:00,2023-01-28 21:00:00+00:00,2023-01-28 21:00:00+00:00,2023-01-29 01:00:00+00:00,306.89,304.25,2.6399999999999864,False,BREAK_BEFORE_K1,0,0,,,False,,,BREAK_BEFORE_K1,2023-01-28 21:00:00+00:00,
60,01:00,3,2023-01-30,Monday,2023-01-29 18:00:00+00:00,2023-01-29 21:00:00+00:00,2023-01-29 21:00:00+00:00,2023-01-30 01:00:00+00:00,320.71,315.0,5.7099999999999795,False,BREAK_BEFORE_K1,0,0,,,False,,,BREAK_BEFORE_K1,2023-01-30 00:45:00+00:00,
60,01:00,3,2023-01-31,Tuesday,2023-01-30 18:00:00+00:00,2023-01-30 21:00:00+00:00,2023-01-30 21:00:00+00:00,2023-01-31 01:00:00+00:00,309.41,300.88,8.53000000000003,False,NO_K1,0,0,,,False,,,NO_K1,,
60,01:00,3,2023-02-01,Wednesday,2023-01-31 18:00:00+00:00,2023-01-31 21:00:00+00:00,2023-01-31 21:00:00+00:00,2023-02-01 01:00:00+00:00,314.12,311.89,2.230000000000018,False,BREAK_BEFORE_K1,0,0,,,False,,,BREAK_BEFORE_K1,2023-01-31 21:15:00+00:00,
60,01:00,3,2023-02-02,Thursday,2023-02-01 18:00:00+00:00,2023-02-01 21:00:00+00:00,2023-02-01 21:00:00+00:00,2023-02-02 01:00:00+00:00,317.45,306.77,10.680000000000007,False,BREAK_BEFORE_K1,0,0,,,False,,,BREAK_BEFORE_K1,2023-02-01 21:00:00+00:00,
60,01:00,3,2023-02-03,Friday,2023-02-02 18:00:00+00:00,2023-02-02 21:00:00+00:00,2023-02-02 21:00:00+00:00,2023-02-03 01:00:00+00:00,332.98,327.4,5.580000000000041,False,BREAK_BEFORE_K1,0,0,,,False,,,BREAK_BEFORE_K1,2023-02-02 21:30:00+00:00,
60,01:00,3,2023-02-04,Saturday,2023-02-03 18:00:00+00:00,2023-02-03 21:00:00+00:00,2023-02-03 21:00:00+00:00,2023-02-04 01:00:00+00:00,332.98,328.85,4.1299999999999955,False,OPPOSITE_VISIT_BEFORE_K1,0,1,,,False,,,OPPOSITE_VISIT_BEFORE_K1,2023-02-03 21:50:00+00:00,
60,01:00,3,2023-02-05,Sunday,2023-02-04 18:00:00+00:00,2023-02-04 21:00:00+00:00,2023-02-04 21:00:00+00:00,2023-02-05 01:00:00+00:00,332.31,329.78,2.5300000000000296,False,BREAK_BEFORE_K1,0,0,,,False,,,BREAK_BEFORE_K1,2023-02-04 21:00:00+00:00,
60,01:00,3,2023-02-06,Monday,2023-02-05 18:00:00+00:00,2023-02-05 21:00:00+00:00,2023-02-05 21:00:00+00:00,2023-02-06 01:00:00+00:00,327.5,324.41,3.089999999999975,False,BREAK_BEFORE_K1,0,0,,,False,,,BREAK_BEFORE_K1,2023-02-05 22:30:00+00:00,
60,01:00,3,2023-02-07,Tuesday,2023-02-06 18:00:00+00:00,2023-02-06 21:00:00+00:00,2023-02-06 21:00:00+00:00,2023-02-07 01:00:00+00:00,330.0,327.95,2.0500000000000114,False,OPPOSITE_VISIT_BEFORE_K1,0,1,,,False,,,OPPOSITE_VISIT_BEFORE_K1,2023-02-06 21:45:00+00:00,
60,01:00,3,2023-02-08,Wednesday,2023-02-07 18:00:00+00:00,2023-02-07 21:00:00+00:00,2023-02-07 21:00:00+00:00,2023-02-08 01:00:00+00:00,332.91,326.07,6.840000000000032,True,,1,0,2023-02-07 21:05:00+00:00,2023-02-07 21:10:00+00:00,True,2023-02-07 21:10:00+00:00,2023-02-07 21:15:00+00:00,H2_ARRIVAL,2023-02-07 22:45:00+00:00,95.0
60,01:00,3,2023-02-09,Thursday,2023-02-08 18:00:00+00:00,2023-02-08 21:00:00+00:00,2023-02-08 21:00:00+00:00,2023-02-09 01:00:00+00:00,329.25,325.01,4.240000000000009,False,NO_K1,0,0,,,False,,,NO_K1,,
60,01:00,3,2023-02-10,Friday,2023-02-09 18:00:00+00:00,2023-02-09 21:00:00+00:00,2023-02-09 21:00:00+00:00,2023-02-10 01:00:00+00:00,318.28,307.59,10.689999999999998,False,BREAK_BEFORE_K1,0,0,,,False,,,BREAK_BEFORE_K1,2023-02-09 21:10:00+00:00,
60,01:00,3,2023-02-11,Saturday,2023-02-10 18:00:00+00:00,2023-02-10 21:00:00+00:00,2023-02-10 21:00:00+00:00,2023-02-11 01:00:00+00:00,308.56,306.25,2.3100000000000023,False,BREAK_BEFORE_K1,0,0,,,False,,,BREAK_BEFORE_K1,2023-02-10 21:30:00+00:00,
60,01:00,3,2023-02-12,Sunday,2023-02-11 18:00:00+00:00,2023-02-11 21:00:00+00:00,2023-02-11 21:00:00+00:00,2023-02-12 01:00:00+00:00,308.95,306.7,2.25,True,,1,0,2023-02-11 21:25:00+00:00,2023-02-11 21:30:00+00:00,False,,,BREAK_DURING_K1,2023-02-11 21:40:00+00:00,
60,01:00,3,2023-02-13,Monday,2023-02-12 18:00:00+00:00,2023-02-12 21:00:00+00:00,2023-02-12 21:00:00+00:00,2023-02-13 01:00:00+00:00,320.49,318.58,1.910000000000025,False,BREAK_BEFORE_K1,0,0,,,False,,,BREAK_BEFORE_K1,2023-02-12 21:25:00+00:00,
60,01:00,3,2023-02-14,Tuesday,2023-02-13 18:00:00+00:00,2023-02-13 21:00:00+00:00,2023-02-13 21:00:00+00:00,2023-02-14 01:00:00+00:00,290.7,284.76,5.939999999999998,True,,1,0,2023-02-13 22:25:00+00:00,2023-02-13 22:30:00+00:00,False,,,BREAK_DURING_K1,2023-02-13 22:30:00+00:00,
60,01:00,3,2023-02-15,Wednesday,2023-02-14 18:00:00+00:00,2023-02-14 21:00:00+00:00,2023-02-14 21:00:00+00:00,2023-02-15 01:00:00+00:00,298.4,295.49,2.909999999999968,False,OPPOSITE_VISIT_BEFORE_K1,0,1,,,False,,,OPPOSITE_VISIT_BEFORE_K1,2023-02-14 22:50:00+00:00,
60,01:00,3,2023-02-16,Thursday,2023-02-15 18:00:00+00:00,2023-02-15 21:00:00+00:00,2023-02-15 21:00:00+00:00,2023-02-16 01:00:00+00:00,314.97,301.85,13.120000000000005,False,BREAK_BEFORE_K1,0,0,,,False,,,BREAK_BEFORE_K1,2023-02-15 21:05:00+00:00,
60,01:00,3,2023-02-17,Friday,2023-02-16 18:00:00+00:00,2023-02-16 21:00:00+00:00,2023-02-16 21:00:00+00:00,2023-02-17 01:00:00+00:00,322.61,313.0,9.610000000000014,False,BREAK_BEFORE_K1,0,0,,,False,,,BREAK_BEFORE_K1,2023-02-16 21:00:00+00:00,
60,01:00,3,2023-02-18,Saturday,2023-02-17 18:00:00+00:00,2023-02-17 21:00:00+00:00,2023-02-17 21:00:00+00:00,2023-02-18 01:00:00+00:00,317.0,311.06,5.939999999999998,False,BREAK_BEFORE_K1,0,0,,,False,,,BREAK_BEFORE_K1,2023-02-17 22:05:00+00:00,
60,01:00,3,2023-02-19,Sunday,2023-02-18 18:00:00+00:00,2023-02-18 21:00:00+00:00,2023-02-18 21:00:00+00:00,2023-02-19 01:00:00+00:00,316.99,313.73,3.259999999999991,True,,1,0,2023-02-19 00:00:00+00:00,2023-02-19 00:05:00+00:00,True,2023-02-19 00:05:00+00:00,2023-02-19 00:10:00+00:00,H2_ARRIVAL,2023-02-19 00:45:00+00:00,40.0
60,01:00,3,2023-02-20,Monday,2023-02-19 18:00:00+00:00,2023-02-19 21:00:00+00:00,2023-02-19 21:00:00+00:00,2023-02-20 01:00:00+00:00,313.6,310.0,3.6000000000000227,True,,1,0,2023-02-19 22:10:00+00:00,2023-02-19 22:15:00+00:00,True,2023-02-19 22:15:00+00:00,2023-02-19 22:20:00+00:00,H2_ARRIVAL,2023-02-20 00:30:00+00:00,135.0
60,01:00,3,2023-02-21,Tuesday,2023-02-20 18:00:00+00:00,2023-02-20 21:00:00+00:00,2023-02-20 21:00:00+00:00,2023-02-21 01:00:00+00:00,315.08,312.93,2.1499999999999773,True,,1,0,2023-02-20 23:10:00+00:00,2023-02-20 23:15:00+00:00,True,2023-02-20 23:15:00+00:00,2023-02-20 23:20:00+00:00,H2_ARRIVAL,2023-02-20 23:50:00+00:00,35.0
60,01:00,3,2023-02-22,Wednesday,2023-02-21 18:00:00+00:00,2023-02-21 21:00:00+00:00,2023-02-21 21:00:00+00:00,2023-02-22 01:00:00+00:00,314.02,312.16,1.8599999999999568,False,OPPOSITE_VISIT_BEFORE_K1,0,1,,,False,,,OPPOSITE_VISIT_BEFORE_K1,2023-02-21 21:15:00+00:00,
60,01:00,3,2023-02-23,Thursday,2023-02-22 18:00:00+00:00,2023-02-22 21:00:00+00:00,2023-02-22 21:00:00+00:00,2023-02-23 01:00:00+00:00,308.59,305.4,3.1899999999999977,True,,1,0,2023-02-22 22:25:00+00:00,2023-02-22 22:30:00+00:00,False,,,BREAK_DURING_K1,2023-02-22 22:30:00+00:00,
60,01:00,3,2023-02-24,Friday,2023-02-23 18:00:00+00:00,2023-02-23 21:00:00+00:00,2023-02-23 21:00:00+00:00,2023-02-24 01:00:00+00:00,309.88,306.58,3.3000000000000114,False,BREAK_BEFORE_K1,0,0,,,False,,,BREAK_BEFORE_K1,2023-02-23 22:15:00+00:00,
60,01:00,3,2023-02-25,Saturday,2023-02-24 18:00:00+00:00,2023-02-24 21:00:00+00:00,2023-02-24 21:00:00+00:00,2023-02-25 01:00:00+00:00,303.9,298.19,5.7099999999999795,False,NO_K1,0,0,,,False,,,NO_K1,,
60,01:00,3,2023-02-26,Sunday,2023-02-25 18:00:00+00:00,2023-02-25 21:00:00+00:00,2023-02-25 21:00:00+00:00,2023-02-26 01:00:00+00:00,302.61,295.07,7.5400000000000205,False,NO_K1,0,0,,,False,,,NO_K1,,
60,01:00,3,2023-02-27,Monday,2023-02-26 18:00:00+00:00,2023-02-26 21:00:00+00:00,2023-02-26 21:00:00+00:00,2023-02-27 01:00:00+00:00,309.8,304.82,4.980000000000018,False,NO_K1,0,0,,,False,,,NO_K1,,
60,01:00,3,2023-02-28,Tuesday,2023-02-27 18:00:00+00:00,2023-02-27 21:00:00+00:00,2023-02-27 21:00:00+00:00,2023-02-28 01:00:00+00:00,303.27,300.24,3.0299999999999727,True,,1,0,2023-02-27 21:00:00+00:00,2023-02-27 21:05:00+00:00,True,2023-02-27 21:05:00+00:00,2023-02-27 21:10:00+00:00,H2_ARRIVAL,2023-02-27 21:10:00+00:00,5.0
60,01:00,3,2023-03-01,Wednesday,2023-02-28 18:00:00+00:00,2023-02-28 21:00:00+00:00,2023-02-28 21:00:00+00:00,2023-03-01 01:00:00+00:00,304.04,301.2,2.840000000000032,False,OPPOSITE_VISIT_BEFORE_K1,0,1,,,False,,,OPPOSITE_VISIT_BEFORE_K1,2023-02-28 21:00:00+00:00,
60,01:00,3,2023-03-02,Thursday,2023-03-01 18:00:00+00:00,2023-03-01 21:00:00+00:00,2023-03-01 21:00:00+00:00,2023-03-02 01:00:00+00:00,302.87,300.44,2.430000000000007,False,BREAK_BEFORE_K1,0,0,,,False,,,BREAK_BEFORE_K1,2023-03-02 00:15:00+00:00,
60,01:00,3,2023-03-03,Friday,2023-03-02 18:00:00+00:00,2023-03-02 21:00:00+00:00,2023-03-02 21:00:00+00:00,2023-03-03 01:00:00+00:00,300.68,297.06,3.6200000000000045,False,NO_K1,0,0,,,False,,,NO_K1,,
60,01:00,3,2023-03-04,Saturday,2023-03-03 18:00:00+00:00,2023-03-03 21:00:00+00:00,2023-03-03 21:00:00+00:00,2023-03-04 01:00:00+00:00,290.07,288.44,1.6299999999999955,False,BREAK_BEFORE_K1,0,0,,,False,,,BREAK_BEFORE_K1,2023-03-03 21:05:00+00:00,
60,01:00,3,2023-03-05,Sunday,2023-03-04 18:00:00+00:00,2023-03-04 21:00:00+00:00,2023-03-04 21:00:00+00:00,2023-03-05 01:00:00+00:00,290.08,285.51,4.569999999999993,False,NO_K1,0,0,,,False,,,NO_K1,,
60,01:00,3,2023-03-06,Monday,2023-03-05 18:00:00+00:00,2023-03-05 21:00:00+00:00,2023-03-05 21:00:00+00:00,2023-03-06 01:00:00+00:00,290.65,289.05,1.599999999999966,False,BREAK_BEFORE_K1,0,0,,,False,,,BREAK_BEFORE_K1,2023-03-05 21:40:00+00:00,
60,01:00,3,2023-03-07,Tuesday,2023-03-06 18:00:00+00:00,2023-03-06 21:00:00+00:00,2023-03-06 21:00:00+00:00,2023-03-07 01:00:00+00:00,288.86,286.58,2.2800000000000296,False,OPPOSITE_VISIT_BEFORE_K1,0,1,,,False,,,OPPOSITE_VISIT_BEFORE_K1,2023-03-06 21:00:00+00:00,
60,01:00,3,2023-03-08,Wednesday,2023-03-07 18:00:00+00:00,2023-03-07 21:00:00+00:00,2023-03-07 21:00:00+00:00,2023-03-08 01:00:00+00:00,290.51,286.19,4.319999999999993,False,OPPOSITE_VISIT_BEFORE_K1,0,1,,,False,,,OPPOSITE_VISIT_BEFORE_K1,2023-03-07 21:10:00+00:00,
60,01:00,3,2023-03-09,Thursday,2023-03-08 18:00:00+00:00,2023-03-08 21:00:00+00:00,2023-03-08 21:00:00+00:00,2023-03-09 01:00:00+00:00,291.9,288.8,3.099999999999966,False,BREAK_BEFORE_K1,0,0,,,False,,,BREAK_BEFORE_K1,2023-03-08 21:00:00+00:00,
60,01:00,3,2023-03-10,Friday,2023-03-09 18:00:00+00:00,2023-03-09 21:00:00+00:00,2023-03-09 21:00:00+00:00,2023-03-10 01:00:00+00:00,287.43,270.82,16.610000000000014,False,NO_K1,0,0,,,False,,,NO_K1,,
60,01:00,3,2023-03-11,Saturday,2023-03-10 18:00:00+00:00,2023-03-10 21:00:00+00:00,2023-03-10 21:00:00+00:00,2023-03-11 01:00:00+00:00,277.62,274.17,3.4499999999999886,True,,1,0,2023-03-10 23:10:00+00:00,2023-03-10 23:15:00+00:00,False,,,BREAK_DURING_K1,2023-03-10 23:15:00+00:00,
60,01:00,3,2023-03-12,Sunday,2023-03-11 18:00:00+00:00,2023-03-11 21:00:00+00:00,2023-03-11 21:00:00+00:00,2023-03-12 01:00:00+00:00,274.29,271.76,2.5300000000000296,False,BREAK_BEFORE_K1,0,0,,,False,,,BREAK_BEFORE_K1,2023-03-11 21:55:00+00:00,
60,01:00,3,2023-03-13,Monday,2023-03-12 18:00:00+00:00,2023-03-12 21:00:00+00:00,2023-03-12 21:00:00+00:00,2023-03-13 01:00:00+00:00,282.49,277.41,5.079999999999984,False,BREAK_BEFORE_K1,0,0,,,False,,,BREAK_BEFORE_K1,2023-03-12 22:15:00+00:00,
60,01:00,3,2023-03-14,Tuesday,2023-03-13 18:00:00+00:00,2023-03-13 21:00:00+00:00,2023-03-13 21:00:00+00:00,2023-03-14 01:00:00+00:00,308.8,306.12,2.680000000000007,True,,1,0,2023-03-13 22:00:00+00:00,2023-03-13 22:05:00+00:00,False,,,BREAK_DURING_K1,2023-03-13 22:05:00+00:00,
60,01:00,3,2023-03-15,Wednesday,2023-03-14 18:00:00+00:00,2023-03-14 21:00:00+00:00,2023-03-14 21:00:00+00:00,2023-03-15 01:00:00+00:00,316.46,305.99,10.46999999999997,False,BREAK_BEFORE_K1,0,0,,,False,,,BREAK_BEFORE_K1,2023-03-14 21:05:00+00:00,
60,01:00,3,2023-03-16,Thursday,2023-03-15 18:00:00+00:00,2023-03-15 21:00:00+00:00,2023-03-15 21:00:00+00:00,2023-03-16 01:00:00+00:00,307.66,302.54,5.1200000000000045,False,BREAK_BEFORE_K1,0,0,,,False,,,BREAK_BEFORE_K1,2023-03-15 22:00:00+00:00,
60,01:00,3,2023-03-17,Friday,2023-03-16 18:00:00+00:00,2023-03-16 21:00:00+00:00,2023-03-16 21:00:00+00:00,2023-03-17 01:00:00+00:00,330.5,325.84,4.660000000000025,False,BREAK_BEFORE_K1,0,0,,,False,,,BREAK_BEFORE_K1,2023-03-16 21:40:00+00:00,
60,01:00,3,2023-03-18,Saturday,2023-03-17 18:00:00+00:00,2023-03-17 21:00:00+00:00,2023-03-17 21:00:00+00:00,2023-03-18 01:00:00+00:00,335.71,329.8,5.909999999999968,False,BREAK_BEFORE_K1,0,0,,,False,,,BREAK_BEFORE_K1,2023-03-17 21:40:00+00:00,
60,01:00,3,2023-03-19,Sunday,2023-03-18 18:00:00+00:00,2023-03-18 21:00:00+00:00,2023-03-18 21:00:00+00:00,2023-03-19 01:00:00+00:00,337.33,333.35,3.9799999999999613,False,BREAK_BEFORE_K1,0,0,,,False,,,BREAK_BEFORE_K1,2023-03-18 22:40:00+00:00,
60,01:00,3,2023-03-20,Monday,2023-03-19 18:00:00+00:00,2023-03-19 21:00:00+00:00,2023-03-19 21:00:00+00:00,2023-03-20 01:00:00+00:00,340.21,334.0,6.2099999999999795,False,OPPOSITE_VISIT_BEFORE_K1,0,1,,,False,,,OPPOSITE_VISIT_BEFORE_K1,2023-03-20 00:05:00+00:00,
60,01:00,3,2023-03-21,Tuesday,2023-03-20 18:00:00+00:00,2023-03-20 21:00:00+00:00,2023-03-20 21:00:00+00:00,2023-03-21 01:00:00+00:00,338.69,334.4,4.2900000000000205,False,OPPOSITE_VISIT_BEFORE_K1,0,1,,,False,,,OPPOSITE_VISIT_BEFORE_K1,2023-03-20 21:00:00+00:00,
60,01:00,3,2023-03-22,Wednesday,2023-03-21 18:00:00+00:00,2023-03-21 21:00:00+00:00,2023-03-21 21:00:00+00:00,2023-03-22 01:00:00+00:00,337.62,333.58,4.0400000000000205,False,BREAK_BEFORE_K1,0,0,,,False,,,BREAK_BEFORE_K1,2023-03-22 00:10:00+00:00,
60,01:00,3,2023-03-23,Thursday,2023-03-22 18:00:00+00:00,2023-03-22 21:00:00+00:00,2023-03-22 21:00:00+00:00,2023-03-23 01:00:00+00:00,330.65,316.0,14.649999999999977,False,NO_K1,0,0,,,False,,,NO_K1,,
60,01:00,3,2023-03-24,Friday,2023-03-23 18:00:00+00:00,2023-03-23 21:00:00+00:00,2023-03-23 21:00:00+00:00,2023-03-24 01:00:00+00:00,329.99,325.26,4.730000000000018,False,NO_K1,0,0,,,False,,,NO_K1,,
60,01:00,3,2023-03-25,Saturday,2023-03-24 18:00:00+00:00,2023-03-24 21:00:00+00:00,2023-03-24 21:00:00+00:00,2023-03-25 01:00:00+00:00,322.78,317.57,5.2099999999999795,True,,1,0,2023-03-25 00:45:00+00:00,2023-03-25 00:50:00+00:00,False,,,BREAK_DURING_K1,2023-03-25 00:55:00+00:00,
60,01:00,3,2023-03-26,Sunday,2023-03-25 18:00:00+00:00,2023-03-25 21:00:00+00:00,2023-03-25 21:00:00+00:00,2023-03-26 01:00:00+00:00,323.82,318.86,4.9599999999999795,False,NO_K1,0,0,,,False,,,NO_K1,,
60,01:00,3,2023-03-27,Monday,2023-03-26 18:00:00+00:00,2023-03-26 21:00:00+00:00,2023-03-26 21:00:00+00:00,2023-03-27 01:00:00+00:00,328.0,326.0,2.0,False,BREAK_BEFORE_K1,0,0,,,False,,,BREAK_BEFORE_K1,2023-03-26 22:10:00+00:00,
60,01:00,3,2023-03-28,Tuesday,2023-03-27 18:00:00+00:00,2023-03-27 21:00:00+00:00,2023-03-27 21:00:00+00:00,2023-03-28 01:00:00+00:00,309.62,305.46,4.160000000000025,False,BREAK_BEFORE_K1,0,0,,,False,,,BREAK_BEFORE_K1,2023-03-27 23:30:00+00:00,
60,01:00,3,2023-03-29,Wednesday,2023-03-28 18:00:00+00:00,2023-03-28 21:00:00+00:00,2023-03-28 21:00:00+00:00,2023-03-29 01:00:00+00:00,315.85,309.81,6.0400000000000205,False,NO_K1,0,0,,,False,,,NO_K1,,
60,01:00,3,2023-03-30,Thursday,2023-03-29 18:00:00+00:00,2023-03-29 21:00:00+00:00,2023-03-29 21:00:00+00:00,2023-03-30 01:00:00+00:00,316.45,315.36,1.089999999999975,False,BREAK_BEFORE_K1,0,0,,,False,,,BREAK_BEFORE_K1,2023-03-29 21:00:00+00:00,
60,01:00,3,2023-03-31,Friday,2023-03-30 18:00:00+00:00,2023-03-30 21:00:00+00:00,2023-03-30 21:00:00+00:00,2023-03-31 01:00:00+00:00,317.17,313.14,4.03000000000003,True,,1,0,2023-03-30 21:00:00+00:00,2023-03-30 21:05:00+00:00,True,2023-03-30 21:05:00+00:00,2023-03-30 21:10:00+00:00,H2_ARRIVAL,2023-03-31 00:25:00+00:00,200.0
60,01:00,3,2023-04-01,Saturday,2023-03-31 18:00:00+00:00,2023-03-31 21:00:00+00:00,2023-03-31 21:00:00+00:00,2023-04-01 01:00:00+00:00,317.29,314.79,2.5,True,,1,0,2023-03-31 22:35:00+00:00,2023-03-31 22:40:00+00:00,True,2023-03-31 22:45:00+00:00,2023-03-31 22:50:00+00:00,H2_ARRIVAL,2023-04-01 00:20:00+00:00,95.0
60,01:00,3,2023-04-02,Sunday,2023-04-01 18:00:00+00:00,2023-04-01 21:00:00+00:00,2023-04-01 21:00:00+00:00,2023-04-02 01:00:00+00:00,315.33,313.86,1.4699999999999704,True,,1,0,2023-04-01 22:35:00+00:00,2023-04-01 22:40:00+00:00,False,,,BREAK_DURING_K1,2023-04-01 22:40:00+00:00,
60,01:00,3,2023-04-03,Monday,2023-04-02 18:00:00+00:00,2023-04-02 21:00:00+00:00,2023-04-02 21:00:00+00:00,2023-04-03 01:00:00+00:00,313.63,310.36,3.269999999999982,True,,1,0,2023-04-02 23:30:00+00:00,2023-04-02 23:35:00+00:00,True,2023-04-02 23:40:00+00:00,2023-04-02 23:45:00+00:00,H2_ARRIVAL,2023-04-03 00:00:00+00:00,20.0
60,01:00,3,2023-04-04,Tuesday,2023-04-03 18:00:00+00:00,2023-04-03 21:00:00+00:00,2023-04-03 21:00:00+00:00,2023-04-04 01:00:00+00:00,312.0,297.43,14.569999999999993,False,NO_K1,0,0,,,False,,,NO_K1,,
60,01:00,3,2023-04-05,Wednesday,2023-04-04 18:00:00+00:00,2023-04-04 21:00:00+00:00,2023-04-04 21:00:00+00:00,2023-04-05 01:00:00+00:00,311.75,310.53,1.2200000000000273,False,OPPOSITE_VISIT_BEFORE_K1,0,1,,,False,,,OPPOSITE_VISIT_BEFORE_K1,2023-04-04 23:15:00+00:00,
60,01:00,3,2023-04-06,Thursday,2023-04-05 18:00:00+00:00,2023-04-05 21:00:00+00:00,2023-04-05 21:00:00+00:00,2023-04-06 01:00:00+00:00,314.36,311.53,2.830000000000041,False,BREAK_BEFORE_K1,0,0,,,False,,,BREAK_BEFORE_K1,2023-04-05 21:00:00+00:00,
60,01:00,3,2023-04-07,Friday,2023-04-06 18:00:00+00:00,2023-04-06 21:00:00+00:00,2023-04-06 21:00:00+00:00,2023-04-07 01:00:00+00:00,312.95,311.78,1.170000000000016,False,OPPOSITE_VISIT_BEFORE_K1,0,1,,,False,,,OPPOSITE_VISIT_BEFORE_K1,2023-04-06 22:10:00+00:00,
60,01:00,3,2023-04-08,Saturday,2023-04-07 18:00:00+00:00,2023-04-07 21:00:00+00:00,2023-04-07 21:00:00+00:00,2023-04-08 01:00:00+00:00,311.14,310.3,0.839999999999975,True,,1,0,2023-04-07 22:40:00+00:00,2023-04-07 22:45:00+00:00,False,,,BREAK_DURING_K1,2023-04-07 22:45:00+00:00,
60,01:00,3,2023-04-09,Sunday,2023-04-08 18:00:00+00:00,2023-04-08 21:00:00+00:00,2023-04-08 21:00:00+00:00,2023-04-09 01:00:00+00:00,312.0,310.0,2.0,False,OPPOSITE_VISIT_BEFORE_K1,0,1,,,False,,,OPPOSITE_VISIT_BEFORE_K1,2023-04-08 22:25:00+00:00,
60,01:00,3,2023-04-10,Monday,2023-04-09 18:00:00+00:00,2023-04-09 21:00:00+00:00,2023-04-09 21:00:00+00:00,2023-04-10 01:00:00+00:00,312.32,310.52,1.8000000000000114,True,,1,0,2023-04-09 21:30:00+00:00,2023-04-09 21:35:00+00:00,True,2023-04-09 21:35:00+00:00,2023-04-09 21:40:00+00:00,H2_ARRIVAL,2023-04-09 21:40:00+00:00,5.0
60,01:00,3,2023-04-11,Tuesday,2023-04-10 18:00:00+00:00,2023-04-10 21:00:00+00:00,2023-04-10 21:00:00+00:00,2023-04-11 01:00:00+00:00,314.24,312.6,1.6399999999999864,False,OPPOSITE_VISIT_BEFORE_K1,0,1,,,False,,,OPPOSITE_VISIT_BEFORE_K1,2023-04-10 21:05:00+00:00,
60,01:00,3,2023-04-12,Wednesday,2023-04-11 18:00:00+00:00,2023-04-11 21:00:00+00:00,2023-04-11 21:00:00+00:00,2023-04-12 01:00:00+00:00,327.48,324.18,3.3000000000000114,False,BREAK_BEFORE_K1,0,0,,,False,,,BREAK_BEFORE_K1,2023-04-11 23:00:00+00:00,
60,01:00,3,2023-04-13,Thursday,2023-04-12 18:00:00+00:00,2023-04-12 21:00:00+00:00,2023-04-12 21:00:00+00:00,2023-04-13 01:00:00+00:00,320.57,318.0,2.569999999999993,False,BREAK_BEFORE_K1,0,0,,,False,,,BREAK_BEFORE_K1,2023-04-12 23:20:00+00:00,
60,01:00,3,2023-04-14,Friday,2023-04-13 18:00:00+00:00,2023-04-13 21:00:00+00:00,2023-04-13 21:00:00+00:00,2023-04-14 01:00:00+00:00,324.9,323.65,1.25,True,,1,0,2023-04-13 21:55:00+00:00,2023-04-13 22:00:00+00:00,False,,,BREAK_DURING_K1,2023-04-13 22:10:00+00:00,
60,01:00,3,2023-04-15,Saturday,2023-04-14 18:00:00+00:00,2023-04-14 21:00:00+00:00,2023-04-14 21:00:00+00:00,2023-04-15 01:00:00+00:00,330.42,326.94,3.480000000000018,False,NO_K1,0,0,,,False,,,NO_K1,,
60,01:00,3,2023-04-16,Sunday,2023-04-15 18:00:00+00:00,2023-04-15 21:00:00+00:00,2023-04-15 21:00:00+00:00,2023-04-16 01:00:00+00:00,333.17,331.29,1.8799999999999955,False,BREAK_BEFORE_K1,0,0,,,False,,,BREAK_BEFORE_K1,2023-04-15 22:10:00+00:00,
60,01:00,3,2023-04-17,Monday,2023-04-16 18:00:00+00:00,2023-04-16 21:00:00+00:00,2023-04-16 21:00:00+00:00,2023-04-17 01:00:00+00:00,350.39,346.43,3.9599999999999795,False,BREAK_BEFORE_K1,0,0,,,False,,,BREAK_BEFORE_K1,2023-04-17 00:25:00+00:00,
60,01:00,3,2023-04-18,Tuesday,2023-04-17 18:00:00+00:00,2023-04-17 21:00:00+00:00,2023-04-17 21:00:00+00:00,2023-04-18 01:00:00+00:00,343.16,340.36,2.8000000000000114,False,OPPOSITE_VISIT_BEFORE_K1,0,1,,,False,,,OPPOSITE_VISIT_BEFORE_K1,2023-04-17 21:20:00+00:00,
60,01:00,3,2023-04-19,Wednesday,2023-04-18 18:00:00+00:00,2023-04-18 21:00:00+00:00,2023-04-18 21:00:00+00:00,2023-04-19 01:00:00+00:00,343.27,340.35,2.919999999999959,False,BREAK_BEFORE_K1,0,0,,,False,,,BREAK_BEFORE_K1,2023-04-18 23:30:00+00:00,
60,01:00,3,2023-04-20,Thursday,2023-04-19 18:00:00+00:00,2023-04-19 21:00:00+00:00,2023-04-19 21:00:00+00:00,2023-04-20 01:00:00+00:00,326.89,324.18,2.7099999999999795,False,BREAK_BEFORE_K1,0,0,,,False,,,BREAK_BEFORE_K1,2023-04-19 21:15:00+00:00,
60,01:00,3,2023-04-21,Friday,2023-04-20 18:00:00+00:00,2023-04-20 21:00:00+00:00,2023-04-20 21:00:00+00:00,2023-04-21 01:00:00+00:00,318.51,315.14,3.3700000000000045,False,BREAK_BEFORE_K1,0,0,,,False,,,BREAK_BEFORE_K1,2023-04-20 22:05:00+00:00,
60,01:00,3,2023-04-22,Saturday,2023-04-21 18:00:00+00:00,2023-04-21 21:00:00+00:00,2023-04-21 21:00:00+00:00,2023-04-22 01:00:00+00:00,326.38,316.45,9.930000000000007,False,NO_K1,0,0,,,False,,,NO_K1,,
60,01:00,3,2023-04-23,Sunday,2023-04-22 18:00:00+00:00,2023-04-22 21:00:00+00:00,2023-04-22 21:00:00+00:00,2023-04-23 01:00:00+00:00,330.86,329.02,1.8400000000000318,False,BREAK_BEFORE_K1,0,0,,,False,,,BREAK_BEFORE_K1,2023-04-22 21:35:00+00:00,
60,01:00,3,2023-04-24,Monday,2023-04-23 18:00:00+00:00,2023-04-23 21:00:00+00:00,2023-04-23 21:00:00+00:00,2023-04-24 01:00:00+00:00,329.11,326.8,2.3100000000000023,True,,1,0,2023-04-23 21:45:00+00:00,2023-04-23 21:50:00+00:00,False,,,BREAK_DURING_K1,2023-04-23 21:50:00+00:00,
60,01:00,3,2023-04-25,Tuesday,2023-04-24 18:00:00+00:00,2023-04-24 21:00:00+00:00,2023-04-24 21:00:00+00:00,2023-04-25 01:00:00+00:00,332.32,330.2,2.1200000000000045,False,OPPOSITE_VISIT_BEFORE_K1,0,1,,,False,,,OPPOSITE_VISIT_BEFORE_K1,2023-04-25 00:50:00+00:00,
60,01:00,3,2023-04-26,Wednesday,2023-04-25 18:00:00+00:00,2023-04-25 21:00:00+00:00,2023-04-25 21:00:00+00:00,2023-04-26 01:00:00+00:00,335.5,331.72,3.7799999999999727,False,BREAK_BEFORE_K1,0,0,,,False,,,BREAK_BEFORE_K1,2023-04-25 21:00:00+00:00,
60,01:00,3,2023-04-27,Thursday,2023-04-26 18:00:00+00:00,2023-04-26 21:00:00+00:00,2023-04-26 21:00:00+00:00,2023-04-27 01:00:00+00:00,340.99,321.63,19.360000000000014,False,NO_K1,0,0,,,False,,,NO_K1,,
60,01:00,3,2023-04-28,Friday,2023-04-27 18:00:00+00:00,2023-04-27 21:00:00+00:00,2023-04-27 21:00:00+00:00,2023-04-28 01:00:00+00:00,335.94,333.01,2.930000000000007,False,BREAK_BEFORE_K1,0,0,,,False,,,BREAK_BEFORE_K1,2023-04-27 22:45:00+00:00,
60,01:00,3,2023-04-29,Saturday,2023-04-28 18:00:00+00:00,2023-04-28 21:00:00+00:00,2023-04-28 21:00:00+00:00,2023-04-29 01:00:00+00:00,324.68,321.18,3.5,False,NO_K1,0,0,,,False,,,NO_K1,,
60,01:00,3,2023-04-30,Sunday,2023-04-29 18:00:00+00:00,2023-04-29 21:00:00+00:00,2023-04-29 21:00:00+00:00,2023-04-30 01:00:00+00:00,322.87,321.26,1.6100000000000136,False,OPPOSITE_VISIT_BEFORE_K1,0,1,,,False,,,OPPOSITE_VISIT_BEFORE_K1,2023-04-30 00:05:00+00:00,
60,01:00,3,2023-05-01,Monday,2023-04-30 18:00:00+00:00,2023-04-30 21:00:00+00:00,2023-04-30 21:00:00+00:00,2023-05-01 01:00:00+00:00,336.35,331.08,5.270000000000039,False,BREAK_BEFORE_K1,0,0,,,False,,,BREAK_BEFORE_K1,2023-04-30 21:50:00+00:00,
60,01:00,3,2023-05-02,Tuesday,2023-05-01 18:00:00+00:00,2023-05-01 21:00:00+00:00,2023-05-01 21:00:00+00:00,2023-05-02 01:00:00+00:00,329.06,325.34,3.7200000000000273,False,NO_K1,0,0,,,False,,,NO_K1,,
60,01:00,3,2023-05-03,Wednesday,2023-05-02 18:00:00+00:00,2023-05-02 21:00:00+00:00,2023-05-02 21:00:00+00:00,2023-05-03 01:00:00+00:00,325.59,322.76,2.829999999999984,False,OPPOSITE_VISIT_BEFORE_K1,0,1,,,False,,,OPPOSITE_VISIT_BEFORE_K1,2023-05-02 21:00:00+00:00,
60,01:00,3,2023-05-04,Thursday,2023-05-03 18:00:00+00:00,2023-05-03 21:00:00+00:00,2023-05-03 21:00:00+00:00,2023-05-04 01:00:00+00:00,325.45,322.65,2.8000000000000114,False,BREAK_BEFORE_K1,0,0,,,False,,,BREAK_BEFORE_K1,2023-05-03 21:20:00+00:00,
60,01:00,3,2023-05-05,Friday,2023-05-04 18:00:00+00:00,2023-05-04 21:00:00+00:00,2023-05-04 21:00:00+00:00,2023-05-05 01:00:00+00:00,324.54,323.23,1.3100000000000023,False,OPPOSITE_VISIT_BEFORE_K1,0,1,,,False,,,OPPOSITE_VISIT_BEFORE_K1,2023-05-04 21:45:00+00:00,
60,01:00,3,2023-05-06,Saturday,2023-05-05 18:00:00+00:00,2023-05-05 21:00:00+00:00,2023-05-05 21:00:00+00:00,2023-05-06 01:00:00+00:00,328.21,324.49,3.7199999999999704,True,,1,0,2023-05-06 00:35:00+00:00,2023-05-06 00:40:00+00:00,True,2023-05-06 00:40:00+00:00,2023-05-06 00:45:00+00:00,NO_H2_BY_END,,
60,01:00,3,2023-05-07,Sunday,2023-05-06 18:00:00+00:00,2023-05-06 21:00:00+00:00,2023-05-06 21:00:00+00:00,2023-05-07 01:00:00+00:00,323.67,321.8,1.8700000000000045,False,BREAK_BEFORE_K1,0,0,,,False,,,BREAK_BEFORE_K1,2023-05-06 21:35:00+00:00,
60,01:00,3,2023-05-08,Monday,2023-05-07 18:00:00+00:00,2023-05-07 21:00:00+00:00,2023-05-07 21:00:00+00:00,2023-05-08 01:00:00+00:00,323.93,322.62,1.3100000000000023,False,OPPOSITE_VISIT_BEFORE_K1,0,1,,,False,,,OPPOSITE_VISIT_BEFORE_K1,2023-05-07 21:55:00+00:00,
60,01:00,3,2023-05-09,Tuesday,2023-05-08 18:00:00+00:00,2023-05-08 21:00:00+00:00,2023-05-08 21:00:00+00:00,2023-05-09 01:00:00+00:00,313.42,310.0,3.420000000000016,True,,1,0,2023-05-08 23:20:00+00:00,2023-05-08 23:25:00+00:00,True,2023-05-08 23:30:00+00:00,2023-05-08 23:35:00+00:00,H2_ARRIVAL,2023-05-08 23:50:00+00:00,20.0
60,01:00,3,2023-05-10,Wednesday,2023-05-09 18:00:00+00:00,2023-05-09 21:00:00+00:00,2023-05-09 21:00:00+00:00,2023-05-10 01:00:00+00:00,313.05,311.36,1.6899999999999977,False,OPPOSITE_VISIT_BEFORE_K1,0,1,,,False,,,OPPOSITE_VISIT_BEFORE_K1,2023-05-09 21:55:00+00:00,
60,01:00,3,2023-05-11,Thursday,2023-05-10 18:00:00+00:00,2023-05-10 21:00:00+00:00,2023-05-10 21:00:00+00:00,2023-05-11 01:00:00+00:00,316.56,311.05,5.509999999999991,True,,1,0,2023-05-10 21:00:00+00:00,2023-05-10 21:05:00+00:00,True,2023-05-10 21:05:00+00:00,2023-05-10 21:10:00+00:00,NO_H2_BY_END,,
60,01:00,3,2023-05-12,Friday,2023-05-11 18:00:00+00:00,2023-05-11 21:00:00+00:00,2023-05-11 21:00:00+00:00,2023-05-12 01:00:00+00:00,306.77,304.12,2.6499999999999773,True,,1,0,2023-05-11 21:00:00+00:00,2023-05-11 21:05:00+00:00,True,2023-05-11 21:10:00+00:00,2023-05-11 21:15:00+00:00,H2_ARRIVAL,2023-05-11 21:15:00+00:00,5.0
60,01:00,3,2023-05-13,Saturday,2023-05-12 18:00:00+00:00,2023-05-12 21:00:00+00:00,2023-05-12 21:00:00+00:00,2023-05-13 01:00:00+00:00,306.42,301.2,5.220000000000027,True,,1,0,2023-05-12 21:05:00+00:00,2023-05-12 21:10:00+00:00,False,,,BREAK_DURING_K1,2023-05-12 21:10:00+00:00,
60,01:00,3,2023-05-14,Sunday,2023-05-13 18:00:00+00:00,2023-05-13 21:00:00+00:00,2023-05-13 21:00:00+00:00,2023-05-14 01:00:00+00:00,310.62,308.86,1.759999999999991,False,BREAK_BEFORE_K1,0,0,,,False,,,BREAK_BEFORE_K1,2023-05-13 21:15:00+00:00,
60,01:00,3,2023-05-15,Monday,2023-05-14 18:00:00+00:00,2023-05-14 21:00:00+00:00,2023-05-14 21:00:00+00:00,2023-05-15 01:00:00+00:00,312.36,310.55,1.8100000000000023,False,OPPOSITE_VISIT_BEFORE_K1,0,1,,,False,,,OPPOSITE_VISIT_BEFORE_K1,2023-05-15 00:45:00+00:00,
60,01:00,3,2023-05-16,Tuesday,2023-05-15 18:00:00+00:00,2023-05-15 21:00:00+00:00,2023-05-15 21:00:00+00:00,2023-05-16 01:00:00+00:00,314.53,312.9,1.6299999999999955,False,BREAK_BEFORE_K1,0,0,,,False,,,BREAK_BEFORE_K1,2023-05-16 00:40:00+00:00,
60,01:00,3,2023-05-17,Wednesday,2023-05-16 18:00:00+00:00,2023-05-16 21:00:00+00:00,2023-05-16 21:00:00+00:00,2023-05-17 01:00:00+00:00,311.3,309.67,1.6299999999999955,False,BREAK_BEFORE_K1,0,0,,,False,,,BREAK_BEFORE_K1,2023-05-16 21:35:00+00:00,
60,01:00,3,2023-05-18,Thursday,2023-05-17 18:00:00+00:00,2023-05-17 21:00:00+00:00,2023-05-17 21:00:00+00:00,2023-05-18 01:00:00+00:00,314.27,310.8,3.4699999999999704,True,,1,0,2023-05-17 21:20:00+00:00,2023-05-17 21:25:00+00:00,True,2023-05-17 21:25:00+00:00,2023-05-17 21:30:00+00:00,H2_ARRIVAL,2023-05-17 23:55:00+00:00,150.0
60,01:00,3,2023-05-19,Friday,2023-05-18 18:00:00+00:00,2023-05-18 21:00:00+00:00,2023-05-18 21:00:00+00:00,2023-05-19 01:00:00+00:00,308.72,305.94,2.7800000000000296,True,,1,0,2023-05-18 21:10:00+00:00,2023-05-18 21:15:00+00:00,True,2023-05-18 21:15:00+00:00,2023-05-18 21:20:00+00:00,H2_ARRIVAL,2023-05-18 21:20:00+00:00,5.0
60,01:00,3,2023-05-20,Saturday,2023-05-19 18:00:00+00:00,2023-05-19 21:00:00+00:00,2023-05-19 21:00:00+00:00,2023-05-20 01:00:00+00:00,309.64,307.82,1.8199999999999932,False,OPPOSITE_VISIT_BEFORE_K1,0,1,,,False,,,OPPOSITE_VISIT_BEFORE_K1,2023-05-19 21:00:00+00:00,
60,01:00,3,2023-05-21,Sunday,2023-05-20 18:00:00+00:00,2023-05-20 21:00:00+00:00,2023-05-20 21:00:00+00:00,2023-05-21 01:00:00+00:00,312.09,310.4,1.6899999999999977,False,BREAK_BEFORE_K1,0,0,,,False,,,BREAK_BEFORE_K1,2023-05-20 21:00:00+00:00,
60,01:00,3,2023-05-22,Monday,2023-05-21 18:00:00+00:00,2023-05-21 21:00:00+00:00,2023-05-21 21:00:00+00:00,2023-05-22 01:00:00+00:00,309.1,308.05,1.0500000000000114,False,OPPOSITE_VISIT_BEFORE_K1,0,1,,,False,,,OPPOSITE_VISIT_BEFORE_K1,2023-05-21 21:00:00+00:00,
60,01:00,3,2023-05-23,Tuesday,2023-05-22 18:00:00+00:00,2023-05-22 21:00:00+00:00,2023-05-22 21:00:00+00:00,2023-05-23 01:00:00+00:00,310.72,309.7,1.0200000000000387,True,,1,0,2023-05-22 21:25:00+00:00,2023-05-22 21:30:00+00:00,True,2023-05-22 21:30:00+00:00,2023-05-22 21:35:00+00:00,OPPOSITE_BREAK_BEFORE_H2,2023-05-22 22:20:00+00:00,
60,01:00,3,2023-05-24,Wednesday,2023-05-23 18:00:00+00:00,2023-05-23 21:00:00+00:00,2023-05-23 21:00:00+00:00,2023-05-24 01:00:00+00:00,313.72,312.32,1.400000000000034,False,BREAK_BEFORE_K1,0,0,,,False,,,BREAK_BEFORE_K1,2023-05-23 21:10:00+00:00,
60,01:00,3,2023-05-25,Thursday,2023-05-24 18:00:00+00:00,2023-05-24 21:00:00+00:00,2023-05-24 21:00:00+00:00,2023-05-25 01:00:00+00:00,306.62,304.91,1.7099999999999795,False,BREAK_BEFORE_K1,0,0,,,False,,,BREAK_BEFORE_K1,2023-05-25 00:40:00+00:00,
60,01:00,3,2023-05-26,Friday,2023-05-25 18:00:00+00:00,2023-05-25 21:00:00+00:00,2023-05-25 21:00:00+00:00,2023-05-26 01:00:00+00:00,305.94,304.0,1.9399999999999977,False,OPPOSITE_VISIT_BEFORE_K1,0,1,,,False,,,OPPOSITE_VISIT_BEFORE_K1,2023-05-26 00:45:00+00:00,
60,01:00,3,2023-05-27,Saturday,2023-05-26 18:00:00+00:00,2023-05-26 21:00:00+00:00,2023-05-26 21:00:00+00:00,2023-05-27 01:00:00+00:00,307.45,305.54,1.9099999999999682,False,NO_K1,0,0,,,False,,,NO_K1,,
60,01:00,3,2023-05-28,Sunday,2023-05-27 18:00:00+00:00,2023-05-27 21:00:00+00:00,2023-05-27 21:00:00+00:00,2023-05-28 01:00:00+00:00,305.68,304.43,1.25,True,,1,0,2023-05-27 21:00:00+00:00,2023-05-27 21:05:00+00:00,False,,,BREAK_DURING_K1,2023-05-27 21:05:00+00:00,
60,01:00,3,2023-05-29,Monday,2023-05-28 18:00:00+00:00,2023-05-28 21:00:00+00:00,2023-05-28 21:00:00+00:00,2023-05-29 01:00:00+00:00,310.25,308.35,1.8999999999999773,False,BREAK_BEFORE_K1,0,0,,,False,,,BREAK_BEFORE_K1,2023-05-28 21:45:00+00:00,
60,01:00,3,2023-05-30,Tuesday,2023-05-29 18:00:00+00:00,2023-05-29 21:00:00+00:00,2023-05-29 21:00:00+00:00,2023-05-30 01:00:00+00:00,313.26,311.55,1.7099999999999795,False,OPPOSITE_VISIT_BEFORE_K1,0,1,,,False,,,OPPOSITE_VISIT_BEFORE_K1,2023-05-29 21:20:00+00:00,
60,01:00,3,2023-05-31,Wednesday,2023-05-30 18:00:00+00:00,2023-05-30 21:00:00+00:00,2023-05-30 21:00:00+00:00,2023-05-31 01:00:00+00:00,313.4,312.24,1.1599999999999682,False,BREAK_BEFORE_K1,0,0,,,False,,,BREAK_BEFORE_K1,2023-05-30 21:45:00+00:00,
60,01:00,3,2023-06-01,Thursday,2023-05-31 18:00:00+00:00,2023-05-31 21:00:00+00:00,2023-05-31 21:00:00+00:00,2023-06-01 01:00:00+00:00,306.74,305.79,0.9499999999999886,False,BREAK_BEFORE_K1,0,0,,,False,,,BREAK_BEFORE_K1,2023-05-31 21:40:00+00:00,
60,01:00,3,2023-06-02,Friday,2023-06-01 18:00:00+00:00,2023-06-01 21:00:00+00:00,2023-06-01 21:00:00+00:00,2023-06-02 01:00:00+00:00,305.89,303.52,2.3700000000000045,False,BREAK_BEFORE_K1,0,0,,,False,,,BREAK_BEFORE_K1,2023-06-01 22:15:00+00:00,
60,01:00,3,2023-06-03,Saturday,2023-06-02 18:00:00+00:00,2023-06-02 21:00:00+00:00,2023-06-02 21:00:00+00:00,2023-06-03 01:00:00+00:00,308.5,306.72,1.7799999999999727,False,OPPOSITE_VISIT_BEFORE_K1,0,1,,,False,,,OPPOSITE_VISIT_BEFORE_K1,2023-06-03 00:45:00+00:00,
60,01:00,3,2023-06-04,Sunday,2023-06-03 18:00:00+00:00,2023-06-03 21:00:00+00:00,2023-06-03 21:00:00+00:00,2023-06-04 01:00:00+00:00,307.1,305.88,1.2200000000000273,False,OPPOSITE_VISIT_BEFORE_K1,0,1,,,False,,,OPPOSITE_VISIT_BEFORE_K1,2023-06-03 21:10:00+00:00,
60,01:00,3,2023-06-05,Monday,2023-06-04 18:00:00+00:00,2023-06-04 21:00:00+00:00,2023-06-04 21:00:00+00:00,2023-06-05 01:00:00+00:00,306.76,305.93,0.8299999999999841,False,OPPOSITE_VISIT_BEFORE_K1,0,1,,,False,,,OPPOSITE_VISIT_BEFORE_K1,2023-06-04 21:40:00+00:00,
60,01:00,3,2023-06-06,Tuesday,2023-06-05 18:00:00+00:00,2023-06-05 21:00:00+00:00,2023-06-05 21:00:00+00:00,2023-06-06 01:00:00+00:00,278.08,275.0,3.079999999999984,False,BREAK_BEFORE_K1,0,0,,,False,,,BREAK_BEFORE_K1,2023-06-05 21:05:00+00:00,
60,01:00,3,2023-06-07,Wednesday,2023-06-06 18:00:00+00:00,2023-06-06 21:00:00+00:00,2023-06-06 21:00:00+00:00,2023-06-07 01:00:00+00:00,285.87,280.47,5.399999999999977,False,OPPOSITE_VISIT_BEFORE_K1,0,1,,,False,,,OPPOSITE_VISIT_BEFORE_K1,2023-06-06 22:30:00+00:00,
60,01:00,3,2023-06-08,Thursday,2023-06-07 18:00:00+00:00,2023-06-07 21:00:00+00:00,2023-06-07 21:00:00+00:00,2023-06-08 01:00:00+00:00,262.99,259.26,3.730000000000018,False,OPPOSITE_VISIT_BEFORE_K1,0,1,,,False,,,OPPOSITE_VISIT_BEFORE_K1,2023-06-07 21:05:00+00:00,
60,01:00,3,2023-06-09,Friday,2023-06-08 18:00:00+00:00,2023-06-08 21:00:00+00:00,2023-06-08 21:00:00+00:00,2023-06-09 01:00:00+00:00,265.26,262.15,3.1100000000000136,False,BREAK_BEFORE_K1,0,0,,,False,,,BREAK_BEFORE_K1,2023-06-08 23:20:00+00:00,
60,01:00,3,2023-06-10,Saturday,2023-06-09 18:00:00+00:00,2023-06-09 21:00:00+00:00,2023-06-09 21:00:00+00:00,2023-06-10 01:00:00+00:00,262.43,259.12,3.3100000000000023,True,,1,0,2023-06-09 21:45:00+00:00,2023-06-09 21:50:00+00:00,True,2023-06-09 21:50:00+00:00,2023-06-09 21:55:00+00:00,H2_ARRIVAL,2023-06-09 22:00:00+00:00,10.0
60,01:00,3,2023-06-11,Sunday,2023-06-10 18:00:00+00:00,2023-06-10 21:00:00+00:00,2023-06-10 21:00:00+00:00,2023-06-11 01:00:00+00:00,240.56,234.14,6.420000000000016,False,NO_K1,0,0,,,False,,,NO_K1,,
60,01:00,3,2023-06-12,Monday,2023-06-11 18:00:00+00:00,2023-06-11 21:00:00+00:00,2023-06-11 21:00:00+00:00,2023-06-12 01:00:00+00:00,238.46,235.96,2.5,False,BREAK_BEFORE_K1,0,0,,,False,,,BREAK_BEFORE_K1,2023-06-11 22:40:00+00:00,
60,01:00,3,2023-06-13,Tuesday,2023-06-12 18:00:00+00:00,2023-06-12 21:00:00+00:00,2023-06-12 21:00:00+00:00,2023-06-13 01:00:00+00:00,231.27,228.11,3.1599999999999966,True,,1,0,2023-06-12 21:45:00+00:00,2023-06-12 21:50:00+00:00,False,,,BREAK_DURING_K1,2023-06-12 21:50:00+00:00,
60,01:00,3,2023-06-14,Wednesday,2023-06-13 18:00:00+00:00,2023-06-13 21:00:00+00:00,2023-06-13 21:00:00+00:00,2023-06-14 01:00:00+00:00,245.0,236.63,8.370000000000005,True,,1,0,2023-06-14 00:00:00+00:00,2023-06-14 00:05:00+00:00,False,,,BREAK_DURING_K1,2023-06-14 00:05:00+00:00,
60,01:00,3,2023-06-15,Thursday,2023-06-14 18:00:00+00:00,2023-06-14 21:00:00+00:00,2023-06-14 21:00:00+00:00,2023-06-15 01:00:00+00:00,247.99,232.32,15.670000000000016,False,NO_K1,0,0,,,False,,,NO_K1,,
60,01:00,3,2023-06-16,Friday,2023-06-15 18:00:00+00:00,2023-06-15 21:00:00+00:00,2023-06-15 21:00:00+00:00,2023-06-16 01:00:00+00:00,237.78,233.28,4.5,False,BREAK_BEFORE_K1,0,0,,,False,,,BREAK_BEFORE_K1,2023-06-15 21:00:00+00:00,
60,01:00,3,2023-06-17,Saturday,2023-06-16 18:00:00+00:00,2023-06-16 21:00:00+00:00,2023-06-16 21:00:00+00:00,2023-06-17 01:00:00+00:00,244.0,239.17,4.8300000000000125,False,BREAK_BEFORE_K1,0,0,,,False,,,BREAK_BEFORE_K1,2023-06-16 21:20:00+00:00,
60,01:00,3,2023-06-18,Sunday,2023-06-17 18:00:00+00:00,2023-06-17 21:00:00+00:00,2023-06-17 21:00:00+00:00,2023-06-18 01:00:00+00:00,246.54,244.16,2.3799999999999955,False,BREAK_BEFORE_K1,0,0,,,False,,,BREAK_BEFORE_K1,2023-06-18 00:15:00+00:00,
60,01:00,3,2023-06-19,Monday,2023-06-18 18:00:00+00:00,2023-06-18 21:00:00+00:00,2023-06-18 21:00:00+00:00,2023-06-19 01:00:00+00:00,246.68,242.99,3.6899999999999977,False,OPPOSITE_VISIT_BEFORE_K1,0,1,,,False,,,OPPOSITE_VISIT_BEFORE_K1,2023-06-18 21:55:00+00:00,
60,01:00,3,2023-06-20,Tuesday,2023-06-19 18:00:00+00:00,2023-06-19 21:00:00+00:00,2023-06-19 21:00:00+00:00,2023-06-20 01:00:00+00:00,245.25,239.52,5.72999999999999,False,NO_K1,0,0,,,False,,,NO_K1,,
60,01:00,3,2023-06-21,Wednesday,2023-06-20 18:00:00+00:00,2023-06-20 21:00:00+00:00,2023-06-20 21:00:00+00:00,2023-06-21 01:00:00+00:00,245.86,242.14,3.7200000000000273,False,BREAK_BEFORE_K1,0,0,,,False,,,BREAK_BEFORE_K1,2023-06-20 23:15:00+00:00,
60,01:00,3,2023-06-22,Thursday,2023-06-21 18:00:00+00:00,2023-06-21 21:00:00+00:00,2023-06-21 21:00:00+00:00,2023-06-22 01:00:00+00:00,251.2,248.01,3.1899999999999977,False,BREAK_BEFORE_K1,0,0,,,False,,,BREAK_BEFORE_K1,2023-06-21 21:00:00+00:00,
60,01:00,3,2023-06-23,Friday,2023-06-22 18:00:00+00:00,2023-06-22 21:00:00+00:00,2023-06-22 21:00:00+00:00,2023-06-23 01:00:00+00:00,245.3,243.28,2.0200000000000102,False,OPPOSITE_VISIT_BEFORE_K1,0,1,,,False,,,OPPOSITE_VISIT_BEFORE_K1,2023-06-22 21:10:00+00:00,
60,01:00,3,2023-06-24,Saturday,2023-06-23 18:00:00+00:00,2023-06-23 21:00:00+00:00,2023-06-23 21:00:00+00:00,2023-06-24 01:00:00+00:00,247.5,244.41,3.0900000000000034,False,OPPOSITE_VISIT_BEFORE_K1,0,1,,,False,,,OPPOSITE_VISIT_BEFORE_K1,2023-06-23 21:45:00+00:00,
60,01:00,3,2023-06-25,Sunday,2023-06-24 18:00:00+00:00,2023-06-24 21:00:00+00:00,2023-06-24 21:00:00+00:00,2023-06-25 01:00:00+00:00,237.46,234.07,3.390000000000015,False,BREAK_BEFORE_K1,0,0,,,False,,,BREAK_BEFORE_K1,2023-06-24 21:10:00+00:00,
60,01:00,3,2023-06-26,Monday,2023-06-25 18:00:00+00:00,2023-06-25 21:00:00+00:00,2023-06-25 21:00:00+00:00,2023-06-26 01:00:00+00:00,238.9,236.51,2.390000000000015,False,BREAK_BEFORE_K1,0,0,,,False,,,BREAK_BEFORE_K1,2023-06-25 22:20:00+00:00,
60,01:00,3,2023-06-27,Tuesday,2023-06-26 18:00:00+00:00,2023-06-26 21:00:00+00:00,2023-06-26 21:00:00+00:00,2023-06-27 01:00:00+00:00,236.96,234.44,2.5200000000000102,False,OPPOSITE_VISIT_BEFORE_K1,0,1,,,False,,,OPPOSITE_VISIT_BEFORE_K1,2023-06-26 21:55:00+00:00,
60,01:00,3,2023-06-28,Wednesday,2023-06-27 18:00:00+00:00,2023-06-27 21:00:00+00:00,2023-06-27 21:00:00+00:00,2023-06-28 01:00:00+00:00,239.46,238.4,1.0600000000000023,False,OPPOSITE_VISIT_BEFORE_K1,0,1,,,False,,,OPPOSITE_VISIT_BEFORE_K1,2023-06-27 21:00:00+00:00,
60,01:00,3,2023-06-29,Thursday,2023-06-28 18:00:00+00:00,2023-06-28 21:00:00+00:00,2023-06-28 21:00:00+00:00,2023-06-29 01:00:00+00:00,233.44,221.2,12.240000000000009,False,NO_K1,0,0,,,False,,,NO_K1,,
60,01:00,3,2023-06-30,Friday,2023-06-29 18:00:00+00:00,2023-06-29 21:00:00+00:00,2023-06-29 21:00:00+00:00,2023-06-30 01:00:00+00:00,234.1,232.2,1.9000000000000057,True,,1,0,2023-06-30 00:25:00+00:00,2023-06-30 00:30:00+00:00,False,,,BREAK_DURING_K1,2023-06-30 00:30:00+00:00,
60,01:00,3,2023-07-01,Saturday,2023-06-30 18:00:00+00:00,2023-06-30 21:00:00+00:00,2023-06-30 21:00:00+00:00,2023-07-01 01:00:00+00:00,241.98,238.38,3.5999999999999943,False,BREAK_BEFORE_K1,0,0,,,False,,,BREAK_BEFORE_K1,2023-07-01 00:20:00+00:00,
60,01:00,3,2023-07-02,Sunday,2023-07-01 18:00:00+00:00,2023-07-01 21:00:00+00:00,2023-07-01 21:00:00+00:00,2023-07-02 01:00:00+00:00,248.41,246.3,2.109999999999985,False,BREAK_BEFORE_K1,0,0,,,False,,,BREAK_BEFORE_K1,2023-07-01 21:25:00+00:00,
60,01:00,3,2023-07-03,Monday,2023-07-02 18:00:00+00:00,2023-07-02 21:00:00+00:00,2023-07-02 21:00:00+00:00,2023-07-03 01:00:00+00:00,245.55,243.16,2.390000000000015,True,,1,0,2023-07-02 21:00:00+00:00,2023-07-02 21:05:00+00:00,False,,,BREAK_DURING_K1,2023-07-02 21:05:00+00:00,
60,01:00,3,2023-07-04,Tuesday,2023-07-03 18:00:00+00:00,2023-07-03 21:00:00+00:00,2023-07-03 21:00:00+00:00,2023-07-04 01:00:00+00:00,248.6,246.61,1.9899999999999807,False,BREAK_BEFORE_K1,0,0,,,False,,,BREAK_BEFORE_K1,2023-07-03 21:20:00+00:00,
60,01:00,3,2023-07-05,Wednesday,2023-07-04 18:00:00+00:00,2023-07-04 21:00:00+00:00,2023-07-04 21:00:00+00:00,2023-07-05 01:00:00+00:00,242.69,240.15,2.539999999999992,False,BREAK_BEFORE_K1,0,0,,,False,,,BREAK_BEFORE_K1,2023-07-04 22:10:00+00:00,
60,01:00,3,2023-07-06,Thursday,2023-07-05 18:00:00+00:00,2023-07-05 21:00:00+00:00,2023-07-05 21:00:00+00:00,2023-07-06 01:00:00+00:00,240.37,237.98,2.390000000000015,False,OPPOSITE_VISIT_BEFORE_K1,0,1,,,False,,,OPPOSITE_VISIT_BEFORE_K1,2023-07-05 23:10:00+00:00,
60,01:00,3,2023-07-07,Friday,2023-07-06 18:00:00+00:00,2023-07-06 21:00:00+00:00,2023-07-06 21:00:00+00:00,2023-07-07 01:00:00+00:00,239.61,237.1,2.5100000000000193,False,BREAK_BEFORE_K1,0,0,,,False,,,BREAK_BEFORE_K1,2023-07-06 21:00:00+00:00,
60,01:00,3,2023-07-08,Saturday,2023-07-07 18:00:00+00:00,2023-07-07 21:00:00+00:00,2023-07-07 21:00:00+00:00,2023-07-08 01:00:00+00:00,235.25,233.49,1.759999999999991,True,,1,0,2023-07-07 21:10:00+00:00,2023-07-07 21:15:00+00:00,False,,,BREAK_DURING_K1,2023-07-07 21:15:00+00:00,
60,01:00,3,2023-07-09,Sunday,2023-07-08 18:00:00+00:00,2023-07-08 21:00:00+00:00,2023-07-08 21:00:00+00:00,2023-07-09 01:00:00+00:00,236.05,233.53,2.5200000000000102,False,BREAK_BEFORE_K1,0,0,,,False,,,BREAK_BEFORE_K1,2023-07-08 23:00:00+00:00,
60,01:00,3,2023-07-10,Monday,2023-07-09 18:00:00+00:00,2023-07-09 21:00:00+00:00,2023-07-09 21:00:00+00:00,2023-07-10 01:00:00+00:00,234.78,233.75,1.0300000000000011,False,BREAK_BEFORE_K1,0,0,,,False,,,BREAK_BEFORE_K1,2023-07-09 22:00:00+00:00,
60,01:00,3,2023-07-11,Tuesday,2023-07-10 18:00:00+00:00,2023-07-10 21:00:00+00:00,2023-07-10 21:00:00+00:00,2023-07-11 01:00:00+00:00,246.29,244.15,2.1399999999999864,False,OPPOSITE_VISIT_BEFORE_K1,0,1,,,False,,,OPPOSITE_VISIT_BEFORE_K1,2023-07-10 21:55:00+00:00,
60,01:00,3,2023-07-12,Wednesday,2023-07-11 18:00:00+00:00,2023-07-11 21:00:00+00:00,2023-07-11 21:00:00+00:00,2023-07-12 01:00:00+00:00,248.13,246.6,1.5300000000000011,True,,1,0,2023-07-11 22:05:00+00:00,2023-07-11 22:10:00+00:00,False,,,BREAK_DURING_K1,2023-07-11 22:10:00+00:00,
60,01:00,3,2023-07-13,Thursday,2023-07-12 18:00:00+00:00,2023-07-12 21:00:00+00:00,2023-07-12 21:00:00+00:00,2023-07-13 01:00:00+00:00,243.74,242.12,1.6200000000000045,True,,1,0,2023-07-12 23:35:00+00:00,2023-07-12 23:40:00+00:00,False,,,BREAK_DURING_K1,2023-07-12 23:40:00+00:00,
60,01:00,3,2023-07-14,Friday,2023-07-13 18:00:00+00:00,2023-07-13 21:00:00+00:00,2023-07-13 21:00:00+00:00,2023-07-14 01:00:00+00:00,259.02,252.03,6.989999999999981,False,BREAK_BEFORE_K1,0,0,,,False,,,BREAK_BEFORE_K1,2023-07-13 21:00:00+00:00,
60,01:00,3,2023-07-15,Saturday,2023-07-14 18:00:00+00:00,2023-07-14 21:00:00+00:00,2023-07-14 21:00:00+00:00,2023-07-15 01:00:00+00:00,250.49,241.04,9.450000000000017,False,NO_K1,0,0,,,False,,,NO_K1,,
60,01:00,3,2023-07-16,Sunday,2023-07-15 18:00:00+00:00,2023-07-15 21:00:00+00:00,2023-07-15 21:00:00+00:00,2023-07-16 01:00:00+00:00,251.74,250.16,1.5800000000000125,False,BREAK_BEFORE_K1,0,0,,,False,,,BREAK_BEFORE_K1,2023-07-15 21:10:00+00:00,
60,01:00,3,2023-07-17,Monday,2023-07-16 18:00:00+00:00,2023-07-16 21:00:00+00:00,2023-07-16 21:00:00+00:00,2023-07-17 01:00:00+00:00,246.32,243.0,3.319999999999993,False,OPPOSITE_VISIT_BEFORE_K1,0,1,,,False,,,OPPOSITE_VISIT_BEFORE_K1,2023-07-16 23:20:00+00:00,
60,01:00,3,2023-07-18,Tuesday,2023-07-17 18:00:00+00:00,2023-07-17 21:00:00+00:00,2023-07-17 21:00:00+00:00,2023-07-18 01:00:00+00:00,242.98,239.89,3.0900000000000034,True,,1,0,2023-07-17 21:20:00+00:00,2023-07-17 21:25:00+00:00,True,2023-07-17 21:35:00+00:00,2023-07-17 21:40:00+00:00,H2_ARRIVAL,2023-07-17 21:40:00+00:00,5.0
60,01:00,3,2023-07-19,Wednesday,2023-07-18 18:00:00+00:00,2023-07-18 21:00:00+00:00,2023-07-18 21:00:00+00:00,2023-07-19 01:00:00+00:00,241.45,239.23,2.219999999999999,False,BREAK_BEFORE_K1,0,0,,,False,,,BREAK_BEFORE_K1,2023-07-19 00:30:00+00:00,
60,01:00,3,2023-07-20,Thursday,2023-07-19 18:00:00+00:00,2023-07-19 21:00:00+00:00,2023-07-19 21:00:00+00:00,2023-07-20 01:00:00+00:00,243.0,241.33,1.6699999999999875,False,BREAK_BEFORE_K1,0,0,,,False,,,BREAK_BEFORE_K1,2023-07-19 21:00:00+00:00,
60,01:00,3,2023-07-21,Friday,2023-07-20 18:00:00+00:00,2023-07-20 21:00:00+00:00,2023-07-20 21:00:00+00:00,2023-07-21 01:00:00+00:00,241.88,240.49,1.3899999999999864,True,,1,0,2023-07-20 21:05:00+00:00,2023-07-20 21:10:00+00:00,False,,,BREAK_DURING_K1,2023-07-20 21:10:00+00:00,
60,01:00,3,2023-07-22,Saturday,2023-07-21 18:00:00+00:00,2023-07-21 21:00:00+00:00,2023-07-21 21:00:00+00:00,2023-07-22 01:00:00+00:00,245.13,242.8,2.329999999999984,False,NO_K1,0,0,,,False,,,NO_K1,,
60,01:00,3,2023-07-23,Sunday,2023-07-22 18:00:00+00:00,2023-07-22 21:00:00+00:00,2023-07-22 21:00:00+00:00,2023-07-23 01:00:00+00:00,242.82,241.72,1.0999999999999943,False,BREAK_BEFORE_K1,0,0,,,False,,,BREAK_BEFORE_K1,2023-07-22 23:15:00+00:00,
60,01:00,3,2023-07-24,Monday,2023-07-23 18:00:00+00:00,2023-07-23 21:00:00+00:00,2023-07-23 21:00:00+00:00,2023-07-24 01:00:00+00:00,244.12,241.97,2.1500000000000057,False,OPPOSITE_VISIT_BEFORE_K1,0,1,,,False,,,OPPOSITE_VISIT_BEFORE_K1,2023-07-23 21:40:00+00:00,
60,01:00,3,2023-07-25,Tuesday,2023-07-24 18:00:00+00:00,2023-07-24 21:00:00+00:00,2023-07-24 21:00:00+00:00,2023-07-25 01:00:00+00:00,238.6,237.49,1.1099999999999852,True,,1,0,2023-07-24 21:05:00+00:00,2023-07-24 21:10:00+00:00,True,2023-07-24 21:10:00+00:00,2023-07-24 21:15:00+00:00,H2_ARRIVAL,2023-07-24 21:20:00+00:00,10.0
60,01:00,3,2023-07-26,Wednesday,2023-07-25 18:00:00+00:00,2023-07-25 21:00:00+00:00,2023-07-25 21:00:00+00:00,2023-07-26 01:00:00+00:00,238.55,236.95,1.6000000000000227,False,NO_K1,0,0,,,False,,,NO_K1,,
60,01:00,3,2023-07-27,Thursday,2023-07-26 18:00:00+00:00,2023-07-26 21:00:00+00:00,2023-07-26 21:00:00+00:00,2023-07-27 01:00:00+00:00,239.98,237.03,2.9499999999999886,True,,1,0,2023-07-26 21:00:00+00:00,2023-07-26 21:05:00+00:00,False,,,BREAK_DURING_K1,2023-07-26 21:10:00+00:00,
60,01:00,3,2023-07-28,Friday,2023-07-27 18:00:00+00:00,2023-07-27 21:00:00+00:00,2023-07-27 21:00:00+00:00,2023-07-28 01:00:00+00:00,240.95,239.46,1.4899999999999807,True,,1,0,2023-07-27 21:45:00+00:00,2023-07-27 21:50:00+00:00,True,2023-07-27 21:50:00+00:00,2023-07-27 21:55:00+00:00,H2_ARRIVAL,2023-07-28 00:30:00+00:00,160.0
60,01:00,3,2023-07-29,Saturday,2023-07-28 18:00:00+00:00,2023-07-28 21:00:00+00:00,2023-07-28 21:00:00+00:00,2023-07-29 01:00:00+00:00,243.11,241.57,1.5400000000000205,False,NO_K1,0,0,,,False,,,NO_K1,,
60,01:00,3,2023-07-30,Sunday,2023-07-29 18:00:00+00:00,2023-07-29 21:00:00+00:00,2023-07-29 21:00:00+00:00,2023-07-30 01:00:00+00:00,242.72,241.75,0.9699999999999989,False,BREAK_BEFORE_K1,0,0,,,False,,,BREAK_BEFORE_K1,2023-07-29 23:40:00+00:00,
60,01:00,3,2023-07-31,Monday,2023-07-30 18:00:00+00:00,2023-07-30 21:00:00+00:00,2023-07-30 21:00:00+00:00,2023-07-31 01:00:00+00:00,243.99,240.39,3.6000000000000227,False,NO_K1,0,0,,,False,,,NO_K1,,
60,01:00,3,2023-08-01,Tuesday,2023-07-31 18:00:00+00:00,2023-07-31 21:00:00+00:00,2023-07-31 21:00:00+00:00,2023-08-01 01:00:00+00:00,242.73,240.57,2.1599999999999966,False,NO_K1,0,0,,,False,,,NO_K1,,
60,01:00,3,2023-08-02,Wednesday,2023-08-01 18:00:00+00:00,2023-08-01 21:00:00+00:00,2023-08-01 21:00:00+00:00,2023-08-02 01:00:00+00:00,247.34,245.54,1.8000000000000114,False,OPPOSITE_VISIT_BEFORE_K1,0,1,,,False,,,OPPOSITE_VISIT_BEFORE_K1,2023-08-01 21:35:00+00:00,
60,01:00,3,2023-08-03,Thursday,2023-08-02 18:00:00+00:00,2023-08-02 21:00:00+00:00,2023-08-02 21:00:00+00:00,2023-08-03 01:00:00+00:00,242.25,240.37,1.8799999999999955,True,,1,0,2023-08-02 22:10:00+00:00,2023-08-02 22:15:00+00:00,True,2023-08-02 22:15:00+00:00,2023-08-02 22:20:00+00:00,OPPOSITE_BREAK_BEFORE_H2,2023-08-03 00:55:00+00:00,
60,01:00,3,2023-08-04,Friday,2023-08-03 18:00:00+00:00,2023-08-03 21:00:00+00:00,2023-08-03 21:00:00+00:00,2023-08-04 01:00:00+00:00,241.74,240.52,1.2199999999999989,False,BREAK_BEFORE_K1,0,0,,,False,,,BREAK_BEFORE_K1,2023-08-03 22:05:00+00:00,
60,01:00,3,2023-08-05,Saturday,2023-08-04 18:00:00+00:00,2023-08-04 21:00:00+00:00,2023-08-04 21:00:00+00:00,2023-08-05 01:00:00+00:00,242.56,240.11,2.4499999999999886,False,NO_K1,0,0,,,False,,,NO_K1,,
60,01:00,3,2023-08-06,Sunday,2023-08-05 18:00:00+00:00,2023-08-05 21:00:00+00:00,2023-08-05 21:00:00+00:00,2023-08-06 01:00:00+00:00,243.2,242.48,0.7199999999999989,False,BREAK_BEFORE_K1,0,0,,,False,,,BREAK_BEFORE_K1,2023-08-05 21:15:00+00:00,
60,01:00,3,2023-08-07,Monday,2023-08-06 18:00:00+00:00,2023-08-06 21:00:00+00:00,2023-08-06 21:00:00+00:00,2023-08-07 01:00:00+00:00,244.31,243.15,1.1599999999999966,False,BREAK_BEFORE_K1,0,0,,,False,,,BREAK_BEFORE_K1,2023-08-06 21:50:00+00:00,
60,01:00,3,2023-08-08,Tuesday,2023-08-07 18:00:00+00:00,2023-08-07 21:00:00+00:00,2023-08-07 21:00:00+00:00,2023-08-08 01:00:00+00:00,242.0,240.54,1.460000000000008,False,BREAK_BEFORE_K1,0,0,,,False,,,BREAK_BEFORE_K1,2023-08-07 21:25:00+00:00,
60,01:00,3,2023-08-09,Wednesday,2023-08-08 18:00:00+00:00,2023-08-08 21:00:00+00:00,2023-08-08 21:00:00+00:00,2023-08-09 01:00:00+00:00,248.58,245.04,3.5400000000000205,False,OPPOSITE_VISIT_BEFORE_K1,0,1,,,False,,,OPPOSITE_VISIT_BEFORE_K1,2023-08-09 00:00:00+00:00,
60,01:00,3,2023-08-10,Thursday,2023-08-09 18:00:00+00:00,2023-08-09 21:00:00+00:00,2023-08-09 21:00:00+00:00,2023-08-10 01:00:00+00:00,243.6,242.71,0.8899999999999864,True,,1,0,2023-08-09 21:00:00+00:00,2023-08-09 21:05:00+00:00,True,2023-08-09 21:05:00+00:00,2023-08-09 21:10:00+00:00,H2_ARRIVAL,2023-08-09 22:05:00+00:00,60.0
60,01:00,3,2023-08-11,Friday,2023-08-10 18:00:00+00:00,2023-08-10 21:00:00+00:00,2023-08-10 21:00:00+00:00,2023-08-11 01:00:00+00:00,241.25,240.34,0.9099999999999966,True,,1,0,2023-08-10 22:30:00+00:00,2023-08-10 22:35:00+00:00,True,2023-08-10 22:40:00+00:00,2023-08-10 22:45:00+00:00,H2_ARRIVAL,2023-08-10 23:20:00+00:00,40.0
60,01:00,3,2023-08-12,Saturday,2023-08-11 18:00:00+00:00,2023-08-11 21:00:00+00:00,2023-08-11 21:00:00+00:00,2023-08-12 01:00:00+00:00,239.24,238.5,0.7400000000000091,True,,1,0,2023-08-11 23:20:00+00:00,2023-08-11 23:25:00+00:00,False,,,BREAK_DURING_K1,2023-08-11 23:25:00+00:00,
60,01:00,3,2023-08-13,Sunday,2023-08-12 18:00:00+00:00,2023-08-12 21:00:00+00:00,2023-08-12 21:00:00+00:00,2023-08-13 01:00:00+00:00,240.72,240.2,0.5200000000000102,False,OPPOSITE_VISIT_BEFORE_K1,0,1,,,False,,,OPPOSITE_VISIT_BEFORE_K1,2023-08-12 21:30:00+00:00,
60,01:00,3,2023-08-14,Monday,2023-08-13 18:00:00+00:00,2023-08-13 21:00:00+00:00,2023-08-13 21:00:00+00:00,2023-08-14 01:00:00+00:00,241.75,240.67,1.0800000000000125,False,BREAK_BEFORE_K1,0,0,,,False,,,BREAK_BEFORE_K1,2023-08-13 21:35:00+00:00,
60,01:00,3,2023-08-15,Tuesday,2023-08-14 18:00:00+00:00,2023-08-14 21:00:00+00:00,2023-08-14 21:00:00+00:00,2023-08-15 01:00:00+00:00,240.46,239.68,0.7800000000000011,False,BREAK_BEFORE_K1,0,0,,,False,,,BREAK_BEFORE_K1,2023-08-14 21:40:00+00:00,
60,01:00,3,2023-08-16,Wednesday,2023-08-15 18:00:00+00:00,2023-08-15 21:00:00+00:00,2023-08-15 21:00:00+00:00,2023-08-16 01:00:00+00:00,239.3,232.21,7.090000000000003,False,NO_K1,0,0,,,False,,,NO_K1,,
60,01:00,3,2023-08-17,Thursday,2023-08-16 18:00:00+00:00,2023-08-16 21:00:00+00:00,2023-08-16 21:00:00+00:00,2023-08-17 01:00:00+00:00,235.23,230.6,4.6299999999999955,False,OPPOSITE_VISIT_BEFORE_K1,0,1,,,False,,,OPPOSITE_VISIT_BEFORE_K1,2023-08-16 21:10:00+00:00,
60,01:00,3,2023-08-18,Friday,2023-08-17 18:00:00+00:00,2023-08-17 21:00:00+00:00,2023-08-17 21:00:00+00:00,2023-08-18 01:00:00+00:00,226.64,223.5,3.1399999999999864,False,BREAK_BEFORE_K1,0,0,,,False,,,BREAK_BEFORE_K1,2023-08-17 21:10:00+00:00,
60,01:00,3,2023-08-19,Saturday,2023-08-18 18:00:00+00:00,2023-08-18 21:00:00+00:00,2023-08-18 21:00:00+00:00,2023-08-19 01:00:00+00:00,217.82,215.54,2.280000000000001,False,NO_K1,0,0,,,False,,,NO_K1,,
60,01:00,3,2023-08-20,Sunday,2023-08-19 18:00:00+00:00,2023-08-19 21:00:00+00:00,2023-08-19 21:00:00+00:00,2023-08-20 01:00:00+00:00,217.6,215.5,2.0999999999999943,False,NO_K1,0,0,,,False,,,NO_K1,,
60,01:00,3,2023-08-21,Monday,2023-08-20 18:00:00+00:00,2023-08-20 21:00:00+00:00,2023-08-20 21:00:00+00:00,2023-08-21 01:00:00+00:00,218.0,216.39,1.6100000000000136,False,BREAK_BEFORE_K1,0,0,,,False,,,BREAK_BEFORE_K1,2023-08-20 23:10:00+00:00,
60,01:00,3,2023-08-22,Tuesday,2023-08-21 18:00:00+00:00,2023-08-21 21:00:00+00:00,2023-08-21 21:00:00+00:00,2023-08-22 01:00:00+00:00,211.5,209.26,2.240000000000009,False,BREAK_BEFORE_K1,0,0,,,False,,,BREAK_BEFORE_K1,2023-08-21 21:00:00+00:00,
60,01:00,3,2023-08-23,Wednesday,2023-08-22 18:00:00+00:00,2023-08-22 21:00:00+00:00,2023-08-22 21:00:00+00:00,2023-08-23 01:00:00+00:00,211.48,204.43,7.049999999999983,False,OPPOSITE_VISIT_BEFORE_K1,0,1,,,False,,,OPPOSITE_VISIT_BEFORE_K1,2023-08-22 21:25:00+00:00,
60,01:00,3,2023-08-24,Thursday,2023-08-23 18:00:00+00:00,2023-08-23 21:00:00+00:00,2023-08-23 21:00:00+00:00,2023-08-24 01:00:00+00:00,218.63,216.42,2.210000000000008,False,OPPOSITE_VISIT_BEFORE_K1,0,1,,,False,,,OPPOSITE_VISIT_BEFORE_K1,2023-08-23 21:00:00+00:00,
60,01:00,3,2023-08-25,Friday,2023-08-24 18:00:00+00:00,2023-08-24 21:00:00+00:00,2023-08-24 21:00:00+00:00,2023-08-25 01:00:00+00:00,218.02,215.4,2.6200000000000045,False,BREAK_BEFORE_K1,0,0,,,False,,,BREAK_BEFORE_K1,2023-08-24 23:40:00+00:00,
60,01:00,3,2023-08-26,Saturday,2023-08-25 18:00:00+00:00,2023-08-25 21:00:00+00:00,2023-08-25 21:00:00+00:00,2023-08-26 01:00:00+00:00,218.37,216.96,1.4099999999999966,True,,1,0,2023-08-25 22:10:00+00:00,2023-08-25 22:15:00+00:00,True,2023-08-25 22:15:00+00:00,2023-08-25 22:20:00+00:00,H2_ARRIVAL,2023-08-25 23:50:00+00:00,95.0
60,01:00,3,2023-08-27,Sunday,2023-08-26 18:00:00+00:00,2023-08-26 21:00:00+00:00,2023-08-26 21:00:00+00:00,2023-08-27 01:00:00+00:00,216.77,216.16,0.6100000000000136,False,BREAK_BEFORE_K1,0,0,,,False,,,BREAK_BEFORE_K1,2023-08-26 23:10:00+00:00,
60,01:00,3,2023-08-28,Monday,2023-08-27 18:00:00+00:00,2023-08-27 21:00:00+00:00,2023-08-27 21:00:00+00:00,2023-08-28 01:00:00+00:00,219.08,218.03,1.0500000000000114,False,BREAK_BEFORE_K1,0,0,,,False,,,BREAK_BEFORE_K1,2023-08-27 21:50:00+00:00,
60,01:00,3,2023-08-29,Tuesday,2023-08-28 18:00:00+00:00,2023-08-28 21:00:00+00:00,2023-08-28 21:00:00+00:00,2023-08-29 01:00:00+00:00,218.88,217.28,1.5999999999999943,False,BREAK_BEFORE_K1,0,0,,,False,,,BREAK_BEFORE_K1,2023-08-28 23:15:00+00:00,
60,01:00,3,2023-08-30,Wednesday,2023-08-29 18:00:00+00:00,2023-08-29 21:00:00+00:00,2023-08-29 21:00:00+00:00,2023-08-30 01:00:00+00:00,229.16,225.85,3.3100000000000023,False,OPPOSITE_VISIT_BEFORE_K1,0,1,,,False,,,OPPOSITE_VISIT_BEFORE_K1,2023-08-29 21:00:00+00:00,
60,01:00,3,2023-08-31,Thursday,2023-08-30 18:00:00+00:00,2023-08-30 21:00:00+00:00,2023-08-30 21:00:00+00:00,2023-08-31 01:00:00+00:00,223.71,222.23,1.4800000000000182,True,,1,0,2023-08-30 21:10:00+00:00,2023-08-30 21:15:00+00:00,True,2023-08-30 21:20:00+00:00,2023-08-30 21:25:00+00:00,H2_ARRIVAL,2023-08-30 23:05:00+00:00,105.0
60,01:00,3,2023-09-01,Friday,2023-08-31 18:00:00+00:00,2023-08-31 21:00:00+00:00,2023-08-31 21:00:00+00:00,2023-09-01 01:00:00+00:00,218.41,215.73,2.680000000000007,False,BREAK_BEFORE_K1,0,0,,,False,,,BREAK_BEFORE_K1,2023-08-31 21:05:00+00:00,
60,01:00,3,2023-09-02,Saturday,2023-09-01 18:00:00+00:00,2023-09-01 21:00:00+00:00,2023-09-01 21:00:00+00:00,2023-09-02 01:00:00+00:00,215.03,211.51,3.5200000000000102,False,NO_K1,0,0,,,False,,,NO_K1,,
60,01:00,3,2023-09-03,Sunday,2023-09-02 18:00:00+00:00,2023-09-02 21:00:00+00:00,2023-09-02 21:00:00+00:00,2023-09-03 01:00:00+00:00,214.11,213.0,1.1100000000000136,False,BREAK_BEFORE_K1,0,0,,,False,,,BREAK_BEFORE_K1,2023-09-02 21:15:00+00:00,
60,01:00,3,2023-09-04,Monday,2023-09-03 18:00:00+00:00,2023-09-03 21:00:00+00:00,2023-09-03 21:00:00+00:00,2023-09-04 01:00:00+00:00,214.82,213.87,0.9499999999999886,False,NO_K1,0,0,,,False,,,NO_K1,,
60,01:00,3,2023-09-05,Tuesday,2023-09-04 18:00:00+00:00,2023-09-04 21:00:00+00:00,2023-09-04 21:00:00+00:00,2023-09-05 01:00:00+00:00,215.91,215.1,0.8100000000000023,False,BREAK_BEFORE_K1,0,0,,,False,,,BREAK_BEFORE_K1,2023-09-04 21:10:00+00:00,
60,01:00,3,2023-09-06,Wednesday,2023-09-05 18:00:00+00:00,2023-09-05 21:00:00+00:00,2023-09-05 21:00:00+00:00,2023-09-06 01:00:00+00:00,215.38,214.11,1.2699999999999818,False,OPPOSITE_VISIT_BEFORE_K1,0,1,,,False,,,OPPOSITE_VISIT_BEFORE_K1,2023-09-05 22:00:00+00:00,
60,01:00,3,2023-09-07,Thursday,2023-09-06 18:00:00+00:00,2023-09-06 21:00:00+00:00,2023-09-06 21:00:00+00:00,2023-09-07 01:00:00+00:00,217.43,214.14,3.2900000000000205,False,NO_K1,0,0,,,False,,,NO_K1,,
60,01:00,3,2023-09-08,Friday,2023-09-07 18:00:00+00:00,2023-09-07 21:00:00+00:00,2023-09-07 21:00:00+00:00,2023-09-08 01:00:00+00:00,215.47,214.44,1.0300000000000011,False,BREAK_BEFORE_K1,0,0,,,False,,,BREAK_BEFORE_K1,2023-09-07 21:00:00+00:00,
60,01:00,3,2023-09-09,Saturday,2023-09-08 18:00:00+00:00,2023-09-08 21:00:00+00:00,2023-09-08 21:00:00+00:00,2023-09-09 01:00:00+00:00,214.43,213.4,1.0300000000000011,True,,1,0,2023-09-08 21:10:00+00:00,2023-09-08 21:15:00+00:00,True,2023-09-08 21:15:00+00:00,2023-09-08 21:20:00+00:00,H2_ARRIVAL,2023-09-08 21:50:00+00:00,35.0
60,01:00,3,2023-09-10,Sunday,2023-09-09 18:00:00+00:00,2023-09-09 21:00:00+00:00,2023-09-09 21:00:00+00:00,2023-09-10 01:00:00+00:00,214.93,214.55,0.37999999999999545,False,OPPOSITE_VISIT_BEFORE_K1,0,1,,,False,,,OPPOSITE_VISIT_BEFORE_K1,2023-09-09 21:00:00+00:00,
60,01:00,3,2023-09-11,Monday,2023-09-10 18:00:00+00:00,2023-09-10 21:00:00+00:00,2023-09-10 21:00:00+00:00,2023-09-11 01:00:00+00:00,213.5,211.1,2.4000000000000057,True,,1,0,2023-09-10 21:15:00+00:00,2023-09-10 21:20:00+00:00,True,2023-09-10 21:35:00+00:00,2023-09-10 21:40:00+00:00,H2_ARRIVAL,2023-09-10 22:15:00+00:00,40.0
60,01:00,3,2023-09-12,Tuesday,2023-09-11 18:00:00+00:00,2023-09-11 21:00:00+00:00,2023-09-11 21:00:00+00:00,2023-09-12 01:00:00+00:00,207.04,203.75,3.289999999999992,False,NO_K1,0,0,,,False,,,NO_K1,,
60,01:00,3,2023-09-13,Wednesday,2023-09-12 18:00:00+00:00,2023-09-12 21:00:00+00:00,2023-09-12 21:00:00+00:00,2023-09-13 01:00:00+00:00,213.63,210.63,3.0,False,BREAK_BEFORE_K1,0,0,,,False,,,BREAK_BEFORE_K1,2023-09-12 23:50:00+00:00,
60,01:00,3,2023-09-14,Thursday,2023-09-13 18:00:00+00:00,2023-09-13 21:00:00+00:00,2023-09-13 21:00:00+00:00,2023-09-14 01:00:00+00:00,212.64,211.16,1.4799999999999898,True,,1,0,2023-09-13 21:25:00+00:00,2023-09-13 21:30:00+00:00,False,,,BREAK_DURING_K1,2023-09-13 21:30:00+00:00,
60,01:00,3,2023-09-15,Friday,2023-09-14 18:00:00+00:00,2023-09-14 21:00:00+00:00,2023-09-14 21:00:00+00:00,2023-09-15 01:00:00+00:00,213.06,211.6,1.460000000000008,False,NO_K1,0,0,,,False,,,NO_K1,,
60,01:00,3,2023-09-16,Saturday,2023-09-15 18:00:00+00:00,2023-09-15 21:00:00+00:00,2023-09-15 21:00:00+00:00,2023-09-16 01:00:00+00:00,212.5,211.6,0.9000000000000057,False,BREAK_BEFORE_K1,0,0,,,False,,,BREAK_BEFORE_K1,2023-09-15 21:00:00+00:00,
60,01:00,3,2023-09-17,Sunday,2023-09-16 18:00:00+00:00,2023-09-16 21:00:00+00:00,2023-09-16 21:00:00+00:00,2023-09-17 01:00:00+00:00,214.77,214.06,0.710000000000008,True,,1,0,2023-09-16 21:25:00+00:00,2023-09-16 21:30:00+00:00,True,2023-09-16 21:30:00+00:00,2023-09-16 21:35:00+00:00,H2_ARRIVAL,2023-09-16 21:35:00+00:00,5.0
60,01:00,3,2023-09-18,Monday,2023-09-17 18:00:00+00:00,2023-09-17 21:00:00+00:00,2023-09-17 21:00:00+00:00,2023-09-18 01:00:00+00:00,216.49,214.97,1.5200000000000102,True,,1,0,2023-09-18 00:05:00+00:00,2023-09-18 00:10:00+00:00,True,2023-09-18 00:20:00+00:00,2023-09-18 00:25:00+00:00,NO_H2_BY_END,,
60,01:00,3,2023-09-19,Tuesday,2023-09-18 18:00:00+00:00,2023-09-18 21:00:00+00:00,2023-09-18 21:00:00+00:00,2023-09-19 01:00:00+00:00,217.21,215.26,1.950000000000017,False,BREAK_BEFORE_K1,0,0,,,False,,,BREAK_BEFORE_K1,2023-09-18 21:00:00+00:00,
60,01:00,3,2023-09-20,Wednesday,2023-09-19 18:00:00+00:00,2023-09-19 21:00:00+00:00,2023-09-19 21:00:00+00:00,2023-09-20 01:00:00+00:00,217.44,216.43,1.009999999999991,False,BREAK_BEFORE_K1,0,0,,,False,,,BREAK_BEFORE_K1,2023-09-19 21:25:00+00:00,
60,01:00,3,2023-09-21,Thursday,2023-09-20 18:00:00+00:00,2023-09-20 21:00:00+00:00,2023-09-20 21:00:00+00:00,2023-09-21 01:00:00+00:00,216.97,212.78,4.189999999999998,True,,1,0,2023-09-20 22:35:00+00:00,2023-09-20 22:40:00+00:00,True,2023-09-20 22:40:00+00:00,2023-09-20 22:45:00+00:00,NO_H2_BY_END,,
60,01:00,3,2023-09-22,Friday,2023-09-21 18:00:00+00:00,2023-09-21 21:00:00+00:00,2023-09-21 21:00:00+00:00,2023-09-22 01:00:00+00:00,211.21,209.93,1.2800000000000011,True,,1,0,2023-09-22 00:00:00+00:00,2023-09-22 00:05:00+00:00,True,2023-09-22 00:05:00+00:00,2023-09-22 00:10:00+00:00,H2_ARRIVAL,2023-09-22 00:10:00+00:00,5.0
60,01:00,3,2023-09-23,Saturday,2023-09-22 18:00:00+00:00,2023-09-22 21:00:00+00:00,2023-09-22 21:00:00+00:00,2023-09-23 01:00:00+00:00,211.29,210.25,1.039999999999992,False,OPPOSITE_VISIT_BEFORE_K1,0,1,,,False,,,OPPOSITE_VISIT_BEFORE_K1,2023-09-22 21:05:00+00:00,
60,01:00,3,2023-09-24,Sunday,2023-09-23 18:00:00+00:00,2023-09-23 21:00:00+00:00,2023-09-23 21:00:00+00:00,2023-09-24 01:00:00+00:00,210.88,210.27,0.6099999999999852,False,OPPOSITE_VISIT_BEFORE_K1,0,1,,,False,,,OPPOSITE_VISIT_BEFORE_K1,2023-09-23 22:30:00+00:00,
60,01:00,3,2023-09-25,Monday,2023-09-24 18:00:00+00:00,2023-09-24 21:00:00+00:00,2023-09-24 21:00:00+00:00,2023-09-25 01:00:00+00:00,211.36,208.55,2.8100000000000023,False,BREAK_BEFORE_K1,0,0,,,False,,,BREAK_BEFORE_K1,2023-09-24 23:25:00+00:00,
60,01:00,3,2023-09-26,Tuesday,2023-09-25 18:00:00+00:00,2023-09-25 21:00:00+00:00,2023-09-25 21:00:00+00:00,2023-09-26 01:00:00+00:00,210.69,209.57,1.1200000000000045,False,NO_K1,0,0,,,False,,,NO_K1,,
60,01:00,3,2023-09-27,Wednesday,2023-09-26 18:00:00+00:00,2023-09-26 21:00:00+00:00,2023-09-26 21:00:00+00:00,2023-09-27 01:00:00+00:00,212.56,211.54,1.0200000000000102,False,OPPOSITE_VISIT_BEFORE_K1,0,1,,,False,,,OPPOSITE_VISIT_BEFORE_K1,2023-09-26 21:05:00+00:00,
60,01:00,3,2023-09-28,Thursday,2023-09-27 18:00:00+00:00,2023-09-27 21:00:00+00:00,2023-09-27 21:00:00+00:00,2023-09-28 01:00:00+00:00,212.18,210.52,1.6599999999999966,False,BREAK_BEFORE_K1,0,0,,,False,,,BREAK_BEFORE_K1,2023-09-27 23:40:00+00:00,
60,01:00,3,2023-09-29,Friday,2023-09-28 18:00:00+00:00,2023-09-28 21:00:00+00:00,2023-09-28 21:00:00+00:00,2023-09-29 01:00:00+00:00,216.06,214.31,1.75,False,NO_K1,0,0,,,False,,,NO_K1,,
60,01:00,3,2023-09-30,Saturday,2023-09-29 18:00:00+00:00,2023-09-29 21:00:00+00:00,2023-09-29 21:00:00+00:00,2023-09-30 01:00:00+00:00,216.12,214.82,1.3000000000000114,False,NO_K1,0,0,,,False,,,NO_K1,,
60,01:00,3,2023-10-01,Sunday,2023-09-30 18:00:00+00:00,2023-09-30 21:00:00+00:00,2023-09-30 21:00:00+00:00,2023-10-01 01:00:00+00:00,216.06,215.45,0.6100000000000136,False,BREAK_BEFORE_K1,0,0,,,False,,,BREAK_BEFORE_K1,2023-09-30 21:40:00+00:00,
60,01:00,3,2023-10-02,Monday,2023-10-01 18:00:00+00:00,2023-10-01 21:00:00+00:00,2023-10-01 21:00:00+00:00,2023-10-02 01:00:00+00:00,214.55,213.3,1.25,False,BREAK_BEFORE_K1,0,0,,,False,,,BREAK_BEFORE_K1,2023-10-01 22:10:00+00:00,
60,01:00,3,2023-10-03,Tuesday,2023-10-02 18:00:00+00:00,2023-10-02 21:00:00+00:00,2023-10-02 21:00:00+00:00,2023-10-03 01:00:00+00:00,216.73,213.19,3.539999999999992,False,NO_K1,0,0,,,False,,,NO_K1,,
60,01:00,3,2023-10-04,Wednesday,2023-10-03 18:00:00+00:00,2023-10-03 21:00:00+00:00,2023-10-03 21:00:00+00:00,2023-10-04 01:00:00+00:00,213.91,212.34,1.5699999999999932,False,OPPOSITE_VISIT_BEFORE_K1,0,1,,,False,,,OPPOSITE_VISIT_BEFORE_K1,2023-10-04 00:20:00+00:00,
60,01:00,3,2023-10-05,Thursday,2023-10-04 18:00:00+00:00,2023-10-04 21:00:00+00:00,2023-10-04 21:00:00+00:00,2023-10-05 01:00:00+00:00,213.72,212.27,1.4499999999999886,False,BREAK_BEFORE_K1,0,0,,,False,,,BREAK_BEFORE_K1,2023-10-04 23:00:00+00:00,
60,01:00,3,2023-10-06,Friday,2023-10-05 18:00:00+00:00,2023-10-05 21:00:00+00:00,2023-10-05 21:00:00+00:00,2023-10-06 01:00:00+00:00,211.3,210.32,0.9800000000000182,True,,1,0,2023-10-05 22:25:00+00:00,2023-10-05 22:30:00+00:00,True,2023-10-05 22:30:00+00:00,2023-10-05 22:35:00+00:00,H2_ARRIVAL,2023-10-05 22:45:00+00:00,15.0
60,01:00,3,2023-10-07,Saturday,2023-10-06 18:00:00+00:00,2023-10-06 21:00:00+00:00,2023-10-06 21:00:00+00:00,2023-10-07 01:00:00+00:00,214.14,213.3,0.839999999999975,False,OPPOSITE_VISIT_BEFORE_K1,0,1,,,False,,,OPPOSITE_VISIT_BEFORE_K1,2023-10-06 21:05:00+00:00,
60,01:00,3,2023-10-08,Sunday,2023-10-07 18:00:00+00:00,2023-10-07 21:00:00+00:00,2023-10-07 21:00:00+00:00,2023-10-08 01:00:00+00:00,212.55,211.63,0.9200000000000159,False,NO_K1,0,0,,,False,,,NO_K1,,
60,01:00,3,2023-10-09,Monday,2023-10-08 18:00:00+00:00,2023-10-08 21:00:00+00:00,2023-10-08 21:00:00+00:00,2023-10-09 01:00:00+00:00,212.0,211.09,0.9099999999999966,False,BREAK_BEFORE_K1,0,0,,,False,,,BREAK_BEFORE_K1,2023-10-08 21:00:00+00:00,
60,01:00,3,2023-10-10,Tuesday,2023-10-09 18:00:00+00:00,2023-10-09 21:00:00+00:00,2023-10-09 21:00:00+00:00,2023-10-10 01:00:00+00:00,207.5,205.17,2.3300000000000125,False,OPPOSITE_VISIT_BEFORE_K1,0,1,,,False,,,OPPOSITE_VISIT_BEFORE_K1,2023-10-09 21:10:00+00:00,
60,01:00,3,2023-10-11,Wednesday,2023-10-10 18:00:00+00:00,2023-10-10 21:00:00+00:00,2023-10-10 21:00:00+00:00,2023-10-11 01:00:00+00:00,209.3,207.13,2.170000000000016,False,NO_K1,0,0,,,False,,,NO_K1,,
60,01:00,3,2023-10-12,Thursday,2023-10-11 18:00:00+00:00,2023-10-11 21:00:00+00:00,2023-10-11 21:00:00+00:00,2023-10-12 01:00:00+00:00,206.39,204.65,1.7399999999999807,True,,1,0,2023-10-11 21:20:00+00:00,2023-10-11 21:25:00+00:00,True,2023-10-11 21:25:00+00:00,2023-10-11 21:30:00+00:00,H2_ARRIVAL,2023-10-11 22:05:00+00:00,40.0
60,01:00,3,2023-10-13,Friday,2023-10-12 18:00:00+00:00,2023-10-12 21:00:00+00:00,2023-10-12 21:00:00+00:00,2023-10-13 01:00:00+00:00,206.0,204.94,1.0600000000000023,False,OPPOSITE_VISIT_BEFORE_K1,0,1,,,False,,,OPPOSITE_VISIT_BEFORE_K1,2023-10-12 21:05:00+00:00,
60,01:00,3,2023-10-14,Saturday,2023-10-13 18:00:00+00:00,2023-10-13 21:00:00+00:00,2023-10-13 21:00:00+00:00,2023-10-14 01:00:00+00:00,207.54,205.25,2.289999999999992,False,BREAK_BEFORE_K1,0,0,,,False,,,BREAK_BEFORE_K1,2023-10-13 21:00:00+00:00,
60,01:00,3,2023-10-15,Sunday,2023-10-14 18:00:00+00:00,2023-10-14 21:00:00+00:00,2023-10-14 21:00:00+00:00,2023-10-15 01:00:00+00:00,206.84,206.14,0.700000000000017,False,BREAK_BEFORE_K1,0,0,,,False,,,BREAK_BEFORE_K1,2023-10-14 21:05:00+00:00,
60,01:00,3,2023-10-16,Monday,2023-10-15 18:00:00+00:00,2023-10-15 21:00:00+00:00,2023-10-15 21:00:00+00:00,2023-10-16 01:00:00+00:00,210.5,209.25,1.25,False,OPPOSITE_VISIT_BEFORE_K1,0,1,,,False,,,OPPOSITE_VISIT_BEFORE_K1,2023-10-15 22:45:00+00:00,
60,01:00,3,2023-10-17,Tuesday,2023-10-16 18:00:00+00:00,2023-10-16 21:00:00+00:00,2023-10-16 21:00:00+00:00,2023-10-17 01:00:00+00:00,215.36,213.45,1.910000000000025,True,,1,0,2023-10-16 22:45:00+00:00,2023-10-16 22:50:00+00:00,False,,,BREAK_DURING_K1,2023-10-16 23:10:00+00:00,
60,01:00,3,2023-10-18,Wednesday,2023-10-17 18:00:00+00:00,2023-10-17 21:00:00+00:00,2023-10-17 21:00:00+00:00,2023-10-18 01:00:00+00:00,211.99,210.68,1.3100000000000023,False,NO_K1,0,0,,,False,,,NO_K1,,
60,01:00,3,2023-10-19,Thursday,2023-10-18 18:00:00+00:00,2023-10-18 21:00:00+00:00,2023-10-18 21:00:00+00:00,2023-10-19 01:00:00+00:00,211.68,210.11,1.5699999999999932,False,OPPOSITE_VISIT_BEFORE_K1,0,1,,,False,,,OPPOSITE_VISIT_BEFORE_K1,2023-10-18 21:10:00+00:00,
60,01:00,3,2023-10-20,Friday,2023-10-19 18:00:00+00:00,2023-10-19 21:00:00+00:00,2023-10-19 21:00:00+00:00,2023-10-20 01:00:00+00:00,210.99,210.3,0.6899999999999977,False,OPPOSITE_VISIT_BEFORE_K1,0,1,,,False,,,OPPOSITE_VISIT_BEFORE_K1,2023-10-19 21:20:00+00:00,
60,01:00,3,2023-10-21,Saturday,2023-10-20 18:00:00+00:00,2023-10-20 21:00:00+00:00,2023-10-20 21:00:00+00:00,2023-10-21 01:00:00+00:00,213.36,212.57,0.7900000000000205,False,BREAK_BEFORE_K1,0,0,,,False,,,BREAK_BEFORE_K1,2023-10-20 21:30:00+00:00,
60,01:00,3,2023-10-22,Sunday,2023-10-21 18:00:00+00:00,2023-10-21 21:00:00+00:00,2023-10-21 21:00:00+00:00,2023-10-22 01:00:00+00:00,215.99,214.25,1.740000000000009,False,OPPOSITE_VISIT_BEFORE_K1,0,1,,,False,,,OPPOSITE_VISIT_BEFORE_K1,2023-10-21 23:30:00+00:00,
60,01:00,3,2023-10-23,Monday,2023-10-22 18:00:00+00:00,2023-10-22 21:00:00+00:00,2023-10-22 21:00:00+00:00,2023-10-23 01:00:00+00:00,215.88,215.14,0.7400000000000091,False,BREAK_BEFORE_K1,0,0,,,False,,,BREAK_BEFORE_K1,2023-10-22 21:15:00+00:00,
60,01:00,3,2023-10-24,Tuesday,2023-10-23 18:00:00+00:00,2023-10-23 21:00:00+00:00,2023-10-23 21:00:00+00:00,2023-10-24 01:00:00+00:00,223.56,219.47,4.090000000000003,False,BREAK_BEFORE_K1,0,0,,,False,,,BREAK_BEFORE_K1,2023-10-23 21:30:00+00:00,
60,01:00,3,2023-10-25,Wednesday,2023-10-24 18:00:00+00:00,2023-10-24 21:00:00+00:00,2023-10-24 21:00:00+00:00,2023-10-25 01:00:00+00:00,226.2,222.83,3.369999999999976,True,,1,0,2023-10-24 22:10:00+00:00,2023-10-24 22:15:00+00:00,False,,,BREAK_DURING_K1,2023-10-24 22:20:00+00:00,
60,01:00,3,2023-10-26,Thursday,2023-10-25 18:00:00+00:00,2023-10-25 21:00:00+00:00,2023-10-25 21:00:00+00:00,2023-10-26 01:00:00+00:00,225.15,222.58,2.569999999999993,False,OPPOSITE_VISIT_BEFORE_K1,0,1,,,False,,,OPPOSITE_VISIT_BEFORE_K1,2023-10-25 21:00:00+00:00,
60,01:00,3,2023-10-27,Friday,2023-10-26 18:00:00+00:00,2023-10-26 21:00:00+00:00,2023-10-26 21:00:00+00:00,2023-10-27 01:00:00+00:00,223.41,221.56,1.8499999999999943,False,BREAK_BEFORE_K1,0,0,,,False,,,BREAK_BEFORE_K1,2023-10-26 21:10:00+00:00,
60,01:00,3,2023-10-28,Saturday,2023-10-27 18:00:00+00:00,2023-10-27 21:00:00+00:00,2023-10-27 21:00:00+00:00,2023-10-28 01:00:00+00:00,224.62,221.0,3.6200000000000045,False,BREAK_BEFORE_K1,0,0,,,False,,,BREAK_BEFORE_K1,2023-10-27 21:00:00+00:00,
60,01:00,3,2023-10-29,Sunday,2023-10-28 18:00:00+00:00,2023-10-28 21:00:00+00:00,2023-10-28 21:00:00+00:00,2023-10-29 01:00:00+00:00,226.39,225.15,1.2399999999999807,True,,1,0,2023-10-28 21:40:00+00:00,2023-10-28 21:45:00+00:00,False,,,BREAK_DURING_K1,2023-10-28 21:50:00+00:00,
60,01:00,3,2023-10-30,Monday,2023-10-29 18:00:00+00:00,2023-10-29 21:00:00+00:00,2023-10-29 21:00:00+00:00,2023-10-30 01:00:00+00:00,227.38,226.37,1.009999999999991,True,,1,0,2023-10-29 21:05:00+00:00,2023-10-29 21:10:00+00:00,False,,,BREAK_DURING_K1,2023-10-29 21:10:00+00:00,
60,01:00,3,2023-10-31,Tuesday,2023-10-30 18:00:00+00:00,2023-10-30 21:00:00+00:00,2023-10-30 21:00:00+00:00,2023-10-31 01:00:00+00:00,228.54,226.84,1.6999999999999886,True,,1,0,2023-10-30 21:30:00+00:00,2023-10-30 21:35:00+00:00,False,,,BREAK_DURING_K1,2023-10-30 21:35:00+00:00,
60,01:00,3,2023-11-01,Wednesday,2023-10-31 18:00:00+00:00,2023-10-31 21:00:00+00:00,2023-10-31 21:00:00+00:00,2023-11-01 01:00:00+00:00,226.7,225.07,1.6299999999999955,False,BREAK_BEFORE_K1,0,0,,,False,,,BREAK_BEFORE_K1,2023-11-01 00:15:00+00:00,
60,01:00,3,2023-11-02,Thursday,2023-11-01 18:00:00+00:00,2023-11-01 21:00:00+00:00,2023-11-01 21:00:00+00:00,2023-11-02 01:00:00+00:00,228.98,224.51,4.469999999999999,False,BREAK_BEFORE_K1,0,0,,,False,,,BREAK_BEFORE_K1,2023-11-01 21:00:00+00:00,
60,01:00,3,2023-11-03,Friday,2023-11-02 18:00:00+00:00,2023-11-02 21:00:00+00:00,2023-11-02 21:00:00+00:00,2023-11-03 01:00:00+00:00,233.17,230.81,2.359999999999985,False,OPPOSITE_VISIT_BEFORE_K1,0,1,,,False,,,OPPOSITE_VISIT_BEFORE_K1,2023-11-02 22:40:00+00:00,
60,01:00,3,2023-11-04,Saturday,2023-11-03 18:00:00+00:00,2023-11-03 21:00:00+00:00,2023-11-03 21:00:00+00:00,2023-11-04 01:00:00+00:00,230.07,227.99,2.079999999999984,False,BREAK_BEFORE_K1,0,0,,,False,,,BREAK_BEFORE_K1,2023-11-03 21:05:00+00:00,
60,01:00,3,2023-11-05,Sunday,2023-11-04 18:00:00+00:00,2023-11-04 21:00:00+00:00,2023-11-04 21:00:00+00:00,2023-11-05 01:00:00+00:00,237.32,235.8,1.5199999999999818,True,,1,0,2023-11-04 22:30:00+00:00,2023-11-04 22:35:00+00:00,True,2023-11-04 22:35:00+00:00,2023-11-04 22:40:00+00:00,H2_ARRIVAL,2023-11-04 22:45:00+00:00,10.0
60,01:00,3,2023-11-06,Monday,2023-11-05 18:00:00+00:00,2023-11-05 21:00:00+00:00,2023-11-05 21:00:00+00:00,2023-11-06 01:00:00+00:00,244.77,242.13,2.640000000000015,False,OPPOSITE_VISIT_BEFORE_K1,0,1,,,False,,,OPPOSITE_VISIT_BEFORE_K1,2023-11-05 21:45:00+00:00,
60,01:00,3,2023-11-07,Tuesday,2023-11-06 18:00:00+00:00,2023-11-06 21:00:00+00:00,2023-11-06 21:00:00+00:00,2023-11-07 01:00:00+00:00,254.67,250.23,4.439999999999998,False,BREAK_BEFORE_K1,0,0,,,False,,,BREAK_BEFORE_K1,2023-11-06 21:40:00+00:00,
60,01:00,3,2023-11-08,Wednesday,2023-11-07 18:00:00+00:00,2023-11-07 21:00:00+00:00,2023-11-07 21:00:00+00:00,2023-11-08 01:00:00+00:00,249.88,244.36,5.519999999999982,False,NO_K1,0,0,,,False,,,NO_K1,,
60,01:00,3,2023-11-09,Thursday,2023-11-08 18:00:00+00:00,2023-11-08 21:00:00+00:00,2023-11-08 21:00:00+00:00,2023-11-09 01:00:00+00:00,248.01,245.98,2.030000000000001,False,AMBIGUOUS_BOTH_BOUNDARIES,0,0,,,False,,,AMBIGUOUS_BOTH_BOUNDARIES,2023-11-08 21:00:00+00:00,
60,01:00,3,2023-11-10,Friday,2023-11-09 18:00:00+00:00,2023-11-09 21:00:00+00:00,2023-11-09 21:00:00+00:00,2023-11-10 01:00:00+00:00,247.46,242.83,4.6299999999999955,False,BREAK_BEFORE_K1,0,0,,,False,,,BREAK_BEFORE_K1,2023-11-09 21:20:00+00:00,
60,01:00,3,2023-11-11,Saturday,2023-11-10 18:00:00+00:00,2023-11-10 21:00:00+00:00,2023-11-10 21:00:00+00:00,2023-11-11 01:00:00+00:00,251.76,250.06,1.6999999999999886,True,,1,0,2023-11-10 21:05:00+00:00,2023-11-10 21:10:00+00:00,False,,,BREAK_DURING_K1,2023-11-10 21:10:00+00:00,
60,01:00,3,2023-11-12,Sunday,2023-11-11 18:00:00+00:00,2023-11-11 21:00:00+00:00,2023-11-11 21:00:00+00:00,2023-11-12 01:00:00+00:00,254.48,252.32,2.1599999999999966,False,OPPOSITE_VISIT_BEFORE_K1,0,1,,,False,,,OPPOSITE_VISIT_BEFORE_K1,2023-11-11 21:00:00+00:00,
60,01:00,3,2023-11-13,Monday,2023-11-12 18:00:00+00:00,2023-11-12 21:00:00+00:00,2023-11-12 21:00:00+00:00,2023-11-13 01:00:00+00:00,249.13,247.43,1.6999999999999886,False,BREAK_BEFORE_K1,0,0,,,False,,,BREAK_BEFORE_K1,2023-11-12 21:25:00+00:00,
60,01:00,3,2023-11-14,Tuesday,2023-11-13 18:00:00+00:00,2023-11-13 21:00:00+00:00,2023-11-13 21:00:00+00:00,2023-11-14 01:00:00+00:00,246.53,244.14,2.390000000000015,False,OPPOSITE_VISIT_BEFORE_K1,0,1,,,False,,,OPPOSITE_VISIT_BEFORE_K1,2023-11-13 21:05:00+00:00,
60,01:00,3,2023-11-15,Wednesday,2023-11-14 18:00:00+00:00,2023-11-14 21:00:00+00:00,2023-11-14 21:00:00+00:00,2023-11-15 01:00:00+00:00,243.65,233.0,10.650000000000006,False,BREAK_BEFORE_K1,0,0,,,False,,,BREAK_BEFORE_K1,2023-11-15 00:10:00+00:00,
60,01:00,3,2023-11-16,Thursday,2023-11-15 18:00:00+00:00,2023-11-15 21:00:00+00:00,2023-11-15 21:00:00+00:00,2023-11-16 01:00:00+00:00,254.7,251.25,3.4499999999999886,False,OPPOSITE_VISIT_BEFORE_K1,0,1,,,False,,,OPPOSITE_VISIT_BEFORE_K1,2023-11-15 21:15:00+00:00,
60,01:00,3,2023-11-17,Friday,2023-11-16 18:00:00+00:00,2023-11-16 21:00:00+00:00,2023-11-16 21:00:00+00:00,2023-11-17 01:00:00+00:00,246.6,240.1,6.5,False,NO_K1,0,0,,,False,,,NO_K1,,
60,01:00,3,2023-11-18,Saturday,2023-11-17 18:00:00+00:00,2023-11-17 21:00:00+00:00,2023-11-17 21:00:00+00:00,2023-11-18 01:00:00+00:00,244.52,242.91,1.6100000000000136,False,OPPOSITE_VISIT_BEFORE_K1,0,1,,,False,,,OPPOSITE_VISIT_BEFORE_K1,2023-11-17 21:25:00+00:00,
60,01:00,3,2023-11-19,Sunday,2023-11-18 18:00:00+00:00,2023-11-18 21:00:00+00:00,2023-11-18 21:00:00+00:00,2023-11-19 01:00:00+00:00,245.38,244.11,1.2699999999999818,False,BREAK_BEFORE_K1,0,0,,,False,,,BREAK_BEFORE_K1,2023-11-18 22:10:00+00:00,
60,01:00,3,2023-11-20,Monday,2023-11-19 18:00:00+00:00,2023-11-19 21:00:00+00:00,2023-11-19 21:00:00+00:00,2023-11-20 01:00:00+00:00,246.19,244.32,1.8700000000000045,False,OPPOSITE_VISIT_BEFORE_K1,0,1,,,False,,,OPPOSITE_VISIT_BEFORE_K1,2023-11-19 22:50:00+00:00,
60,01:00,3,2023-11-21,Tuesday,2023-11-20 18:00:00+00:00,2023-11-20 21:00:00+00:00,2023-11-20 21:00:00+00:00,2023-11-21 01:00:00+00:00,263.76,253.26,10.5,False,OPPOSITE_VISIT_BEFORE_K1,0,1,,,False,,,OPPOSITE_VISIT_BEFORE_K1,2023-11-20 21:10:00+00:00,
60,01:00,3,2023-11-22,Wednesday,2023-11-21 18:00:00+00:00,2023-11-21 21:00:00+00:00,2023-11-21 21:00:00+00:00,2023-11-22 01:00:00+00:00,248.4,236.62,11.780000000000001,False,OPPOSITE_VISIT_BEFORE_K1,0,1,,,False,,,OPPOSITE_VISIT_BEFORE_K1,2023-11-21 22:15:00+00:00,
60,01:00,3,2023-11-23,Thursday,2023-11-22 18:00:00+00:00,2023-11-22 21:00:00+00:00,2023-11-22 21:00:00+00:00,2023-11-23 01:00:00+00:00,237.4,232.54,4.860000000000014,True,,1,0,2023-11-22 21:00:00+00:00,2023-11-22 21:05:00+00:00,True,2023-11-22 21:05:00+00:00,2023-11-22 21:10:00+00:00,H2_ARRIVAL,2023-11-22 21:10:00+00:00,5.0
60,01:00,3,2023-11-24,Friday,2023-11-23 18:00:00+00:00,2023-11-23 21:00:00+00:00,2023-11-23 21:00:00+00:00,2023-11-24 01:00:00+00:00,234.58,231.75,2.8300000000000125,False,BREAK_BEFORE_K1,0,0,,,False,,,BREAK_BEFORE_K1,2023-11-24 00:20:00+00:00,
60,01:00,3,2023-11-25,Saturday,2023-11-24 18:00:00+00:00,2023-11-24 21:00:00+00:00,2023-11-24 21:00:00+00:00,2023-11-25 01:00:00+00:00,233.58,232.0,1.5800000000000125,True,,1,0,2023-11-24 21:10:00+00:00,2023-11-24 21:15:00+00:00,True,2023-11-24 21:20:00+00:00,2023-11-24 21:25:00+00:00,OPPOSITE_BREAK_BEFORE_H2,2023-11-24 22:10:00+00:00,
60,01:00,3,2023-11-26,Sunday,2023-11-25 18:00:00+00:00,2023-11-25 21:00:00+00:00,2023-11-25 21:00:00+00:00,2023-11-26 01:00:00+00:00,233.89,233.05,0.839999999999975,True,,1,0,2023-11-25 21:25:00+00:00,2023-11-25 21:30:00+00:00,False,,,BREAK_DURING_K1,2023-11-25 21:30:00+00:00,
60,01:00,3,2023-11-27,Monday,2023-11-26 18:00:00+00:00,2023-11-26 21:00:00+00:00,2023-11-26 21:00:00+00:00,2023-11-27 01:00:00+00:00,232.97,230.27,2.6999999999999886,True,,1,0,2023-11-27 00:40:00+00:00,2023-11-27 00:45:00+00:00,True,2023-11-27 00:50:00+00:00,2023-11-27 00:55:00+00:00,NO_H2_BY_END,,
60,01:00,3,2023-11-28,Tuesday,2023-11-27 18:00:00+00:00,2023-11-27 21:00:00+00:00,2023-11-27 21:00:00+00:00,2023-11-28 01:00:00+00:00,226.92,223.63,3.289999999999992,False,OPPOSITE_VISIT_BEFORE_K1,0,1,,,False,,,OPPOSITE_VISIT_BEFORE_K1,2023-11-27 21:00:00+00:00,
60,01:00,3,2023-11-29,Wednesday,2023-11-28 18:00:00+00:00,2023-11-28 21:00:00+00:00,2023-11-28 21:00:00+00:00,2023-11-29 01:00:00+00:00,231.65,229.65,2.0,False,BREAK_BEFORE_K1,0,0,,,False,,,BREAK_BEFORE_K1,2023-11-28 22:50:00+00:00,
60,01:00,3,2023-11-30,Thursday,2023-11-29 18:00:00+00:00,2023-11-29 21:00:00+00:00,2023-11-29 21:00:00+00:00,2023-11-30 01:00:00+00:00,228.16,226.68,1.4799999999999898,False,NO_K1,0,0,,,False,,,NO_K1,,
60,01:00,3,2023-12-01,Friday,2023-11-30 18:00:00+00:00,2023-11-30 21:00:00+00:00,2023-11-30 21:00:00+00:00,2023-12-01 01:00:00+00:00,227.93,227.26,0.6700000000000159,False,BREAK_BEFORE_K1,0,0,,,False,,,BREAK_BEFORE_K1,2023-11-30 22:05:00+00:00,
60,01:00,3,2023-12-02,Saturday,2023-12-01 18:00:00+00:00,2023-12-01 21:00:00+00:00,2023-12-01 21:00:00+00:00,2023-12-02 01:00:00+00:00,229.15,228.15,1.0,False,NO_K1,0,0,,,False,,,NO_K1,,
60,01:00,3,2023-12-03,Sunday,2023-12-02 18:00:00+00:00,2023-12-02 21:00:00+00:00,2023-12-02 21:00:00+00:00,2023-12-03 01:00:00+00:00,230.57,228.1,2.469999999999999,False,BREAK_BEFORE_K1,0,0,,,False,,,BREAK_BEFORE_K1,2023-12-03 00:45:00+00:00,
60,01:00,3,2023-12-04,Monday,2023-12-03 18:00:00+00:00,2023-12-03 21:00:00+00:00,2023-12-03 21:00:00+00:00,2023-12-04 01:00:00+00:00,227.53,226.48,1.0500000000000114,True,,1,0,2023-12-03 21:50:00+00:00,2023-12-03 21:55:00+00:00,True,2023-12-03 21:55:00+00:00,2023-12-03 22:00:00+00:00,H2_ARRIVAL,2023-12-03 22:00:00+00:00,5.0
60,01:00,3,2023-12-05,Tuesday,2023-12-04 18:00:00+00:00,2023-12-04 21:00:00+00:00,2023-12-04 21:00:00+00:00,2023-12-05 01:00:00+00:00,232.21,230.22,1.990000000000009,False,BREAK_BEFORE_K1,0,0,,,False,,,BREAK_BEFORE_K1,2023-12-04 22:10:00+00:00,
60,01:00,3,2023-12-06,Wednesday,2023-12-05 18:00:00+00:00,2023-12-05 21:00:00+00:00,2023-12-05 21:00:00+00:00,2023-12-06 01:00:00+00:00,233.46,230.25,3.210000000000008,False,NO_K1,0,0,,,False,,,NO_K1,,
60,01:00,3,2023-12-07,Thursday,2023-12-06 18:00:00+00:00,2023-12-06 21:00:00+00:00,2023-12-06 21:00:00+00:00,2023-12-07 01:00:00+00:00,231.92,230.1,1.8199999999999932,False,BREAK_BEFORE_K1,0,0,,,False,,,BREAK_BEFORE_K1,2023-12-06 21:25:00+00:00,
60,01:00,3,2023-12-08,Friday,2023-12-07 18:00:00+00:00,2023-12-07 21:00:00+00:00,2023-12-07 21:00:00+00:00,2023-12-08 01:00:00+00:00,233.62,230.2,3.420000000000016,False,BREAK_BEFORE_K1,0,0,,,False,,,BREAK_BEFORE_K1,2023-12-08 00:05:00+00:00,
60,01:00,3,2023-12-09,Saturday,2023-12-08 18:00:00+00:00,2023-12-08 21:00:00+00:00,2023-12-08 21:00:00+00:00,2023-12-09 01:00:00+00:00,239.45,235.95,3.5,False,BREAK_BEFORE_K1,0,0,,,False,,,BREAK_BEFORE_K1,2023-12-08 21:20:00+00:00,
60,01:00,3,2023-12-10,Sunday,2023-12-09 18:00:00+00:00,2023-12-09 21:00:00+00:00,2023-12-09 21:00:00+00:00,2023-12-10 01:00:00+00:00,240.4,238.04,2.3600000000000136,False,BREAK_BEFORE_K1,0,0,,,False,,,BREAK_BEFORE_K1,2023-12-09 23:25:00+00:00,
60,01:00,3,2023-12-11,Monday,2023-12-10 18:00:00+00:00,2023-12-10 21:00:00+00:00,2023-12-10 21:00:00+00:00,2023-12-11 01:00:00+00:00,241.08,239.11,1.9699999999999989,False,OPPOSITE_VISIT_BEFORE_K1,0,1,,,False,,,OPPOSITE_VISIT_BEFORE_K1,2023-12-10 23:20:00+00:00,
60,01:00,3,2023-12-12,Tuesday,2023-12-11 18:00:00+00:00,2023-12-11 21:00:00+00:00,2023-12-11 21:00:00+00:00,2023-12-12 01:00:00+00:00,243.44,236.88,6.560000000000002,True,,1,0,2023-12-11 21:05:00+00:00,2023-12-11 21:10:00+00:00,True,2023-12-11 21:10:00+00:00,2023-12-11 21:15:00+00:00,H2_ARRIVAL,2023-12-11 21:15:00+00:00,5.0
60,01:00,3,2023-12-13,Wednesday,2023-12-12 18:00:00+00:00,2023-12-12 21:00:00+00:00,2023-12-12 21:00:00+00:00,2023-12-13 01:00:00+00:00,255.71,249.65,6.060000000000002,False,BREAK_BEFORE_K1,0,0,,,False,,,BREAK_BEFORE_K1,2023-12-12 22:00:00+00:00,
60,01:00,3,2023-12-14,Thursday,2023-12-13 18:00:00+00:00,2023-12-13 21:00:00+00:00,2023-12-13 21:00:00+00:00,2023-12-14 01:00:00+00:00,253.66,249.8,3.859999999999985,False,BREAK_BEFORE_K1,0,0,,,False,,,BREAK_BEFORE_K1,2023-12-13 21:50:00+00:00,
60,01:00,3,2023-12-15,Friday,2023-12-14 18:00:00+00:00,2023-12-14 21:00:00+00:00,2023-12-14 21:00:00+00:00,2023-12-15 01:00:00+00:00,252.83,251.13,1.700000000000017,True,,1,0,2023-12-14 21:45:00+00:00,2023-12-14 21:50:00+00:00,True,2023-12-14 21:50:00+00:00,2023-12-14 21:55:00+00:00,H2_ARRIVAL,2023-12-14 22:05:00+00:00,15.0
60,01:00,3,2023-12-16,Saturday,2023-12-15 18:00:00+00:00,2023-12-15 21:00:00+00:00,2023-12-15 21:00:00+00:00,2023-12-16 01:00:00+00:00,247.79,245.72,2.069999999999993,False,BREAK_BEFORE_K1,0,0,,,False,,,BREAK_BEFORE_K1,2023-12-15 22:20:00+00:00,
60,01:00,3,2023-12-17,Sunday,2023-12-16 18:00:00+00:00,2023-12-16 21:00:00+00:00,2023-12-16 21:00:00+00:00,2023-12-17 01:00:00+00:00,245.8,243.69,2.1100000000000136,False,BREAK_BEFORE_K1,0,0,,,False,,,BREAK_BEFORE_K1,2023-12-16 23:45:00+00:00,
60,01:00,3,2023-12-18,Monday,2023-12-17 18:00:00+00:00,2023-12-17 21:00:00+00:00,2023-12-17 21:00:00+00:00,2023-12-18 01:00:00+00:00,243.58,241.82,1.7600000000000193,False,BREAK_BEFORE_K1,0,0,,,False,,,BREAK_BEFORE_K1,2023-12-17 22:30:00+00:00,
60,01:00,3,2023-12-19,Tuesday,2023-12-18 18:00:00+00:00,2023-12-18 21:00:00+00:00,2023-12-18 21:00:00+00:00,2023-12-19 01:00:00+00:00,239.43,237.66,1.7700000000000102,False,BREAK_BEFORE_K1,0,0,,,False,,,BREAK_BEFORE_K1,2023-12-18 21:00:00+00:00,
60,01:00,3,2023-12-20,Wednesday,2023-12-19 18:00:00+00:00,2023-12-19 21:00:00+00:00,2023-12-19 21:00:00+00:00,2023-12-20 01:00:00+00:00,253.72,249.67,4.050000000000011,True,,1,0,2023-12-19 21:10:00+00:00,2023-12-19 21:15:00+00:00,True,2023-12-19 21:20:00+00:00,2023-12-19 21:25:00+00:00,H2_ARRIVAL,2023-12-19 21:40:00+00:00,20.0
60,01:00,3,2023-12-21,Thursday,2023-12-20 18:00:00+00:00,2023-12-20 21:00:00+00:00,2023-12-20 21:00:00+00:00,2023-12-21 01:00:00+00:00,261.45,255.0,6.449999999999989,False,NO_K1,0,0,,,False,,,NO_K1,,
60,01:00,3,2023-12-22,Friday,2023-12-21 18:00:00+00:00,2023-12-21 21:00:00+00:00,2023-12-21 21:00:00+00:00,2023-12-22 01:00:00+00:00,271.24,268.41,2.829999999999984,True,,1,0,2023-12-21 22:00:00+00:00,2023-12-21 22:05:00+00:00,False,,,BREAK_DURING_K1,2023-12-21 22:05:00+00:00,
60,01:00,3,2023-12-23,Saturday,2023-12-22 18:00:00+00:00,2023-12-22 21:00:00+00:00,2023-12-22 21:00:00+00:00,2023-12-23 01:00:00+00:00,272.0,269.38,2.6200000000000045,False,BREAK_BEFORE_K1,0,0,,,False,,,BREAK_BEFORE_K1,2023-12-22 21:15:00+00:00,
60,01:00,3,2023-12-24,Sunday,2023-12-23 18:00:00+00:00,2023-12-23 21:00:00+00:00,2023-12-23 21:00:00+00:00,2023-12-24 01:00:00+00:00,271.22,269.16,2.0600000000000023,True,,1,0,2023-12-23 22:20:00+00:00,2023-12-23 22:25:00+00:00,True,2023-12-23 22:30:00+00:00,2023-12-23 22:35:00+00:00,H2_ARRIVAL,2023-12-23 22:45:00+00:00,15.0
60,01:00,3,2023-12-25,Monday,2023-12-24 18:00:00+00:00,2023-12-24 21:00:00+00:00,2023-12-24 21:00:00+00:00,2023-12-25 01:00:00+00:00,269.18,265.89,3.2900000000000205,False,BREAK_BEFORE_K1,0,0,,,False,,,BREAK_BEFORE_K1,2023-12-24 22:10:00+00:00,
60,01:00,3,2023-12-26,Tuesday,2023-12-25 18:00:00+00:00,2023-12-25 21:00:00+00:00,2023-12-25 21:00:00+00:00,2023-12-26 01:00:00+00:00,267.02,263.72,3.2999999999999545,False,BREAK_BEFORE_K1,0,0,,,False,,,BREAK_BEFORE_K1,2023-12-25 22:30:00+00:00,
60,01:00,3,2023-12-27,Wednesday,2023-12-26 18:00:00+00:00,2023-12-26 21:00:00+00:00,2023-12-26 21:00:00+00:00,2023-12-27 01:00:00+00:00,297.63,292.19,5.439999999999998,True,,1,0,2023-12-26 23:55:00+00:00,2023-12-27 00:00:00+00:00,True,2023-12-27 00:05:00+00:00,2023-12-27 00:10:00+00:00,H2_ARRIVAL,2023-12-27 00:25:00+00:00,20.0
60,01:00,3,2023-12-28,Thursday,2023-12-27 18:00:00+00:00,2023-12-27 21:00:00+00:00,2023-12-27 21:00:00+00:00,2023-12-28 01:00:00+00:00,315.54,309.58,5.960000000000036,False,BREAK_BEFORE_K1,0,0,,,False,,,BREAK_BEFORE_K1,2023-12-27 22:30:00+00:00,
60,01:00,3,2023-12-29,Friday,2023-12-28 18:00:00+00:00,2023-12-28 21:00:00+00:00,2023-12-28 21:00:00+00:00,2023-12-29 01:00:00+00:00,333.1,320.7,12.400000000000034,False,BREAK_BEFORE_K1,0,0,,,False,,,BREAK_BEFORE_K1,2023-12-29 00:30:00+00:00,
60,01:00,3,2023-12-30,Saturday,2023-12-29 18:00:00+00:00,2023-12-29 21:00:00+00:00,2023-12-29 21:00:00+00:00,2023-12-30 01:00:00+00:00,313.78,309.91,3.8699999999999477,False,BREAK_BEFORE_K1,0,0,,,False,,,BREAK_BEFORE_K1,2023-12-29 22:15:00+00:00,
60,01:00,3,2023-12-31,Sunday,2023-12-30 18:00:00+00:00,2023-12-30 21:00:00+00:00,2023-12-30 21:00:00+00:00,2023-12-31 01:00:00+00:00,317.49,313.95,3.5400000000000205,False,OPPOSITE_VISIT_BEFORE_K1,0,1,,,False,,,OPPOSITE_VISIT_BEFORE_K1,2023-12-30 22:50:00+00:00,
60,01:00,3,2024-01-01,Monday,2023-12-31 18:00:00+00:00,2023-12-31 21:00:00+00:00,2023-12-31 21:00:00+00:00,2024-01-01 01:00:00+00:00,316.56,308.01,8.550000000000011,False,OPPOSITE_VISIT_BEFORE_K1,0,1,,,False,,,OPPOSITE_VISIT_BEFORE_K1,2023-12-31 22:50:00+00:00,
60,01:00,3,2024-01-02,Tuesday,2024-01-01 18:00:00+00:00,2024-01-01 21:00:00+00:00,2024-01-01 21:00:00+00:00,2024-01-02 01:00:00+00:00,313.33,310.55,2.7799999999999727,True,,1,0,2024-01-01 22:55:00+00:00,2024-01-01 23:00:00+00:00,False,,,BREAK_DURING_K1,2024-01-01 23:00:00+00:00,
60,01:00,3,2024-01-03,Wednesday,2024-01-02 18:00:00+00:00,2024-01-02 21:00:00+00:00,2024-01-02 21:00:00+00:00,2024-01-03 01:00:00+00:00,311.79,308.18,3.6100000000000136,True,,1,0,2024-01-02 21:15:00+00:00,2024-01-02 21:20:00+00:00,True,2024-01-02 21:20:00+00:00,2024-01-02 21:25:00+00:00,H2_ARRIVAL,2024-01-02 22:20:00+00:00,60.0
60,01:00,3,2024-01-04,Thursday,2024-01-03 18:00:00+00:00,2024-01-03 21:00:00+00:00,2024-01-03 21:00:00+00:00,2024-01-04 01:00:00+00:00,318.44,310.0,8.439999999999998,True,,1,0,2024-01-03 21:55:00+00:00,2024-01-03 22:00:00+00:00,True,2024-01-03 22:00:00+00:00,2024-01-03 22:05:00+00:00,NO_H2_BY_END,,
60,01:00,3,2024-01-05,Friday,2024-01-04 18:00:00+00:00,2024-01-04 21:00:00+00:00,2024-01-04 21:00:00+00:00,2024-01-05 01:00:00+00:00,321.0,317.0,4.0,True,,1,0,2024-01-04 21:05:00+00:00,2024-01-04 21:10:00+00:00,True,2024-01-04 21:10:00+00:00,2024-01-04 21:15:00+00:00,H2_ARRIVAL,2024-01-04 21:25:00+00:00,15.0
60,01:00,3,2024-01-06,Saturday,2024-01-05 18:00:00+00:00,2024-01-05 21:00:00+00:00,2024-01-05 21:00:00+00:00,2024-01-06 01:00:00+00:00,315.47,311.84,3.6300000000000523,False,BREAK_BEFORE_K1,0,0,,,False,,,BREAK_BEFORE_K1,2024-01-05 21:55:00+00:00,
60,01:00,3,2024-01-07,Sunday,2024-01-06 18:00:00+00:00,2024-01-06 21:00:00+00:00,2024-01-06 21:00:00+00:00,2024-01-07 01:00:00+00:00,307.69,304.36,3.329999999999984,False,OPPOSITE_VISIT_BEFORE_K1,0,1,,,False,,,OPPOSITE_VISIT_BEFORE_K1,2024-01-06 23:15:00+00:00,
60,01:00,3,2024-01-08,Monday,2024-01-07 18:00:00+00:00,2024-01-07 21:00:00+00:00,2024-01-07 21:00:00+00:00,2024-01-08 01:00:00+00:00,306.53,303.88,2.6499999999999773,False,BREAK_BEFORE_K1,0,0,,,False,,,BREAK_BEFORE_K1,2024-01-07 22:05:00+00:00,
60,01:00,3,2024-01-09,Tuesday,2024-01-08 18:00:00+00:00,2024-01-08 21:00:00+00:00,2024-01-08 21:00:00+00:00,2024-01-09 01:00:00+00:00,307.81,302.63,5.180000000000007,False,BREAK_BEFORE_K1,0,0,,,False,,,BREAK_BEFORE_K1,2024-01-09 00:30:00+00:00,
60,01:00,3,2024-01-10,Wednesday,2024-01-09 18:00:00+00:00,2024-01-09 21:00:00+00:00,2024-01-09 21:00:00+00:00,2024-01-10 01:00:00+00:00,302.0,296.22,5.779999999999973,False,BREAK_BEFORE_K1,0,0,,,False,,,BREAK_BEFORE_K1,2024-01-09 21:10:00+00:00,
60,01:00,3,2024-01-11,Thursday,2024-01-10 18:00:00+00:00,2024-01-10 21:00:00+00:00,2024-01-10 21:00:00+00:00,2024-01-11 01:00:00+00:00,298.35,291.0,7.350000000000023,False,BREAK_BEFORE_K1,0,0,,,False,,,BREAK_BEFORE_K1,2024-01-10 21:10:00+00:00,
60,01:00,3,2024-01-12,Friday,2024-01-11 18:00:00+00:00,2024-01-11 21:00:00+00:00,2024-01-11 21:00:00+00:00,2024-01-12 01:00:00+00:00,310.32,306.5,3.819999999999993,False,OPPOSITE_VISIT_BEFORE_K1,0,1,,,False,,,OPPOSITE_VISIT_BEFORE_K1,2024-01-11 22:30:00+00:00,
60,01:00,3,2024-01-13,Saturday,2024-01-12 18:00:00+00:00,2024-01-12 21:00:00+00:00,2024-01-12 21:00:00+00:00,2024-01-13 01:00:00+00:00,302.55,299.61,2.9399999999999977,False,OPPOSITE_VISIT_BEFORE_K1,0,1,,,False,,,OPPOSITE_VISIT_BEFORE_K1,2024-01-12 21:10:00+00:00,
60,01:00,3,2024-01-14,Sunday,2024-01-13 18:00:00+00:00,2024-01-13 21:00:00+00:00,2024-01-13 21:00:00+00:00,2024-01-14 01:00:00+00:00,303.27,301.28,1.990000000000009,False,BREAK_BEFORE_K1,0,0,,,False,,,BREAK_BEFORE_K1,2024-01-14 00:25:00+00:00,
60,01:00,3,2024-01-15,Monday,2024-01-14 18:00:00+00:00,2024-01-14 21:00:00+00:00,2024-01-14 21:00:00+00:00,2024-01-15 01:00:00+00:00,306.77,301.48,5.289999999999964,False,OPPOSITE_VISIT_BEFORE_K1,0,1,,,False,,,OPPOSITE_VISIT_BEFORE_K1,2024-01-14 23:15:00+00:00,
60,01:00,3,2024-01-16,Tuesday,2024-01-15 18:00:00+00:00,2024-01-15 21:00:00+00:00,2024-01-15 21:00:00+00:00,2024-01-16 01:00:00+00:00,318.68,316.31,2.3700000000000045,False,BREAK_BEFORE_K1,0,0,,,False,,,BREAK_BEFORE_K1,2024-01-15 21:00:00+00:00,
60,01:00,3,2024-01-17,Wednesday,2024-01-16 18:00:00+00:00,2024-01-16 21:00:00+00:00,2024-01-16 21:00:00+00:00,2024-01-17 01:00:00+00:00,316.94,312.83,4.110000000000014,True,,1,0,2024-01-16 21:35:00+00:00,2024-01-16 21:40:00+00:00,True,2024-01-16 21:40:00+00:00,2024-01-16 21:45:00+00:00,NO_H2_BY_END,,
60,01:00,3,2024-01-18,Thursday,2024-01-17 18:00:00+00:00,2024-01-17 21:00:00+00:00,2024-01-17 21:00:00+00:00,2024-01-18 01:00:00+00:00,310.1,307.34,2.7600000000000477,False,BREAK_BEFORE_K1,0,0,,,False,,,BREAK_BEFORE_K1,2024-01-17 22:20:00+00:00,
60,01:00,3,2024-01-19,Friday,2024-01-18 18:00:00+00:00,2024-01-18 21:00:00+00:00,2024-01-18 21:00:00+00:00,2024-01-19 01:00:00+00:00,311.85,307.35,4.5,True,,1,0,2024-01-18 21:40:00+00:00,2024-01-18 21:45:00+00:00,False,,,BREAK_DURING_K1,2024-01-18 21:45:00+00:00,
60,01:00,3,2024-01-20,Saturday,2024-01-19 18:00:00+00:00,2024-01-19 21:00:00+00:00,2024-01-19 21:00:00+00:00,2024-01-20 01:00:00+00:00,313.84,309.76,4.079999999999984,False,BREAK_BEFORE_K1,0,0,,,False,,,BREAK_BEFORE_K1,2024-01-19 23:40:00+00:00,
60,01:00,3,2024-01-21,Sunday,2024-01-20 18:00:00+00:00,2024-01-20 21:00:00+00:00,2024-01-20 21:00:00+00:00,2024-01-21 01:00:00+00:00,316.37,313.66,2.7099999999999795,True,,1,0,2024-01-20 21:25:00+00:00,2024-01-20 21:30:00+00:00,False,,,BREAK_DURING_K1,2024-01-20 21:30:00+00:00,
60,01:00,3,2024-01-22,Monday,2024-01-21 18:00:00+00:00,2024-01-21 21:00:00+00:00,2024-01-21 21:00:00+00:00,2024-01-22 01:00:00+00:00,321.58,318.5,3.079999999999984,False,BREAK_BEFORE_K1,0,0,,,False,,,BREAK_BEFORE_K1,2024-01-21 23:15:00+00:00,
60,01:00,3,2024-01-23,Tuesday,2024-01-22 18:00:00+00:00,2024-01-22 21:00:00+00:00,2024-01-22 21:00:00+00:00,2024-01-23 01:00:00+00:00,312.19,303.3,8.889999999999986,False,NO_K1,0,0,,,False,,,NO_K1,,
60,01:00,3,2024-01-24,Wednesday,2024-01-23 18:00:00+00:00,2024-01-23 21:00:00+00:00,2024-01-23 21:00:00+00:00,2024-01-24 01:00:00+00:00,298.8,291.99,6.810000000000002,True,,1,0,2024-01-24 00:00:00+00:00,2024-01-24 00:05:00+00:00,True,2024-01-24 00:05:00+00:00,2024-01-24 00:10:00+00:00,H2_ARRIVAL,2024-01-24 00:30:00+00:00,25.0
60,01:00,3,2024-01-25,Thursday,2024-01-24 18:00:00+00:00,2024-01-24 21:00:00+00:00,2024-01-24 21:00:00+00:00,2024-01-25 01:00:00+00:00,293.3,289.94,3.3600000000000136,False,BREAK_BEFORE_K1,0,0,,,False,,,BREAK_BEFORE_K1,2024-01-24 23:05:00+00:00,
60,01:00,3,2024-01-26,Friday,2024-01-25 18:00:00+00:00,2024-01-25 21:00:00+00:00,2024-01-25 21:00:00+00:00,2024-01-26 01:00:00+00:00,292.95,290.37,2.579999999999984,False,NO_K1,0,0,,,False,,,NO_K1,,
60,01:00,3,2024-01-27,Saturday,2024-01-26 18:00:00+00:00,2024-01-26 21:00:00+00:00,2024-01-26 21:00:00+00:00,2024-01-27 01:00:00+00:00,302.91,301.36,1.5500000000000114,False,BREAK_BEFORE_K1,0,0,,,False,,,BREAK_BEFORE_K1,2024-01-26 21:05:00+00:00,
60,01:00,3,2024-01-28,Sunday,2024-01-27 18:00:00+00:00,2024-01-27 21:00:00+00:00,2024-01-27 21:00:00+00:00,2024-01-28 01:00:00+00:00,306.66,303.87,2.7900000000000205,False,NO_K1,0,0,,,False,,,NO_K1,,
60,01:00,3,2024-01-29,Monday,2024-01-28 18:00:00+00:00,2024-01-28 21:00:00+00:00,2024-01-28 21:00:00+00:00,2024-01-29 01:00:00+00:00,305.9,303.11,2.7899999999999636,True,,1,0,2024-01-29 00:35:00+00:00,2024-01-29 00:40:00+00:00,True,2024-01-29 00:40:00+00:00,2024-01-29 00:45:00+00:00,NO_H2_BY_END,,
60,01:00,3,2024-01-30,Tuesday,2024-01-29 18:00:00+00:00,2024-01-29 21:00:00+00:00,2024-01-29 21:00:00+00:00,2024-01-30 01:00:00+00:00,310.65,309.11,1.5399999999999636,True,,1,0,2024-01-29 21:30:00+00:00,2024-01-29 21:35:00+00:00,True,2024-01-29 21:35:00+00:00,2024-01-29 21:40:00+00:00,H2_ARRIVAL,2024-01-29 22:35:00+00:00,60.0
60,01:00,3,2024-01-31,Wednesday,2024-01-30 18:00:00+00:00,2024-01-30 21:00:00+00:00,2024-01-30 21:00:00+00:00,2024-01-31 01:00:00+00:00,310.92,309.18,1.740000000000009,False,BREAK_BEFORE_K1,0,0,,,False,,,BREAK_BEFORE_K1,2024-01-30 21:05:00+00:00,
60,01:00,3,2024-02-01,Thursday,2024-01-31 18:00:00+00:00,2024-01-31 21:00:00+00:00,2024-01-31 21:00:00+00:00,2024-02-01 01:00:00+00:00,305.74,300.51,5.230000000000018,False,OPPOSITE_VISIT_BEFORE_K1,0,1,,,False,,,OPPOSITE_VISIT_BEFORE_K1,2024-01-31 21:00:00+00:00,
60,01:00,3,2024-02-02,Friday,2024-02-01 18:00:00+00:00,2024-02-01 21:00:00+00:00,2024-02-01 21:00:00+00:00,2024-02-02 01:00:00+00:00,301.18,299.44,1.740000000000009,True,,1,0,2024-02-01 21:15:00+00:00,2024-02-01 21:20:00+00:00,True,2024-02-01 21:20:00+00:00,2024-02-01 21:25:00+00:00,OPPOSITE_BREAK_BEFORE_H2,2024-02-01 22:50:00+00:00,
60,01:00,3,2024-02-03,Saturday,2024-02-02 18:00:00+00:00,2024-02-02 21:00:00+00:00,2024-02-02 21:00:00+00:00,2024-02-03 01:00:00+00:00,301.3,300.05,1.25,False,OPPOSITE_VISIT_BEFORE_K1,0,1,,,False,,,OPPOSITE_VISIT_BEFORE_K1,2024-02-02 21:40:00+00:00,
60,01:00,3,2024-02-04,Sunday,2024-02-03 18:00:00+00:00,2024-02-03 21:00:00+00:00,2024-02-03 21:00:00+00:00,2024-02-04 01:00:00+00:00,301.51,299.76,1.75,False,OPPOSITE_VISIT_BEFORE_K1,0,1,,,False,,,OPPOSITE_VISIT_BEFORE_K1,2024-02-03 23:15:00+00:00,
60,01:00,3,2024-02-05,Monday,2024-02-04 18:00:00+00:00,2024-02-04 21:00:00+00:00,2024-02-04 21:00:00+00:00,2024-02-05 01:00:00+00:00,306.6,303.96,2.640000000000043,False,BREAK_BEFORE_K1,0,0,,,False,,,BREAK_BEFORE_K1,2024-02-04 21:05:00+00:00,
60,01:00,3,2024-02-06,Tuesday,2024-02-05 18:00:00+00:00,2024-02-05 21:00:00+00:00,2024-02-05 21:00:00+00:00,2024-02-06 01:00:00+00:00,301.91,300.1,1.8100000000000023,False,OPPOSITE_VISIT_BEFORE_K1,0,1,,,False,,,OPPOSITE_VISIT_BEFORE_K1,2024-02-05 22:25:00+00:00,
60,01:00,3,2024-02-07,Wednesday,2024-02-06 18:00:00+00:00,2024-02-06 21:00:00+00:00,2024-02-06 21:00:00+00:00,2024-02-07 01:00:00+00:00,303.62,302.16,1.4599999999999795,False,NO_K1,0,0,,,False,,,NO_K1,,
60,01:00,3,2024-02-08,Thursday,2024-02-07 18:00:00+00:00,2024-02-07 21:00:00+00:00,2024-02-07 21:00:00+00:00,2024-02-08 01:00:00+00:00,308.54,306.17,2.3700000000000045,True,,1,0,2024-02-07 21:50:00+00:00,2024-02-07 21:55:00+00:00,True,2024-02-07 22:00:00+00:00,2024-02-07 22:05:00+00:00,H2_ARRIVAL,2024-02-07 22:20:00+00:00,20.0
60,01:00,3,2024-02-09,Friday,2024-02-08 18:00:00+00:00,2024-02-08 21:00:00+00:00,2024-02-08 21:00:00+00:00,2024-02-09 01:00:00+00:00,318.36,315.78,2.580000000000041,True,,1,0,2024-02-08 21:20:00+00:00,2024-02-08 21:25:00+00:00,False,,,BREAK_DURING_K1,2024-02-08 21:25:00+00:00,
60,01:00,3,2024-02-10,Saturday,2024-02-09 18:00:00+00:00,2024-02-09 21:00:00+00:00,2024-02-09 21:00:00+00:00,2024-02-10 01:00:00+00:00,324.8,321.21,3.590000000000032,False,NO_K1,0,0,,,False,,,NO_K1,,
60,01:00,3,2024-02-11,Sunday,2024-02-10 18:00:00+00:00,2024-02-10 21:00:00+00:00,2024-02-10 21:00:00+00:00,2024-02-11 01:00:00+00:00,322.67,320.43,2.240000000000009,True,,1,0,2024-02-10 21:20:00+00:00,2024-02-10 21:25:00+00:00,False,,,BREAK_DURING_K1,2024-02-10 21:25:00+00:00,
60,01:00,3,2024-02-12,Monday,2024-02-11 18:00:00+00:00,2024-02-11 21:00:00+00:00,2024-02-11 21:00:00+00:00,2024-02-12 01:00:00+00:00,321.86,319.61,2.25,False,NO_K1,0,0,,,False,,,NO_K1,,
60,01:00,3,2024-02-13,Tuesday,2024-02-12 18:00:00+00:00,2024-02-12 21:00:00+00:00,2024-02-12 21:00:00+00:00,2024-02-13 01:00:00+00:00,330.54,323.14,7.400000000000034,False,NO_K1,0,0,,,False,,,NO_K1,,
60,01:00,3,2024-02-14,Wednesday,2024-02-13 18:00:00+00:00,2024-02-13 21:00:00+00:00,2024-02-13 21:00:00+00:00,2024-02-14 01:00:00+00:00,323.49,321.92,1.5699999999999932,False,BREAK_BEFORE_K1,0,0,,,False,,,BREAK_BEFORE_K1,2024-02-13 21:05:00+00:00,
60,01:00,3,2024-02-15,Thursday,2024-02-14 18:00:00+00:00,2024-02-14 21:00:00+00:00,2024-02-14 21:00:00+00:00,2024-02-15 01:00:00+00:00,333.43,330.26,3.170000000000016,False,BREAK_BEFORE_K1,0,0,,,False,,,BREAK_BEFORE_K1,2024-02-14 21:05:00+00:00,
60,01:00,3,2024-02-16,Friday,2024-02-15 18:00:00+00:00,2024-02-15 21:00:00+00:00,2024-02-15 21:00:00+00:00,2024-02-16 01:00:00+00:00,356.2,350.55,5.649999999999977,False,BREAK_BEFORE_K1,0,0,,,False,,,BREAK_BEFORE_K1,2024-02-15 21:55:00+00:00,
60,01:00,3,2024-02-17,Saturday,2024-02-16 18:00:00+00:00,2024-02-16 21:00:00+00:00,2024-02-16 21:00:00+00:00,2024-02-17 01:00:00+00:00,358.19,353.2,4.990000000000009,True,,1,0,2024-02-16 21:00:00+00:00,2024-02-16 21:05:00+00:00,True,2024-02-16 21:05:00+00:00,2024-02-16 21:10:00+00:00,H2_ARRIVAL,2024-02-16 21:15:00+00:00,10.0
60,01:00,3,2024-02-18,Sunday,2024-02-17 18:00:00+00:00,2024-02-17 21:00:00+00:00,2024-02-17 21:00:00+00:00,2024-02-18 01:00:00+00:00,354.34,351.66,2.67999999999995,False,OPPOSITE_VISIT_BEFORE_K1,0,1,,,False,,,OPPOSITE_VISIT_BEFORE_K1,2024-02-17 21:05:00+00:00,
60,01:00,3,2024-02-19,Monday,2024-02-18 18:00:00+00:00,2024-02-18 21:00:00+00:00,2024-02-18 21:00:00+00:00,2024-02-19 01:00:00+00:00,352.11,349.32,2.7900000000000205,False,BREAK_BEFORE_K1,0,0,,,False,,,BREAK_BEFORE_K1,2024-02-18 22:10:00+00:00,
60,01:00,3,2024-02-20,Tuesday,2024-02-19 18:00:00+00:00,2024-02-19 21:00:00+00:00,2024-02-19 21:00:00+00:00,2024-02-20 01:00:00+00:00,353.85,351.78,2.07000000000005,False,OPPOSITE_VISIT_BEFORE_K1,0,1,,,False,,,OPPOSITE_VISIT_BEFORE_K1,2024-02-19 21:00:00+00:00,
60,01:00,3,2024-02-21,Wednesday,2024-02-20 18:00:00+00:00,2024-02-20 21:00:00+00:00,2024-02-20 21:00:00+00:00,2024-02-21 01:00:00+00:00,354.95,348.38,6.569999999999993,False,BREAK_BEFORE_K1,0,0,,,False,,,BREAK_BEFORE_K1,2024-02-20 22:55:00+00:00,
60,01:00,3,2024-02-22,Thursday,2024-02-21 18:00:00+00:00,2024-02-21 21:00:00+00:00,2024-02-21 21:00:00+00:00,2024-02-22 01:00:00+00:00,372.77,363.85,8.919999999999959,False,BREAK_BEFORE_K1,0,0,,,False,,,BREAK_BEFORE_K1,2024-02-21 21:00:00+00:00,
60,01:00,3,2024-02-23,Friday,2024-02-22 18:00:00+00:00,2024-02-22 21:00:00+00:00,2024-02-22 21:00:00+00:00,2024-02-23 01:00:00+00:00,387.21,379.4,7.810000000000002,False,NO_K1,0,0,,,False,,,NO_K1,,
60,01:00,3,2024-02-24,Saturday,2024-02-23 18:00:00+00:00,2024-02-23 21:00:00+00:00,2024-02-23 21:00:00+00:00,2024-02-24 01:00:00+00:00,377.72,373.5,4.220000000000027,False,BREAK_BEFORE_K1,0,0,,,False,,,BREAK_BEFORE_K1,2024-02-23 22:40:00+00:00,
60,01:00,3,2024-02-25,Sunday,2024-02-24 18:00:00+00:00,2024-02-24 21:00:00+00:00,2024-02-24 21:00:00+00:00,2024-02-25 01:00:00+00:00,382.77,381.0,1.7699999999999818,False,BREAK_BEFORE_K1,0,0,,,False,,,BREAK_BEFORE_K1,2024-02-24 21:40:00+00:00,
60,01:00,3,2024-02-26,Monday,2024-02-25 18:00:00+00:00,2024-02-25 21:00:00+00:00,2024-02-25 21:00:00+00:00,2024-02-26 01:00:00+00:00,391.03,385.47,5.559999999999945,False,NO_K1,0,0,,,False,,,NO_K1,,
60,01:00,3,2024-02-27,Tuesday,2024-02-26 18:00:00+00:00,2024-02-26 21:00:00+00:00,2024-02-26 21:00:00+00:00,2024-02-27 01:00:00+00:00,405.0,394.97,10.029999999999973,False,NO_K1,0,0,,,False,,,NO_K1,,
60,01:00,3,2024-02-28,Wednesday,2024-02-27 18:00:00+00:00,2024-02-27 21:00:00+00:00,2024-02-27 21:00:00+00:00,2024-02-28 01:00:00+00:00,396.4,392.01,4.389999999999986,False,NO_K1,0,0,,,False,,,NO_K1,,
60,01:00,3,2024-02-29,Thursday,2024-02-28 18:00:00+00:00,2024-02-28 21:00:00+00:00,2024-02-28 21:00:00+00:00,2024-02-29 01:00:00+00:00,413.47,399.65,13.82000000000005,False,BREAK_BEFORE_K1,0,0,,,False,,,BREAK_BEFORE_K1,2024-02-28 23:10:00+00:00,
60,01:00,3,2024-03-01,Friday,2024-02-29 18:00:00+00:00,2024-02-29 21:00:00+00:00,2024-02-29 21:00:00+00:00,2024-03-01 01:00:00+00:00,407.53,403.14,4.389999999999986,False,BREAK_BEFORE_K1,0,0,,,False,,,BREAK_BEFORE_K1,2024-02-29 21:05:00+00:00,
60,01:00,3,2024-03-02,Saturday,2024-03-01 18:00:00+00:00,2024-03-01 21:00:00+00:00,2024-03-01 21:00:00+00:00,2024-03-02 01:00:00+00:00,408.28,405.32,2.9599999999999795,True,,1,0,2024-03-01 21:15:00+00:00,2024-03-01 21:20:00+00:00,True,2024-03-01 21:20:00+00:00,2024-03-01 21:25:00+00:00,H2_ARRIVAL,2024-03-01 23:10:00+00:00,110.0
60,01:00,3,2024-03-03,Sunday,2024-03-02 18:00:00+00:00,2024-03-02 21:00:00+00:00,2024-03-02 21:00:00+00:00,2024-03-03 01:00:00+00:00,410.24,407.44,2.8000000000000114,False,BREAK_BEFORE_K1,0,0,,,False,,,BREAK_BEFORE_K1,2024-03-02 23:05:00+00:00,
60,01:00,3,2024-03-04,Monday,2024-03-03 18:00:00+00:00,2024-03-03 21:00:00+00:00,2024-03-03 21:00:00+00:00,2024-03-04 01:00:00+00:00,415.57,413.23,2.339999999999975,False,BREAK_BEFORE_K1,0,0,,,False,,,BREAK_BEFORE_K1,2024-03-03 21:35:00+00:00,
60,01:00,3,2024-03-05,Tuesday,2024-03-04 18:00:00+00:00,2024-03-04 21:00:00+00:00,2024-03-04 21:00:00+00:00,2024-03-05 01:00:00+00:00,417.13,410.77,6.360000000000014,False,BREAK_BEFORE_K1,0,0,,,False,,,BREAK_BEFORE_K1,2024-03-04 21:55:00+00:00,
60,01:00,3,2024-03-06,Wednesday,2024-03-05 18:00:00+00:00,2024-03-05 21:00:00+00:00,2024-03-05 21:00:00+00:00,2024-03-06 01:00:00+00:00,408.12,352.01,56.110000000000014,False,NO_K1,0,0,,,False,,,NO_K1,,
60,01:00,3,2024-03-07,Thursday,2024-03-06 18:00:00+00:00,2024-03-06 21:00:00+00:00,2024-03-06 21:00:00+00:00,2024-03-07 01:00:00+00:00,427.5,422.0,5.5,False,BREAK_BEFORE_K1,0,0,,,False,,,BREAK_BEFORE_K1,2024-03-06 21:40:00+00:00,
60,01:00,3,2024-03-08,Friday,2024-03-07 18:00:00+00:00,2024-03-07 21:00:00+00:00,2024-03-07 21:00:00+00:00,2024-03-08 01:00:00+00:00,470.87,455.86,15.009999999999991,True,,1,0,2024-03-07 21:00:00+00:00,2024-03-07 21:05:00+00:00,False,,,BREAK_DURING_K1,2024-03-07 21:15:00+00:00,
60,01:00,3,2024-03-09,Saturday,2024-03-08 18:00:00+00:00,2024-03-08 21:00:00+00:00,2024-03-08 21:00:00+00:00,2024-03-09 01:00:00+00:00,486.99,480.05,6.939999999999998,False,OPPOSITE_VISIT_BEFORE_K1,0,1,,,False,,,OPPOSITE_VISIT_BEFORE_K1,2024-03-08 21:30:00+00:00,
60,01:00,3,2024-03-10,Sunday,2024-03-09 18:00:00+00:00,2024-03-09 21:00:00+00:00,2024-03-09 21:00:00+00:00,2024-03-10 01:00:00+00:00,487.27,481.13,6.139999999999986,True,,1,0,2024-03-09 21:55:00+00:00,2024-03-09 22:00:00+00:00,True,2024-03-09 22:00:00+00:00,2024-03-09 22:05:00+00:00,H2_ARRIVAL,2024-03-09 22:05:00+00:00,5.0
60,01:00,3,2024-03-11,Monday,2024-03-10 18:00:00+00:00,2024-03-10 21:00:00+00:00,2024-03-10 21:00:00+00:00,2024-03-11 01:00:00+00:00,532.4,526.56,5.840000000000032,False,BREAK_BEFORE_K1,0,0,,,False,,,BREAK_BEFORE_K1,2024-03-10 21:25:00+00:00,
60,01:00,3,2024-03-12,Tuesday,2024-03-11 18:00:00+00:00,2024-03-11 21:00:00+00:00,2024-03-11 21:00:00+00:00,2024-03-12 01:00:00+00:00,522.36,517.24,5.1200000000000045,True,,1,0,2024-03-11 21:25:00+00:00,2024-03-11 21:30:00+00:00,True,2024-03-11 21:40:00+00:00,2024-03-11 21:45:00+00:00,H2_ARRIVAL,2024-03-11 21:55:00+00:00,15.0
60,01:00,3,2024-03-13,Wednesday,2024-03-12 18:00:00+00:00,2024-03-12 21:00:00+00:00,2024-03-12 21:00:00+00:00,2024-03-13 01:00:00+00:00,546.32,535.32,11.0,False,OPPOSITE_VISIT_BEFORE_K1,0,1,,,False,,,OPPOSITE_VISIT_BEFORE_K1,2024-03-12 21:10:00+00:00,
60,01:00,3,2024-03-14,Thursday,2024-03-13 18:00:00+00:00,2024-03-13 21:00:00+00:00,2024-03-13 21:00:00+00:00,2024-03-14 01:00:00+00:00,599.64,589.55,10.090000000000032,True,,1,0,2024-03-13 21:10:00+00:00,2024-03-13 21:15:00+00:00,True,2024-03-13 21:20:00+00:00,2024-03-13 21:25:00+00:00,H2_ARRIVAL,2024-03-13 22:05:00+00:00,45.0
60,01:00,3,2024-03-15,Friday,2024-03-14 18:00:00+00:00,2024-03-14 21:00:00+00:00,2024-03-14 21:00:00+00:00,2024-03-15 01:00:00+00:00,600.86,565.55,35.31000000000006,False,BREAK_BEFORE_K1,0,0,,,False,,,BREAK_BEFORE_K1,2024-03-14 22:00:00+00:00,
60,01:00,3,2024-03-16,Saturday,2024-03-15 18:00:00+00:00,2024-03-15 21:00:00+00:00,2024-03-15 21:00:00+00:00,2024-03-16 01:00:00+00:00,614.93,582.1,32.82999999999993,False,BREAK_BEFORE_K1,0,0,,,False,,,BREAK_BEFORE_K1,2024-03-15 23:20:00+00:00,
60,01:00,3,2024-03-17,Sunday,2024-03-16 18:00:00+00:00,2024-03-16 21:00:00+00:00,2024-03-16 21:00:00+00:00,2024-03-17 01:00:00+00:00,592.24,579.12,13.120000000000005,False,BREAK_BEFORE_K1,0,0,,,False,,,BREAK_BEFORE_K1,2024-03-16 23:10:00+00:00,
60,01:00,3,2024-03-18,Monday,2024-03-17 18:00:00+00:00,2024-03-17 21:00:00+00:00,2024-03-17 21:00:00+00:00,2024-03-18 01:00:00+00:00,585.25,573.08,12.169999999999959,False,BREAK_BEFORE_K1,0,0,,,False,,,BREAK_BEFORE_K1,2024-03-17 21:50:00+00:00,
60,01:00,3,2024-03-19,Tuesday,2024-03-18 18:00:00+00:00,2024-03-18 21:00:00+00:00,2024-03-18 21:00:00+00:00,2024-03-19 01:00:00+00:00,554.2,545.39,8.81000000000006,False,BREAK_BEFORE_K1,0,0,,,False,,,BREAK_BEFORE_K1,2024-03-18 21:00:00+00:00,
60,01:00,3,2024-03-20,Wednesday,2024-03-19 18:00:00+00:00,2024-03-19 21:00:00+00:00,2024-03-19 21:00:00+00:00,2024-03-20 01:00:00+00:00,536.78,519.94,16.839999999999918,False,BREAK_BEFORE_K1,0,0,,,False,,,BREAK_BEFORE_K1,2024-03-19 21:05:00+00:00,
60,01:00,3,2024-03-21,Thursday,2024-03-20 18:00:00+00:00,2024-03-20 21:00:00+00:00,2024-03-20 21:00:00+00:00,2024-03-21 01:00:00+00:00,552.56,524.96,27.59999999999991,False,BREAK_BEFORE_K1,0,0,,,False,,,BREAK_BEFORE_K1,2024-03-20 21:25:00+00:00,
60,01:00,3,2024-03-22,Friday,2024-03-21 18:00:00+00:00,2024-03-21 21:00:00+00:00,2024-03-21 21:00:00+00:00,2024-03-22 01:00:00+00:00,558.72,544.51,14.210000000000036,True,,1,0,2024-03-21 22:05:00+00:00,2024-03-21 22:10:00+00:00,True,2024-03-21 22:10:00+00:00,2024-03-21 22:15:00+00:00,H2_ARRIVAL,2024-03-22 00:15:00+00:00,125.0
60,01:00,3,2024-03-23,Saturday,2024-03-22 18:00:00+00:00,2024-03-22 21:00:00+00:00,2024-03-22 21:00:00+00:00,2024-03-23 01:00:00+00:00,552.8,543.12,9.67999999999995,False,BREAK_BEFORE_K1,0,0,,,False,,,BREAK_BEFORE_K1,2024-03-22 21:15:00+00:00,
60,01:00,3,2024-03-24,Sunday,2024-03-23 18:00:00+00:00,2024-03-23 21:00:00+00:00,2024-03-23 21:00:00+00:00,2024-03-24 01:00:00+00:00,563.55,558.4,5.149999999999977,False,OPPOSITE_VISIT_BEFORE_K1,0,1,,,False,,,OPPOSITE_VISIT_BEFORE_K1,2024-03-23 21:05:00+00:00,
60,01:00,3,2024-03-25,Monday,2024-03-24 18:00:00+00:00,2024-03-24 21:00:00+00:00,2024-03-24 21:00:00+00:00,2024-03-25 01:00:00+00:00,568.6,560.35,8.25,True,,1,0,2024-03-24 21:00:00+00:00,2024-03-24 21:05:00+00:00,False,,,BREAK_DURING_K1,2024-03-24 21:05:00+00:00,
60,01:00,3,2024-03-26,Tuesday,2024-03-25 18:00:00+00:00,2024-03-25 21:00:00+00:00,2024-03-25 21:00:00+00:00,2024-03-26 01:00:00+00:00,596.41,591.69,4.719999999999914,False,OPPOSITE_VISIT_BEFORE_K1,0,1,,,False,,,OPPOSITE_VISIT_BEFORE_K1,2024-03-25 21:00:00+00:00,
60,01:00,3,2024-03-27,Wednesday,2024-03-26 18:00:00+00:00,2024-03-26 21:00:00+00:00,2024-03-26 21:00:00+00:00,2024-03-27 01:00:00+00:00,580.41,573.54,6.8700000000000045,True,,1,0,2024-03-26 21:30:00+00:00,2024-03-26 21:35:00+00:00,True,2024-03-26 21:40:00+00:00,2024-03-26 21:45:00+00:00,H2_ARRIVAL,2024-03-26 22:00:00+00:00,20.0
60,01:00,3,2024-03-28,Thursday,2024-03-27 18:00:00+00:00,2024-03-27 21:00:00+00:00,2024-03-27 21:00:00+00:00,2024-03-28 01:00:00+00:00,573.65,566.2,7.449999999999932,True,,1,0,2024-03-27 21:25:00+00:00,2024-03-27 21:30:00+00:00,False,,,BREAK_DURING_K1,2024-03-27 21:35:00+00:00,
60,01:00,3,2024-03-29,Friday,2024-03-28 18:00:00+00:00,2024-03-28 21:00:00+00:00,2024-03-28 21:00:00+00:00,2024-03-29 01:00:00+00:00,583.96,581.0,2.9600000000000364,False,BREAK_BEFORE_K1,0,0,,,False,,,BREAK_BEFORE_K1,2024-03-28 22:00:00+00:00,
60,01:00,3,2024-03-30,Saturday,2024-03-29 18:00:00+00:00,2024-03-29 21:00:00+00:00,2024-03-29 21:00:00+00:00,2024-03-30 01:00:00+00:00,615.29,609.39,5.899999999999977,True,,1,0,2024-03-29 22:00:00+00:00,2024-03-29 22:05:00+00:00,False,,,BREAK_DURING_K1,2024-03-29 22:05:00+00:00,
60,01:00,3,2024-03-31,Sunday,2024-03-30 18:00:00+00:00,2024-03-30 21:00:00+00:00,2024-03-30 21:00:00+00:00,2024-03-31 01:00:00+00:00,609.07,603.23,5.840000000000032,False,BREAK_BEFORE_K1,0,0,,,False,,,BREAK_BEFORE_K1,2024-03-30 21:10:00+00:00,
60,01:00,3,2024-04-01,Monday,2024-03-31 18:00:00+00:00,2024-03-31 21:00:00+00:00,2024-03-31 21:00:00+00:00,2024-04-01 01:00:00+00:00,606.6,602.53,4.07000000000005,True,,1,0,2024-03-31 21:00:00+00:00,2024-03-31 21:05:00+00:00,True,2024-03-31 21:05:00+00:00,2024-03-31 21:10:00+00:00,H2_ARRIVAL,2024-03-31 21:10:00+00:00,5.0
60,01:00,3,2024-04-02,Tuesday,2024-04-01 18:00:00+00:00,2024-04-01 21:00:00+00:00,2024-04-01 21:00:00+00:00,2024-04-02 01:00:00+00:00,580.2,569.76,10.440000000000055,False,BREAK_BEFORE_K1,0,0,,,False,,,BREAK_BEFORE_K1,2024-04-01 21:10:00+00:00,
60,01:00,3,2024-04-03,Wednesday,2024-04-02 18:00:00+00:00,2024-04-02 21:00:00+00:00,2024-04-02 21:00:00+00:00,2024-04-03 01:00:00+00:00,560.42,554.3,6.1200000000000045,False,OPPOSITE_VISIT_BEFORE_K1,0,1,,,False,,,OPPOSITE_VISIT_BEFORE_K1,2024-04-02 21:25:00+00:00,
60,01:00,3,2024-04-04,Thursday,2024-04-03 18:00:00+00:00,2024-04-03 21:00:00+00:00,2024-04-03 21:00:00+00:00,2024-04-04 01:00:00+00:00,560.44,551.12,9.32000000000005,True,,1,0,2024-04-03 21:55:00+00:00,2024-04-03 22:00:00+00:00,False,,,BREAK_DURING_K1,2024-04-03 22:00:00+00:00,
60,01:00,3,2024-04-05,Friday,2024-04-04 18:00:00+00:00,2024-04-04 21:00:00+00:00,2024-04-04 21:00:00+00:00,2024-04-05 01:00:00+00:00,597.19,581.03,16.160000000000082,False,OPPOSITE_VISIT_BEFORE_K1,0,1,,,False,,,OPPOSITE_VISIT_BEFORE_K1,2024-04-04 22:45:00+00:00,
60,01:00,3,2024-04-06,Saturday,2024-04-05 18:00:00+00:00,2024-04-05 21:00:00+00:00,2024-04-05 21:00:00+00:00,2024-04-06 01:00:00+00:00,583.78,576.65,7.1299999999999955,False,BREAK_BEFORE_K1,0,0,,,False,,,BREAK_BEFORE_K1,2024-04-06 00:00:00+00:00,
60,01:00,3,2024-04-07,Sunday,2024-04-06 18:00:00+00:00,2024-04-06 21:00:00+00:00,2024-04-06 21:00:00+00:00,2024-04-07 01:00:00+00:00,584.73,582.32,2.409999999999968,False,BREAK_BEFORE_K1,0,0,,,False,,,BREAK_BEFORE_K1,2024-04-06 21:00:00+00:00,
60,01:00,3,2024-04-08,Monday,2024-04-07 18:00:00+00:00,2024-04-07 21:00:00+00:00,2024-04-07 21:00:00+00:00,2024-04-08 01:00:00+00:00,582.07,577.44,4.6299999999999955,True,,1,0,2024-04-07 21:10:00+00:00,2024-04-07 21:15:00+00:00,False,,,BREAK_DURING_K1,2024-04-07 21:15:00+00:00,
60,01:00,3,2024-04-09,Tuesday,2024-04-08 18:00:00+00:00,2024-04-08 21:00:00+00:00,2024-04-08 21:00:00+00:00,2024-04-09 01:00:00+00:00,590.96,587.8,3.160000000000082,False,BREAK_BEFORE_K1,0,0,,,False,,,BREAK_BEFORE_K1,2024-04-08 22:25:00+00:00,
60,01:00,3,2024-04-10,Wednesday,2024-04-09 18:00:00+00:00,2024-04-09 21:00:00+00:00,2024-04-09 21:00:00+00:00,2024-04-10 01:00:00+00:00,582.44,577.96,4.480000000000018,True,,1,0,2024-04-09 21:55:00+00:00,2024-04-09 22:00:00+00:00,False,,,BREAK_DURING_K1,2024-04-09 22:10:00+00:00,
60,01:00,3,2024-04-11,Thursday,2024-04-10 18:00:00+00:00,2024-04-10 21:00:00+00:00,2024-04-10 21:00:00+00:00,2024-04-11 01:00:00+00:00,608.3,599.62,8.67999999999995,False,BREAK_BEFORE_K1,0,0,,,False,,,BREAK_BEFORE_K1,2024-04-10 22:00:00+00:00,
60,01:00,3,2024-04-12,Friday,2024-04-11 18:00:00+00:00,2024-04-11 21:00:00+00:00,2024-04-11 21:00:00+00:00,2024-04-12 01:00:00+00:00,607.72,602.11,5.610000000000014,True,,1,0,2024-04-11 21:00:00+00:00,2024-04-11 21:05:00+00:00,True,2024-04-11 21:05:00+00:00,2024-04-11 21:10:00+00:00,H2_ARRIVAL,2024-04-12 00:40:00+00:00,215.0
60,01:00,3,2024-04-13,Saturday,2024-04-12 18:00:00+00:00,2024-04-12 21:00:00+00:00,2024-04-12 21:00:00+00:00,2024-04-13 01:00:00+00:00,604.06,563.33,40.729999999999905,False,NO_K1,0,0,,,False,,,NO_K1,,
60,01:00,3,2024-04-14,Sunday,2024-04-13 18:00:00+00:00,2024-04-13 21:00:00+00:00,2024-04-13 21:00:00+00:00,2024-04-14 01:00:00+00:00,582.66,489.0,93.65999999999997,False,NO_K1,0,0,,,False,,,NO_K1,,
60,01:00,3,2024-04-15,Monday,2024-04-14 18:00:00+00:00,2024-04-14 21:00:00+00:00,2024-04-14 21:00:00+00:00,2024-04-15 01:00:00+00:00,553.77,544.23,9.539999999999964,False,BREAK_BEFORE_K1,0,0,,,False,,,BREAK_BEFORE_K1,2024-04-14 22:00:00+00:00,
60,01:00,3,2024-04-16,Tuesday,2024-04-15 18:00:00+00:00,2024-04-15 21:00:00+00:00,2024-04-15 21:00:00+00:00,2024-04-16 01:00:00+00:00,560.72,543.62,17.100000000000023,False,NO_K1,0,0,,,False,,,NO_K1,,
60,01:00,3,2024-04-17,Wednesday,2024-04-16 18:00:00+00:00,2024-04-16 21:00:00+00:00,2024-04-16 21:00:00+00:00,2024-04-17 01:00:00+00:00,537.96,531.35,6.610000000000014,False,BREAK_BEFORE_K1,0,0,,,False,,,BREAK_BEFORE_K1,2024-04-16 21:00:00+00:00,
60,01:00,3,2024-04-18,Thursday,2024-04-17 18:00:00+00:00,2024-04-17 21:00:00+00:00,2024-04-17 21:00:00+00:00,2024-04-18 01:00:00+00:00,538.92,529.46,9.459999999999923,False,BREAK_BEFORE_K1,0,0,,,False,,,BREAK_BEFORE_K1,2024-04-17 21:10:00+00:00,
60,01:00,3,2024-04-19,Friday,2024-04-18 18:00:00+00:00,2024-04-18 21:00:00+00:00,2024-04-18 21:00:00+00:00,2024-04-19 01:00:00+00:00,550.33,545.41,4.920000000000073,False,BREAK_BEFORE_K1,0,0,,,False,,,BREAK_BEFORE_K1,2024-04-18 21:05:00+00:00,
60,01:00,3,2024-04-20,Saturday,2024-04-19 18:00:00+00:00,2024-04-19 21:00:00+00:00,2024-04-19 21:00:00+00:00,2024-04-20 01:00:00+00:00,561.0,557.1,3.8999999999999773,True,,1,0,2024-04-19 22:05:00+00:00,2024-04-19 22:10:00+00:00,False,,,BREAK_DURING_K1,2024-04-19 22:10:00+00:00,
60,01:00,3,2024-04-21,Sunday,2024-04-20 18:00:00+00:00,2024-04-20 21:00:00+00:00,2024-04-20 21:00:00+00:00,2024-04-21 01:00:00+00:00,574.0,569.27,4.730000000000018,False,BREAK_BEFORE_K1,0,0,,,False,,,BREAK_BEFORE_K1,2024-04-20 22:10:00+00:00,
60,01:00,3,2024-04-22,Monday,2024-04-21 18:00:00+00:00,2024-04-21 21:00:00+00:00,2024-04-21 21:00:00+00:00,2024-04-22 01:00:00+00:00,577.75,571.26,6.490000000000009,True,,1,0,2024-04-21 21:00:00+00:00,2024-04-21 21:05:00+00:00,False,,,BREAK_DURING_K1,2024-04-21 21:05:00+00:00,
60,01:00,3,2024-04-23,Tuesday,2024-04-22 18:00:00+00:00,2024-04-22 21:00:00+00:00,2024-04-22 21:00:00+00:00,2024-04-23 01:00:00+00:00,598.19,593.64,4.550000000000068,True,,1,0,2024-04-22 21:45:00+00:00,2024-04-22 21:50:00+00:00,True,2024-04-22 21:55:00+00:00,2024-04-22 22:00:00+00:00,H2_ARRIVAL,2024-04-22 22:00:00+00:00,5.0
60,01:00,3,2024-04-24,Wednesday,2024-04-23 18:00:00+00:00,2024-04-23 21:00:00+00:00,2024-04-23 21:00:00+00:00,2024-04-24 01:00:00+00:00,610.23,604.48,5.75,False,BREAK_BEFORE_K1,0,0,,,False,,,BREAK_BEFORE_K1,2024-04-24 00:15:00+00:00,
60,01:00,3,2024-04-25,Thursday,2024-04-24 18:00:00+00:00,2024-04-24 21:00:00+00:00,2024-04-24 21:00:00+00:00,2024-04-25 01:00:00+00:00,612.7,592.29,20.410000000000082,False,NO_K1,0,0,,,False,,,NO_K1,,
60,01:00,3,2024-04-26,Friday,2024-04-25 18:00:00+00:00,2024-04-25 21:00:00+00:00,2024-04-25 21:00:00+00:00,2024-04-26 01:00:00+00:00,617.31,613.2,4.1099999999999,False,OPPOSITE_VISIT_BEFORE_K1,0,1,,,False,,,OPPOSITE_VISIT_BEFORE_K1,2024-04-25 21:40:00+00:00,
60,01:00,3,2024-04-27,Saturday,2024-04-26 18:00:00+00:00,2024-04-26 21:00:00+00:00,2024-04-26 21:00:00+00:00,2024-04-27 01:00:00+00:00,604.24,600.13,4.110000000000014,False,BREAK_BEFORE_K1,0,0,,,False,,,BREAK_BEFORE_K1,2024-04-26 22:10:00+00:00,
60,01:00,3,2024-04-28,Sunday,2024-04-27 18:00:00+00:00,2024-04-27 21:00:00+00:00,2024-04-27 21:00:00+00:00,2024-04-28 01:00:00+00:00,597.16,589.2,7.959999999999923,False,BREAK_BEFORE_K1,0,0,,,False,,,BREAK_BEFORE_K1,2024-04-28 00:25:00+00:00,
60,01:00,3,2024-04-29,Monday,2024-04-28 18:00:00+00:00,2024-04-28 21:00:00+00:00,2024-04-28 21:00:00+00:00,2024-04-29 01:00:00+00:00,606.33,601.86,4.470000000000027,True,,1,0,2024-04-28 21:10:00+00:00,2024-04-28 21:15:00+00:00,True,2024-04-28 21:20:00+00:00,2024-04-28 21:25:00+00:00,H2_ARRIVAL,2024-04-28 21:25:00+00:00,5.0
60,01:00,3,2024-04-30,Tuesday,2024-04-29 18:00:00+00:00,2024-04-29 21:00:00+00:00,2024-04-29 21:00:00+00:00,2024-04-30 01:00:00+00:00,593.59,588.31,5.280000000000086,False,BREAK_BEFORE_K1,0,0,,,False,,,BREAK_BEFORE_K1,2024-04-29 22:30:00+00:00,
60,01:00,3,2024-05-01,Wednesday,2024-04-30 18:00:00+00:00,2024-04-30 21:00:00+00:00,2024-04-30 21:00:00+00:00,2024-05-01 01:00:00+00:00,576.89,562.16,14.730000000000018,False,BREAK_BEFORE_K1,0,0,,,False,,,BREAK_BEFORE_K1,2024-04-30 21:00:00+00:00,
60,01:00,3,2024-05-02,Thursday,2024-05-01 18:00:00+00:00,2024-05-01 21:00:00+00:00,2024-05-01 21:00:00+00:00,2024-05-02 01:00:00+00:00,565.9,547.34,18.559999999999945,False,NO_K1,0,0,,,False,,,NO_K1,,
60,01:00,3,2024-05-03,Friday,2024-05-02 18:00:00+00:00,2024-05-02 21:00:00+00:00,2024-05-02 21:00:00+00:00,2024-05-03 01:00:00+00:00,564.86,557.91,6.9500000000000455,False,NO_K1,0,0,,,False,,,NO_K1,,
60,01:00,3,2024-05-04,Saturday,2024-05-03 18:00:00+00:00,2024-05-03 21:00:00+00:00,2024-05-03 21:00:00+00:00,2024-05-04 01:00:00+00:00,589.83,577.46,12.370000000000005,False,NO_K1,0,0,,,False,,,NO_K1,,
60,01:00,3,2024-05-05,Sunday,2024-05-04 18:00:00+00:00,2024-05-04 21:00:00+00:00,2024-05-04 21:00:00+00:00,2024-05-05 01:00:00+00:00,591.37,586.31,5.060000000000059,False,BREAK_BEFORE_K1,0,0,,,False,,,BREAK_BEFORE_K1,2024-05-04 21:30:00+00:00,
60,01:00,3,2024-05-06,Monday,2024-05-05 18:00:00+00:00,2024-05-05 21:00:00+00:00,2024-05-05 21:00:00+00:00,2024-05-06 01:00:00+00:00,593.76,589.78,3.980000000000018,False,OPPOSITE_VISIT_BEFORE_K1,0,1,,,False,,,OPPOSITE_VISIT_BEFORE_K1,2024-05-05 21:50:00+00:00,
60,01:00,3,2024-05-07,Tuesday,2024-05-06 18:00:00+00:00,2024-05-06 21:00:00+00:00,2024-05-06 21:00:00+00:00,2024-05-07 01:00:00+00:00,591.34,585.21,6.1299999999999955,True,,1,0,2024-05-06 21:10:00+00:00,2024-05-06 21:15:00+00:00,False,,,BREAK_DURING_K1,2024-05-06 21:15:00+00:00,
60,01:00,3,2024-05-08,Wednesday,2024-05-07 18:00:00+00:00,2024-05-07 21:00:00+00:00,2024-05-07 21:00:00+00:00,2024-05-08 01:00:00+00:00,591.91,581.08,10.829999999999927,False,OPPOSITE_VISIT_BEFORE_K1,0,1,,,False,,,OPPOSITE_VISIT_BEFORE_K1,2024-05-07 21:35:00+00:00,
60,01:00,3,2024-05-09,Thursday,2024-05-08 18:00:00+00:00,2024-05-08 21:00:00+00:00,2024-05-08 21:00:00+00:00,2024-05-09 01:00:00+00:00,589.88,579.06,10.82000000000005,False,BREAK_BEFORE_K1,0,0,,,False,,,BREAK_BEFORE_K1,2024-05-09 00:05:00+00:00,
60,01:00,3,2024-05-10,Friday,2024-05-09 18:00:00+00:00,2024-05-09 21:00:00+00:00,2024-05-09 21:00:00+00:00,2024-05-10 01:00:00+00:00,597.42,592.14,5.279999999999973,False,BREAK_BEFORE_K1,0,0,,,False,,,BREAK_BEFORE_K1,2024-05-09 21:05:00+00:00,
60,01:00,3,2024-05-11,Saturday,2024-05-10 18:00:00+00:00,2024-05-10 21:00:00+00:00,2024-05-10 21:00:00+00:00,2024-05-11 01:00:00+00:00,587.3,583.45,3.849999999999909,False,OPPOSITE_VISIT_BEFORE_K1,0,1,,,False,,,OPPOSITE_VISIT_BEFORE_K1,2024-05-10 21:00:00+00:00,
60,01:00,3,2024-05-12,Sunday,2024-05-11 18:00:00+00:00,2024-05-11 21:00:00+00:00,2024-05-11 21:00:00+00:00,2024-05-12 01:00:00+00:00,594.43,590.3,4.1299999999999955,False,NO_K1,0,0,,,False,,,NO_K1,,
60,01:00,3,2024-05-13,Monday,2024-05-12 18:00:00+00:00,2024-05-12 21:00:00+00:00,2024-05-12 21:00:00+00:00,2024-05-13 01:00:00+00:00,598.67,595.7,2.9699999999999136,False,BREAK_BEFORE_K1,0,0,,,False,,,BREAK_BEFORE_K1,2024-05-12 21:20:00+00:00,
60,01:00,3,2024-05-14,Tuesday,2024-05-13 18:00:00+00:00,2024-05-13 21:00:00+00:00,2024-05-13 21:00:00+00:00,2024-05-14 01:00:00+00:00,595.2,591.3,3.900000000000091,False,BREAK_BEFORE_K1,0,0,,,False,,,BREAK_BEFORE_K1,2024-05-13 22:40:00+00:00,
60,01:00,3,2024-05-15,Wednesday,2024-05-14 18:00:00+00:00,2024-05-14 21:00:00+00:00,2024-05-14 21:00:00+00:00,2024-05-15 01:00:00+00:00,568.85,564.61,4.240000000000009,False,OPPOSITE_VISIT_BEFORE_K1,0,1,,,False,,,OPPOSITE_VISIT_BEFORE_K1,2024-05-14 22:25:00+00:00,
60,01:00,3,2024-05-16,Thursday,2024-05-15 18:00:00+00:00,2024-05-15 21:00:00+00:00,2024-05-15 21:00:00+00:00,2024-05-16 01:00:00+00:00,586.4,580.2,6.199999999999932,False,OPPOSITE_VISIT_BEFORE_K1,0,1,,,False,,,OPPOSITE_VISIT_BEFORE_K1,2024-05-15 23:55:00+00:00,
60,01:00,3,2024-05-17,Friday,2024-05-16 18:00:00+00:00,2024-05-16 21:00:00+00:00,2024-05-16 21:00:00+00:00,2024-05-17 01:00:00+00:00,569.79,566.17,3.6200000000000045,False,OPPOSITE_VISIT_BEFORE_K1,0,1,,,False,,,OPPOSITE_VISIT_BEFORE_K1,2024-05-16 22:15:00+00:00,
60,01:00,3,2024-05-18,Saturday,2024-05-17 18:00:00+00:00,2024-05-17 21:00:00+00:00,2024-05-17 21:00:00+00:00,2024-05-18 01:00:00+00:00,579.96,577.04,2.9200000000000728,False,BREAK_BEFORE_K1,0,0,,,False,,,BREAK_BEFORE_K1,2024-05-17 22:10:00+00:00,
60,01:00,3,2024-05-19,Sunday,2024-05-18 18:00:00+00:00,2024-05-18 21:00:00+00:00,2024-05-18 21:00:00+00:00,2024-05-19 01:00:00+00:00,578.18,576.65,1.5299999999999727,False,OPPOSITE_VISIT_BEFORE_K1,0,1,,,False,,,OPPOSITE_VISIT_BEFORE_K1,2024-05-18 21:25:00+00:00,
60,01:00,3,2024-05-20,Monday,2024-05-19 18:00:00+00:00,2024-05-19 21:00:00+00:00,2024-05-19 21:00:00+00:00,2024-05-20 01:00:00+00:00,576.0,572.8,3.2000000000000455,False,BREAK_BEFORE_K1,0,0,,,False,,,BREAK_BEFORE_K1,2024-05-19 21:25:00+00:00,
60,01:00,3,2024-05-21,Tuesday,2024-05-20 18:00:00+00:00,2024-05-20 21:00:00+00:00,2024-05-20 21:00:00+00:00,2024-05-21 01:00:00+00:00,591.21,577.27,13.940000000000055,True,,1,0,2024-05-20 21:40:00+00:00,2024-05-20 21:45:00+00:00,True,2024-05-20 21:45:00+00:00,2024-05-20 21:50:00+00:00,H2_ARRIVAL,2024-05-20 21:50:00+00:00,5.0
60,01:00,3,2024-05-22,Wednesday,2024-05-21 18:00:00+00:00,2024-05-21 21:00:00+00:00,2024-05-21 21:00:00+00:00,2024-05-22 01:00:00+00:00,618.23,608.01,10.220000000000027,True,,1,0,2024-05-21 22:40:00+00:00,2024-05-21 22:45:00+00:00,False,,,BREAK_DURING_K1,2024-05-21 22:50:00+00:00,
60,01:00,3,2024-05-23,Thursday,2024-05-22 18:00:00+00:00,2024-05-22 21:00:00+00:00,2024-05-22 21:00:00+00:00,2024-05-23 01:00:00+00:00,615.33,610.27,5.060000000000059,False,BREAK_BEFORE_K1,0,0,,,False,,,BREAK_BEFORE_K1,2024-05-22 21:30:00+00:00,
60,01:00,3,2024-05-24,Friday,2024-05-23 18:00:00+00:00,2024-05-23 21:00:00+00:00,2024-05-23 21:00:00+00:00,2024-05-24 01:00:00+00:00,595.22,577.73,17.49000000000001,False,BREAK_BEFORE_K1,0,0,,,False,,,BREAK_BEFORE_K1,2024-05-23 21:00:00+00:00,
60,01:00,3,2024-05-25,Saturday,2024-05-24 18:00:00+00:00,2024-05-24 21:00:00+00:00,2024-05-24 21:00:00+00:00,2024-05-25 01:00:00+00:00,603.4,600.15,3.25,False,OPPOSITE_VISIT_BEFORE_K1,0,1,,,False,,,OPPOSITE_VISIT_BEFORE_K1,2024-05-25 00:00:00+00:00,
60,01:00,3,2024-05-26,Sunday,2024-05-25 18:00:00+00:00,2024-05-25 21:00:00+00:00,2024-05-25 21:00:00+00:00,2024-05-26 01:00:00+00:00,603.18,600.9,2.2799999999999727,False,BREAK_BEFORE_K1,0,0,,,False,,,BREAK_BEFORE_K1,2024-05-25 21:50:00+00:00,
60,01:00,3,2024-05-27,Monday,2024-05-26 18:00:00+00:00,2024-05-26 21:00:00+00:00,2024-05-26 21:00:00+00:00,2024-05-27 01:00:00+00:00,602.11,600.0,2.1100000000000136,False,OPPOSITE_VISIT_BEFORE_K1,0,1,,,False,,,OPPOSITE_VISIT_BEFORE_K1,2024-05-26 21:00:00+00:00,
60,01:00,3,2024-05-28,Tuesday,2024-05-27 18:00:00+00:00,2024-05-27 21:00:00+00:00,2024-05-27 21:00:00+00:00,2024-05-28 01:00:00+00:00,611.86,600.77,11.090000000000032,False,NO_K1,0,0,,,False,,,NO_K1,,
60,01:00,3,2024-05-29,Wednesday,2024-05-28 18:00:00+00:00,2024-05-28 21:00:00+00:00,2024-05-28 21:00:00+00:00,2024-05-29 01:00:00+00:00,602.61,595.73,6.8799999999999955,False,BREAK_BEFORE_K1,0,0,,,False,,,BREAK_BEFORE_K1,2024-05-28 21:40:00+00:00,
60,01:00,3,2024-05-30,Thursday,2024-05-29 18:00:00+00:00,2024-05-29 21:00:00+00:00,2024-05-29 21:00:00+00:00,2024-05-30 01:00:00+00:00,596.81,593.86,2.949999999999932,False,BREAK_BEFORE_K1,0,0,,,False,,,BREAK_BEFORE_K1,2024-05-29 21:45:00+00:00,
60,01:00,3,2024-05-31,Friday,2024-05-30 18:00:00+00:00,2024-05-30 21:00:00+00:00,2024-05-30 21:00:00+00:00,2024-05-31 01:00:00+00:00,602.89,591.51,11.379999999999995,False,NO_K1,0,0,,,False,,,NO_K1,,
60,01:00,3,2024-06-01,Saturday,2024-05-31 18:00:00+00:00,2024-05-31 21:00:00+00:00,2024-05-31 21:00:00+00:00,2024-06-01 01:00:00+00:00,596.05,592.7,3.349999999999909,False,BREAK_BEFORE_K1,0,0,,,False,,,BREAK_BEFORE_K1,2024-05-31 21:10:00+00:00,
60,01:00,3,2024-06-02,Sunday,2024-06-01 18:00:00+00:00,2024-06-01 21:00:00+00:00,2024-06-01 21:00:00+00:00,2024-06-02 01:00:00+00:00,605.81,596.68,9.129999999999995,False,BREAK_BEFORE_K1,0,0,,,False,,,BREAK_BEFORE_K1,2024-06-01 21:00:00+00:00,
60,01:00,3,2024-06-03,Monday,2024-06-02 18:00:00+00:00,2024-06-02 21:00:00+00:00,2024-06-02 21:00:00+00:00,2024-06-03 01:00:00+00:00,600.84,596.31,4.530000000000086,True,,1,0,2024-06-02 21:00:00+00:00,2024-06-02 21:05:00+00:00,False,,,BREAK_DURING_K1,2024-06-02 21:10:00+00:00,
60,01:00,3,2024-06-04,Tuesday,2024-06-03 18:00:00+00:00,2024-06-03 21:00:00+00:00,2024-06-03 21:00:00+00:00,2024-06-04 01:00:00+00:00,627.27,621.99,5.279999999999973,False,BREAK_BEFORE_K1,0,0,,,False,,,BREAK_BEFORE_K1,2024-06-03 22:30:00+00:00,
60,01:00,3,2024-06-05,Wednesday,2024-06-04 18:00:00+00:00,2024-06-04 21:00:00+00:00,2024-06-04 21:00:00+00:00,2024-06-05 01:00:00+00:00,675.88,665.03,10.850000000000023,True,,1,0,2024-06-04 22:00:00+00:00,2024-06-04 22:05:00+00:00,False,,,BREAK_DURING_K1,2024-06-04 22:05:00+00:00,
60,01:00,3,2024-06-06,Thursday,2024-06-05 18:00:00+00:00,2024-06-05 21:00:00+00:00,2024-06-05 21:00:00+00:00,2024-06-06 01:00:00+00:00,702.79,688.35,14.43999999999994,False,NO_K1,0,0,,,False,,,NO_K1,,
60,01:00,3,2024-06-07,Friday,2024-06-06 18:00:00+00:00,2024-06-06 21:00:00+00:00,2024-06-06 21:00:00+00:00,2024-06-07 01:00:00+00:00,711.22,700.37,10.850000000000023,False,BREAK_BEFORE_K1,0,0,,,False,,,BREAK_BEFORE_K1,2024-06-06 22:55:00+00:00,
60,01:00,3,2024-06-08,Saturday,2024-06-07 18:00:00+00:00,2024-06-07 21:00:00+00:00,2024-06-07 21:00:00+00:00,2024-06-08 01:00:00+00:00,687.77,657.42,30.350000000000023,False,NO_K1,0,0,,,False,,,NO_K1,,
60,01:00,3,2024-06-09,Sunday,2024-06-08 18:00:00+00:00,2024-06-08 21:00:00+00:00,2024-06-08 21:00:00+00:00,2024-06-09 01:00:00+00:00,687.6,683.57,4.029999999999973,False,BREAK_BEFORE_K1,0,0,,,False,,,BREAK_BEFORE_K1,2024-06-08 22:20:00+00:00,
60,01:00,3,2024-06-10,Monday,2024-06-09 18:00:00+00:00,2024-06-09 21:00:00+00:00,2024-06-09 21:00:00+00:00,2024-06-10 01:00:00+00:00,678.77,670.8,7.970000000000027,False,BREAK_BEFORE_K1,0,0,,,False,,,BREAK_BEFORE_K1,2024-06-09 21:35:00+00:00,
60,01:00,3,2024-06-11,Tuesday,2024-06-10 18:00:00+00:00,2024-06-10 21:00:00+00:00,2024-06-10 21:00:00+00:00,2024-06-11 01:00:00+00:00,653.28,617.27,36.00999999999999,False,BREAK_BEFORE_K1,0,0,,,False,,,BREAK_BEFORE_K1,2024-06-10 21:25:00+00:00,
60,01:00,3,2024-06-12,Wednesday,2024-06-11 18:00:00+00:00,2024-06-11 21:00:00+00:00,2024-06-11 21:00:00+00:00,2024-06-12 01:00:00+00:00,610.0,602.58,7.419999999999959,False,OPPOSITE_VISIT_BEFORE_K1,0,1,,,False,,,OPPOSITE_VISIT_BEFORE_K1,2024-06-11 22:50:00+00:00,
60,01:00,3,2024-06-13,Thursday,2024-06-12 18:00:00+00:00,2024-06-12 21:00:00+00:00,2024-06-12 21:00:00+00:00,2024-06-13 01:00:00+00:00,632.93,609.5,23.42999999999995,False,NO_K1,0,0,,,False,,,NO_K1,,
60,01:00,3,2024-06-14,Friday,2024-06-13 18:00:00+00:00,2024-06-13 21:00:00+00:00,2024-06-13 21:00:00+00:00,2024-06-14 01:00:00+00:00,605.72,599.14,6.580000000000041,False,BREAK_BEFORE_K1,0,0,,,False,,,BREAK_BEFORE_K1,2024-06-13 21:10:00+00:00,
60,01:00,3,2024-06-15,Saturday,2024-06-14 18:00:00+00:00,2024-06-14 21:00:00+00:00,2024-06-14 21:00:00+00:00,2024-06-15 01:00:00+00:00,598.42,590.0,8.419999999999959,False,BREAK_BEFORE_K1,0,0,,,False,,,BREAK_BEFORE_K1,2024-06-14 21:25:00+00:00,
60,01:00,3,2024-06-16,Sunday,2024-06-15 18:00:00+00:00,2024-06-15 21:00:00+00:00,2024-06-15 21:00:00+00:00,2024-06-16 01:00:00+00:00,607.5,604.02,3.480000000000018,False,BREAK_BEFORE_K1,0,0,,,False,,,BREAK_BEFORE_K1,2024-06-15 22:55:00+00:00,
60,01:00,3,2024-06-17,Monday,2024-06-16 18:00:00+00:00,2024-06-16 21:00:00+00:00,2024-06-16 21:00:00+00:00,2024-06-17 01:00:00+00:00,609.86,607.55,2.310000000000059,False,BREAK_BEFORE_K1,0,0,,,False,,,BREAK_BEFORE_K1,2024-06-16 22:05:00+00:00,
60,01:00,3,2024-06-18,Tuesday,2024-06-17 18:00:00+00:00,2024-06-17 21:00:00+00:00,2024-06-17 21:00:00+00:00,2024-06-18 01:00:00+00:00,610.24,604.08,6.159999999999968,False,OPPOSITE_VISIT_BEFORE_K1,0,1,,,False,,,OPPOSITE_VISIT_BEFORE_K1,2024-06-17 23:40:00+00:00,
60,01:00,3,2024-06-19,Wednesday,2024-06-18 18:00:00+00:00,2024-06-18 21:00:00+00:00,2024-06-18 21:00:00+00:00,2024-06-19 01:00:00+00:00,586.07,575.67,10.400000000000091,True,,1,0,2024-06-18 21:00:00+00:00,2024-06-18 21:05:00+00:00,False,,,BREAK_DURING_K1,2024-06-18 21:05:00+00:00,
60,01:00,3,2024-06-20,Thursday,2024-06-19 18:00:00+00:00,2024-06-19 21:00:00+00:00,2024-06-19 21:00:00+00:00,2024-06-20 01:00:00+00:00,601.53,597.22,4.309999999999945,False,BREAK_BEFORE_K1,0,0,,,False,,,BREAK_BEFORE_K1,2024-06-19 21:10:00+00:00,
60,01:00,3,2024-06-21,Friday,2024-06-20 18:00:00+00:00,2024-06-20 21:00:00+00:00,2024-06-20 21:00:00+00:00,2024-06-21 01:00:00+00:00,595.24,591.11,4.1299999999999955,False,BREAK_BEFORE_K1,0,0,,,False,,,BREAK_BEFORE_K1,2024-06-20 22:35:00+00:00,
60,01:00,3,2024-06-22,Saturday,2024-06-21 18:00:00+00:00,2024-06-21 21:00:00+00:00,2024-06-21 21:00:00+00:00,2024-06-22 01:00:00+00:00,587.43,581.67,5.759999999999991,True,,1,0,2024-06-21 22:15:00+00:00,2024-06-21 22:20:00+00:00,False,,,BREAK_DURING_K1,2024-06-21 22:20:00+00:00,
60,01:00,3,2024-06-23,Sunday,2024-06-22 18:00:00+00:00,2024-06-22 21:00:00+00:00,2024-06-22 21:00:00+00:00,2024-06-23 01:00:00+00:00,587.71,585.69,2.019999999999982,False,BREAK_BEFORE_K1,0,0,,,False,,,BREAK_BEFORE_K1,2024-06-22 21:00:00+00:00,
60,01:00,3,2024-06-24,Monday,2024-06-23 18:00:00+00:00,2024-06-23 21:00:00+00:00,2024-06-23 21:00:00+00:00,2024-06-24 01:00:00+00:00,585.78,579.14,6.639999999999986,False,OPPOSITE_VISIT_BEFORE_K1,0,1,,,False,,,OPPOSITE_VISIT_BEFORE_K1,2024-06-23 22:30:00+00:00,
60,01:00,3,2024-06-25,Tuesday,2024-06-24 18:00:00+00:00,2024-06-24 21:00:00+00:00,2024-06-24 21:00:00+00:00,2024-06-25 01:00:00+00:00,563.95,550.55,13.400000000000091,True,,1,0,2024-06-24 21:20:00+00:00,2024-06-24 21:25:00+00:00,True,2024-06-24 21:25:00+00:00,2024-06-24 21:30:00+00:00,H2_ARRIVAL,2024-06-24 21:30:00+00:00,5.0
60,01:00,3,2024-06-26,Wednesday,2024-06-25 18:00:00+00:00,2024-06-25 21:00:00+00:00,2024-06-25 21:00:00+00:00,2024-06-26 01:00:00+00:00,579.93,573.67,6.259999999999991,False,NO_K1,0,0,,,False,,,NO_K1,,
60,01:00,3,2024-06-27,Thursday,2024-06-26 18:00:00+00:00,2024-06-26 21:00:00+00:00,2024-06-26 21:00:00+00:00,2024-06-27 01:00:00+00:00,575.68,569.21,6.469999999999914,True,,1,0,2024-06-26 21:00:00+00:00,2024-06-26 21:05:00+00:00,True,2024-06-26 21:10:00+00:00,2024-06-26 21:15:00+00:00,NO_H2_BY_END,,
60,01:00,3,2024-06-28,Friday,2024-06-27 18:00:00+00:00,2024-06-27 21:00:00+00:00,2024-06-27 21:00:00+00:00,2024-06-28 01:00:00+00:00,582.47,579.15,3.32000000000005,False,OPPOSITE_VISIT_BEFORE_K1,0,1,,,False,,,OPPOSITE_VISIT_BEFORE_K1,2024-06-27 21:25:00+00:00,
60,01:00,3,2024-06-29,Saturday,2024-06-28 18:00:00+00:00,2024-06-28 21:00:00+00:00,2024-06-28 21:00:00+00:00,2024-06-29 01:00:00+00:00,572.69,569.56,3.130000000000109,False,BREAK_BEFORE_K1,0,0,,,False,,,BREAK_BEFORE_K1,2024-06-28 21:00:00+00:00,
60,01:00,3,2024-06-30,Sunday,2024-06-29 18:00:00+00:00,2024-06-29 21:00:00+00:00,2024-06-29 21:00:00+00:00,2024-06-30 01:00:00+00:00,572.79,570.39,2.3999999999999773,False,BREAK_BEFORE_K1,0,0,,,False,,,BREAK_BEFORE_K1,2024-06-29 22:15:00+00:00,
60,01:00,3,2024-07-01,Monday,2024-06-30 18:00:00+00:00,2024-06-30 21:00:00+00:00,2024-06-30 21:00:00+00:00,2024-07-01 01:00:00+00:00,580.93,577.14,3.7899999999999636,False,BREAK_BEFORE_K1,0,0,,,False,,,BREAK_BEFORE_K1,2024-06-30 22:25:00+00:00,
60,01:00,3,2024-07-02,Tuesday,2024-07-01 18:00:00+00:00,2024-07-01 21:00:00+00:00,2024-07-01 21:00:00+00:00,2024-07-02 01:00:00+00:00,583.49,581.24,2.25,False,BREAK_BEFORE_K1,0,0,,,False,,,BREAK_BEFORE_K1,2024-07-01 21:20:00+00:00,
60,01:00,3,2024-07-03,Wednesday,2024-07-02 18:00:00+00:00,2024-07-02 21:00:00+00:00,2024-07-02 21:00:00+00:00,2024-07-03 01:00:00+00:00,581.71,577.47,4.240000000000009,False,NO_K1,0,0,,,False,,,NO_K1,,
60,01:00,3,2024-07-04,Thursday,2024-07-03 18:00:00+00:00,2024-07-03 21:00:00+00:00,2024-07-03 21:00:00+00:00,2024-07-04 01:00:00+00:00,559.18,550.05,9.129999999999995,False,NO_K1,0,0,,,False,,,NO_K1,,
60,01:00,3,2024-07-05,Friday,2024-07-04 18:00:00+00:00,2024-07-04 21:00:00+00:00,2024-07-04 21:00:00+00:00,2024-07-05 01:00:00+00:00,527.24,522.2,5.039999999999964,True,,1,0,2024-07-04 21:15:00+00:00,2024-07-04 21:20:00+00:00,False,,,BREAK_DURING_K1,2024-07-04 21:20:00+00:00,
60,01:00,3,2024-07-06,Saturday,2024-07-05 18:00:00+00:00,2024-07-05 21:00:00+00:00,2024-07-05 21:00:00+00:00,2024-07-06 01:00:00+00:00,498.91,492.16,6.75,True,,1,0,2024-07-05 23:20:00+00:00,2024-07-05 23:25:00+00:00,False,,,BREAK_DURING_K1,2024-07-05 23:30:00+00:00,
60,01:00,3,2024-07-07,Sunday,2024-07-06 18:00:00+00:00,2024-07-06 21:00:00+00:00,2024-07-06 21:00:00+00:00,2024-07-07 01:00:00+00:00,529.2,523.6,5.600000000000023,True,,1,0,2024-07-06 21:00:00+00:00,2024-07-06 21:05:00+00:00,True,2024-07-06 21:05:00+00:00,2024-07-06 21:10:00+00:00,H2_ARRIVAL,2024-07-06 23:15:00+00:00,130.0
60,01:00,3,2024-07-08,Monday,2024-07-07 18:00:00+00:00,2024-07-07 21:00:00+00:00,2024-07-07 21:00:00+00:00,2024-07-08 01:00:00+00:00,503.87,498.87,5.0,False,BREAK_BEFORE_K1,0,0,,,False,,,BREAK_BEFORE_K1,2024-07-07 21:10:00+00:00,
60,01:00,3,2024-07-09,Tuesday,2024-07-08 18:00:00+00:00,2024-07-08 21:00:00+00:00,2024-07-08 21:00:00+00:00,2024-07-09 01:00:00+00:00,509.07,504.23,4.839999999999975,False,BREAK_BEFORE_K1,0,0,,,False,,,BREAK_BEFORE_K1,2024-07-08 21:15:00+00:00,
60,01:00,3,2024-07-10,Wednesday,2024-07-09 18:00:00+00:00,2024-07-09 21:00:00+00:00,2024-07-09 21:00:00+00:00,2024-07-10 01:00:00+00:00,521.16,515.7,5.459999999999923,False,BREAK_BEFORE_K1,0,0,,,False,,,BREAK_BEFORE_K1,2024-07-09 21:50:00+00:00,
60,01:00,3,2024-07-11,Thursday,2024-07-10 18:00:00+00:00,2024-07-10 21:00:00+00:00,2024-07-10 21:00:00+00:00,2024-07-11 01:00:00+00:00,524.49,521.71,2.7799999999999727,False,BREAK_BEFORE_K1,0,0,,,False,,,BREAK_BEFORE_K1,2024-07-10 21:10:00+00:00,
60,01:00,3,2024-07-12,Friday,2024-07-11 18:00:00+00:00,2024-07-11 21:00:00+00:00,2024-07-11 21:00:00+00:00,2024-07-12 01:00:00+00:00,530.97,523.29,7.680000000000064,False,OPPOSITE_VISIT_BEFORE_K1,0,1,,,False,,,OPPOSITE_VISIT_BEFORE_K1,2024-07-11 21:25:00+00:00,
60,01:00,3,2024-07-13,Saturday,2024-07-12 18:00:00+00:00,2024-07-12 21:00:00+00:00,2024-07-12 21:00:00+00:00,2024-07-13 01:00:00+00:00,537.6,527.19,10.409999999999968,False,NO_K1,0,0,,,False,,,NO_K1,,
60,01:00,3,2024-07-14,Sunday,2024-07-13 18:00:00+00:00,2024-07-13 21:00:00+00:00,2024-07-13 21:00:00+00:00,2024-07-14 01:00:00+00:00,530.81,528.73,2.0799999999999272,False,BREAK_BEFORE_K1,0,0,,,False,,,BREAK_BEFORE_K1,2024-07-13 22:15:00+00:00,
60,01:00,3,2024-07-15,Monday,2024-07-14 18:00:00+00:00,2024-07-14 21:00:00+00:00,2024-07-14 21:00:00+00:00,2024-07-15 01:00:00+00:00,539.57,535.03,4.540000000000077,False,BREAK_BEFORE_K1,0,0,,,False,,,BREAK_BEFORE_K1,2024-07-14 21:20:00+00:00,
60,01:00,3,2024-07-16,Tuesday,2024-07-15 18:00:00+00:00,2024-07-15 21:00:00+00:00,2024-07-15 21:00:00+00:00,2024-07-16 01:00:00+00:00,579.59,574.65,4.940000000000055,False,BREAK_BEFORE_K1,0,0,,,False,,,BREAK_BEFORE_K1,2024-07-15 22:10:00+00:00,
60,01:00,3,2024-07-17,Wednesday,2024-07-16 18:00:00+00:00,2024-07-16 21:00:00+00:00,2024-07-16 21:00:00+00:00,2024-07-17 01:00:00+00:00,578.88,573.81,5.07000000000005,False,OPPOSITE_VISIT_BEFORE_K1,0,1,,,False,,,OPPOSITE_VISIT_BEFORE_K1,2024-07-16 21:10:00+00:00,
60,01:00,3,2024-07-18,Thursday,2024-07-17 18:00:00+00:00,2024-07-17 21:00:00+00:00,2024-07-17 21:00:00+00:00,2024-07-18 01:00:00+00:00,573.72,569.37,4.350000000000023,False,BREAK_BEFORE_K1,0,0,,,False,,,BREAK_BEFORE_K1,2024-07-17 21:00:00+00:00,
60,01:00,3,2024-07-19,Friday,2024-07-18 18:00:00+00:00,2024-07-18 21:00:00+00:00,2024-07-18 21:00:00+00:00,2024-07-19 01:00:00+00:00,570.65,565.1,5.5499999999999545,True,,1,0,2024-07-18 21:20:00+00:00,2024-07-18 21:25:00+00:00,False,,,BREAK_DURING_K1,2024-07-18 21:30:00+00:00,
60,01:00,3,2024-07-20,Saturday,2024-07-19 18:00:00+00:00,2024-07-19 21:00:00+00:00,2024-07-19 21:00:00+00:00,2024-07-20 01:00:00+00:00,597.49,588.59,8.899999999999977,False,BREAK_BEFORE_K1,0,0,,,False,,,BREAK_BEFORE_K1,2024-07-20 00:55:00+00:00,
60,01:00,3,2024-07-21,Sunday,2024-07-20 18:00:00+00:00,2024-07-20 21:00:00+00:00,2024-07-20 21:00:00+00:00,2024-07-21 01:00:00+00:00,598.22,594.76,3.4600000000000364,False,OPPOSITE_VISIT_BEFORE_K1,0,1,,,False,,,OPPOSITE_VISIT_BEFORE_K1,2024-07-20 21:10:00+00:00,
60,01:00,3,2024-07-22,Monday,2024-07-21 18:00:00+00:00,2024-07-21 21:00:00+00:00,2024-07-21 21:00:00+00:00,2024-07-22 01:00:00+00:00,602.63,580.79,21.840000000000032,False,BREAK_BEFORE_K1,0,0,,,False,,,BREAK_BEFORE_K1,2024-07-21 21:35:00+00:00,
60,01:00,3,2024-07-23,Tuesday,2024-07-22 18:00:00+00:00,2024-07-22 21:00:00+00:00,2024-07-22 21:00:00+00:00,2024-07-23 01:00:00+00:00,596.72,593.14,3.580000000000041,False,BREAK_BEFORE_K1,0,0,,,False,,,BREAK_BEFORE_K1,2024-07-22 21:10:00+00:00,
60,01:00,3,2024-07-24,Wednesday,2024-07-23 18:00:00+00:00,2024-07-23 21:00:00+00:00,2024-07-23 21:00:00+00:00,2024-07-24 01:00:00+00:00,584.97,580.65,4.32000000000005,False,OPPOSITE_VISIT_BEFORE_K1,0,1,,,False,,,OPPOSITE_VISIT_BEFORE_K1,2024-07-23 22:00:00+00:00,
60,01:00,3,2024-07-25,Thursday,2024-07-24 18:00:00+00:00,2024-07-24 21:00:00+00:00,2024-07-24 21:00:00+00:00,2024-07-25 01:00:00+00:00,585.2,578.86,6.340000000000032,False,BREAK_BEFORE_K1,0,0,,,False,,,BREAK_BEFORE_K1,2024-07-24 21:10:00+00:00,
60,01:00,3,2024-07-26,Friday,2024-07-25 18:00:00+00:00,2024-07-25 21:00:00+00:00,2024-07-25 21:00:00+00:00,2024-07-26 01:00:00+00:00,570.56,560.89,9.669999999999959,True,,1,0,2024-07-25 21:00:00+00:00,2024-07-25 21:05:00+00:00,False,,,BREAK_DURING_K1,2024-07-25 21:10:00+00:00,
60,01:00,3,2024-07-27,Saturday,2024-07-26 18:00:00+00:00,2024-07-26 21:00:00+00:00,2024-07-26 21:00:00+00:00,2024-07-27 01:00:00+00:00,582.44,577.7,4.740000000000009,False,BREAK_BEFORE_K1,0,0,,,False,,,BREAK_BEFORE_K1,2024-07-26 22:20:00+00:00,
60,01:00,3,2024-07-28,Sunday,2024-07-27 18:00:00+00:00,2024-07-27 21:00:00+00:00,2024-07-27 21:00:00+00:00,2024-07-28 01:00:00+00:00,585.55,573.04,12.509999999999991,True,,1,0,2024-07-27 22:15:00+00:00,2024-07-27 22:20:00+00:00,False,,,BREAK_DURING_K1,2024-07-27 22:20:00+00:00,
60,01:00,3,2024-07-29,Monday,2024-07-28 18:00:00+00:00,2024-07-28 21:00:00+00:00,2024-07-28 21:00:00+00:00,2024-07-29 01:00:00+00:00,584.95,580.87,4.080000000000041,True,,1,0,2024-07-28 23:20:00+00:00,2024-07-28 23:25:00+00:00,False,,,BREAK_DURING_K1,2024-07-28 23:25:00+00:00,
60,01:00,3,2024-07-30,Tuesday,2024-07-29 18:00:00+00:00,2024-07-29 21:00:00+00:00,2024-07-29 21:00:00+00:00,2024-07-30 01:00:00+00:00,579.23,575.73,3.5,True,,1,0,2024-07-29 21:55:00+00:00,2024-07-29 22:00:00+00:00,False,,,BREAK_DURING_K1,2024-07-29 22:05:00+00:00,
60,01:00,3,2024-07-31,Wednesday,2024-07-30 18:00:00+00:00,2024-07-30 21:00:00+00:00,2024-07-30 21:00:00+00:00,2024-07-31 01:00:00+00:00,576.62,570.08,6.539999999999964,False,BREAK_BEFORE_K1,0,0,,,False,,,BREAK_BEFORE_K1,2024-07-30 21:30:00+00:00,
60,01:00,3,2024-08-01,Thursday,2024-07-31 18:00:00+00:00,2024-07-31 21:00:00+00:00,2024-07-31 21:00:00+00:00,2024-08-01 01:00:00+00:00,591.47,575.62,15.850000000000023,False,OPPOSITE_VISIT_BEFORE_K1,0,1,,,False,,,OPPOSITE_VISIT_BEFORE_K1,2024-07-31 21:00:00+00:00,
60,01:00,3,2024-08-02,Friday,2024-08-01 18:00:00+00:00,2024-08-01 21:00:00+00:00,2024-08-01 21:00:00+00:00,2024-08-02 01:00:00+00:00,570.7,553.74,16.960000000000036,False,BREAK_BEFORE_K1,0,0,,,False,,,BREAK_BEFORE_K1,2024-08-01 21:00:00+00:00,
60,01:00,3,2024-08-03,Saturday,2024-08-02 18:00:00+00:00,2024-08-02 21:00:00+00:00,2024-08-02 21:00:00+00:00,2024-08-03 01:00:00+00:00,558.92,551.33,7.589999999999918,False,BREAK_BEFORE_K1,0,0,,,False,,,BREAK_BEFORE_K1,2024-08-02 21:10:00+00:00,
60,01:00,3,2024-08-04,Sunday,2024-08-03 18:00:00+00:00,2024-08-03 21:00:00+00:00,2024-08-03 21:00:00+00:00,2024-08-04 01:00:00+00:00,529.77,521.88,7.889999999999986,False,OPPOSITE_VISIT_BEFORE_K1,0,1,,,False,,,OPPOSITE_VISIT_BEFORE_K1,2024-08-03 21:05:00+00:00,
60,01:00,3,2024-08-05,Monday,2024-08-04 18:00:00+00:00,2024-08-04 21:00:00+00:00,2024-08-04 21:00:00+00:00,2024-08-05 01:00:00+00:00,511.65,493.0,18.649999999999977,False,BREAK_BEFORE_K1,0,0,,,False,,,BREAK_BEFORE_K1,2024-08-05 00:10:00+00:00,
60,01:00,3,2024-08-06,Tuesday,2024-08-05 18:00:00+00:00,2024-08-05 21:00:00+00:00,2024-08-05 21:00:00+00:00,2024-08-06 01:00:00+00:00,468.53,450.74,17.789999999999964,False,BREAK_BEFORE_K1,0,0,,,False,,,BREAK_BEFORE_K1,2024-08-05 21:15:00+00:00,
60,01:00,3,2024-08-07,Wednesday,2024-08-06 18:00:00+00:00,2024-08-06 21:00:00+00:00,2024-08-06 21:00:00+00:00,2024-08-07 01:00:00+00:00,491.45,483.75,7.699999999999989,False,BREAK_BEFORE_K1,0,0,,,False,,,BREAK_BEFORE_K1,2024-08-06 22:05:00+00:00,
60,01:00,3,2024-08-08,Thursday,2024-08-07 18:00:00+00:00,2024-08-07 21:00:00+00:00,2024-08-07 21:00:00+00:00,2024-08-08 01:00:00+00:00,478.08,468.06,10.019999999999982,False,BREAK_BEFORE_K1,0,0,,,False,,,BREAK_BEFORE_K1,2024-08-08 00:35:00+00:00,
60,01:00,3,2024-08-09,Friday,2024-08-08 18:00:00+00:00,2024-08-08 21:00:00+00:00,2024-08-08 21:00:00+00:00,2024-08-09 01:00:00+00:00,505.56,501.63,3.930000000000007,False,BREAK_BEFORE_K1,0,0,,,False,,,BREAK_BEFORE_K1,2024-08-08 21:10:00+00:00,
60,01:00,3,2024-08-10,Saturday,2024-08-09 18:00:00+00:00,2024-08-09 21:00:00+00:00,2024-08-09 21:00:00+00:00,2024-08-10 01:00:00+00:00,508.8,503.42,5.3799999999999955,True,,1,0,2024-08-09 21:55:00+00:00,2024-08-09 22:00:00+00:00,True,2024-08-09 22:05:00+00:00,2024-08-09 22:10:00+00:00,H2_ARRIVAL,2024-08-09 22:25:00+00:00,20.0
60,01:00,3,2024-08-11,Sunday,2024-08-10 18:00:00+00:00,2024-08-10 21:00:00+00:00,2024-08-10 21:00:00+00:00,2024-08-11 01:00:00+00:00,525.71,517.61,8.100000000000023,False,BREAK_BEFORE_K1,0,0,,,False,,,BREAK_BEFORE_K1,2024-08-11 00:20:00+00:00,
60,01:00,3,2024-08-12,Monday,2024-08-11 18:00:00+00:00,2024-08-11 21:00:00+00:00,2024-08-11 21:00:00+00:00,2024-08-12 01:00:00+00:00,522.11,503.6,18.50999999999999,False,OPPOSITE_VISIT_BEFORE_K1,0,1,,,False,,,OPPOSITE_VISIT_BEFORE_K1,2024-08-11 21:00:00+00:00,
60,01:00,3,2024-08-13,Tuesday,2024-08-12 18:00:00+00:00,2024-08-12 21:00:00+00:00,2024-08-12 21:00:00+00:00,2024-08-13 01:00:00+00:00,517.01,507.4,9.610000000000014,False,BREAK_BEFORE_K1,0,0,,,False,,,BREAK_BEFORE_K1,2024-08-12 23:10:00+00:00,
60,01:00,3,2024-08-14,Wednesday,2024-08-13 18:00:00+00:00,2024-08-13 21:00:00+00:00,2024-08-13 21:00:00+00:00,2024-08-14 01:00:00+00:00,524.1,518.8,5.300000000000068,False,BREAK_BEFORE_K1,0,0,,,False,,,BREAK_BEFORE_K1,2024-08-13 21:30:00+00:00,
60,01:00,3,2024-08-15,Thursday,2024-08-14 18:00:00+00:00,2024-08-14 21:00:00+00:00,2024-08-14 21:00:00+00:00,2024-08-15 01:00:00+00:00,525.85,521.74,4.110000000000014,False,BREAK_BEFORE_K1,0,0,,,False,,,BREAK_BEFORE_K1,2024-08-14 22:00:00+00:00,
60,01:00,3,2024-08-16,Friday,2024-08-15 18:00:00+00:00,2024-08-15 21:00:00+00:00,2024-08-15 21:00:00+00:00,2024-08-16 01:00:00+00:00,526.88,509.88,17.0,False,NO_K1,0,0,,,False,,,NO_K1,,
60,01:00,3,2024-08-17,Saturday,2024-08-16 18:00:00+00:00,2024-08-16 21:00:00+00:00,2024-08-16 21:00:00+00:00,2024-08-17 01:00:00+00:00,522.96,517.22,5.740000000000009,False,NO_K1,0,0,,,False,,,NO_K1,,
60,01:00,3,2024-08-18,Sunday,2024-08-17 18:00:00+00:00,2024-08-17 21:00:00+00:00,2024-08-17 21:00:00+00:00,2024-08-18 01:00:00+00:00,547.9,535.1,12.799999999999955,False,NO_K1,0,0,,,False,,,NO_K1,,
60,01:00,3,2024-08-19,Monday,2024-08-18 18:00:00+00:00,2024-08-18 21:00:00+00:00,2024-08-18 21:00:00+00:00,2024-08-19 01:00:00+00:00,538.4,535.89,2.509999999999991,False,OPPOSITE_VISIT_BEFORE_K1,0,1,,,False,,,OPPOSITE_VISIT_BEFORE_K1,2024-08-18 21:55:00+00:00,
60,01:00,3,2024-08-20,Tuesday,2024-08-19 18:00:00+00:00,2024-08-19 21:00:00+00:00,2024-08-19 21:00:00+00:00,2024-08-20 01:00:00+00:00,557.33,550.46,6.8700000000000045,True,,1,0,2024-08-19 22:10:00+00:00,2024-08-19 22:15:00+00:00,False,,,BREAK_DURING_K1,2024-08-19 22:30:00+00:00,
60,01:00,3,2024-08-21,Wednesday,2024-08-20 18:00:00+00:00,2024-08-20 21:00:00+00:00,2024-08-20 21:00:00+00:00,2024-08-21 01:00:00+00:00,573.58,565.09,8.490000000000009,False,BREAK_BEFORE_K1,0,0,,,False,,,BREAK_BEFORE_K1,2024-08-20 22:05:00+00:00,
60,01:00,3,2024-08-22,Thursday,2024-08-21 18:00:00+00:00,2024-08-21 21:00:00+00:00,2024-08-21 21:00:00+00:00,2024-08-22 01:00:00+00:00,574.76,556.18,18.58000000000004,False,NO_K1,0,0,,,False,,,NO_K1,,
60,01:00,3,2024-08-23,Friday,2024-08-22 18:00:00+00:00,2024-08-22 21:00:00+00:00,2024-08-22 21:00:00+00:00,2024-08-23 01:00:00+00:00,585.62,574.68,10.940000000000055,False,BREAK_BEFORE_K1,0,0,,,False,,,BREAK_BEFORE_K1,2024-08-22 21:45:00+00:00,
60,01:00,3,2024-08-24,Saturday,2024-08-23 18:00:00+00:00,2024-08-23 21:00:00+00:00,2024-08-23 21:00:00+00:00,2024-08-24 01:00:00+00:00,588.41,581.72,6.689999999999941,True,,1,0,2024-08-23 21:15:00+00:00,2024-08-23 21:20:00+00:00,False,,,BREAK_DURING_K1,2024-08-23 21:20:00+00:00,
60,01:00,3,2024-08-25,Sunday,2024-08-24 18:00:00+00:00,2024-08-24 21:00:00+00:00,2024-08-24 21:00:00+00:00,2024-08-25 01:00:00+00:00,591.57,583.1,8.470000000000027,False,BREAK_BEFORE_K1,0,0,,,False,,,BREAK_BEFORE_K1,2024-08-24 21:30:00+00:00,
60,01:00,3,2024-08-26,Monday,2024-08-25 18:00:00+00:00,2024-08-25 21:00:00+00:00,2024-08-25 21:00:00+00:00,2024-08-26 01:00:00+00:00,576.9,574.0,2.8999999999999773,False,BREAK_BEFORE_K1,0,0,,,False,,,BREAK_BEFORE_K1,2024-08-25 21:15:00+00:00,
60,01:00,3,2024-08-27,Tuesday,2024-08-26 18:00:00+00:00,2024-08-26 21:00:00+00:00,2024-08-26 21:00:00+00:00,2024-08-27 01:00:00+00:00,558.59,550.0,8.590000000000032,False,BREAK_BEFORE_K1,0,0,,,False,,,BREAK_BEFORE_K1,2024-08-26 21:10:00+00:00,
60,01:00,3,2024-08-28,Wednesday,2024-08-27 18:00:00+00:00,2024-08-27 21:00:00+00:00,2024-08-27 21:00:00+00:00,2024-08-28 01:00:00+00:00,551.2,548.46,2.740000000000009,False,OPPOSITE_VISIT_BEFORE_K1,0,1,,,False,,,OPPOSITE_VISIT_BEFORE_K1,2024-08-27 21:05:00+00:00,
60,01:00,3,2024-08-29,Thursday,2024-08-28 18:00:00+00:00,2024-08-28 21:00:00+00:00,2024-08-28 21:00:00+00:00,2024-08-29 01:00:00+00:00,540.4,528.09,12.309999999999945,True,,1,0,2024-08-29 00:20:00+00:00,2024-08-29 00:25:00+00:00,True,2024-08-29 00:25:00+00:00,2024-08-29 00:30:00+00:00,NO_H2_BY_END,,
60,01:00,3,2024-08-30,Friday,2024-08-29 18:00:00+00:00,2024-08-29 21:00:00+00:00,2024-08-29 21:00:00+00:00,2024-08-30 01:00:00+00:00,540.08,530.42,9.660000000000082,False,NO_K1,0,0,,,False,,,NO_K1,,
60,01:00,3,2024-08-31,Saturday,2024-08-30 18:00:00+00:00,2024-08-30 21:00:00+00:00,2024-08-30 21:00:00+00:00,2024-08-31 01:00:00+00:00,536.96,529.01,7.9500000000000455,False,BREAK_BEFORE_K1,0,0,,,False,,,BREAK_BEFORE_K1,2024-08-31 00:30:00+00:00,
60,01:00,3,2024-09-01,Sunday,2024-08-31 18:00:00+00:00,2024-08-31 21:00:00+00:00,2024-08-31 21:00:00+00:00,2024-09-01 01:00:00+00:00,534.78,531.08,3.699999999999932,False,BREAK_BEFORE_K1,0,0,,,False,,,BREAK_BEFORE_K1,2024-09-01 00:30:00+00:00,
60,01:00,3,2024-09-02,Monday,2024-09-01 18:00:00+00:00,2024-09-01 21:00:00+00:00,2024-09-01 21:00:00+00:00,2024-09-02 01:00:00+00:00,523.96,518.02,5.940000000000055,False,OPPOSITE_VISIT_BEFORE_K1,0,1,,,False,,,OPPOSITE_VISIT_BEFORE_K1,2024-09-01 21:25:00+00:00,
60,01:00,3,2024-09-03,Tuesday,2024-09-02 18:00:00+00:00,2024-09-02 21:00:00+00:00,2024-09-02 21:00:00+00:00,2024-09-03 01:00:00+00:00,530.6,520.0,10.600000000000023,False,NO_K1,0,0,,,False,,,NO_K1,,
60,01:00,3,2024-09-04,Wednesday,2024-09-03 18:00:00+00:00,2024-09-03 21:00:00+00:00,2024-09-03 21:00:00+00:00,2024-09-04 01:00:00+00:00,526.24,519.74,6.5,False,BREAK_BEFORE_K1,0,0,,,False,,,BREAK_BEFORE_K1,2024-09-03 23:50:00+00:00,
60,01:00,3,2024-09-05,Thursday,2024-09-04 18:00:00+00:00,2024-09-04 21:00:00+00:00,2024-09-04 21:00:00+00:00,2024-09-05 01:00:00+00:00,511.71,505.3,6.409999999999968,True,,1,0,2024-09-04 21:55:00+00:00,2024-09-04 22:00:00+00:00,False,,,BREAK_DURING_K1,2024-09-04 22:00:00+00:00,
60,01:00,3,2024-09-06,Friday,2024-09-05 18:00:00+00:00,2024-09-05 21:00:00+00:00,2024-09-05 21:00:00+00:00,2024-09-06 01:00:00+00:00,503.76,497.62,6.139999999999986,True,,1,0,2024-09-06 00:10:00+00:00,2024-09-06 00:15:00+00:00,False,,,BREAK_DURING_K1,2024-09-06 00:15:00+00:00,
60,01:00,3,2024-09-07,Saturday,2024-09-06 18:00:00+00:00,2024-09-06 21:00:00+00:00,2024-09-06 21:00:00+00:00,2024-09-07 01:00:00+00:00,488.63,472.68,15.949999999999989,False,OPPOSITE_VISIT_BEFORE_K1,0,1,,,False,,,OPPOSITE_VISIT_BEFORE_K1,2024-09-06 21:00:00+00:00,
60,01:00,3,2024-09-08,Sunday,2024-09-07 18:00:00+00:00,2024-09-07 21:00:00+00:00,2024-09-07 21:00:00+00:00,2024-09-08 01:00:00+00:00,496.72,492.64,4.080000000000041,False,BREAK_BEFORE_K1,0,0,,,False,,,BREAK_BEFORE_K1,2024-09-07 21:10:00+00:00,
60,01:00,3,2024-09-09,Monday,2024-09-08 18:00:00+00:00,2024-09-08 21:00:00+00:00,2024-09-08 21:00:00+00:00,2024-09-09 01:00:00+00:00,498.61,494.72,3.8899999999999864,False,BREAK_BEFORE_K1,0,0,,,False,,,BREAK_BEFORE_K1,2024-09-08 21:05:00+00:00,
60,01:00,3,2024-09-10,Tuesday,2024-09-09 18:00:00+00:00,2024-09-09 21:00:00+00:00,2024-09-09 21:00:00+00:00,2024-09-10 01:00:00+00:00,520.8,515.24,5.559999999999945,False,BREAK_BEFORE_K1,0,0,,,False,,,BREAK_BEFORE_K1,2024-09-09 21:10:00+00:00,
60,01:00,3,2024-09-11,Wednesday,2024-09-10 18:00:00+00:00,2024-09-10 21:00:00+00:00,2024-09-10 21:00:00+00:00,2024-09-11 01:00:00+00:00,524.46,518.52,5.940000000000055,False,OPPOSITE_VISIT_BEFORE_K1,0,1,,,False,,,OPPOSITE_VISIT_BEFORE_K1,2024-09-10 21:35:00+00:00,
60,01:00,3,2024-09-12,Thursday,2024-09-11 18:00:00+00:00,2024-09-11 21:00:00+00:00,2024-09-11 21:00:00+00:00,2024-09-12 01:00:00+00:00,534.94,530.23,4.710000000000036,False,BREAK_BEFORE_K1,0,0,,,False,,,BREAK_BEFORE_K1,2024-09-11 21:10:00+00:00,
60,01:00,3,2024-09-13,Friday,2024-09-12 18:00:00+00:00,2024-09-12 21:00:00+00:00,2024-09-12 21:00:00+00:00,2024-09-13 01:00:00+00:00,543.92,539.25,4.669999999999959,False,BREAK_BEFORE_K1,0,0,,,False,,,BREAK_BEFORE_K1,2024-09-12 21:15:00+00:00,
60,01:00,3,2024-09-14,Saturday,2024-09-13 18:00:00+00:00,2024-09-13 21:00:00+00:00,2024-09-13 21:00:00+00:00,2024-09-14 01:00:00+00:00,555.83,551.9,3.9300000000000637,True,,1,0,2024-09-13 21:10:00+00:00,2024-09-13 21:15:00+00:00,False,,,BREAK_DURING_K1,2024-09-13 21:15:00+00:00,
60,01:00,3,2024-09-15,Sunday,2024-09-14 18:00:00+00:00,2024-09-14 21:00:00+00:00,2024-09-14 21:00:00+00:00,2024-09-15 01:00:00+00:00,553.07,547.13,5.940000000000055,False,BREAK_BEFORE_K1,0,0,,,False,,,BREAK_BEFORE_K1,2024-09-14 21:10:00+00:00,
60,01:00,3,2024-09-16,Monday,2024-09-15 18:00:00+00:00,2024-09-15 21:00:00+00:00,2024-09-15 21:00:00+00:00,2024-09-16 01:00:00+00:00,560.74,555.21,5.529999999999973,False,OPPOSITE_VISIT_BEFORE_K1,0,1,,,False,,,OPPOSITE_VISIT_BEFORE_K1,2024-09-15 23:10:00+00:00,
60,01:00,3,2024-09-17,Tuesday,2024-09-16 18:00:00+00:00,2024-09-16 21:00:00+00:00,2024-09-16 21:00:00+00:00,2024-09-17 01:00:00+00:00,536.17,528.75,7.419999999999959,False,BREAK_BEFORE_K1,0,0,,,False,,,BREAK_BEFORE_K1,2024-09-16 21:00:00+00:00,
60,01:00,3,2024-09-18,Wednesday,2024-09-17 18:00:00+00:00,2024-09-17 21:00:00+00:00,2024-09-17 21:00:00+00:00,2024-09-18 01:00:00+00:00,549.62,541.38,8.240000000000009,False,NO_K1,0,0,,,False,,,NO_K1,,
60,01:00,3,2024-09-19,Thursday,2024-09-18 18:00:00+00:00,2024-09-18 21:00:00+00:00,2024-09-18 21:00:00+00:00,2024-09-19 01:00:00+00:00,551.97,540.86,11.110000000000014,True,,1,0,2024-09-18 22:45:00+00:00,2024-09-18 22:50:00+00:00,False,,,BREAK_DURING_K1,2024-09-18 22:55:00+00:00,
60,01:00,3,2024-09-20,Friday,2024-09-19 18:00:00+00:00,2024-09-19 21:00:00+00:00,2024-09-19 21:00:00+00:00,2024-09-20 01:00:00+00:00,570.34,565.06,5.280000000000086,False,BREAK_BEFORE_K1,0,0,,,False,,,BREAK_BEFORE_K1,2024-09-19 21:35:00+00:00,
60,01:00,3,2024-09-21,Saturday,2024-09-20 18:00:00+00:00,2024-09-20 21:00:00+00:00,2024-09-20 21:00:00+00:00,2024-09-21 01:00:00+00:00,567.93,564.15,3.7799999999999727,True,,1,0,2024-09-20 21:00:00+00:00,2024-09-20 21:05:00+00:00,False,,,BREAK_DURING_K1,2024-09-20 21:05:00+00:00,
60,01:00,3,2024-09-22,Sunday,2024-09-21 18:00:00+00:00,2024-09-21 21:00:00+00:00,2024-09-21 21:00:00+00:00,2024-09-22 01:00:00+00:00,586.09,584.08,2.009999999999991,False,BREAK_BEFORE_K1,0,0,,,False,,,BREAK_BEFORE_K1,2024-09-21 21:25:00+00:00,
60,01:00,3,2024-09-23,Monday,2024-09-22 18:00:00+00:00,2024-09-22 21:00:00+00:00,2024-09-22 21:00:00+00:00,2024-09-23 01:00:00+00:00,595.08,582.16,12.920000000000073,False,BREAK_BEFORE_K1,0,0,,,False,,,BREAK_BEFORE_K1,2024-09-22 21:55:00+00:00,
60,01:00,3,2024-09-24,Tuesday,2024-09-23 18:00:00+00:00,2024-09-23 21:00:00+00:00,2024-09-23 21:00:00+00:00,2024-09-24 01:00:00+00:00,616.69,608.7,7.990000000000009,False,OPPOSITE_VISIT_BEFORE_K1,0,1,,,False,,,OPPOSITE_VISIT_BEFORE_K1,2024-09-23 21:15:00+00:00,
60,01:00,3,2024-09-25,Wednesday,2024-09-24 18:00:00+00:00,2024-09-24 21:00:00+00:00,2024-09-24 21:00:00+00:00,2024-09-25 01:00:00+00:00,612.2,606.51,5.690000000000055,False,BREAK_BEFORE_K1,0,0,,,False,,,BREAK_BEFORE_K1,2024-09-24 22:25:00+00:00,
60,01:00,3,2024-09-26,Thursday,2024-09-25 18:00:00+00:00,2024-09-25 21:00:00+00:00,2024-09-25 21:00:00+00:00,2024-09-26 01:00:00+00:00,591.71,586.5,5.210000000000036,False,OPPOSITE_VISIT_BEFORE_K1,0,1,,,False,,,OPPOSITE_VISIT_BEFORE_K1,2024-09-25 22:05:00+00:00,
60,01:00,3,2024-09-27,Friday,2024-09-26 18:00:00+00:00,2024-09-26 21:00:00+00:00,2024-09-26 21:00:00+00:00,2024-09-27 01:00:00+00:00,599.74,591.33,8.409999999999968,False,NO_K1,0,0,,,False,,,NO_K1,,
60,01:00,3,2024-09-28,Saturday,2024-09-27 18:00:00+00:00,2024-09-27 21:00:00+00:00,2024-09-27 21:00:00+00:00,2024-09-28 01:00:00+00:00,610.98,604.31,6.670000000000073,True,,1,0,2024-09-27 21:00:00+00:00,2024-09-27 21:05:00+00:00,True,2024-09-27 21:05:00+00:00,2024-09-27 21:10:00+00:00,H2_ARRIVAL,2024-09-27 23:00:00+00:00,115.0
60,01:00,3,2024-09-29,Sunday,2024-09-28 18:00:00+00:00,2024-09-28 21:00:00+00:00,2024-09-28 21:00:00+00:00,2024-09-29 01:00:00+00:00,602.04,597.75,4.289999999999964,False,OPPOSITE_VISIT_BEFORE_K1,0,1,,,False,,,OPPOSITE_VISIT_BEFORE_K1,2024-09-28 21:10:00+00:00,
60,01:00,3,2024-09-30,Monday,2024-09-29 18:00:00+00:00,2024-09-29 21:00:00+00:00,2024-09-29 21:00:00+00:00,2024-09-30 01:00:00+00:00,600.99,597.19,3.7999999999999545,False,BREAK_BEFORE_K1,0,0,,,False,,,BREAK_BEFORE_K1,2024-09-29 21:20:00+00:00,
60,01:00,3,2024-10-01,Tuesday,2024-09-30 18:00:00+00:00,2024-09-30 21:00:00+00:00,2024-09-30 21:00:00+00:00,2024-10-01 01:00:00+00:00,575.82,568.0,7.82000000000005,False,BREAK_BEFORE_K1,0,0,,,False,,,BREAK_BEFORE_K1,2024-09-30 23:30:00+00:00,
60,01:00,3,2024-10-02,Wednesday,2024-10-01 18:00:00+00:00,2024-10-01 21:00:00+00:00,2024-10-01 21:00:00+00:00,2024-10-02 01:00:00+00:00,556.61,536.11,20.5,False,NO_K1,0,0,,,False,,,NO_K1,,
60,01:00,3,2024-10-03,Thursday,2024-10-02 18:00:00+00:00,2024-10-02 21:00:00+00:00,2024-10-02 21:00:00+00:00,2024-10-03 01:00:00+00:00,547.38,534.4,12.980000000000018,False,NO_K1,0,0,,,False,,,NO_K1,,
60,01:00,3,2024-10-04,Friday,2024-10-03 18:00:00+00:00,2024-10-03 21:00:00+00:00,2024-10-03 21:00:00+00:00,2024-10-04 01:00:00+00:00,546.45,541.71,4.740000000000009,False,BREAK_BEFORE_K1,0,0,,,False,,,BREAK_BEFORE_K1,2024-10-03 21:00:00+00:00,
60,01:00,3,2024-10-05,Saturday,2024-10-04 18:00:00+00:00,2024-10-04 21:00:00+00:00,2024-10-04 21:00:00+00:00,2024-10-05 01:00:00+00:00,557.97,552.34,5.6299999999999955,False,NO_K1,0,0,,,False,,,NO_K1,,
60,01:00,3,2024-10-06,Sunday,2024-10-05 18:00:00+00:00,2024-10-05 21:00:00+00:00,2024-10-05 21:00:00+00:00,2024-10-06 01:00:00+00:00,563.96,558.18,5.780000000000086,False,OPPOSITE_VISIT_BEFORE_K1,0,1,,,False,,,OPPOSITE_VISIT_BEFORE_K1,2024-10-05 21:05:00+00:00,
60,01:00,3,2024-10-07,Monday,2024-10-06 18:00:00+00:00,2024-10-06 21:00:00+00:00,2024-10-06 21:00:00+00:00,2024-10-07 01:00:00+00:00,567.95,565.38,2.57000000000005,False,OPPOSITE_VISIT_BEFORE_K1,0,1,,,False,,,OPPOSITE_VISIT_BEFORE_K1,2024-10-06 21:20:00+00:00,
60,01:00,3,2024-10-08,Tuesday,2024-10-07 18:00:00+00:00,2024-10-07 21:00:00+00:00,2024-10-07 21:00:00+00:00,2024-10-08 01:00:00+00:00,576.6,566.5,10.100000000000023,False,BREAK_BEFORE_K1,0,0,,,False,,,BREAK_BEFORE_K1,2024-10-07 23:00:00+00:00,
60,01:00,3,2024-10-09,Wednesday,2024-10-08 18:00:00+00:00,2024-10-08 21:00:00+00:00,2024-10-08 21:00:00+00:00,2024-10-09 01:00:00+00:00,586.8,577.55,9.25,False,BREAK_BEFORE_K1,0,0,,,False,,,BREAK_BEFORE_K1,2024-10-09 00:35:00+00:00,
60,01:00,3,2024-10-10,Thursday,2024-10-09 18:00:00+00:00,2024-10-09 21:00:00+00:00,2024-10-09 21:00:00+00:00,2024-10-10 01:00:00+00:00,578.15,566.66,11.490000000000009,False,OPPOSITE_VISIT_BEFORE_K1,0,1,,,False,,,OPPOSITE_VISIT_BEFORE_K1,2024-10-09 21:00:00+00:00,
60,01:00,3,2024-10-11,Friday,2024-10-10 18:00:00+00:00,2024-10-10 21:00:00+00:00,2024-10-10 21:00:00+00:00,2024-10-11 01:00:00+00:00,560.96,551.27,9.690000000000055,False,BREAK_BEFORE_K1,0,0,,,False,,,BREAK_BEFORE_K1,2024-10-10 21:55:00+00:00,
60,01:00,3,2024-10-12,Saturday,2024-10-11 18:00:00+00:00,2024-10-11 21:00:00+00:00,2024-10-11 21:00:00+00:00,2024-10-12 01:00:00+00:00,577.48,572.23,5.25,False,NO_K1,0,0,,,False,,,NO_K1,,
60,01:00,3,2024-10-13,Sunday,2024-10-12 18:00:00+00:00,2024-10-12 21:00:00+00:00,2024-10-12 21:00:00+00:00,2024-10-13 01:00:00+00:00,578.0,575.72,2.2799999999999727,False,BREAK_BEFORE_K1,0,0,,,False,,,BREAK_BEFORE_K1,2024-10-12 21:10:00+00:00,
60,01:00,3,2024-10-14,Monday,2024-10-13 18:00:00+00:00,2024-10-13 21:00:00+00:00,2024-10-13 21:00:00+00:00,2024-10-14 01:00:00+00:00,570.98,566.63,4.350000000000023,True,,1,0,2024-10-13 21:00:00+00:00,2024-10-13 21:05:00+00:00,True,2024-10-13 21:05:00+00:00,2024-10-13 21:10:00+00:00,H2_ARRIVAL,2024-10-13 21:20:00+00:00,15.0
60,01:00,3,2024-10-15,Tuesday,2024-10-14 18:00:00+00:00,2024-10-14 21:00:00+00:00,2024-10-14 21:00:00+00:00,2024-10-15 01:00:00+00:00,591.32,587.85,3.4700000000000273,False,BREAK_BEFORE_K1,0,0,,,False,,,BREAK_BEFORE_K1,2024-10-14 21:20:00+00:00,
60,01:00,3,2024-10-16,Wednesday,2024-10-15 18:00:00+00:00,2024-10-15 21:00:00+00:00,2024-10-15 21:00:00+00:00,2024-10-16 01:00:00+00:00,595.85,587.92,7.930000000000064,False,OPPOSITE_VISIT_BEFORE_K1,0,1,,,False,,,OPPOSITE_VISIT_BEFORE_K1,2024-10-15 21:00:00+00:00,
60,01:00,3,2024-10-17,Thursday,2024-10-16 18:00:00+00:00,2024-10-16 21:00:00+00:00,2024-10-16 21:00:00+00:00,2024-10-17 01:00:00+00:00,605.84,596.09,9.75,False,NO_K1,0,0,,,False,,,NO_K1,,
60,01:00,3,2024-10-18,Friday,2024-10-17 18:00:00+00:00,2024-10-17 21:00:00+00:00,2024-10-17 21:00:00+00:00,2024-10-18 01:00:00+00:00,591.0,584.56,6.440000000000055,False,BREAK_BEFORE_K1,0,0,,,False,,,BREAK_BEFORE_K1,2024-10-17 22:05:00+00:00,
60,01:00,3,2024-10-19,Saturday,2024-10-18 18:00:00+00:00,2024-10-18 21:00:00+00:00,2024-10-18 21:00:00+00:00,2024-10-19 01:00:00+00:00,602.54,598.85,3.689999999999941,False,BREAK_BEFORE_K1,0,0,,,False,,,BREAK_BEFORE_K1,2024-10-18 21:50:00+00:00,
60,01:00,3,2024-10-20,Sunday,2024-10-19 18:00:00+00:00,2024-10-19 21:00:00+00:00,2024-10-19 21:00:00+00:00,2024-10-20 01:00:00+00:00,597.75,595.75,2.0,True,,1,0,2024-10-19 22:45:00+00:00,2024-10-19 22:50:00+00:00,True,2024-10-19 22:50:00+00:00,2024-10-19 22:55:00+00:00,H2_ARRIVAL,2024-10-19 23:05:00+00:00,15.0
60,01:00,3,2024-10-21,Monday,2024-10-20 18:00:00+00:00,2024-10-20 21:00:00+00:00,2024-10-20 21:00:00+00:00,2024-10-21 01:00:00+00:00,600.8,597.9,2.8999999999999773,False,BREAK_BEFORE_K1,0,0,,,False,,,BREAK_BEFORE_K1,2024-10-20 22:00:00+00:00,
60,01:00,3,2024-10-22,Tuesday,2024-10-21 18:00:00+00:00,2024-10-21 21:00:00+00:00,2024-10-21 21:00:00+00:00,2024-10-22 01:00:00+00:00,599.72,596.69,3.0299999999999727,False,BREAK_BEFORE_K1,0,0,,,False,,,BREAK_BEFORE_K1,2024-10-21 21:05:00+00:00,
60,01:00,3,2024-10-23,Wednesday,2024-10-22 18:00:00+00:00,2024-10-22 21:00:00+00:00,2024-10-22 21:00:00+00:00,2024-10-23 01:00:00+00:00,595.8,593.05,2.75,False,BREAK_BEFORE_K1,0,0,,,False,,,BREAK_BEFORE_K1,2024-10-22 22:05:00+00:00,
60,01:00,3,2024-10-24,Thursday,2024-10-23 18:00:00+00:00,2024-10-23 21:00:00+00:00,2024-10-23 21:00:00+00:00,2024-10-24 01:00:00+00:00,584.53,572.82,11.709999999999923,True,,1,0,2024-10-23 23:05:00+00:00,2024-10-23 23:10:00+00:00,False,,,BREAK_DURING_K1,2024-10-23 23:10:00+00:00,
60,01:00,3,2024-10-25,Friday,2024-10-24 18:00:00+00:00,2024-10-24 21:00:00+00:00,2024-10-24 21:00:00+00:00,2024-10-25 01:00:00+00:00,595.0,591.57,3.42999999999995,True,,1,0,2024-10-24 21:00:00+00:00,2024-10-24 21:05:00+00:00,False,,,BREAK_DURING_K1,2024-10-24 21:05:00+00:00,
60,01:00,3,2024-10-26,Saturday,2024-10-25 18:00:00+00:00,2024-10-25 21:00:00+00:00,2024-10-25 21:00:00+00:00,2024-10-26 01:00:00+00:00,589.16,578.23,10.92999999999995,False,BREAK_BEFORE_K1,0,0,,,False,,,BREAK_BEFORE_K1,2024-10-25 23:05:00+00:00,
60,01:00,3,2024-10-27,Sunday,2024-10-26 18:00:00+00:00,2024-10-26 21:00:00+00:00,2024-10-26 21:00:00+00:00,2024-10-27 01:00:00+00:00,587.1,583.72,3.3799999999999955,False,OPPOSITE_VISIT_BEFORE_K1,0,1,,,False,,,OPPOSITE_VISIT_BEFORE_K1,2024-10-26 21:40:00+00:00,
60,01:00,3,2024-10-28,Monday,2024-10-27 18:00:00+00:00,2024-10-27 21:00:00+00:00,2024-10-27 21:00:00+00:00,2024-10-28 01:00:00+00:00,587.73,585.5,2.230000000000018,False,BREAK_BEFORE_K1,0,0,,,False,,,BREAK_BEFORE_K1,2024-10-27 21:20:00+00:00,
60,01:00,3,2024-10-29,Tuesday,2024-10-28 18:00:00+00:00,2024-10-28 21:00:00+00:00,2024-10-28 21:00:00+00:00,2024-10-29 01:00:00+00:00,597.15,590.41,6.740000000000009,False,BREAK_BEFORE_K1,0,0,,,False,,,BREAK_BEFORE_K1,2024-10-28 21:10:00+00:00,
60,01:00,3,2024-10-30,Wednesday,2024-10-29 18:00:00+00:00,2024-10-29 21:00:00+00:00,2024-10-29 21:00:00+00:00,2024-10-30 01:00:00+00:00,612.0,600.69,11.309999999999945,False,NO_K1,0,0,,,False,,,NO_K1,,
60,01:00,3,2024-10-31,Thursday,2024-10-30 18:00:00+00:00,2024-10-30 21:00:00+00:00,2024-10-30 21:00:00+00:00,2024-10-31 01:00:00+00:00,600.62,595.02,5.600000000000023,False,BREAK_BEFORE_K1,0,0,,,False,,,BREAK_BEFORE_K1,2024-10-30 21:00:00+00:00,
60,01:00,3,2024-11-01,Friday,2024-10-31 18:00:00+00:00,2024-10-31 21:00:00+00:00,2024-10-31 21:00:00+00:00,2024-11-01 01:00:00+00:00,577.43,571.14,6.289999999999964,False,BREAK_BEFORE_K1,0,0,,,False,,,BREAK_BEFORE_K1,2024-10-31 23:15:00+00:00,
60,01:00,3,2024-11-02,Saturday,2024-11-01 18:00:00+00:00,2024-11-01 21:00:00+00:00,2024-11-01 21:00:00+00:00,2024-11-02 01:00:00+00:00,574.32,569.64,4.680000000000064,False,BREAK_BEFORE_K1,0,0,,,False,,,BREAK_BEFORE_K1,2024-11-01 21:25:00+00:00,
60,01:00,3,2024-11-03,Sunday,2024-11-02 18:00:00+00:00,2024-11-02 21:00:00+00:00,2024-11-02 21:00:00+00:00,2024-11-03 01:00:00+00:00,570.45,566.76,3.6900000000000546,True,,1,0,2024-11-02 21:35:00+00:00,2024-11-02 21:40:00+00:00,True,2024-11-02 21:40:00+00:00,2024-11-02 21:45:00+00:00,NO_H2_BY_END,,
60,01:00,3,2024-11-04,Monday,2024-11-03 18:00:00+00:00,2024-11-03 21:00:00+00:00,2024-11-03 21:00:00+00:00,2024-11-04 01:00:00+00:00,558.59,548.43,10.160000000000082,False,BREAK_BEFORE_K1,0,0,,,False,,,BREAK_BEFORE_K1,2024-11-03 21:00:00+00:00,
60,01:00,3,2024-11-05,Tuesday,2024-11-04 18:00:00+00:00,2024-11-04 21:00:00+00:00,2024-11-04 21:00:00+00:00,2024-11-05 01:00:00+00:00,554.83,550.07,4.759999999999991,False,BREAK_BEFORE_K1,0,0,,,False,,,BREAK_BEFORE_K1,2024-11-04 21:20:00+00:00,
60,01:00,3,2024-11-06,Wednesday,2024-11-05 18:00:00+00:00,2024-11-05 21:00:00+00:00,2024-11-05 21:00:00+00:00,2024-11-06 01:00:00+00:00,570.54,559.03,11.509999999999991,True,,1,0,2024-11-06 00:35:00+00:00,2024-11-06 00:40:00+00:00,False,,,BREAK_DURING_K1,2024-11-06 00:40:00+00:00,
60,01:00,3,2024-11-07,Thursday,2024-11-06 18:00:00+00:00,2024-11-06 21:00:00+00:00,2024-11-06 21:00:00+00:00,2024-11-07 01:00:00+00:00,589.68,582.17,7.509999999999991,False,BREAK_BEFORE_K1,0,0,,,False,,,BREAK_BEFORE_K1,2024-11-06 21:05:00+00:00,
60,01:00,3,2024-11-08,Friday,2024-11-07 18:00:00+00:00,2024-11-07 21:00:00+00:00,2024-11-07 21:00:00+00:00,2024-11-08 01:00:00+00:00,601.74,596.03,5.710000000000036,True,,1,0,2024-11-07 21:00:00+00:00,2024-11-07 21:05:00+00:00,False,,,BREAK_DURING_K1,2024-11-07 21:05:00+00:00,
60,01:00,3,2024-11-09,Saturday,2024-11-08 18:00:00+00:00,2024-11-08 21:00:00+00:00,2024-11-08 21:00:00+00:00,2024-11-09 01:00:00+00:00,599.29,592.18,7.110000000000014,False,BREAK_BEFORE_K1,0,0,,,False,,,BREAK_BEFORE_K1,2024-11-09 00:10:00+00:00,
60,01:00,3,2024-11-10,Sunday,2024-11-09 18:00:00+00:00,2024-11-09 21:00:00+00:00,2024-11-09 21:00:00+00:00,2024-11-10 01:00:00+00:00,621.21,614.19,7.019999999999982,False,BREAK_BEFORE_K1,0,0,,,False,,,BREAK_BEFORE_K1,2024-11-09 22:20:00+00:00,
60,01:00,3,2024-11-11,Monday,2024-11-10 18:00:00+00:00,2024-11-10 21:00:00+00:00,2024-11-10 21:00:00+00:00,2024-11-11 01:00:00+00:00,643.7,619.0,24.700000000000045,False,BREAK_BEFORE_K1,0,0,,,False,,,BREAK_BEFORE_K1,2024-11-10 21:00:00+00:00,
60,01:00,3,2024-11-12,Tuesday,2024-11-11 18:00:00+00:00,2024-11-11 21:00:00+00:00,2024-11-11 21:00:00+00:00,2024-11-12 01:00:00+00:00,642.44,628.98,13.460000000000036,True,,1,0,2024-11-11 21:20:00+00:00,2024-11-11 21:25:00+00:00,True,2024-11-11 21:30:00+00:00,2024-11-11 21:35:00+00:00,H2_ARRIVAL,2024-11-11 23:00:00+00:00,90.0
60,01:00,3,2024-11-13,Wednesday,2024-11-12 18:00:00+00:00,2024-11-12 21:00:00+00:00,2024-11-12 21:00:00+00:00,2024-11-13 01:00:00+00:00,633.09,622.5,10.590000000000032,False,BREAK_BEFORE_K1,0,0,,,False,,,BREAK_BEFORE_K1,2024-11-12 22:35:00+00:00,
60,01:00,3,2024-11-14,Thursday,2024-11-13 18:00:00+00:00,2024-11-13 21:00:00+00:00,2024-11-13 21:00:00+00:00,2024-11-14 01:00:00+00:00,633.48,607.02,26.460000000000036,False,BREAK_BEFORE_K1,0,0,,,False,,,BREAK_BEFORE_K1,2024-11-13 21:05:00+00:00,
60,01:00,3,2024-11-15,Friday,2024-11-14 18:00:00+00:00,2024-11-14 21:00:00+00:00,2024-11-14 21:00:00+00:00,2024-11-15 01:00:00+00:00,639.26,632.68,6.580000000000041,False,BREAK_BEFORE_K1,0,0,,,False,,,BREAK_BEFORE_K1,2024-11-14 22:30:00+00:00,
60,01:00,3,2024-11-16,Saturday,2024-11-15 18:00:00+00:00,2024-11-15 21:00:00+00:00,2024-11-15 21:00:00+00:00,2024-11-16 01:00:00+00:00,618.77,609.17,9.600000000000023,True,,1,0,2024-11-15 21:00:00+00:00,2024-11-15 21:05:00+00:00,True,2024-11-15 21:05:00+00:00,2024-11-15 21:10:00+00:00,H2_ARRIVAL,2024-11-15 21:15:00+00:00,10.0
60,01:00,3,2024-11-17,Sunday,2024-11-16 18:00:00+00:00,2024-11-16 21:00:00+00:00,2024-11-16 21:00:00+00:00,2024-11-17 01:00:00+00:00,631.26,625.17,6.090000000000032,False,OPPOSITE_VISIT_BEFORE_K1,0,1,,,False,,,OPPOSITE_VISIT_BEFORE_K1,2024-11-16 21:00:00+00:00,
60,01:00,3,2024-11-18,Monday,2024-11-17 18:00:00+00:00,2024-11-17 21:00:00+00:00,2024-11-17 21:00:00+00:00,2024-11-18 01:00:00+00:00,624.05,615.89,8.159999999999968,False,BREAK_BEFORE_K1,0,0,,,False,,,BREAK_BEFORE_K1,2024-11-17 21:40:00+00:00,
60,01:00,3,2024-11-19,Tuesday,2024-11-18 18:00:00+00:00,2024-11-18 21:00:00+00:00,2024-11-18 21:00:00+00:00,2024-11-19 01:00:00+00:00,635.0,612.83,22.16999999999996,False,NO_K1,0,0,,,False,,,NO_K1,,
60,01:00,3,2024-11-20,Wednesday,2024-11-19 18:00:00+00:00,2024-11-19 21:00:00+00:00,2024-11-19 21:00:00+00:00,2024-11-20 01:00:00+00:00,619.81,607.69,12.11999999999989,False,OPPOSITE_VISIT_BEFORE_K1,0,1,,,False,,,OPPOSITE_VISIT_BEFORE_K1,2024-11-19 21:10:00+00:00,
60,01:00,3,2024-11-21,Thursday,2024-11-20 18:00:00+00:00,2024-11-20 21:00:00+00:00,2024-11-20 21:00:00+00:00,2024-11-21 01:00:00+00:00,609.94,600.25,9.690000000000055,True,,1,0,2024-11-20 21:00:00+00:00,2024-11-20 21:05:00+00:00,False,,,BREAK_DURING_K1,2024-11-20 21:05:00+00:00,
60,01:00,3,2024-11-22,Friday,2024-11-21 18:00:00+00:00,2024-11-21 21:00:00+00:00,2024-11-21 21:00:00+00:00,2024-11-22 01:00:00+00:00,626.08,618.58,7.5,False,BREAK_BEFORE_K1,0,0,,,False,,,BREAK_BEFORE_K1,2024-11-22 00:20:00+00:00,
60,01:00,3,2024-11-23,Saturday,2024-11-22 18:00:00+00:00,2024-11-22 21:00:00+00:00,2024-11-22 21:00:00+00:00,2024-11-23 01:00:00+00:00,625.44,618.76,6.680000000000064,True,,1,0,2024-11-22 21:05:00+00:00,2024-11-22 21:10:00+00:00,True,2024-11-22 21:10:00+00:00,2024-11-22 21:15:00+00:00,H2_ARRIVAL,2024-11-22 21:15:00+00:00,5.0
60,01:00,3,2024-11-24,Sunday,2024-11-23 18:00:00+00:00,2024-11-23 21:00:00+00:00,2024-11-23 21:00:00+00:00,2024-11-24 01:00:00+00:00,659.38,642.65,16.730000000000018,False,BREAK_BEFORE_K1,0,0,,,False,,,BREAK_BEFORE_K1,2024-11-24 00:45:00+00:00,
60,01:00,3,2024-11-25,Monday,2024-11-24 18:00:00+00:00,2024-11-24 21:00:00+00:00,2024-11-24 21:00:00+00:00,2024-11-25 01:00:00+00:00,658.32,646.89,11.430000000000064,True,,1,0,2024-11-24 21:00:00+00:00,2024-11-24 21:05:00+00:00,True,2024-11-24 21:05:00+00:00,2024-11-24 21:10:00+00:00,H2_ARRIVAL,2024-11-24 22:00:00+00:00,55.0
60,01:00,3,2024-11-26,Tuesday,2024-11-25 18:00:00+00:00,2024-11-25 21:00:00+00:00,2024-11-25 21:00:00+00:00,2024-11-26 01:00:00+00:00,647.5,640.14,7.360000000000014,True,,1,0,2024-11-25 21:00:00+00:00,2024-11-25 21:05:00+00:00,True,2024-11-25 21:05:00+00:00,2024-11-25 21:10:00+00:00,OPPOSITE_BREAK_BEFORE_H2,2024-11-25 21:20:00+00:00,
60,01:00,3,2024-11-27,Wednesday,2024-11-26 18:00:00+00:00,2024-11-26 21:00:00+00:00,2024-11-26 21:00:00+00:00,2024-11-27 01:00:00+00:00,618.33,599.92,18.410000000000082,False,NO_K1,0,0,,,False,,,NO_K1,,
60,01:00,3,2024-11-28,Thursday,2024-11-27 18:00:00+00:00,2024-11-27 21:00:00+00:00,2024-11-27 21:00:00+00:00,2024-11-28 01:00:00+00:00,644.13,636.0,8.129999999999995,False,BREAK_BEFORE_K1,0,0,,,False,,,BREAK_BEFORE_K1,2024-11-27 22:00:00+00:00,
60,01:00,3,2024-11-29,Friday,2024-11-28 18:00:00+00:00,2024-11-28 21:00:00+00:00,2024-11-28 21:00:00+00:00,2024-11-29 01:00:00+00:00,660.0,648.0,12.0,True,,1,0,2024-11-28 23:00:00+00:00,2024-11-28 23:05:00+00:00,True,2024-11-28 23:05:00+00:00,2024-11-28 23:10:00+00:00,NO_H2_BY_END,,
60,01:00,3,2024-11-30,Saturday,2024-11-29 18:00:00+00:00,2024-11-29 21:00:00+00:00,2024-11-29 21:00:00+00:00,2024-11-30 01:00:00+00:00,661.5,652.29,9.210000000000036,False,BREAK_BEFORE_K1,0,0,,,False,,,BREAK_BEFORE_K1,2024-11-29 21:15:00+00:00,
60,01:00,3,2024-12-01,Sunday,2024-11-30 18:00:00+00:00,2024-11-30 21:00:00+00:00,2024-11-30 21:00:00+00:00,2024-12-01 01:00:00+00:00,658.68,653.03,5.649999999999977,True,,1,0,2024-11-30 21:50:00+00:00,2024-11-30 21:55:00+00:00,True,2024-11-30 21:55:00+00:00,2024-11-30 22:00:00+00:00,OPPOSITE_BREAK_BEFORE_H2,2024-12-01 00:40:00+00:00,
60,01:00,3,2024-12-02,Monday,2024-12-01 18:00:00+00:00,2024-12-01 21:00:00+00:00,2024-12-01 21:00:00+00:00,2024-12-02 01:00:00+00:00,660.54,651.91,8.629999999999995,False,NO_K1,0,0,,,False,,,NO_K1,,
60,01:00,3,2024-12-03,Tuesday,2024-12-02 18:00:00+00:00,2024-12-02 21:00:00+00:00,2024-12-02 21:00:00+00:00,2024-12-03 01:00:00+00:00,641.95,629.98,11.970000000000027,False,BREAK_BEFORE_K1,0,0,,,False,,,BREAK_BEFORE_K1,2024-12-02 21:45:00+00:00,
60,01:00,3,2024-12-04,Wednesday,2024-12-03 18:00:00+00:00,2024-12-03 21:00:00+00:00,2024-12-03 21:00:00+00:00,2024-12-04 01:00:00+00:00,717.64,659.19,58.44999999999993,False,BREAK_BEFORE_K1,0,0,,,False,,,BREAK_BEFORE_K1,2024-12-03 22:50:00+00:00,
60,01:00,3,2024-12-05,Thursday,2024-12-04 18:00:00+00:00,2024-12-04 21:00:00+00:00,2024-12-04 21:00:00+00:00,2024-12-05 01:00:00+00:00,746.0,726.82,19.17999999999995,True,,1,0,2024-12-04 21:10:00+00:00,2024-12-04 21:15:00+00:00,True,2024-12-04 21:15:00+00:00,2024-12-04 21:20:00+00:00,OPPOSITE_BREAK_BEFORE_H2,2024-12-05 00:50:00+00:00,
60,01:00,3,2024-12-06,Friday,2024-12-05 18:00:00+00:00,2024-12-05 21:00:00+00:00,2024-12-05 21:00:00+00:00,2024-12-06 01:00:00+00:00,734.71,703.16,31.550000000000068,False,BREAK_BEFORE_K1,0,0,,,False,,,BREAK_BEFORE_K1,2024-12-05 22:25:00+00:00,
60,01:00,3,2024-12-07,Saturday,2024-12-06 18:00:00+00:00,2024-12-06 21:00:00+00:00,2024-12-06 21:00:00+00:00,2024-12-07 01:00:00+00:00,743.88,736.28,7.600000000000023,True,,1,0,2024-12-06 21:15:00+00:00,2024-12-06 21:20:00+00:00,True,2024-12-06 21:25:00+00:00,2024-12-06 21:30:00+00:00,OPPOSITE_BREAK_BEFORE_H2,2024-12-06 21:45:00+00:00,
60,01:00,3,2024-12-08,Sunday,2024-12-07 18:00:00+00:00,2024-12-07 21:00:00+00:00,2024-12-07 21:00:00+00:00,2024-12-08 01:00:00+00:00,761.69,754.14,7.550000000000068,False,OPPOSITE_VISIT_BEFORE_K1,0,1,,,False,,,OPPOSITE_VISIT_BEFORE_K1,2024-12-07 21:10:00+00:00,
60,01:00,3,2024-12-09,Monday,2024-12-08 18:00:00+00:00,2024-12-08 21:00:00+00:00,2024-12-08 21:00:00+00:00,2024-12-09 01:00:00+00:00,741.68,735.23,6.449999999999932,True,,1,0,2024-12-08 21:35:00+00:00,2024-12-08 21:40:00+00:00,True,2024-12-08 21:45:00+00:00,2024-12-08 21:50:00+00:00,H2_ARRIVAL,2024-12-08 22:05:00+00:00,20.0
60,01:00,3,2024-12-10,Tuesday,2024-12-09 18:00:00+00:00,2024-12-09 21:00:00+00:00,2024-12-09 21:00:00+00:00,2024-12-10 01:00:00+00:00,722.56,695.6,26.959999999999923,False,BREAK_BEFORE_K1,0,0,,,False,,,BREAK_BEFORE_K1,2024-12-09 21:00:00+00:00,
60,01:00,3,2024-12-11,Wednesday,2024-12-10 18:00:00+00:00,2024-12-10 21:00:00+00:00,2024-12-10 21:00:00+00:00,2024-12-11 01:00:00+00:00,677.98,649.47,28.50999999999999,False,BREAK_BEFORE_K1,0,0,,,False,,,BREAK_BEFORE_K1,2024-12-10 21:00:00+00:00,
60,01:00,3,2024-12-12,Thursday,2024-12-11 18:00:00+00:00,2024-12-11 21:00:00+00:00,2024-12-11 21:00:00+00:00,2024-12-12 01:00:00+00:00,708.43,699.8,8.629999999999995,True,,1,0,2024-12-11 21:35:00+00:00,2024-12-11 21:40:00+00:00,False,,,BREAK_DURING_K1,2024-12-11 21:40:00+00:00,
60,01:00,3,2024-12-13,Friday,2024-12-12 18:00:00+00:00,2024-12-12 21:00:00+00:00,2024-12-12 21:00:00+00:00,2024-12-13 01:00:00+00:00,722.9,704.57,18.329999999999927,False,BREAK_BEFORE_K1,0,0,,,False,,,BREAK_BEFORE_K1,2024-12-12 21:40:00+00:00,
60,01:00,3,2024-12-14,Saturday,2024-12-13 18:00:00+00:00,2024-12-13 21:00:00+00:00,2024-12-13 21:00:00+00:00,2024-12-14 01:00:00+00:00,730.24,716.61,13.629999999999995,False,NO_K1,0,0,,,False,,,NO_K1,,
60,01:00,3,2024-12-15,Sunday,2024-12-14 18:00:00+00:00,2024-12-14 21:00:00+00:00,2024-12-14 21:00:00+00:00,2024-12-15 01:00:00+00:00,711.77,704.65,7.1200000000000045,True,,1,0,2024-12-14 22:00:00+00:00,2024-12-14 22:05:00+00:00,False,,,BREAK_DURING_K1,2024-12-14 22:05:00+00:00,
60,01:00,3,2024-12-16,Monday,2024-12-15 18:00:00+00:00,2024-12-15 21:00:00+00:00,2024-12-15 21:00:00+00:00,2024-12-16 01:00:00+00:00,720.5,716.64,3.8600000000000136,False,BREAK_BEFORE_K1,0,0,,,False,,,BREAK_BEFORE_K1,2024-12-15 21:00:00+00:00,
60,01:00,3,2024-12-17,Tuesday,2024-12-16 18:00:00+00:00,2024-12-16 21:00:00+00:00,2024-12-16 21:00:00+00:00,2024-12-17 01:00:00+00:00,731.0,723.24,7.759999999999991,False,BREAK_BEFORE_K1,0,0,,,False,,,BREAK_BEFORE_K1,2024-12-16 23:05:00+00:00,
60,01:00,3,2024-12-18,Wednesday,2024-12-17 18:00:00+00:00,2024-12-17 21:00:00+00:00,2024-12-17 21:00:00+00:00,2024-12-18 01:00:00+00:00,730.25,720.75,9.5,False,BREAK_BEFORE_K1,0,0,,,False,,,BREAK_BEFORE_K1,2024-12-17 21:10:00+00:00,
60,01:00,3,2024-12-19,Thursday,2024-12-18 18:00:00+00:00,2024-12-18 21:00:00+00:00,2024-12-18 21:00:00+00:00,2024-12-19 01:00:00+00:00,721.1,680.0,41.10000000000002,False,NO_K1,0,0,,,False,,,NO_K1,,
60,01:00,3,2024-12-20,Friday,2024-12-19 18:00:00+00:00,2024-12-19 21:00:00+00:00,2024-12-19 21:00:00+00:00,2024-12-20 01:00:00+00:00,674.28,647.59,26.68999999999994,True,,1,0,2024-12-19 21:35:00+00:00,2024-12-19 21:40:00+00:00,True,2024-12-19 21:45:00+00:00,2024-12-19 21:50:00+00:00,H2_ARRIVAL,2024-12-19 22:20:00+00:00,35.0
60,01:00,3,2024-12-21,Saturday,2024-12-20 18:00:00+00:00,2024-12-20 21:00:00+00:00,2024-12-20 21:00:00+00:00,2024-12-21 01:00:00+00:00,675.0,667.38,7.6200000000000045,False,BREAK_BEFORE_K1,0,0,,,False,,,BREAK_BEFORE_K1,2024-12-20 21:10:00+00:00,
60,01:00,3,2024-12-22,Sunday,2024-12-21 18:00:00+00:00,2024-12-21 21:00:00+00:00,2024-12-21 21:00:00+00:00,2024-12-22 01:00:00+00:00,670.45,649.64,20.81000000000006,False,NO_K1,0,0,,,False,,,NO_K1,,
60,01:00,3,2024-12-23,Monday,2024-12-22 18:00:00+00:00,2024-12-22 21:00:00+00:00,2024-12-22 21:00:00+00:00,2024-12-23 01:00:00+00:00,660.6,639.2,21.399999999999977,False,NO_K1,0,0,,,False,,,NO_K1,,
60,01:00,3,2024-12-24,Tuesday,2024-12-23 18:00:00+00:00,2024-12-23 21:00:00+00:00,2024-12-23 21:00:00+00:00,2024-12-24 01:00:00+00:00,690.88,679.02,11.860000000000014,False,BREAK_BEFORE_K1,0,0,,,False,,,BREAK_BEFORE_K1,2024-12-23 21:00:00+00:00,
60,01:00,3,2024-12-25,Wednesday,2024-12-24 18:00:00+00:00,2024-12-24 21:00:00+00:00,2024-12-24 21:00:00+00:00,2024-12-25 01:00:00+00:00,698.35,686.09,12.259999999999991,True,,1,0,2024-12-24 22:20:00+00:00,2024-12-24 22:25:00+00:00,True,2024-12-24 22:25:00+00:00,2024-12-24 22:30:00+00:00,H2_ARRIVAL,2024-12-25 00:40:00+00:00,135.0
60,01:00,3,2024-12-26,Thursday,2024-12-25 18:00:00+00:00,2024-12-25 21:00:00+00:00,2024-12-25 21:00:00+00:00,2024-12-26 01:00:00+00:00,704.85,698.91,5.940000000000055,False,BREAK_BEFORE_K1,0,0,,,False,,,BREAK_BEFORE_K1,2024-12-25 21:15:00+00:00,
60,01:00,3,2024-12-27,Friday,2024-12-26 18:00:00+00:00,2024-12-26 21:00:00+00:00,2024-12-26 21:00:00+00:00,2024-12-27 01:00:00+00:00,692.79,685.68,7.110000000000014,False,BREAK_BEFORE_K1,0,0,,,False,,,BREAK_BEFORE_K1,2024-12-26 21:10:00+00:00,
60,01:00,3,2024-12-28,Saturday,2024-12-27 18:00:00+00:00,2024-12-27 21:00:00+00:00,2024-12-27 21:00:00+00:00,2024-12-28 01:00:00+00:00,696.57,690.44,6.1299999999999955,False,BREAK_BEFORE_K1,0,0,,,False,,,BREAK_BEFORE_K1,2024-12-27 21:50:00+00:00,
60,01:00,3,2024-12-29,Sunday,2024-12-28 18:00:00+00:00,2024-12-28 21:00:00+00:00,2024-12-28 21:00:00+00:00,2024-12-29 01:00:00+00:00,731.25,723.96,7.289999999999964,False,BREAK_BEFORE_K1,0,0,,,False,,,BREAK_BEFORE_K1,2024-12-28 22:00:00+00:00,
60,01:00,3,2024-12-30,Monday,2024-12-29 18:00:00+00:00,2024-12-29 21:00:00+00:00,2024-12-29 21:00:00+00:00,2024-12-30 01:00:00+00:00,703.23,693.45,9.779999999999973,False,BREAK_BEFORE_K1,0,0,,,False,,,BREAK_BEFORE_K1,2024-12-29 21:45:00+00:00,
60,01:00,3,2024-12-31,Tuesday,2024-12-30 18:00:00+00:00,2024-12-30 21:00:00+00:00,2024-12-30 21:00:00+00:00,2024-12-31 01:00:00+00:00,712.16,702.0,10.159999999999968,False,BREAK_BEFORE_K1,0,0,,,False,,,BREAK_BEFORE_K1,2024-12-30 21:35:00+00:00,
90,01:30,3,2022-01-02,Sunday,2022-01-01 18:30:00+00:00,2022-01-01 21:30:00+00:00,2022-01-01 21:30:00+00:00,2022-01-02 01:30:00+00:00,527.39,522.41,4.980000000000018,True,,1,0,2022-01-01 23:50:00+00:00,2022-01-01 23:55:00+00:00,False,,,BREAK_DURING_K1,2022-01-02 00:00:00+00:00,
90,01:30,3,2022-01-03,Monday,2022-01-02 18:30:00+00:00,2022-01-02 21:30:00+00:00,2022-01-02 21:30:00+00:00,2022-01-03 01:30:00+00:00,530.5,523.29,7.210000000000036,True,,1,0,2022-01-02 21:40:00+00:00,2022-01-02 21:45:00+00:00,True,2022-01-02 21:45:00+00:00,2022-01-02 21:50:00+00:00,H2_ARRIVAL,2022-01-02 22:25:00+00:00,40.0
90,01:30,3,2022-01-04,Tuesday,2022-01-03 18:30:00+00:00,2022-01-03 21:30:00+00:00,2022-01-03 21:30:00+00:00,2022-01-04 01:30:00+00:00,519.01,510.41,8.599999999999966,False,BREAK_BEFORE_K1,0,0,,,False,,,BREAK_BEFORE_K1,2022-01-04 00:20:00+00:00,
90,01:30,3,2022-01-05,Wednesday,2022-01-04 18:30:00+00:00,2022-01-04 21:30:00+00:00,2022-01-04 21:30:00+00:00,2022-01-05 01:30:00+00:00,513.04,505.52,7.519999999999982,False,OPPOSITE_VISIT_BEFORE_K1,0,1,,,False,,,OPPOSITE_VISIT_BEFORE_K1,2022-01-05 00:00:00+00:00,
90,01:30,3,2022-01-06,Thursday,2022-01-05 18:30:00+00:00,2022-01-05 21:30:00+00:00,2022-01-05 21:30:00+00:00,2022-01-06 01:30:00+00:00,509.68,480.72,28.95999999999998,False,OPPOSITE_VISIT_BEFORE_K1,0,1,,,False,,,OPPOSITE_VISIT_BEFORE_K1,2022-01-05 21:30:00+00:00,
90,01:30,3,2022-01-07,Friday,2022-01-06 18:30:00+00:00,2022-01-06 21:30:00+00:00,2022-01-06 21:30:00+00:00,2022-01-07 01:30:00+00:00,480.96,474.44,6.519999999999982,False,OPPOSITE_VISIT_BEFORE_K1,0,1,,,False,,,OPPOSITE_VISIT_BEFORE_K1,2022-01-06 22:10:00+00:00,
90,01:30,3,2022-01-08,Saturday,2022-01-07 18:30:00+00:00,2022-01-07 21:30:00+00:00,2022-01-07 21:30:00+00:00,2022-01-08 01:30:00+00:00,452.88,447.08,5.800000000000011,False,BREAK_BEFORE_K1,0,0,,,False,,,BREAK_BEFORE_K1,2022-01-07 22:50:00+00:00,
90,01:30,3,2022-01-09,Sunday,2022-01-08 18:30:00+00:00,2022-01-08 21:30:00+00:00,2022-01-08 21:30:00+00:00,2022-01-09 01:30:00+00:00,431.78,415.46,16.319999999999993,True,,1,0,2022-01-08 22:10:00+00:00,2022-01-08 22:15:00+00:00,False,,,BREAK_DURING_K1,2022-01-08 22:15:00+00:00,
90,01:30,3,2022-01-10,Monday,2022-01-09 18:30:00+00:00,2022-01-09 21:30:00+00:00,2022-01-09 21:30:00+00:00,2022-01-10 01:30:00+00:00,444.14,438.07,6.069999999999993,False,BREAK_BEFORE_K1,0,0,,,False,,,BREAK_BEFORE_K1,2022-01-09 23:20:00+00:00,
90,01:30,3,2022-01-11,Tuesday,2022-01-10 18:30:00+00:00,2022-01-10 21:30:00+00:00,2022-01-10 21:30:00+00:00,2022-01-11 01:30:00+00:00,425.6,416.3,9.300000000000011,False,NO_K1,0,0,,,False,,,NO_K1,,
90,01:30,3,2022-01-12,Wednesday,2022-01-11 18:30:00+00:00,2022-01-11 21:30:00+00:00,2022-01-11 21:30:00+00:00,2022-01-12 01:30:00+00:00,461.73,455.64,6.090000000000032,True,,1,0,2022-01-11 22:45:00+00:00,2022-01-11 22:50:00+00:00,True,2022-01-11 22:50:00+00:00,2022-01-11 22:55:00+00:00,H2_ARRIVAL,2022-01-11 23:05:00+00:00,15.0
90,01:30,3,2022-01-13,Thursday,2022-01-12 18:30:00+00:00,2022-01-12 21:30:00+00:00,2022-01-12 21:30:00+00:00,2022-01-13 01:30:00+00:00,488.41,482.27,6.140000000000043,True,,1,0,2022-01-13 00:05:00+00:00,2022-01-13 00:10:00+00:00,True,2022-01-13 00:10:00+00:00,2022-01-13 00:15:00+00:00,OPPOSITE_BREAK_BEFORE_H2,2022-01-13 00:55:00+00:00,
90,01:30,3,2022-01-14,Friday,2022-01-13 18:30:00+00:00,2022-01-13 21:30:00+00:00,2022-01-13 21:30:00+00:00,2022-01-14 01:30:00+00:00,478.67,468.62,10.050000000000011,True,,1,0,2022-01-13 22:05:00+00:00,2022-01-13 22:10:00+00:00,True,2022-01-13 22:15:00+00:00,2022-01-13 22:20:00+00:00,H2_ARRIVAL,2022-01-14 00:35:00+00:00,140.0
90,01:30,3,2022-01-15,Saturday,2022-01-14 18:30:00+00:00,2022-01-14 21:30:00+00:00,2022-01-14 21:30:00+00:00,2022-01-15 01:30:00+00:00,492.28,480.63,11.649999999999977,True,,1,0,2022-01-15 00:00:00+00:00,2022-01-15 00:05:00+00:00,True,2022-01-15 00:05:00+00:00,2022-01-15 00:10:00+00:00,NO_H2_BY_END,,
90,01:30,3,2022-01-16,Sunday,2022-01-15 18:30:00+00:00,2022-01-15 21:30:00+00:00,2022-01-15 21:30:00+00:00,2022-01-16 01:30:00+00:00,499.45,493.2,6.25,False,OPPOSITE_VISIT_BEFORE_K1,0,1,,,False,,,OPPOSITE_VISIT_BEFORE_K1,2022-01-15 22:30:00+00:00,
90,01:30,3,2022-01-17,Monday,2022-01-16 18:30:00+00:00,2022-01-16 21:30:00+00:00,2022-01-16 21:30:00+00:00,2022-01-17 01:30:00+00:00,500.53,496.6,3.92999999999995,False,OPPOSITE_VISIT_BEFORE_K1,0,1,,,False,,,OPPOSITE_VISIT_BEFORE_K1,2022-01-17 00:00:00+00:00,
90,01:30,3,2022-01-18,Tuesday,2022-01-17 18:30:00+00:00,2022-01-17 21:30:00+00:00,2022-01-17 21:30:00+00:00,2022-01-18 01:30:00+00:00,477.89,471.09,6.800000000000011,False,BREAK_BEFORE_K1,0,0,,,False,,,BREAK_BEFORE_K1,2022-01-17 21:35:00+00:00,
90,01:30,3,2022-01-19,Wednesday,2022-01-18 18:30:00+00:00,2022-01-18 21:30:00+00:00,2022-01-18 21:30:00+00:00,2022-01-19 01:30:00+00:00,466.0,457.3,8.699999999999989,False,BREAK_BEFORE_K1,0,0,,,False,,,BREAK_BEFORE_K1,2022-01-18 21:30:00+00:00,
90,01:30,3,2022-01-20,Thursday,2022-01-19 18:30:00+00:00,2022-01-19 21:30:00+00:00,2022-01-19 21:30:00+00:00,2022-01-20 01:30:00+00:00,471.92,465.17,6.75,False,OPPOSITE_VISIT_BEFORE_K1,0,1,,,False,,,OPPOSITE_VISIT_BEFORE_K1,2022-01-19 22:05:00+00:00,
90,01:30,3,2022-01-21,Friday,2022-01-20 18:30:00+00:00,2022-01-20 21:30:00+00:00,2022-01-20 21:30:00+00:00,2022-01-21 01:30:00+00:00,467.91,459.5,8.410000000000025,False,BREAK_BEFORE_K1,0,0,,,False,,,BREAK_BEFORE_K1,2022-01-20 21:30:00+00:00,
90,01:30,3,2022-01-22,Saturday,2022-01-21 18:30:00+00:00,2022-01-21 21:30:00+00:00,2022-01-21 21:30:00+00:00,2022-01-22 01:30:00+00:00,420.3,404.47,15.829999999999984,False,BREAK_BEFORE_K1,0,0,,,False,,,BREAK_BEFORE_K1,2022-01-21 21:30:00+00:00,
90,01:30,3,2022-01-23,Sunday,2022-01-22 18:30:00+00:00,2022-01-22 21:30:00+00:00,2022-01-22 21:30:00+00:00,2022-01-23 01:30:00+00:00,363.34,346.0,17.339999999999975,False,BREAK_BEFORE_K1,0,0,,,False,,,BREAK_BEFORE_K1,2022-01-22 21:40:00+00:00,
90,01:30,3,2022-01-24,Monday,2022-01-23 18:30:00+00:00,2022-01-23 21:30:00+00:00,2022-01-23 21:30:00+00:00,2022-01-24 01:30:00+00:00,372.4,363.12,9.279999999999973,False,BREAK_BEFORE_K1,0,0,,,False,,,BREAK_BEFORE_K1,2022-01-23 23:00:00+00:00,
90,01:30,3,2022-01-25,Tuesday,2022-01-24 18:30:00+00:00,2022-01-24 21:30:00+00:00,2022-01-24 21:30:00+00:00,2022-01-25 01:30:00+00:00,376.33,359.78,16.55000000000001,False,NO_K1,0,0,,,False,,,NO_K1,,
90,01:30,3,2022-01-26,Wednesday,2022-01-25 18:30:00+00:00,2022-01-25 21:30:00+00:00,2022-01-25 21:30:00+00:00,2022-01-26 01:30:00+00:00,387.9,377.66,10.239999999999952,False,OPPOSITE_VISIT_BEFORE_K1,0,1,,,False,,,OPPOSITE_VISIT_BEFORE_K1,2022-01-25 21:35:00+00:00,
90,01:30,3,2022-01-27,Thursday,2022-01-26 18:30:00+00:00,2022-01-26 21:30:00+00:00,2022-01-26 21:30:00+00:00,2022-01-27 01:30:00+00:00,402.42,372.0,30.420000000000016,False,BREAK_BEFORE_K1,0,0,,,False,,,BREAK_BEFORE_K1,2022-01-26 21:35:00+00:00,
90,01:30,3,2022-01-28,Friday,2022-01-27 18:30:00+00:00,2022-01-27 21:30:00+00:00,2022-01-27 21:30:00+00:00,2022-01-28 01:30:00+00:00,371.27,359.63,11.639999999999986,False,BREAK_BEFORE_K1,0,0,,,False,,,BREAK_BEFORE_K1,2022-01-27 22:00:00+00:00,
90,01:30,3,2022-01-29,Saturday,2022-01-28 18:30:00+00:00,2022-01-28 21:30:00+00:00,2022-01-28 21:30:00+00:00,2022-01-29 01:30:00+00:00,392.0,382.48,9.519999999999982,False,BREAK_BEFORE_K1,0,0,,,False,,,BREAK_BEFORE_K1,2022-01-28 21:55:00+00:00,
90,01:30,3,2022-01-30,Sunday,2022-01-29 18:30:00+00:00,2022-01-29 21:30:00+00:00,2022-01-29 21:30:00+00:00,2022-01-30 01:30:00+00:00,390.5,383.61,6.889999999999986,True,,1,0,2022-01-29 22:45:00+00:00,2022-01-29 22:50:00+00:00,True,2022-01-29 22:50:00+00:00,2022-01-29 22:55:00+00:00,NO_H2_BY_END,,
90,01:30,3,2022-01-31,Monday,2022-01-30 18:30:00+00:00,2022-01-30 21:30:00+00:00,2022-01-30 21:30:00+00:00,2022-01-31 01:30:00+00:00,380.24,372.13,8.110000000000014,False,BREAK_BEFORE_K1,0,0,,,False,,,BREAK_BEFORE_K1,2022-01-31 00:40:00+00:00,
90,01:30,3,2022-02-01,Tuesday,2022-01-31 18:30:00+00:00,2022-01-31 21:30:00+00:00,2022-01-31 21:30:00+00:00,2022-02-01 01:30:00+00:00,385.01,381.04,3.9699999999999704,False,BREAK_BEFORE_K1,0,0,,,False,,,BREAK_BEFORE_K1,2022-01-31 21:40:00+00:00,
90,01:30,3,2022-02-02,Wednesday,2022-02-01 18:30:00+00:00,2022-02-01 21:30:00+00:00,2022-02-01 21:30:00+00:00,2022-02-02 01:30:00+00:00,387.34,382.28,5.060000000000002,False,BREAK_BEFORE_K1,0,0,,,False,,,BREAK_BEFORE_K1,2022-02-02 00:30:00+00:00,
90,01:30,3,2022-02-03,Thursday,2022-02-02 18:30:00+00:00,2022-02-02 21:30:00+00:00,2022-02-02 21:30:00+00:00,2022-02-03 01:30:00+00:00,376.99,370.43,6.560000000000002,False,BREAK_BEFORE_K1,0,0,,,False,,,BREAK_BEFORE_K1,2022-02-02 21:30:00+00:00,
90,01:30,3,2022-02-04,Friday,2022-02-03 18:30:00+00:00,2022-02-03 21:30:00+00:00,2022-02-03 21:30:00+00:00,2022-02-04 01:30:00+00:00,368.97,361.56,7.410000000000025,False,BREAK_BEFORE_K1,0,0,,,False,,,BREAK_BEFORE_K1,2022-02-03 21:35:00+00:00,
90,01:30,3,2022-02-05,Saturday,2022-02-04 18:30:00+00:00,2022-02-04 21:30:00+00:00,2022-02-04 21:30:00+00:00,2022-02-05 01:30:00+00:00,398.19,391.22,6.96999999999997,False,BREAK_BEFORE_K1,0,0,,,False,,,BREAK_BEFORE_K1,2022-02-04 23:45:00+00:00,
90,01:30,3,2022-02-06,Sunday,2022-02-05 18:30:00+00:00,2022-02-05 21:30:00+00:00,2022-02-05 21:30:00+00:00,2022-02-06 01:30:00+00:00,416.41,409.85,6.560000000000002,False,BREAK_BEFORE_K1,0,0,,,False,,,BREAK_BEFORE_K1,2022-02-06 00:55:00+00:00,
90,01:30,3,2022-02-07,Monday,2022-02-06 18:30:00+00:00,2022-02-06 21:30:00+00:00,2022-02-06 21:30:00+00:00,2022-02-07 01:30:00+00:00,414.27,410.17,4.099999999999966,True,,1,0,2022-02-06 23:10:00+00:00,2022-02-06 23:15:00+00:00,False,,,BREAK_DURING_K1,2022-02-06 23:15:00+00:00,
90,01:30,3,2022-02-08,Tuesday,2022-02-07 18:30:00+00:00,2022-02-07 21:30:00+00:00,2022-02-07 21:30:00+00:00,2022-02-08 01:30:00+00:00,437.7,432.24,5.4599999999999795,False,OPPOSITE_VISIT_BEFORE_K1,0,1,,,False,,,OPPOSITE_VISIT_BEFORE_K1,2022-02-07 23:25:00+00:00,
90,01:30,3,2022-02-09,Wednesday,2022-02-08 18:30:00+00:00,2022-02-08 21:30:00+00:00,2022-02-08 21:30:00+00:00,2022-02-09 01:30:00+00:00,417.42,406.26,11.160000000000025,False,NO_K1,0,0,,,False,,,NO_K1,,
90,01:30,3,2022-02-10,Thursday,2022-02-09 18:30:00+00:00,2022-02-09 21:30:00+00:00,2022-02-09 21:30:00+00:00,2022-02-10 01:30:00+00:00,427.49,421.97,5.519999999999982,False,BREAK_BEFORE_K1,0,0,,,False,,,BREAK_BEFORE_K1,2022-02-09 22:00:00+00:00,
90,01:30,3,2022-02-11,Friday,2022-02-10 18:30:00+00:00,2022-02-10 21:30:00+00:00,2022-02-10 21:30:00+00:00,2022-02-11 01:30:00+00:00,427.0,414.77,12.230000000000018,False,OPPOSITE_VISIT_BEFORE_K1,0,1,,,False,,,OPPOSITE_VISIT_BEFORE_K1,2022-02-10 23:30:00+00:00,
90,01:30,3,2022-02-12,Saturday,2022-02-11 18:30:00+00:00,2022-02-11 21:30:00+00:00,2022-02-11 21:30:00+00:00,2022-02-12 01:30:00+00:00,412.75,397.3,15.449999999999989,False,OPPOSITE_VISIT_BEFORE_K1,0,1,,,False,,,OPPOSITE_VISIT_BEFORE_K1,2022-02-11 22:05:00+00:00,
90,01:30,3,2022-02-13,Sunday,2022-02-12 18:30:00+00:00,2022-02-12 21:30:00+00:00,2022-02-12 21:30:00+00:00,2022-02-13 01:30:00+00:00,405.92,402.18,3.740000000000009,False,BREAK_BEFORE_K1,0,0,,,False,,,BREAK_BEFORE_K1,2022-02-12 21:30:00+00:00,
90,01:30,3,2022-02-14,Monday,2022-02-13 18:30:00+00:00,2022-02-13 21:30:00+00:00,2022-02-13 21:30:00+00:00,2022-02-14 01:30:00+00:00,400.67,394.38,6.2900000000000205,False,BREAK_BEFORE_K1,0,0,,,False,,,BREAK_BEFORE_K1,2022-02-14 01:25:00+00:00,
90,01:30,3,2022-02-15,Tuesday,2022-02-14 18:30:00+00:00,2022-02-14 21:30:00+00:00,2022-02-14 21:30:00+00:00,2022-02-15 01:30:00+00:00,401.58,395.62,5.9599999999999795,False,BREAK_BEFORE_K1,0,0,,,False,,,BREAK_BEFORE_K1,2022-02-14 22:05:00+00:00,
90,01:30,3,2022-02-16,Wednesday,2022-02-15 18:30:00+00:00,2022-02-15 21:30:00+00:00,2022-02-15 21:30:00+00:00,2022-02-16 01:30:00+00:00,432.77,426.26,6.509999999999991,False,OPPOSITE_VISIT_BEFORE_K1,0,1,,,False,,,OPPOSITE_VISIT_BEFORE_K1,2022-02-15 21:30:00+00:00,
90,01:30,3,2022-02-17,Thursday,2022-02-16 18:30:00+00:00,2022-02-16 21:30:00+00:00,2022-02-16 21:30:00+00:00,2022-02-17 01:30:00+00:00,432.0,423.35,8.649999999999977,False,NO_K1,0,0,,,False,,,NO_K1,,
90,01:30,3,2022-02-18,Friday,2022-02-17 18:30:00+00:00,2022-02-17 21:30:00+00:00,2022-02-17 21:30:00+00:00,2022-02-18 01:30:00+00:00,408.64,399.52,9.120000000000005,False,OPPOSITE_VISIT_BEFORE_K1,0,1,,,False,,,OPPOSITE_VISIT_BEFORE_K1,2022-02-18 00:00:00+00:00,
90,01:30,3,2022-02-19,Saturday,2022-02-18 18:30:00+00:00,2022-02-18 21:30:00+00:00,2022-02-18 21:30:00+00:00,2022-02-19 01:30:00+00:00,399.91,395.66,4.25,False,OPPOSITE_VISIT_BEFORE_K1,0,1,,,False,,,OPPOSITE_VISIT_BEFORE_K1,2022-02-18 22:10:00+00:00,
90,01:30,3,2022-02-20,Sunday,2022-02-19 18:30:00+00:00,2022-02-19 21:30:00+00:00,2022-02-19 21:30:00+00:00,2022-02-20 01:30:00+00:00,401.48,395.56,5.920000000000016,False,OPPOSITE_VISIT_BEFORE_K1,0,1,,,False,,,OPPOSITE_VISIT_BEFORE_K1,2022-02-20 00:50:00+00:00,
90,01:30,3,2022-02-21,Monday,2022-02-20 18:30:00+00:00,2022-02-20 21:30:00+00:00,2022-02-20 21:30:00+00:00,2022-02-21 01:30:00+00:00,383.95,377.43,6.519999999999982,False,OPPOSITE_VISIT_BEFORE_K1,0,1,,,False,,,OPPOSITE_VISIT_BEFORE_K1,2022-02-20 21:30:00+00:00,
90,01:30,3,2022-02-22,Tuesday,2022-02-21 18:30:00+00:00,2022-02-21 21:30:00+00:00,2022-02-21 21:30:00+00:00,2022-02-22 01:30:00+00:00,374.74,366.99,7.75,False,BREAK_BEFORE_K1,0,0,,,False,,,BREAK_BEFORE_K1,2022-02-21 21:50:00+00:00,
90,01:30,3,2022-02-23,Wednesday,2022-02-22 18:30:00+00:00,2022-02-22 21:30:00+00:00,2022-02-22 21:30:00+00:00,2022-02-23 01:30:00+00:00,373.52,364.06,9.45999999999998,False,BREAK_BEFORE_K1,0,0,,,False,,,BREAK_BEFORE_K1,2022-02-22 23:40:00+00:00,
90,01:30,3,2022-02-24,Thursday,2022-02-23 18:30:00+00:00,2022-02-23 21:30:00+00:00,2022-02-23 21:30:00+00:00,2022-02-24 01:30:00+00:00,375.33,368.11,7.21999999999997,False,OPPOSITE_VISIT_BEFORE_K1,0,1,,,False,,,OPPOSITE_VISIT_BEFORE_K1,2022-02-23 21:40:00+00:00,
90,01:30,3,2022-02-25,Friday,2022-02-24 18:30:00+00:00,2022-02-24 21:30:00+00:00,2022-02-24 21:30:00+00:00,2022-02-25 01:30:00+00:00,370.77,343.26,27.50999999999999,False,NO_K1,0,0,,,False,,,NO_K1,,
90,01:30,3,2022-02-26,Saturday,2022-02-25 18:30:00+00:00,2022-02-25 21:30:00+00:00,2022-02-25 21:30:00+00:00,2022-02-26 01:30:00+00:00,369.39,362.78,6.610000000000014,True,,1,0,2022-02-25 21:30:00+00:00,2022-02-25 21:35:00+00:00,True,2022-02-25 21:35:00+00:00,2022-02-25 21:40:00+00:00,H2_ARRIVAL,2022-02-25 22:35:00+00:00,60.0
90,01:30,3,2022-02-27,Sunday,2022-02-26 18:30:00+00:00,2022-02-26 21:30:00+00:00,2022-02-26 21:30:00+00:00,2022-02-27 01:30:00+00:00,378.23,371.0,7.230000000000018,False,OPPOSITE_VISIT_BEFORE_K1,0,1,,,False,,,OPPOSITE_VISIT_BEFORE_K1,2022-02-26 23:30:00+00:00,
90,01:30,3,2022-02-28,Monday,2022-02-27 18:30:00+00:00,2022-02-27 21:30:00+00:00,2022-02-27 21:30:00+00:00,2022-02-28 01:30:00+00:00,371.48,357.87,13.610000000000014,False,BREAK_BEFORE_K1,0,0,,,False,,,BREAK_BEFORE_K1,2022-02-28 00:20:00+00:00,
90,01:30,3,2022-03-01,Tuesday,2022-02-28 18:30:00+00:00,2022-02-28 21:30:00+00:00,2022-02-28 21:30:00+00:00,2022-03-01 01:30:00+00:00,387.51,381.77,5.740000000000009,False,BREAK_BEFORE_K1,0,0,,,False,,,BREAK_BEFORE_K1,2022-02-28 22:05:00+00:00,
90,01:30,3,2022-03-02,Wednesday,2022-03-01 18:30:00+00:00,2022-03-01 21:30:00+00:00,2022-03-01 21:30:00+00:00,2022-03-02 01:30:00+00:00,409.63,403.26,6.3700000000000045,True,,1,0,2022-03-02 00:00:00+00:00,2022-03-02 00:05:00+00:00,True,2022-03-02 00:10:00+00:00,2022-03-02 00:15:00+00:00,H2_ARRIVAL,2022-03-02 01:00:00+00:00,50.0
90,01:30,3,2022-03-03,Thursday,2022-03-02 18:30:00+00:00,2022-03-02 21:30:00+00:00,2022-03-02 21:30:00+00:00,2022-03-03 01:30:00+00:00,408.66,404.73,3.930000000000007,False,BREAK_BEFORE_K1,0,0,,,False,,,BREAK_BEFORE_K1,2022-03-02 21:50:00+00:00,
90,01:30,3,2022-03-04,Friday,2022-03-03 18:30:00+00:00,2022-03-03 21:30:00+00:00,2022-03-03 21:30:00+00:00,2022-03-04 01:30:00+00:00,402.43,397.34,5.090000000000032,True,,1,0,2022-03-03 22:00:00+00:00,2022-03-03 22:05:00+00:00,True,2022-03-03 22:05:00+00:00,2022-03-03 22:10:00+00:00,H2_ARRIVAL,2022-03-03 22:35:00+00:00,30.0
90,01:30,3,2022-03-05,Saturday,2022-03-04 18:30:00+00:00,2022-03-04 21:30:00+00:00,2022-03-04 21:30:00+00:00,2022-03-05 01:30:00+00:00,389.65,375.8,13.849999999999966,False,BREAK_BEFORE_K1,0,0,,,False,,,BREAK_BEFORE_K1,2022-03-04 22:15:00+00:00,
90,01:30,3,2022-03-06,Sunday,2022-03-05 18:30:00+00:00,2022-03-05 21:30:00+00:00,2022-03-05 21:30:00+00:00,2022-03-06 01:30:00+00:00,387.22,378.34,8.880000000000052,False,NO_K1,0,0,,,False,,,NO_K1,,
90,01:30,3,2022-03-07,Monday,2022-03-06 18:30:00+00:00,2022-03-06 21:30:00+00:00,2022-03-06 21:30:00+00:00,2022-03-07 01:30:00+00:00,381.9,376.17,5.729999999999961,False,OPPOSITE_VISIT_BEFORE_K1,0,1,,,False,,,OPPOSITE_VISIT_BEFORE_K1,2022-03-06 23:15:00+00:00,
90,01:30,3,2022-03-08,Tuesday,2022-03-07 18:30:00+00:00,2022-03-07 21:30:00+00:00,2022-03-07 21:30:00+00:00,2022-03-08 01:30:00+00:00,385.62,362.36,23.25999999999999,False,NO_K1,0,0,,,False,,,NO_K1,,
90,01:30,3,2022-03-09,Wednesday,2022-03-08 18:30:00+00:00,2022-03-08 21:30:00+00:00,2022-03-08 21:30:00+00:00,2022-03-09 01:30:00+00:00,385.38,380.05,5.329999999999984,False,OPPOSITE_VISIT_BEFORE_K1,0,1,,,False,,,OPPOSITE_VISIT_BEFORE_K1,2022-03-08 21:40:00+00:00,
90,01:30,3,2022-03-10,Thursday,2022-03-09 18:30:00+00:00,2022-03-09 21:30:00+00:00,2022-03-09 21:30:00+00:00,2022-03-10 01:30:00+00:00,394.68,390.17,4.509999999999991,False,NO_K1,0,0,,,False,,,NO_K1,,
90,01:30,3,2022-03-11,Friday,2022-03-10 18:30:00+00:00,2022-03-10 21:30:00+00:00,2022-03-10 21:30:00+00:00,2022-03-11 01:30:00+00:00,372.08,366.55,5.529999999999973,True,,1,0,2022-03-10 22:45:00+00:00,2022-03-10 22:50:00+00:00,False,,,BREAK_DURING_K1,2022-03-10 22:50:00+00:00,
90,01:30,3,2022-03-12,Saturday,2022-03-11 18:30:00+00:00,2022-03-11 21:30:00+00:00,2022-03-11 21:30:00+00:00,2022-03-12 01:30:00+00:00,374.1,368.25,5.850000000000023,False,BREAK_BEFORE_K1,0,0,,,False,,,BREAK_BEFORE_K1,2022-03-11 22:45:00+00:00,
90,01:30,3,2022-03-13,Sunday,2022-03-12 18:30:00+00:00,2022-03-12 21:30:00+00:00,2022-03-12 21:30:00+00:00,2022-03-13 01:30:00+00:00,376.9,374.79,2.109999999999957,False,OPPOSITE_VISIT_BEFORE_K1,0,1,,,False,,,OPPOSITE_VISIT_BEFORE_K1,2022-03-12 21:40:00+00:00,
90,01:30,3,2022-03-14,Monday,2022-03-13 18:30:00+00:00,2022-03-13 21:30:00+00:00,2022-03-13 21:30:00+00:00,2022-03-14 01:30:00+00:00,373.42,368.64,4.78000000000003,False,BREAK_BEFORE_K1,0,0,,,False,,,BREAK_BEFORE_K1,2022-03-13 22:45:00+00:00,
90,01:30,3,2022-03-15,Tuesday,2022-03-14 18:30:00+00:00,2022-03-14 21:30:00+00:00,2022-03-14 21:30:00+00:00,2022-03-15 01:30:00+00:00,366.45,363.42,3.0299999999999727,True,,1,0,2022-03-14 22:00:00+00:00,2022-03-14 22:05:00+00:00,True,2022-03-14 22:05:00+00:00,2022-03-14 22:10:00+00:00,H2_ARRIVAL,2022-03-14 22:10:00+00:00,5.0
90,01:30,3,2022-03-16,Wednesday,2022-03-15 18:30:00+00:00,2022-03-15 21:30:00+00:00,2022-03-15 21:30:00+00:00,2022-03-16 01:30:00+00:00,374.46,369.94,4.519999999999982,False,OPPOSITE_VISIT_BEFORE_K1,0,1,,,False,,,OPPOSITE_VISIT_BEFORE_K1,2022-03-15 23:20:00+00:00,
90,01:30,3,2022-03-17,Thursday,2022-03-16 18:30:00+00:00,2022-03-16 21:30:00+00:00,2022-03-16 21:30:00+00:00,2022-03-17 01:30:00+00:00,386.6,371.45,15.150000000000034,False,NO_K1,0,0,,,False,,,NO_K1,,
90,01:30,3,2022-03-18,Friday,2022-03-17 18:30:00+00:00,2022-03-17 21:30:00+00:00,2022-03-17 21:30:00+00:00,2022-03-18 01:30:00+00:00,389.87,386.98,2.8899999999999864,True,,1,0,2022-03-17 22:00:00+00:00,2022-03-17 22:05:00+00:00,False,,,BREAK_DURING_K1,2022-03-17 22:05:00+00:00,
90,01:30,3,2022-03-19,Saturday,2022-03-18 18:30:00+00:00,2022-03-18 21:30:00+00:00,2022-03-18 21:30:00+00:00,2022-03-19 01:30:00+00:00,400.3,395.23,5.069999999999993,False,NO_K1,0,0,,,False,,,NO_K1,,
90,01:30,3,2022-03-20,Sunday,2022-03-19 18:30:00+00:00,2022-03-19 21:30:00+00:00,2022-03-19 21:30:00+00:00,2022-03-20 01:30:00+00:00,402.52,396.78,5.740000000000009,True,,1,0,2022-03-19 21:50:00+00:00,2022-03-19 21:55:00+00:00,True,2022-03-19 21:55:00+00:00,2022-03-19 22:00:00+00:00,OPPOSITE_BREAK_BEFORE_H2,2022-03-19 22:20:00+00:00,
90,01:30,3,2022-03-21,Monday,2022-03-20 18:30:00+00:00,2022-03-20 21:30:00+00:00,2022-03-20 21:30:00+00:00,2022-03-21 01:30:00+00:00,394.23,387.34,6.890000000000043,False,NO_K1,0,0,,,False,,,NO_K1,,
90,01:30,3,2022-03-22,Tuesday,2022-03-21 18:30:00+00:00,2022-03-21 21:30:00+00:00,2022-03-21 21:30:00+00:00,2022-03-22 01:30:00+00:00,397.84,395.75,2.089999999999975,True,,1,0,2022-03-21 22:10:00+00:00,2022-03-21 22:15:00+00:00,True,2022-03-21 22:15:00+00:00,2022-03-21 22:20:00+00:00,OPPOSITE_BREAK_BEFORE_H2,2022-03-21 23:25:00+00:00,
90,01:30,3,2022-03-23,Wednesday,2022-03-22 18:30:00+00:00,2022-03-22 21:30:00+00:00,2022-03-22 21:30:00+00:00,2022-03-23 01:30:00+00:00,406.46,402.0,4.4599999999999795,False,BREAK_BEFORE_K1,0,0,,,False,,,BREAK_BEFORE_K1,2022-03-22 21:30:00+00:00,
90,01:30,3,2022-03-24,Thursday,2022-03-23 18:30:00+00:00,2022-03-23 21:30:00+00:00,2022-03-23 21:30:00+00:00,2022-03-24 01:30:00+00:00,405.2,402.01,3.1899999999999977,False,BREAK_BEFORE_K1,0,0,,,False,,,BREAK_BEFORE_K1,2022-03-23 21:40:00+00:00,
90,01:30,3,2022-03-25,Friday,2022-03-24 18:30:00+00:00,2022-03-24 21:30:00+00:00,2022-03-24 21:30:00+00:00,2022-03-25 01:30:00+00:00,415.57,412.64,2.930000000000007,False,OPPOSITE_VISIT_BEFORE_K1,0,1,,,False,,,OPPOSITE_VISIT_BEFORE_K1,2022-03-24 21:45:00+00:00,
90,01:30,3,2022-03-26,Saturday,2022-03-25 18:30:00+00:00,2022-03-25 21:30:00+00:00,2022-03-25 21:30:00+00:00,2022-03-26 01:30:00+00:00,412.44,408.2,4.240000000000009,False,BREAK_BEFORE_K1,0,0,,,False,,,BREAK_BEFORE_K1,2022-03-25 21:50:00+00:00,
90,01:30,3,2022-03-27,Sunday,2022-03-26 18:30:00+00:00,2022-03-26 21:30:00+00:00,2022-03-26 21:30:00+00:00,2022-03-27 01:30:00+00:00,416.29,412.82,3.4700000000000273,True,,1,0,2022-03-27 00:20:00+00:00,2022-03-27 00:25:00+00:00,True,2022-03-27 00:25:00+00:00,2022-03-27 00:30:00+00:00,H2_ARRIVAL,2022-03-27 00:30:00+00:00,5.0
90,01:30,3,2022-03-28,Monday,2022-03-27 18:30:00+00:00,2022-03-27 21:30:00+00:00,2022-03-27 21:30:00+00:00,2022-03-28 01:30:00+00:00,424.77,416.0,8.769999999999982,False,BREAK_BEFORE_K1,0,0,,,False,,,BREAK_BEFORE_K1,2022-03-27 21:30:00+00:00,
90,01:30,3,2022-03-29,Tuesday,2022-03-28 18:30:00+00:00,2022-03-28 21:30:00+00:00,2022-03-28 21:30:00+00:00,2022-03-29 01:30:00+00:00,440.72,436.3,4.420000000000016,False,BREAK_BEFORE_K1,0,0,,,False,,,BREAK_BEFORE_K1,2022-03-28 21:30:00+00:00,
90,01:30,3,2022-03-30,Wednesday,2022-03-29 18:30:00+00:00,2022-03-29 21:30:00+00:00,2022-03-29 21:30:00+00:00,2022-03-30 01:30:00+00:00,437.85,432.86,4.990000000000009,False,OPPOSITE_VISIT_BEFORE_K1,0,1,,,False,,,OPPOSITE_VISIT_BEFORE_K1,2022-03-29 21:40:00+00:00,
90,01:30,3,2022-03-31,Thursday,2022-03-30 18:30:00+00:00,2022-03-30 21:30:00+00:00,2022-03-30 21:30:00+00:00,2022-03-31 01:30:00+00:00,448.0,441.46,6.5400000000000205,False,OPPOSITE_VISIT_BEFORE_K1,0,1,,,False,,,OPPOSITE_VISIT_BEFORE_K1,2022-03-30 22:10:00+00:00,
90,01:30,3,2022-04-01,Friday,2022-03-31 18:30:00+00:00,2022-03-31 21:30:00+00:00,2022-03-31 21:30:00+00:00,2022-04-01 01:30:00+00:00,431.17,426.02,5.150000000000034,False,BREAK_BEFORE_K1,0,0,,,False,,,BREAK_BEFORE_K1,2022-03-31 22:45:00+00:00,
90,01:30,3,2022-04-02,Saturday,2022-04-01 18:30:00+00:00,2022-04-01 21:30:00+00:00,2022-04-01 21:30:00+00:00,2022-04-02 01:30:00+00:00,447.08,442.43,4.649999999999977,False,BREAK_BEFORE_K1,0,0,,,False,,,BREAK_BEFORE_K1,2022-04-01 23:55:00+00:00,
90,01:30,3,2022-04-03,Sunday,2022-04-02 18:30:00+00:00,2022-04-02 21:30:00+00:00,2022-04-02 21:30:00+00:00,2022-04-03 01:30:00+00:00,444.12,439.04,5.079999999999984,False,BREAK_BEFORE_K1,0,0,,,False,,,BREAK_BEFORE_K1,2022-04-02 23:05:00+00:00,
90,01:30,3,2022-04-04,Monday,2022-04-03 18:30:00+00:00,2022-04-03 21:30:00+00:00,2022-04-03 21:30:00+00:00,2022-04-04 01:30:00+00:00,449.4,446.32,3.079999999999984,False,BREAK_BEFORE_K1,0,0,,,False,,,BREAK_BEFORE_K1,2022-04-03 21:55:00+00:00,
90,01:30,3,2022-04-05,Tuesday,2022-04-04 18:30:00+00:00,2022-04-04 21:30:00+00:00,2022-04-04 21:30:00+00:00,2022-04-05 01:30:00+00:00,446.7,435.37,11.329999999999984,False,BREAK_BEFORE_K1,0,0,,,False,,,BREAK_BEFORE_K1,2022-04-04 22:35:00+00:00,
90,01:30,3,2022-04-06,Wednesday,2022-04-05 18:30:00+00:00,2022-04-05 21:30:00+00:00,2022-04-05 21:30:00+00:00,2022-04-06 01:30:00+00:00,451.44,446.0,5.439999999999998,False,BREAK_BEFORE_K1,0,0,,,False,,,BREAK_BEFORE_K1,2022-04-05 23:45:00+00:00,
90,01:30,3,2022-04-07,Thursday,2022-04-06 18:30:00+00:00,2022-04-06 21:30:00+00:00,2022-04-06 21:30:00+00:00,2022-04-07 01:30:00+00:00,427.91,420.06,7.850000000000023,False,BREAK_BEFORE_K1,0,0,,,False,,,BREAK_BEFORE_K1,2022-04-06 23:50:00+00:00,
90,01:30,3,2022-04-08,Friday,2022-04-07 18:30:00+00:00,2022-04-07 21:30:00+00:00,2022-04-07 21:30:00+00:00,2022-04-08 01:30:00+00:00,438.42,433.72,4.699999999999989,True,,1,0,2022-04-08 00:10:00+00:00,2022-04-08 00:15:00+00:00,True,2022-04-08 00:20:00+00:00,2022-04-08 00:25:00+00:00,NO_H2_BY_END,,
90,01:30,3,2022-04-09,Saturday,2022-04-08 18:30:00+00:00,2022-04-08 21:30:00+00:00,2022-04-08 21:30:00+00:00,2022-04-09 01:30:00+00:00,430.67,424.55,6.1200000000000045,False,OPPOSITE_VISIT_BEFORE_K1,0,1,,,False,,,OPPOSITE_VISIT_BEFORE_K1,2022-04-08 21:50:00+00:00,
90,01:30,3,2022-04-10,Sunday,2022-04-09 18:30:00+00:00,2022-04-09 21:30:00+00:00,2022-04-09 21:30:00+00:00,2022-04-10 01:30:00+00:00,423.2,420.37,2.829999999999984,False,BREAK_BEFORE_K1,0,0,,,False,,,BREAK_BEFORE_K1,2022-04-09 22:20:00+00:00,
90,01:30,3,2022-04-11,Monday,2022-04-10 18:30:00+00:00,2022-04-10 21:30:00+00:00,2022-04-10 21:30:00+00:00,2022-04-11 01:30:00+00:00,429.54,425.67,3.8700000000000045,False,BREAK_BEFORE_K1,0,0,,,False,,,BREAK_BEFORE_K1,2022-04-10 21:50:00+00:00,
90,01:30,3,2022-04-12,Tuesday,2022-04-11 18:30:00+00:00,2022-04-11 21:30:00+00:00,2022-04-11 21:30:00+00:00,2022-04-12 01:30:00+00:00,403.49,394.51,8.980000000000018,False,BREAK_BEFORE_K1,0,0,,,False,,,BREAK_BEFORE_K1,2022-04-11 21:30:00+00:00,
90,01:30,3,2022-04-13,Wednesday,2022-04-12 18:30:00+00:00,2022-04-12 21:30:00+00:00,2022-04-12 21:30:00+00:00,2022-04-13 01:30:00+00:00,411.32,406.4,4.920000000000016,False,BREAK_BEFORE_K1,0,0,,,False,,,BREAK_BEFORE_K1,2022-04-12 21:40:00+00:00,
90,01:30,3,2022-04-14,Thursday,2022-04-13 18:30:00+00:00,2022-04-13 21:30:00+00:00,2022-04-13 21:30:00+00:00,2022-04-14 01:30:00+00:00,423.17,418.34,4.830000000000041,False,BREAK_BEFORE_K1,0,0,,,False,,,BREAK_BEFORE_K1,2022-04-13 22:30:00+00:00,
90,01:30,3,2022-04-15,Friday,2022-04-14 18:30:00+00:00,2022-04-14 21:30:00+00:00,2022-04-14 21:30:00+00:00,2022-04-15 01:30:00+00:00,415.73,411.53,4.2000000000000455,False,BREAK_BEFORE_K1,0,0,,,False,,,BREAK_BEFORE_K1,2022-04-14 21:30:00+00:00,
90,01:30,3,2022-04-16,Saturday,2022-04-15 18:30:00+00:00,2022-04-15 21:30:00+00:00,2022-04-15 21:30:00+00:00,2022-04-16 01:30:00+00:00,418.78,415.71,3.069999999999993,False,BREAK_BEFORE_K1,0,0,,,False,,,BREAK_BEFORE_K1,2022-04-15 22:50:00+00:00,
90,01:30,3,2022-04-17,Sunday,2022-04-16 18:30:00+00:00,2022-04-16 21:30:00+00:00,2022-04-16 21:30:00+00:00,2022-04-17 01:30:00+00:00,415.47,412.97,2.5,True,,1,0,2022-04-16 21:35:00+00:00,2022-04-16 21:40:00+00:00,False,,,BREAK_DURING_K1,2022-04-16 21:40:00+00:00,
90,01:30,3,2022-04-18,Monday,2022-04-17 18:30:00+00:00,2022-04-17 21:30:00+00:00,2022-04-17 21:30:00+00:00,2022-04-18 01:30:00+00:00,414.83,412.01,2.819999999999993,False,BREAK_BEFORE_K1,0,0,,,False,,,BREAK_BEFORE_K1,2022-04-17 22:05:00+00:00,
90,01:30,3,2022-04-19,Tuesday,2022-04-18 18:30:00+00:00,2022-04-18 21:30:00+00:00,2022-04-18 21:30:00+00:00,2022-04-19 01:30:00+00:00,416.94,413.46,3.480000000000018,True,,1,0,2022-04-18 21:30:00+00:00,2022-04-18 21:35:00+00:00,False,,,BREAK_DURING_K1,2022-04-18 21:35:00+00:00,
90,01:30,3,2022-04-20,Wednesday,2022-04-19 18:30:00+00:00,2022-04-19 21:30:00+00:00,2022-04-19 21:30:00+00:00,2022-04-20 01:30:00+00:00,420.65,417.6,3.0499999999999545,True,,1,0,2022-04-19 21:55:00+00:00,2022-04-19 22:00:00+00:00,False,,,BREAK_DURING_K1,2022-04-19 22:00:00+00:00,
90,01:30,3,2022-04-21,Thursday,2022-04-20 18:30:00+00:00,2022-04-20 21:30:00+00:00,2022-04-20 21:30:00+00:00,2022-04-21 01:30:00+00:00,419.34,414.56,4.779999999999973,True,,1,0,2022-04-20 21:30:00+00:00,2022-04-20 21:35:00+00:00,True,2022-04-20 21:35:00+00:00,2022-04-20 21:40:00+00:00,H2_ARRIVAL,2022-04-20 22:00:00+00:00,25.0
90,01:30,3,2022-04-22,Friday,2022-04-21 18:30:00+00:00,2022-04-21 21:30:00+00:00,2022-04-21 21:30:00+00:00,2022-04-22 01:30:00+00:00,417.77,405.87,11.899999999999977,False,OPPOSITE_VISIT_BEFORE_K1,0,1,,,False,,,OPPOSITE_VISIT_BEFORE_K1,2022-04-21 21:50:00+00:00,
90,01:30,3,2022-04-23,Saturday,2022-04-22 18:30:00+00:00,2022-04-22 21:30:00+00:00,2022-04-22 21:30:00+00:00,2022-04-23 01:30:00+00:00,409.75,406.79,2.9599999999999795,False,BREAK_BEFORE_K1,0,0,,,False,,,BREAK_BEFORE_K1,2022-04-22 22:00:00+00:00,
90,01:30,3,2022-04-24,Sunday,2022-04-23 18:30:00+00:00,2022-04-23 21:30:00+00:00,2022-04-23 21:30:00+00:00,2022-04-24 01:30:00+00:00,407.37,405.32,2.0500000000000114,False,OPPOSITE_VISIT_BEFORE_K1,0,1,,,False,,,OPPOSITE_VISIT_BEFORE_K1,2022-04-23 21:55:00+00:00,
90,01:30,3,2022-04-25,Monday,2022-04-24 18:30:00+00:00,2022-04-24 21:30:00+00:00,2022-04-24 21:30:00+00:00,2022-04-25 01:30:00+00:00,403.27,399.73,3.5399999999999636,False,OPPOSITE_VISIT_BEFORE_K1,0,1,,,False,,,OPPOSITE_VISIT_BEFORE_K1,2022-04-24 23:05:00+00:00,
90,01:30,3,2022-04-26,Tuesday,2022-04-25 18:30:00+00:00,2022-04-25 21:30:00+00:00,2022-04-25 21:30:00+00:00,2022-04-26 01:30:00+00:00,402.99,398.45,4.5400000000000205,False,BREAK_BEFORE_K1,0,0,,,False,,,BREAK_BEFORE_K1,2022-04-25 22:00:00+00:00,
90,01:30,3,2022-04-27,Wednesday,2022-04-26 18:30:00+00:00,2022-04-26 21:30:00+00:00,2022-04-26 21:30:00+00:00,2022-04-27 01:30:00+00:00,389.91,382.08,7.830000000000041,False,BREAK_BEFORE_K1,0,0,,,False,,,BREAK_BEFORE_K1,2022-04-26 23:15:00+00:00,
90,01:30,3,2022-04-28,Thursday,2022-04-27 18:30:00+00:00,2022-04-27 21:30:00+00:00,2022-04-27 21:30:00+00:00,2022-04-28 01:30:00+00:00,390.4,386.6,3.7999999999999545,False,BREAK_BEFORE_K1,0,0,,,False,,,BREAK_BEFORE_K1,2022-04-27 21:40:00+00:00,
90,01:30,3,2022-04-29,Friday,2022-04-28 18:30:00+00:00,2022-04-28 21:30:00+00:00,2022-04-28 21:30:00+00:00,2022-04-29 01:30:00+00:00,407.23,402.88,4.350000000000023,False,BREAK_BEFORE_K1,0,0,,,False,,,BREAK_BEFORE_K1,2022-04-28 22:45:00+00:00,
90,01:30,3,2022-04-30,Saturday,2022-04-29 18:30:00+00:00,2022-04-29 21:30:00+00:00,2022-04-29 21:30:00+00:00,2022-04-30 01:30:00+00:00,395.13,389.46,5.670000000000016,True,,1,0,2022-04-30 00:25:00+00:00,2022-04-30 00:30:00+00:00,True,2022-04-30 00:30:00+00:00,2022-04-30 00:35:00+00:00,H2_ARRIVAL,2022-04-30 01:00:00+00:00,30.0
90,01:30,3,2022-05-01,Sunday,2022-04-30 18:30:00+00:00,2022-04-30 21:30:00+00:00,2022-04-30 21:30:00+00:00,2022-05-01 01:30:00+00:00,391.78,388.3,3.4799999999999613,False,BREAK_BEFORE_K1,0,0,,,False,,,BREAK_BEFORE_K1,2022-04-30 22:00:00+00:00,
90,01:30,3,2022-05-02,Monday,2022-05-01 18:30:00+00:00,2022-05-01 21:30:00+00:00,2022-05-01 21:30:00+00:00,2022-05-02 01:30:00+00:00,388.9,382.42,6.479999999999961,False,BREAK_BEFORE_K1,0,0,,,False,,,BREAK_BEFORE_K1,2022-05-01 22:00:00+00:00,
90,01:30,3,2022-05-03,Tuesday,2022-05-02 18:30:00+00:00,2022-05-02 21:30:00+00:00,2022-05-02 21:30:00+00:00,2022-05-03 01:30:00+00:00,388.2,382.28,5.920000000000016,False,BREAK_BEFORE_K1,0,0,,,False,,,BREAK_BEFORE_K1,2022-05-02 21:30:00+00:00,
90,01:30,3,2022-05-04,Wednesday,2022-05-03 18:30:00+00:00,2022-05-03 21:30:00+00:00,2022-05-03 21:30:00+00:00,2022-05-04 01:30:00+00:00,383.73,379.5,4.230000000000018,True,,1,0,2022-05-03 22:25:00+00:00,2022-05-03 22:30:00+00:00,True,2022-05-03 22:30:00+00:00,2022-05-03 22:35:00+00:00,H2_ARRIVAL,2022-05-04 00:00:00+00:00,90.0
90,01:30,3,2022-05-05,Thursday,2022-05-04 18:30:00+00:00,2022-05-04 21:30:00+00:00,2022-05-04 21:30:00+00:00,2022-05-05 01:30:00+00:00,402.93,390.43,12.5,False,BREAK_BEFORE_K1,0,0,,,False,,,BREAK_BEFORE_K1,2022-05-05 00:00:00+00:00,
90,01:30,3,2022-05-06,Friday,2022-05-05 18:30:00+00:00,2022-05-05 21:30:00+00:00,2022-05-05 21:30:00+00:00,2022-05-06 01:30:00+00:00,378.38,370.0,8.379999999999995,True,,1,0,2022-05-05 21:30:00+00:00,2022-05-05 21:35:00+00:00,True,2022-05-05 21:35:00+00:00,2022-05-05 21:40:00+00:00,H2_ARRIVAL,2022-05-05 23:10:00+00:00,95.0
90,01:30,3,2022-05-07,Saturday,2022-05-06 18:30:00+00:00,2022-05-06 21:30:00+00:00,2022-05-06 21:30:00+00:00,2022-05-07 01:30:00+00:00,382.38,378.64,3.740000000000009,False,OPPOSITE_VISIT_BEFORE_K1,0,1,,,False,,,OPPOSITE_VISIT_BEFORE_K1,2022-05-06 22:10:00+00:00,
90,01:30,3,2022-05-08,Sunday,2022-05-07 18:30:00+00:00,2022-05-07 21:30:00+00:00,2022-05-07 21:30:00+00:00,2022-05-08 01:30:00+00:00,377.98,372.54,5.439999999999998,False,BREAK_BEFORE_K1,0,0,,,False,,,BREAK_BEFORE_K1,2022-05-07 21:50:00+00:00,
90,01:30,3,2022-05-09,Monday,2022-05-08 18:30:00+00:00,2022-05-08 21:30:00+00:00,2022-05-08 21:30:00+00:00,2022-05-09 01:30:00+00:00,359.51,355.25,4.259999999999991,False,OPPOSITE_VISIT_BEFORE_K1,0,1,,,False,,,OPPOSITE_VISIT_BEFORE_K1,2022-05-08 23:25:00+00:00,
90,01:30,3,2022-05-10,Tuesday,2022-05-09 18:30:00+00:00,2022-05-09 21:30:00+00:00,2022-05-09 21:30:00+00:00,2022-05-10 01:30:00+00:00,316.41,300.61,15.800000000000011,False,BREAK_BEFORE_K1,0,0,,,False,,,BREAK_BEFORE_K1,2022-05-09 23:40:00+00:00,
90,01:30,3,2022-05-11,Wednesday,2022-05-10 18:30:00+00:00,2022-05-10 21:30:00+00:00,2022-05-10 21:30:00+00:00,2022-05-11 01:30:00+00:00,326.36,315.25,11.110000000000014,False,BREAK_BEFORE_K1,0,0,,,False,,,BREAK_BEFORE_K1,2022-05-10 21:30:00+00:00,
90,01:30,3,2022-05-12,Thursday,2022-05-11 18:30:00+00:00,2022-05-11 21:30:00+00:00,2022-05-11 21:30:00+00:00,2022-05-12 01:30:00+00:00,280.18,260.04,20.139999999999986,True,,1,0,2022-05-12 00:40:00+00:00,2022-05-12 00:45:00+00:00,True,2022-05-12 00:45:00+00:00,2022-05-12 00:50:00+00:00,NO_H2_BY_END,,
90,01:30,3,2022-05-13,Friday,2022-05-12 18:30:00+00:00,2022-05-12 21:30:00+00:00,2022-05-12 21:30:00+00:00,2022-05-13 01:30:00+00:00,272.21,264.33,7.8799999999999955,False,BREAK_BEFORE_K1,0,0,,,False,,,BREAK_BEFORE_K1,2022-05-12 21:30:00+00:00,
90,01:30,3,2022-05-14,Saturday,2022-05-13 18:30:00+00:00,2022-05-13 21:30:00+00:00,2022-05-13 21:30:00+00:00,2022-05-14 01:30:00+00:00,297.48,290.94,6.5400000000000205,False,BREAK_BEFORE_K1,0,0,,,False,,,BREAK_BEFORE_K1,2022-05-13 21:40:00+00:00,
90,01:30,3,2022-05-15,Sunday,2022-05-14 18:30:00+00:00,2022-05-14 21:30:00+00:00,2022-05-14 21:30:00+00:00,2022-05-15 01:30:00+00:00,290.31,284.76,5.550000000000011,False,BREAK_BEFORE_K1,0,0,,,False,,,BREAK_BEFORE_K1,2022-05-14 21:45:00+00:00,
90,01:30,3,2022-05-16,Monday,2022-05-15 18:30:00+00:00,2022-05-15 21:30:00+00:00,2022-05-15 21:30:00+00:00,2022-05-16 01:30:00+00:00,308.31,300.58,7.730000000000018,True,,1,0,2022-05-15 21:50:00+00:00,2022-05-15 21:55:00+00:00,False,,,BREAK_DURING_K1,2022-05-15 21:55:00+00:00,
90,01:30,3,2022-05-17,Tuesday,2022-05-16 18:30:00+00:00,2022-05-16 21:30:00+00:00,2022-05-16 21:30:00+00:00,2022-05-17 01:30:00+00:00,300.86,294.0,6.860000000000014,True,,1,0,2022-05-16 21:45:00+00:00,2022-05-16 21:50:00+00:00,True,2022-05-16 21:50:00+00:00,2022-05-16 21:55:00+00:00,H2_ARRIVAL,2022-05-16 22:00:00+00:00,10.0
90,01:30,3,2022-05-18,Wednesday,2022-05-17 18:30:00+00:00,2022-05-17 21:30:00+00:00,2022-05-17 21:30:00+00:00,2022-05-18 01:30:00+00:00,303.31,295.83,7.480000000000018,False,BREAK_BEFORE_K1,0,0,,,False,,,BREAK_BEFORE_K1,2022-05-17 21:30:00+00:00,
90,01:30,3,2022-05-19,Thursday,2022-05-18 18:30:00+00:00,2022-05-18 21:30:00+00:00,2022-05-18 21:30:00+00:00,2022-05-19 01:30:00+00:00,297.5,290.6,6.899999999999977,False,BREAK_BEFORE_K1,0,0,,,False,,,BREAK_BEFORE_K1,2022-05-18 23:25:00+00:00,
90,01:30,3,2022-05-20,Friday,2022-05-19 18:30:00+00:00,2022-05-19 21:30:00+00:00,2022-05-19 21:30:00+00:00,2022-05-20 01:30:00+00:00,306.82,303.0,3.819999999999993,False,OPPOSITE_VISIT_BEFORE_K1,0,1,,,False,,,OPPOSITE_VISIT_BEFORE_K1,2022-05-19 22:20:00+00:00,
90,01:30,3,2022-05-21,Saturday,2022-05-20 18:30:00+00:00,2022-05-20 21:30:00+00:00,2022-05-20 21:30:00+00:00,2022-05-21 01:30:00+00:00,303.89,296.01,7.8799999999999955,False,BREAK_BEFORE_K1,0,0,,,False,,,BREAK_BEFORE_K1,2022-05-20 22:20:00+00:00,
90,01:30,3,2022-05-22,Sunday,2022-05-21 18:30:00+00:00,2022-05-21 21:30:00+00:00,2022-05-21 21:30:00+00:00,2022-05-22 01:30:00+00:00,313.98,310.82,3.160000000000025,False,BREAK_BEFORE_K1,0,0,,,False,,,BREAK_BEFORE_K1,2022-05-22 01:15:00+00:00,
90,01:30,3,2022-05-23,Monday,2022-05-22 18:30:00+00:00,2022-05-22 21:30:00+00:00,2022-05-22 21:30:00+00:00,2022-05-23 01:30:00+00:00,318.62,315.97,2.6499999999999773,False,BREAK_BEFORE_K1,0,0,,,False,,,BREAK_BEFORE_K1,2022-05-22 22:20:00+00:00,
90,01:30,3,2022-05-24,Tuesday,2022-05-23 18:30:00+00:00,2022-05-23 21:30:00+00:00,2022-05-23 21:30:00+00:00,2022-05-24 01:30:00+00:00,334.11,322.23,11.879999999999995,False,BREAK_BEFORE_K1,0,0,,,False,,,BREAK_BEFORE_K1,2022-05-23 22:00:00+00:00,
90,01:30,3,2022-05-25,Wednesday,2022-05-24 18:30:00+00:00,2022-05-24 21:30:00+00:00,2022-05-24 21:30:00+00:00,2022-05-25 01:30:00+00:00,327.9,319.06,8.839999999999975,True,,1,0,2022-05-24 21:40:00+00:00,2022-05-24 21:45:00+00:00,False,,,BREAK_DURING_K1,2022-05-24 21:50:00+00:00,
90,01:30,3,2022-05-26,Thursday,2022-05-25 18:30:00+00:00,2022-05-25 21:30:00+00:00,2022-05-25 21:30:00+00:00,2022-05-26 01:30:00+00:00,329.57,325.24,4.329999999999984,False,OPPOSITE_VISIT_BEFORE_K1,0,1,,,False,,,OPPOSITE_VISIT_BEFORE_K1,2022-05-25 23:50:00+00:00,
90,01:30,3,2022-05-27,Friday,2022-05-26 18:30:00+00:00,2022-05-26 21:30:00+00:00,2022-05-26 21:30:00+00:00,2022-05-27 01:30:00+00:00,313.72,307.46,6.260000000000048,False,BREAK_BEFORE_K1,0,0,,,False,,,BREAK_BEFORE_K1,2022-05-26 23:45:00+00:00,
90,01:30,3,2022-05-28,Saturday,2022-05-27 18:30:00+00:00,2022-05-27 21:30:00+00:00,2022-05-27 21:30:00+00:00,2022-05-28 01:30:00+00:00,303.7,295.42,8.279999999999973,True,,1,0,2022-05-27 22:40:00+00:00,2022-05-27 22:45:00+00:00,True,2022-05-27 22:45:00+00:00,2022-05-27 22:50:00+00:00,H2_ARRIVAL,2022-05-27 22:55:00+00:00,10.0
90,01:30,3,2022-05-29,Sunday,2022-05-28 18:30:00+00:00,2022-05-28 21:30:00+00:00,2022-05-28 21:30:00+00:00,2022-05-29 01:30:00+00:00,309.57,306.12,3.4499999999999886,True,,1,0,2022-05-28 23:40:00+00:00,2022-05-28 23:45:00+00:00,True,2022-05-28 23:50:00+00:00,2022-05-28 23:55:00+00:00,OPPOSITE_BREAK_BEFORE_H2,2022-05-29 00:30:00+00:00,
90,01:30,3,2022-05-30,Monday,2022-05-29 18:30:00+00:00,2022-05-29 21:30:00+00:00,2022-05-29 21:30:00+00:00,2022-05-30 01:30:00+00:00,303.47,301.47,2.0,False,BREAK_BEFORE_K1,0,0,,,False,,,BREAK_BEFORE_K1,2022-05-29 21:50:00+00:00,
90,01:30,3,2022-05-31,Tuesday,2022-05-30 18:30:00+00:00,2022-05-30 21:30:00+00:00,2022-05-30 21:30:00+00:00,2022-05-31 01:30:00+00:00,323.15,311.78,11.370000000000005,True,,1,0,2022-05-30 21:35:00+00:00,2022-05-30 21:40:00+00:00,True,2022-05-30 21:40:00+00:00,2022-05-30 21:45:00+00:00,H2_ARRIVAL,2022-05-30 23:05:00+00:00,85.0
90,01:30,3,2022-06-01,Wednesday,2022-05-31 18:30:00+00:00,2022-05-31 21:30:00+00:00,2022-05-31 21:30:00+00:00,2022-06-01 01:30:00+00:00,322.19,318.08,4.110000000000014,False,BREAK_BEFORE_K1,0,0,,,False,,,BREAK_BEFORE_K1,2022-05-31 22:55:00+00:00,
90,01:30,3,2022-06-02,Thursday,2022-06-01 18:30:00+00:00,2022-06-01 21:30:00+00:00,2022-06-01 21:30:00+00:00,2022-06-02 01:30:00+00:00,304.5,297.15,7.350000000000023,False,NO_K1,0,0,,,False,,,NO_K1,,
90,01:30,3,2022-06-03,Friday,2022-06-02 18:30:00+00:00,2022-06-02 21:30:00+00:00,2022-06-02 21:30:00+00:00,2022-06-03 01:30:00+00:00,306.3,302.72,3.579999999999984,False,BREAK_BEFORE_K1,0,0,,,False,,,BREAK_BEFORE_K1,2022-06-02 21:30:00+00:00,
90,01:30,3,2022-06-04,Saturday,2022-06-03 18:30:00+00:00,2022-06-03 21:30:00+00:00,2022-06-03 21:30:00+00:00,2022-06-04 01:30:00+00:00,298.27,295.74,2.5299999999999727,True,,1,0,2022-06-03 21:30:00+00:00,2022-06-03 21:35:00+00:00,False,,,BREAK_DURING_K1,2022-06-03 21:40:00+00:00,
90,01:30,3,2022-06-05,Sunday,2022-06-04 18:30:00+00:00,2022-06-04 21:30:00+00:00,2022-06-04 21:30:00+00:00,2022-06-05 01:30:00+00:00,301.98,299.5,2.480000000000018,False,OPPOSITE_VISIT_BEFORE_K1,0,1,,,False,,,OPPOSITE_VISIT_BEFORE_K1,2022-06-04 21:45:00+00:00,
90,01:30,3,2022-06-06,Monday,2022-06-05 18:30:00+00:00,2022-06-05 21:30:00+00:00,2022-06-05 21:30:00+00:00,2022-06-06 01:30:00+00:00,302.43,299.69,2.740000000000009,False,OPPOSITE_VISIT_BEFORE_K1,0,1,,,False,,,OPPOSITE_VISIT_BEFORE_K1,2022-06-05 21:30:00+00:00,
90,01:30,3,2022-06-07,Tuesday,2022-06-06 18:30:00+00:00,2022-06-06 21:30:00+00:00,2022-06-06 21:30:00+00:00,2022-06-07 01:30:00+00:00,302.13,286.8,15.329999999999984,False,BREAK_BEFORE_K1,0,0,,,False,,,BREAK_BEFORE_K1,2022-06-07 00:35:00+00:00,
90,01:30,3,2022-06-08,Wednesday,2022-06-07 18:30:00+00:00,2022-06-07 21:30:00+00:00,2022-06-07 21:30:00+00:00,2022-06-08 01:30:00+00:00,295.98,286.0,9.980000000000018,False,BREAK_BEFORE_K1,0,0,,,False,,,BREAK_BEFORE_K1,2022-06-07 22:45:00+00:00,
90,01:30,3,2022-06-09,Thursday,2022-06-08 18:30:00+00:00,2022-06-08 21:30:00+00:00,2022-06-08 21:30:00+00:00,2022-06-09 01:30:00+00:00,289.87,285.96,3.910000000000025,True,,1,0,2022-06-08 22:10:00+00:00,2022-06-08 22:15:00+00:00,True,2022-06-08 22:15:00+00:00,2022-06-08 22:20:00+00:00,H2_ARRIVAL,2022-06-08 22:25:00+00:00,10.0
90,01:30,3,2022-06-10,Friday,2022-06-09 18:30:00+00:00,2022-06-09 21:30:00+00:00,2022-06-09 21:30:00+00:00,2022-06-10 01:30:00+00:00,290.77,286.5,4.269999999999982,False,BREAK_BEFORE_K1,0,0,,,False,,,BREAK_BEFORE_K1,2022-06-10 00:15:00+00:00,
90,01:30,3,2022-06-11,Saturday,2022-06-10 18:30:00+00:00,2022-06-10 21:30:00+00:00,2022-06-10 21:30:00+00:00,2022-06-11 01:30:00+00:00,286.81,282.91,3.8999999999999773,False,BREAK_BEFORE_K1,0,0,,,False,,,BREAK_BEFORE_K1,2022-06-10 21:50:00+00:00,
90,01:30,3,2022-06-12,Sunday,2022-06-11 18:30:00+00:00,2022-06-11 21:30:00+00:00,2022-06-11 21:30:00+00:00,2022-06-12 01:30:00+00:00,273.9,268.29,5.609999999999957,False,OPPOSITE_VISIT_BEFORE_K1,0,1,,,False,,,OPPOSITE_VISIT_BEFORE_K1,2022-06-11 23:40:00+00:00,
90,01:30,3,2022-06-13,Monday,2022-06-12 18:30:00+00:00,2022-06-12 21:30:00+00:00,2022-06-12 21:30:00+00:00,2022-06-13 01:30:00+00:00,265.88,261.12,4.759999999999991,False,BREAK_BEFORE_K1,0,0,,,False,,,BREAK_BEFORE_K1,2022-06-12 22:00:00+00:00,
90,01:30,3,2022-06-14,Tuesday,2022-06-13 18:30:00+00:00,2022-06-13 21:30:00+00:00,2022-06-13 21:30:00+00:00,2022-06-14 01:30:00+00:00,231.98,223.04,8.939999999999998,False,BREAK_BEFORE_K1,0,0,,,False,,,BREAK_BEFORE_K1,2022-06-13 22:15:00+00:00,
90,01:30,3,2022-06-15,Wednesday,2022-06-14 18:30:00+00:00,2022-06-14 21:30:00+00:00,2022-06-14 21:30:00+00:00,2022-06-15 01:30:00+00:00,223.83,216.29,7.5400000000000205,False,BREAK_BEFORE_K1,0,0,,,False,,,BREAK_BEFORE_K1,2022-06-14 21:30:00+00:00,
90,01:30,3,2022-06-16,Thursday,2022-06-15 18:30:00+00:00,2022-06-15 21:30:00+00:00,2022-06-15 21:30:00+00:00,2022-06-16 01:30:00+00:00,225.85,206.12,19.72999999999999,True,,1,0,2022-06-15 21:40:00+00:00,2022-06-15 21:45:00+00:00,False,,,BREAK_DURING_K1,2022-06-15 21:45:00+00:00,
90,01:30,3,2022-06-17,Friday,2022-06-16 18:30:00+00:00,2022-06-16 21:30:00+00:00,2022-06-16 21:30:00+00:00,2022-06-17 01:30:00+00:00,217.16,212.19,4.969999999999999,False,BREAK_BEFORE_K1,0,0,,,False,,,BREAK_BEFORE_K1,2022-06-16 22:45:00+00:00,
90,01:30,3,2022-06-18,Saturday,2022-06-17 18:30:00+00:00,2022-06-17 21:30:00+00:00,2022-06-17 21:30:00+00:00,2022-06-18 01:30:00+00:00,217.28,213.65,3.6299999999999955,False,BREAK_BEFORE_K1,0,0,,,False,,,BREAK_BEFORE_K1,2022-06-18 00:10:00+00:00,
90,01:30,3,2022-06-19,Sunday,2022-06-18 18:30:00+00:00,2022-06-18 21:30:00+00:00,2022-06-18 21:30:00+00:00,2022-06-19 01:30:00+00:00,197.79,182.97,14.819999999999993,False,BREAK_BEFORE_K1,0,0,,,False,,,BREAK_BEFORE_K1,2022-06-18 22:25:00+00:00,
90,01:30,3,2022-06-20,Monday,2022-06-19 18:30:00+00:00,2022-06-19 21:30:00+00:00,2022-06-19 21:30:00+00:00,2022-06-20 01:30:00+00:00,216.56,207.16,9.400000000000006,True,,1,0,2022-06-19 22:25:00+00:00,2022-06-19 22:30:00+00:00,True,2022-06-19 22:30:00+00:00,2022-06-19 22:35:00+00:00,NO_H2_BY_END,,
90,01:30,3,2022-06-21,Tuesday,2022-06-20 18:30:00+00:00,2022-06-20 21:30:00+00:00,2022-06-20 21:30:00+00:00,2022-06-21 01:30:00+00:00,216.62,211.7,4.920000000000016,False,BREAK_BEFORE_K1,0,0,,,False,,,BREAK_BEFORE_K1,2022-06-20 23:30:00+00:00,
90,01:30,3,2022-06-22,Wednesday,2022-06-21 18:30:00+00:00,2022-06-21 21:30:00+00:00,2022-06-21 21:30:00+00:00,2022-06-22 01:30:00+00:00,224.8,218.61,6.189999999999998,False,OPPOSITE_VISIT_BEFORE_K1,0,1,,,False,,,OPPOSITE_VISIT_BEFORE_K1,2022-06-21 23:20:00+00:00,
90,01:30,3,2022-06-23,Thursday,2022-06-22 18:30:00+00:00,2022-06-22 21:30:00+00:00,2022-06-22 21:30:00+00:00,2022-06-23 01:30:00+00:00,217.94,212.72,5.219999999999999,True,,1,0,2022-06-23 00:15:00+00:00,2022-06-23 00:20:00+00:00,False,,,BREAK_DURING_K1,2022-06-23 00:20:00+00:00,
90,01:30,3,2022-06-24,Friday,2022-06-23 18:30:00+00:00,2022-06-23 21:30:00+00:00,2022-06-23 21:30:00+00:00,2022-06-24 01:30:00+00:00,230.67,222.42,8.25,True,,1,0,2022-06-24 00:15:00+00:00,2022-06-24 00:20:00+00:00,True,2022-06-24 00:25:00+00:00,2022-06-24 00:30:00+00:00,H2_ARRIVAL,2022-06-24 01:15:00+00:00,50.0
90,01:30,3,2022-06-25,Saturday,2022-06-24 18:30:00+00:00,2022-06-24 21:30:00+00:00,2022-06-24 21:30:00+00:00,2022-06-25 01:30:00+00:00,240.32,235.42,4.900000000000006,False,BREAK_BEFORE_K1,0,0,,,False,,,BREAK_BEFORE_K1,2022-06-24 21:45:00+00:00,
90,01:30,3,2022-06-26,Sunday,2022-06-25 18:30:00+00:00,2022-06-25 21:30:00+00:00,2022-06-25 21:30:00+00:00,2022-06-26 01:30:00+00:00,238.9,233.24,5.659999999999997,False,BREAK_BEFORE_K1,0,0,,,False,,,BREAK_BEFORE_K1,2022-06-25 21:35:00+00:00,
90,01:30,3,2022-06-27,Monday,2022-06-26 18:30:00+00:00,2022-06-26 21:30:00+00:00,2022-06-26 21:30:00+00:00,2022-06-27 01:30:00+00:00,240.0,236.11,3.8899999999999864,False,OPPOSITE_VISIT_BEFORE_K1,0,1,,,False,,,OPPOSITE_VISIT_BEFORE_K1,2022-06-26 22:20:00+00:00,
90,01:30,3,2022-06-28,Tuesday,2022-06-27 18:30:00+00:00,2022-06-27 21:30:00+00:00,2022-06-27 21:30:00+00:00,2022-06-28 01:30:00+00:00,236.76,232.94,3.819999999999993,False,OPPOSITE_VISIT_BEFORE_K1,0,1,,,False,,,OPPOSITE_VISIT_BEFORE_K1,2022-06-27 23:45:00+00:00,
90,01:30,3,2022-06-29,Wednesday,2022-06-28 18:30:00+00:00,2022-06-28 21:30:00+00:00,2022-06-28 21:30:00+00:00,2022-06-29 01:30:00+00:00,234.13,231.13,3.0,False,BREAK_BEFORE_K1,0,0,,,False,,,BREAK_BEFORE_K1,2022-06-28 22:05:00+00:00,
90,01:30,3,2022-06-30,Thursday,2022-06-29 18:30:00+00:00,2022-06-29 21:30:00+00:00,2022-06-29 21:30:00+00:00,2022-06-30 01:30:00+00:00,222.3,217.92,4.380000000000024,True,,1,0,2022-06-29 21:40:00+00:00,2022-06-29 21:45:00+00:00,True,2022-06-29 21:45:00+00:00,2022-06-29 21:50:00+00:00,OPPOSITE_BREAK_BEFORE_H2,2022-06-30 00:40:00+00:00,
90,01:30,3,2022-07-01,Friday,2022-06-30 18:30:00+00:00,2022-06-30 21:30:00+00:00,2022-06-30 21:30:00+00:00,2022-07-01 01:30:00+00:00,213.78,209.62,4.159999999999997,False,BREAK_BEFORE_K1,0,0,,,False,,,BREAK_BEFORE_K1,2022-06-30 22:35:00+00:00,
90,01:30,3,2022-07-02,Saturday,2022-07-01 18:30:00+00:00,2022-07-01 21:30:00+00:00,2022-07-01 21:30:00+00:00,2022-07-02 01:30:00+00:00,220.77,216.18,4.590000000000003,False,BREAK_BEFORE_K1,0,0,,,False,,,BREAK_BEFORE_K1,2022-07-01 23:50:00+00:00,
90,01:30,3,2022-07-03,Sunday,2022-07-02 18:30:00+00:00,2022-07-02 21:30:00+00:00,2022-07-02 21:30:00+00:00,2022-07-03 01:30:00+00:00,219.24,217.1,2.140000000000015,True,,1,0,2022-07-02 21:55:00+00:00,2022-07-02 22:00:00+00:00,False,,,BREAK_DURING_K1,2022-07-02 22:00:00+00:00,
90,01:30,3,2022-07-04,Monday,2022-07-03 18:30:00+00:00,2022-07-03 21:30:00+00:00,2022-07-03 21:30:00+00:00,2022-07-04 01:30:00+00:00,220.2,215.97,4.22999999999999,False,NO_K1,0,0,,,False,,,NO_K1,,
90,01:30,3,2022-07-05,Tuesday,2022-07-04 18:30:00+00:00,2022-07-04 21:30:00+00:00,2022-07-04 21:30:00+00:00,2022-07-05 01:30:00+00:00,228.73,226.59,2.1399999999999864,True,,1,0,2022-07-04 21:50:00+00:00,2022-07-04 21:55:00+00:00,True,2022-07-04 22:00:00+00:00,2022-07-04 22:05:00+00:00,H2_ARRIVAL,2022-07-04 22:20:00+00:00,20.0
90,01:30,3,2022-07-06,Wednesday,2022-07-05 18:30:00+00:00,2022-07-05 21:30:00+00:00,2022-07-05 21:30:00+00:00,2022-07-06 01:30:00+00:00,233.69,226.31,7.3799999999999955,False,BREAK_BEFORE_K1,0,0,,,False,,,BREAK_BEFORE_K1,2022-07-06 00:45:00+00:00,
90,01:30,3,2022-07-07,Thursday,2022-07-06 18:30:00+00:00,2022-07-06 21:30:00+00:00,2022-07-06 21:30:00+00:00,2022-07-07 01:30:00+00:00,239.63,236.91,2.719999999999999,True,,1,0,2022-07-06 22:05:00+00:00,2022-07-06 22:10:00+00:00,True,2022-07-06 22:20:00+00:00,2022-07-06 22:25:00+00:00,H2_ARRIVAL,2022-07-06 23:00:00+00:00,40.0
90,01:30,3,2022-07-08,Friday,2022-07-07 18:30:00+00:00,2022-07-07 21:30:00+00:00,2022-07-07 21:30:00+00:00,2022-07-08 01:30:00+00:00,243.71,240.86,2.8499999999999943,False,OPPOSITE_VISIT_BEFORE_K1,0,1,,,False,,,OPPOSITE_VISIT_BEFORE_K1,2022-07-07 22:25:00+00:00,
90,01:30,3,2022-07-09,Saturday,2022-07-08 18:30:00+00:00,2022-07-08 21:30:00+00:00,2022-07-08 21:30:00+00:00,2022-07-09 01:30:00+00:00,243.6,240.74,2.859999999999985,True,,1,0,2022-07-08 23:25:00+00:00,2022-07-08 23:30:00+00:00,True,2022-07-08 23:30:00+00:00,2022-07-08 23:35:00+00:00,OPPOSITE_BREAK_BEFORE_H2,2022-07-08 23:55:00+00:00,
90,01:30,3,2022-07-10,Sunday,2022-07-09 18:30:00+00:00,2022-07-09 21:30:00+00:00,2022-07-09 21:30:00+00:00,2022-07-10 01:30:00+00:00,244.92,241.87,3.049999999999983,False,BREAK_BEFORE_K1,0,0,,,False,,,BREAK_BEFORE_K1,2022-07-10 00:45:00+00:00,
90,01:30,3,2022-07-11,Monday,2022-07-10 18:30:00+00:00,2022-07-10 21:30:00+00:00,2022-07-10 21:30:00+00:00,2022-07-11 01:30:00+00:00,235.51,232.69,2.819999999999993,False,BREAK_BEFORE_K1,0,0,,,False,,,BREAK_BEFORE_K1,2022-07-10 21:35:00+00:00,
90,01:30,3,2022-07-12,Tuesday,2022-07-11 18:30:00+00:00,2022-07-11 21:30:00+00:00,2022-07-11 21:30:00+00:00,2022-07-12 01:30:00+00:00,233.7,229.82,3.8799999999999955,False,BREAK_BEFORE_K1,0,0,,,False,,,BREAK_BEFORE_K1,2022-07-11 21:30:00+00:00,
90,01:30,3,2022-07-13,Wednesday,2022-07-12 18:30:00+00:00,2022-07-12 21:30:00+00:00,2022-07-12 21:30:00+00:00,2022-07-13 01:30:00+00:00,226.67,221.15,5.519999999999982,False,BREAK_BEFORE_K1,0,0,,,False,,,BREAK_BEFORE_K1,2022-07-12 23:50:00+00:00,
90,01:30,3,2022-07-14,Thursday,2022-07-13 18:30:00+00:00,2022-07-13 21:30:00+00:00,2022-07-13 21:30:00+00:00,2022-07-14 01:30:00+00:00,225.85,224.14,1.710000000000008,False,BREAK_BEFORE_K1,0,0,,,False,,,BREAK_BEFORE_K1,2022-07-13 21:40:00+00:00,
90,01:30,3,2022-07-15,Friday,2022-07-14 18:30:00+00:00,2022-07-14 21:30:00+00:00,2022-07-14 21:30:00+00:00,2022-07-15 01:30:00+00:00,239.94,237.22,2.719999999999999,False,OPPOSITE_VISIT_BEFORE_K1,0,1,,,False,,,OPPOSITE_VISIT_BEFORE_K1,2022-07-14 22:05:00+00:00,
90,01:30,3,2022-07-16,Saturday,2022-07-15 18:30:00+00:00,2022-07-15 21:30:00+00:00,2022-07-15 21:30:00+00:00,2022-07-16 01:30:00+00:00,242.6,237.6,5.0,False,OPPOSITE_VISIT_BEFORE_K1,0,1,,,False,,,OPPOSITE_VISIT_BEFORE_K1,2022-07-16 00:00:00+00:00,
90,01:30,3,2022-07-17,Sunday,2022-07-16 18:30:00+00:00,2022-07-16 21:30:00+00:00,2022-07-16 21:30:00+00:00,2022-07-17 01:30:00+00:00,250.39,246.46,3.9299999999999784,True,,1,0,2022-07-16 22:20:00+00:00,2022-07-16 22:25:00+00:00,True,2022-07-16 22:25:00+00:00,2022-07-16 22:30:00+00:00,H2_ARRIVAL,2022-07-16 22:50:00+00:00,25.0
90,01:30,3,2022-07-18,Monday,2022-07-17 18:30:00+00:00,2022-07-17 21:30:00+00:00,2022-07-17 21:30:00+00:00,2022-07-18 01:30:00+00:00,250.36,247.57,2.7900000000000205,True,,1,0,2022-07-17 21:50:00+00:00,2022-07-17 21:55:00+00:00,True,2022-07-17 22:05:00+00:00,2022-07-17 22:10:00+00:00,H2_ARRIVAL,2022-07-18 01:05:00+00:00,180.0
90,01:30,3,2022-07-19,Tuesday,2022-07-18 18:30:00+00:00,2022-07-18 21:30:00+00:00,2022-07-18 21:30:00+00:00,2022-07-19 01:30:00+00:00,258.2,254.68,3.519999999999982,True,,1,0,2022-07-18 21:30:00+00:00,2022-07-18 21:35:00+00:00,True,2022-07-18 21:35:00+00:00,2022-07-18 21:40:00+00:00,H2_ARRIVAL,2022-07-18 21:40:00+00:00,5.0
90,01:30,3,2022-07-20,Wednesday,2022-07-19 18:30:00+00:00,2022-07-19 21:30:00+00:00,2022-07-19 21:30:00+00:00,2022-07-20 01:30:00+00:00,274.77,269.7,5.069999999999993,False,BREAK_BEFORE_K1,0,0,,,False,,,BREAK_BEFORE_K1,2022-07-19 22:40:00+00:00,
90,01:30,3,2022-07-21,Thursday,2022-07-20 18:30:00+00:00,2022-07-20 21:30:00+00:00,2022-07-20 21:30:00+00:00,2022-07-21 01:30:00+00:00,267.09,256.74,10.349999999999966,False,OPPOSITE_VISIT_BEFORE_K1,0,1,,,False,,,OPPOSITE_VISIT_BEFORE_K1,2022-07-20 23:15:00+00:00,
90,01:30,3,2022-07-22,Friday,2022-07-21 18:30:00+00:00,2022-07-21 21:30:00+00:00,2022-07-21 21:30:00+00:00,2022-07-22 01:30:00+00:00,265.88,260.86,5.019999999999982,False,BREAK_BEFORE_K1,0,0,,,False,,,BREAK_BEFORE_K1,2022-07-22 00:10:00+00:00,
90,01:30,3,2022-07-23,Saturday,2022-07-22 18:30:00+00:00,2022-07-22 21:30:00+00:00,2022-07-22 21:30:00+00:00,2022-07-23 01:30:00+00:00,266.99,261.07,5.920000000000016,False,OPPOSITE_VISIT_BEFORE_K1,0,1,,,False,,,OPPOSITE_VISIT_BEFORE_K1,2022-07-23 00:05:00+00:00,
90,01:30,3,2022-07-24,Sunday,2022-07-23 18:30:00+00:00,2022-07-23 21:30:00+00:00,2022-07-23 21:30:00+00:00,2022-07-24 01:30:00+00:00,256.38,252.56,3.819999999999993,False,BREAK_BEFORE_K1,0,0,,,False,,,BREAK_BEFORE_K1,2022-07-23 22:20:00+00:00,
90,01:30,3,2022-07-25,Monday,2022-07-24 18:30:00+00:00,2022-07-24 21:30:00+00:00,2022-07-24 21:30:00+00:00,2022-07-25 01:30:00+00:00,263.98,261.61,2.3700000000000045,False,BREAK_BEFORE_K1,0,0,,,False,,,BREAK_BEFORE_K1,2022-07-24 21:30:00+00:00,
90,01:30,3,2022-07-26,Tuesday,2022-07-25 18:30:00+00:00,2022-07-25 21:30:00+00:00,2022-07-25 21:30:00+00:00,2022-07-26 01:30:00+00:00,256.05,249.24,6.810000000000002,False,OPPOSITE_VISIT_BEFORE_K1,0,1,,,False,,,OPPOSITE_VISIT_BEFORE_K1,2022-07-25 23:10:00+00:00,
90,01:30,3,2022-07-27,Wednesday,2022-07-26 18:30:00+00:00,2022-07-26 21:30:00+00:00,2022-07-26 21:30:00+00:00,2022-07-27 01:30:00+00:00,246.33,241.39,4.940000000000026,True,,1,0,2022-07-26 22:15:00+00:00,2022-07-26 22:20:00+00:00,False,,,BREAK_DURING_K1,2022-07-26 22:20:00+00:00,
90,01:30,3,2022-07-28,Thursday,2022-07-27 18:30:00+00:00,2022-07-27 21:30:00+00:00,2022-07-27 21:30:00+00:00,2022-07-28 01:30:00+00:00,269.58,262.11,7.46999999999997,True,,1,0,2022-07-27 21:55:00+00:00,2022-07-27 22:00:00+00:00,True,2022-07-27 22:00:00+00:00,2022-07-27 22:05:00+00:00,H2_ARRIVAL,2022-07-27 22:05:00+00:00,5.0
90,01:30,3,2022-07-29,Friday,2022-07-28 18:30:00+00:00,2022-07-28 21:30:00+00:00,2022-07-28 21:30:00+00:00,2022-07-29 01:30:00+00:00,280.93,274.54,6.389999999999986,False,NO_K1,0,0,,,False,,,NO_K1,,
90,01:30,3,2022-07-30,Saturday,2022-07-29 18:30:00+00:00,2022-07-29 21:30:00+00:00,2022-07-29 21:30:00+00:00,2022-07-30 01:30:00+00:00,299.0,294.51,4.490000000000009,False,OPPOSITE_VISIT_BEFORE_K1,0,1,,,False,,,OPPOSITE_VISIT_BEFORE_K1,2022-07-29 21:30:00+00:00,
90,01:30,3,2022-07-31,Sunday,2022-07-30 18:30:00+00:00,2022-07-30 21:30:00+00:00,2022-07-30 21:30:00+00:00,2022-07-31 01:30:00+00:00,297.11,288.16,8.949999999999989,False,BREAK_BEFORE_K1,0,0,,,False,,,BREAK_BEFORE_K1,2022-07-30 22:00:00+00:00,
90,01:30,3,2022-08-01,Monday,2022-07-31 18:30:00+00:00,2022-07-31 21:30:00+00:00,2022-07-31 21:30:00+00:00,2022-08-01 01:30:00+00:00,292.74,287.04,5.699999999999989,False,OPPOSITE_VISIT_BEFORE_K1,0,1,,,False,,,OPPOSITE_VISIT_BEFORE_K1,2022-07-31 21:45:00+00:00,
90,01:30,3,2022-08-02,Tuesday,2022-08-01 18:30:00+00:00,2022-08-01 21:30:00+00:00,2022-08-01 21:30:00+00:00,2022-08-02 01:30:00+00:00,281.98,277.89,4.090000000000032,True,,1,0,2022-08-01 22:40:00+00:00,2022-08-01 22:45:00+00:00,False,,,BREAK_DURING_K1,2022-08-01 22:45:00+00:00,
90,01:30,3,2022-08-03,Wednesday,2022-08-02 18:30:00+00:00,2022-08-02 21:30:00+00:00,2022-08-02 21:30:00+00:00,2022-08-03 01:30:00+00:00,288.45,283.21,5.240000000000009,False,OPPOSITE_VISIT_BEFORE_K1,0,1,,,False,,,OPPOSITE_VISIT_BEFORE_K1,2022-08-02 23:15:00+00:00,
90,01:30,3,2022-08-04,Thursday,2022-08-03 18:30:00+00:00,2022-08-03 21:30:00+00:00,2022-08-03 21:30:00+00:00,2022-08-04 01:30:00+00:00,305.9,300.01,5.889999999999986,False,BREAK_BEFORE_K1,0,0,,,False,,,BREAK_BEFORE_K1,2022-08-03 22:40:00+00:00,
90,01:30,3,2022-08-05,Friday,2022-08-04 18:30:00+00:00,2022-08-04 21:30:00+00:00,2022-08-04 21:30:00+00:00,2022-08-05 01:30:00+00:00,312.69,303.24,9.449999999999989,True,,1,0,2022-08-04 22:40:00+00:00,2022-08-04 22:45:00+00:00,True,2022-08-04 22:50:00+00:00,2022-08-04 22:55:00+00:00,NO_H2_BY_END,,
90,01:30,3,2022-08-06,Saturday,2022-08-05 18:30:00+00:00,2022-08-05 21:30:00+00:00,2022-08-05 21:30:00+00:00,2022-08-06 01:30:00+00:00,316.51,311.67,4.839999999999975,True,,1,0,2022-08-05 22:10:00+00:00,2022-08-05 22:15:00+00:00,True,2022-08-05 22:20:00+00:00,2022-08-05 22:25:00+00:00,H2_ARRIVAL,2022-08-05 22:45:00+00:00,25.0
90,01:30,3,2022-08-07,Sunday,2022-08-06 18:30:00+00:00,2022-08-06 21:30:00+00:00,2022-08-06 21:30:00+00:00,2022-08-07 01:30:00+00:00,321.99,317.56,4.430000000000007,False,BREAK_BEFORE_K1,0,0,,,False,,,BREAK_BEFORE_K1,2022-08-06 22:30:00+00:00,
90,01:30,3,2022-08-08,Monday,2022-08-07 18:30:00+00:00,2022-08-07 21:30:00+00:00,2022-08-07 21:30:00+00:00,2022-08-08 01:30:00+00:00,324.28,321.44,2.839999999999975,False,BREAK_BEFORE_K1,0,0,,,False,,,BREAK_BEFORE_K1,2022-08-07 22:15:00+00:00,
90,01:30,3,2022-08-09,Tuesday,2022-08-08 18:30:00+00:00,2022-08-08 21:30:00+00:00,2022-08-08 21:30:00+00:00,2022-08-09 01:30:00+00:00,329.64,323.6,6.039999999999964,False,BREAK_BEFORE_K1,0,0,,,False,,,BREAK_BEFORE_K1,2022-08-08 21:30:00+00:00,
90,01:30,3,2022-08-10,Wednesday,2022-08-09 18:30:00+00:00,2022-08-09 21:30:00+00:00,2022-08-09 21:30:00+00:00,2022-08-10 01:30:00+00:00,324.99,318.68,6.310000000000002,False,BREAK_BEFORE_K1,0,0,,,False,,,BREAK_BEFORE_K1,2022-08-09 21:45:00+00:00,
90,01:30,3,2022-08-11,Thursday,2022-08-10 18:30:00+00:00,2022-08-10 21:30:00+00:00,2022-08-10 21:30:00+00:00,2022-08-11 01:30:00+00:00,330.42,325.79,4.6299999999999955,True,,1,0,2022-08-10 21:30:00+00:00,2022-08-10 21:35:00+00:00,True,2022-08-10 21:35:00+00:00,2022-08-10 21:40:00+00:00,H2_ARRIVAL,2022-08-11 00:20:00+00:00,165.0
90,01:30,3,2022-08-12,Friday,2022-08-11 18:30:00+00:00,2022-08-11 21:30:00+00:00,2022-08-11 21:30:00+00:00,2022-08-12 01:30:00+00:00,327.42,323.88,3.5400000000000205,False,BREAK_BEFORE_K1,0,0,,,False,,,BREAK_BEFORE_K1,2022-08-11 22:50:00+00:00,
90,01:30,3,2022-08-13,Saturday,2022-08-12 18:30:00+00:00,2022-08-12 21:30:00+00:00,2022-08-12 21:30:00+00:00,2022-08-13 01:30:00+00:00,326.0,322.87,3.1299999999999955,False,BREAK_BEFORE_K1,0,0,,,False,,,BREAK_BEFORE_K1,2022-08-12 23:15:00+00:00,
90,01:30,3,2022-08-14,Sunday,2022-08-13 18:30:00+00:00,2022-08-13 21:30:00+00:00,2022-08-13 21:30:00+00:00,2022-08-14 01:30:00+00:00,326.85,323.0,3.8500000000000227,False,OPPOSITE_VISIT_BEFORE_K1,0,1,,,False,,,OPPOSITE_VISIT_BEFORE_K1,2022-08-13 23:00:00+00:00,
90,01:30,3,2022-08-15,Monday,2022-08-14 18:30:00+00:00,2022-08-14 21:30:00+00:00,2022-08-14 21:30:00+00:00,2022-08-15 01:30:00+00:00,320.19,318.24,1.9499999999999886,True,,1,0,2022-08-14 21:30:00+00:00,2022-08-14 21:35:00+00:00,True,2022-08-14 21:40:00+00:00,2022-08-14 21:45:00+00:00,OPPOSITE_BREAK_BEFORE_H2,2022-08-14 22:00:00+00:00,
90,01:30,3,2022-08-16,Tuesday,2022-08-15 18:30:00+00:00,2022-08-15 21:30:00+00:00,2022-08-15 21:30:00+00:00,2022-08-16 01:30:00+00:00,319.91,316.64,3.2700000000000387,False,BREAK_BEFORE_K1,0,0,,,False,,,BREAK_BEFORE_K1,2022-08-15 22:15:00+00:00,
90,01:30,3,2022-08-17,Wednesday,2022-08-16 18:30:00+00:00,2022-08-16 21:30:00+00:00,2022-08-16 21:30:00+00:00,2022-08-17 01:30:00+00:00,317.58,311.69,5.889999999999986,False,BREAK_BEFORE_K1,0,0,,,False,,,BREAK_BEFORE_K1,2022-08-17 00:35:00+00:00,
90,01:30,3,2022-08-18,Thursday,2022-08-17 18:30:00+00:00,2022-08-17 21:30:00+00:00,2022-08-17 21:30:00+00:00,2022-08-18 01:30:00+00:00,311.45,303.5,7.949999999999989,False,BREAK_BEFORE_K1,0,0,,,False,,,BREAK_BEFORE_K1,2022-08-18 00:25:00+00:00,
90,01:30,3,2022-08-19,Friday,2022-08-18 18:30:00+00:00,2022-08-18 21:30:00+00:00,2022-08-18 21:30:00+00:00,2022-08-19 01:30:00+00:00,304.8,301.56,3.240000000000009,False,BREAK_BEFORE_K1,0,0,,,False,,,BREAK_BEFORE_K1,2022-08-18 23:10:00+00:00,
90,01:30,3,2022-08-20,Saturday,2022-08-19 18:30:00+00:00,2022-08-19 21:30:00+00:00,2022-08-19 21:30:00+00:00,2022-08-20 01:30:00+00:00,287.83,282.95,4.8799999999999955,False,OPPOSITE_VISIT_BEFORE_K1,0,1,,,False,,,OPPOSITE_VISIT_BEFORE_K1,2022-08-19 21:30:00+00:00,
90,01:30,3,2022-08-21,Sunday,2022-08-20 18:30:00+00:00,2022-08-20 21:30:00+00:00,2022-08-20 21:30:00+00:00,2022-08-21 01:30:00+00:00,283.33,276.55,6.779999999999973,False,BREAK_BEFORE_K1,0,0,,,False,,,BREAK_BEFORE_K1,2022-08-20 22:05:00+00:00,
90,01:30,3,2022-08-22,Monday,2022-08-21 18:30:00+00:00,2022-08-21 21:30:00+00:00,2022-08-21 21:30:00+00:00,2022-08-22 01:30:00+00:00,304.31,296.82,7.490000000000009,False,OPPOSITE_VISIT_BEFORE_K1,0,1,,,False,,,OPPOSITE_VISIT_BEFORE_K1,2022-08-21 22:05:00+00:00,
90,01:30,3,2022-08-23,Tuesday,2022-08-22 18:30:00+00:00,2022-08-22 21:30:00+00:00,2022-08-22 21:30:00+00:00,2022-08-23 01:30:00+00:00,299.5,292.84,6.660000000000025,True,,1,0,2022-08-22 22:10:00+00:00,2022-08-22 22:15:00+00:00,False,,,BREAK_DURING_K1,2022-08-22 22:15:00+00:00,
90,01:30,3,2022-08-24,Wednesday,2022-08-23 18:30:00+00:00,2022-08-23 21:30:00+00:00,2022-08-23 21:30:00+00:00,2022-08-24 01:30:00+00:00,299.5,297.01,2.490000000000009,True,,1,0,2022-08-23 22:05:00+00:00,2022-08-23 22:10:00+00:00,True,2022-08-23 22:10:00+00:00,2022-08-23 22:15:00+00:00,H2_ARRIVAL,2022-08-23 22:30:00+00:00,20.0
90,01:30,3,2022-08-25,Thursday,2022-08-24 18:30:00+00:00,2022-08-24 21:30:00+00:00,2022-08-24 21:30:00+00:00,2022-08-25 01:30:00+00:00,300.17,297.73,2.4399999999999977,False,BREAK_BEFORE_K1,0,0,,,False,,,BREAK_BEFORE_K1,2022-08-24 21:55:00+00:00,
90,01:30,3,2022-08-26,Friday,2022-08-25 18:30:00+00:00,2022-08-25 21:30:00+00:00,2022-08-25 21:30:00+00:00,2022-08-26 01:30:00+00:00,303.78,300.4,3.3799999999999955,False,OPPOSITE_VISIT_BEFORE_K1,0,1,,,False,,,OPPOSITE_VISIT_BEFORE_K1,2022-08-25 23:00:00+00:00,
90,01:30,3,2022-08-27,Saturday,2022-08-26 18:30:00+00:00,2022-08-26 21:30:00+00:00,2022-08-26 21:30:00+00:00,2022-08-27 01:30:00+00:00,286.23,282.58,3.650000000000034,False,BREAK_BEFORE_K1,0,0,,,False,,,BREAK_BEFORE_K1,2022-08-26 22:35:00+00:00,
90,01:30,3,2022-08-28,Sunday,2022-08-27 18:30:00+00:00,2022-08-27 21:30:00+00:00,2022-08-27 21:30:00+00:00,2022-08-28 01:30:00+00:00,278.31,276.31,2.0,False,BREAK_BEFORE_K1,0,0,,,False,,,BREAK_BEFORE_K1,2022-08-27 21:50:00+00:00,
90,01:30,3,2022-08-29,Monday,2022-08-28 18:30:00+00:00,2022-08-28 21:30:00+00:00,2022-08-28 21:30:00+00:00,2022-08-29 01:30:00+00:00,282.94,280.83,2.1100000000000136,False,OPPOSITE_VISIT_BEFORE_K1,0,1,,,False,,,OPPOSITE_VISIT_BEFORE_K1,2022-08-28 21:45:00+00:00,
90,01:30,3,2022-08-30,Tuesday,2022-08-29 18:30:00+00:00,2022-08-29 21:30:00+00:00,2022-08-29 21:30:00+00:00,2022-08-30 01:30:00+00:00,283.21,279.85,3.359999999999957,True,,1,0,2022-08-29 21:30:00+00:00,2022-08-29 21:35:00+00:00,False,,,BREAK_DURING_K1,2022-08-29 21:40:00+00:00,
90,01:30,3,2022-08-31,Wednesday,2022-08-30 18:30:00+00:00,2022-08-30 21:30:00+00:00,2022-08-30 21:30:00+00:00,2022-08-31 01:30:00+00:00,284.58,277.9,6.680000000000007,True,,1,0,2022-08-31 00:25:00+00:00,2022-08-31 00:30:00+00:00,True,2022-08-31 00:35:00+00:00,2022-08-31 00:40:00+00:00,NO_H2_BY_END,,
90,01:30,3,2022-09-01,Thursday,2022-08-31 18:30:00+00:00,2022-08-31 21:30:00+00:00,2022-08-31 21:30:00+00:00,2022-09-01 01:30:00+00:00,283.3,278.82,4.480000000000018,False,BREAK_BEFORE_K1,0,0,,,False,,,BREAK_BEFORE_K1,2022-08-31 23:05:00+00:00,
90,01:30,3,2022-09-02,Friday,2022-09-01 18:30:00+00:00,2022-09-01 21:30:00+00:00,2022-09-01 21:30:00+00:00,2022-09-02 01:30:00+00:00,278.47,273.99,4.480000000000018,True,,1,0,2022-09-01 22:05:00+00:00,2022-09-01 22:10:00+00:00,True,2022-09-01 22:10:00+00:00,2022-09-01 22:15:00+00:00,H2_ARRIVAL,2022-09-01 23:35:00+00:00,85.0
90,01:30,3,2022-09-03,Saturday,2022-09-02 18:30:00+00:00,2022-09-02 21:30:00+00:00,2022-09-02 21:30:00+00:00,2022-09-03 01:30:00+00:00,277.73,273.33,4.400000000000034,True,,1,0,2022-09-02 22:55:00+00:00,2022-09-02 23:00:00+00:00,True,2022-09-02 23:00:00+00:00,2022-09-02 23:05:00+00:00,H2_ARRIVAL,2022-09-03 00:20:00+00:00,80.0
90,01:30,3,2022-09-04,Sunday,2022-09-03 18:30:00+00:00,2022-09-03 21:30:00+00:00,2022-09-03 21:30:00+00:00,2022-09-04 01:30:00+00:00,277.99,275.28,2.7100000000000364,False,BREAK_BEFORE_K1,0,0,,,False,,,BREAK_BEFORE_K1,2022-09-04 00:25:00+00:00,
90,01:30,3,2022-09-05,Monday,2022-09-04 18:30:00+00:00,2022-09-04 21:30:00+00:00,2022-09-04 21:30:00+00:00,2022-09-05 01:30:00+00:00,279.22,277.15,2.07000000000005,False,OPPOSITE_VISIT_BEFORE_K1,0,1,,,False,,,OPPOSITE_VISIT_BEFORE_K1,2022-09-04 21:50:00+00:00,
90,01:30,3,2022-09-06,Tuesday,2022-09-05 18:30:00+00:00,2022-09-05 21:30:00+00:00,2022-09-05 21:30:00+00:00,2022-09-06 01:30:00+00:00,275.73,273.42,2.3100000000000023,False,BREAK_BEFORE_K1,0,0,,,False,,,BREAK_BEFORE_K1,2022-09-05 22:30:00+00:00,
90,01:30,3,2022-09-07,Wednesday,2022-09-06 18:30:00+00:00,2022-09-06 21:30:00+00:00,2022-09-06 21:30:00+00:00,2022-09-07 01:30:00+00:00,267.09,260.44,6.649999999999977,False,OPPOSITE_VISIT_BEFORE_K1,0,1,,,False,,,OPPOSITE_VISIT_BEFORE_K1,2022-09-06 23:55:00+00:00,
90,01:30,3,2022-09-08,Thursday,2022-09-07 18:30:00+00:00,2022-09-07 21:30:00+00:00,2022-09-07 21:30:00+00:00,2022-09-08 01:30:00+00:00,280.68,268.57,12.110000000000014,False,NO_K1,0,0,,,False,,,NO_K1,,
90,01:30,3,2022-09-09,Friday,2022-09-08 18:30:00+00:00,2022-09-08 21:30:00+00:00,2022-09-08 21:30:00+00:00,2022-09-09 01:30:00+00:00,281.94,279.2,2.740000000000009,True,,1,0,2022-09-09 01:15:00+00:00,2022-09-09 01:20:00+00:00,True,2022-09-09 01:20:00+00:00,2022-09-09 01:25:00+00:00,NO_H2_BY_END,,
90,01:30,3,2022-09-10,Saturday,2022-09-09 18:30:00+00:00,2022-09-09 21:30:00+00:00,2022-09-09 21:30:00+00:00,2022-09-10 01:30:00+00:00,291.9,289.5,2.3999999999999773,False,OPPOSITE_VISIT_BEFORE_K1,0,1,,,False,,,OPPOSITE_VISIT_BEFORE_K1,2022-09-09 22:00:00+00:00,
90,01:30,3,2022-09-11,Sunday,2022-09-10 18:30:00+00:00,2022-09-10 21:30:00+00:00,2022-09-10 21:30:00+00:00,2022-09-11 01:30:00+00:00,294.94,292.55,2.3899999999999864,False,BREAK_BEFORE_K1,0,0,,,False,,,BREAK_BEFORE_K1,2022-09-10 21:45:00+00:00,
90,01:30,3,2022-09-12,Monday,2022-09-11 18:30:00+00:00,2022-09-11 21:30:00+00:00,2022-09-11 21:30:00+00:00,2022-09-12 01:30:00+00:00,295.33,292.8,2.5299999999999727,False,BREAK_BEFORE_K1,0,0,,,False,,,BREAK_BEFORE_K1,2022-09-11 21:50:00+00:00,
90,01:30,3,2022-09-13,Tuesday,2022-09-12 18:30:00+00:00,2022-09-12 21:30:00+00:00,2022-09-12 21:30:00+00:00,2022-09-13 01:30:00+00:00,294.77,291.74,3.0299999999999727,False,BREAK_BEFORE_K1,0,0,,,False,,,BREAK_BEFORE_K1,2022-09-12 22:20:00+00:00,
90,01:30,3,2022-09-14,Wednesday,2022-09-13 18:30:00+00:00,2022-09-13 21:30:00+00:00,2022-09-13 21:30:00+00:00,2022-09-14 01:30:00+00:00,282.6,277.98,4.6200000000000045,False,BREAK_BEFORE_K1,0,0,,,False,,,BREAK_BEFORE_K1,2022-09-13 21:35:00+00:00,
90,01:30,3,2022-09-15,Thursday,2022-09-14 18:30:00+00:00,2022-09-14 21:30:00+00:00,2022-09-14 21:30:00+00:00,2022-09-15 01:30:00+00:00,278.23,275.39,2.840000000000032,True,,1,0,2022-09-14 21:35:00+00:00,2022-09-14 21:40:00+00:00,True,2022-09-14 21:40:00+00:00,2022-09-14 21:45:00+00:00,H2_ARRIVAL,2022-09-14 21:45:00+00:00,5.0
90,01:30,3,2022-09-16,Friday,2022-09-15 18:30:00+00:00,2022-09-15 21:30:00+00:00,2022-09-15 21:30:00+00:00,2022-09-16 01:30:00+00:00,272.57,269.95,2.6200000000000045,False,BREAK_BEFORE_K1,0,0,,,False,,,BREAK_BEFORE_K1,2022-09-15 22:35:00+00:00,
90,01:30,3,2022-09-17,Saturday,2022-09-16 18:30:00+00:00,2022-09-16 21:30:00+00:00,2022-09-16 21:30:00+00:00,2022-09-17 01:30:00+00:00,274.23,272.04,2.1899999999999977,True,,1,0,2022-09-16 21:35:00+00:00,2022-09-16 21:40:00+00:00,True,2022-09-16 21:40:00+00:00,2022-09-16 21:45:00+00:00,H2_ARRIVAL,2022-09-16 22:25:00+00:00,45.0
90,01:30,3,2022-09-18,Sunday,2022-09-17 18:30:00+00:00,2022-09-17 21:30:00+00:00,2022-09-17 21:30:00+00:00,2022-09-18 01:30:00+00:00,279.38,277.35,2.0299999999999727,True,,1,0,2022-09-17 23:35:00+00:00,2022-09-17 23:40:00+00:00,True,2022-09-17 23:50:00+00:00,2022-09-17 23:55:00+00:00,OPPOSITE_BREAK_BEFORE_H2,2022-09-18 00:15:00+00:00,
90,01:30,3,2022-09-19,Monday,2022-09-18 18:30:00+00:00,2022-09-18 21:30:00+00:00,2022-09-18 21:30:00+00:00,2022-09-19 01:30:00+00:00,273.38,262.13,11.25,False,NO_K1,0,0,,,False,,,NO_K1,,
90,01:30,3,2022-09-20,Tuesday,2022-09-19 18:30:00+00:00,2022-09-19 21:30:00+00:00,2022-09-19 21:30:00+00:00,2022-09-20 01:30:00+00:00,270.94,265.21,5.730000000000018,False,BREAK_BEFORE_K1,0,0,,,False,,,BREAK_BEFORE_K1,2022-09-19 22:55:00+00:00,
90,01:30,3,2022-09-21,Wednesday,2022-09-20 18:30:00+00:00,2022-09-20 21:30:00+00:00,2022-09-20 21:30:00+00:00,2022-09-21 01:30:00+00:00,268.87,266.2,2.670000000000016,False,OPPOSITE_VISIT_BEFORE_K1,0,1,,,False,,,OPPOSITE_VISIT_BEFORE_K1,2022-09-20 21:50:00+00:00,
90,01:30,3,2022-09-22,Thursday,2022-09-21 18:30:00+00:00,2022-09-21 21:30:00+00:00,2022-09-21 21:30:00+00:00,2022-09-22 01:30:00+00:00,276.47,262.5,13.970000000000027,False,OPPOSITE_VISIT_BEFORE_K1,0,1,,,False,,,OPPOSITE_VISIT_BEFORE_K1,2022-09-21 21:30:00+00:00,
90,01:30,3,2022-09-23,Friday,2022-09-22 18:30:00+00:00,2022-09-22 21:30:00+00:00,2022-09-22 21:30:00+00:00,2022-09-23 01:30:00+00:00,275.55,270.06,5.490000000000009,True,,1,0,2022-09-22 22:35:00+00:00,2022-09-22 22:40:00+00:00,True,2022-09-22 22:40:00+00:00,2022-09-22 22:45:00+00:00,H2_ARRIVAL,2022-09-22 23:05:00+00:00,25.0
90,01:30,3,2022-09-24,Saturday,2022-09-23 18:30:00+00:00,2022-09-23 21:30:00+00:00,2022-09-23 21:30:00+00:00,2022-09-24 01:30:00+00:00,274.8,268.1,6.699999999999989,True,,1,0,2022-09-23 21:50:00+00:00,2022-09-23 21:55:00+00:00,False,,,BREAK_DURING_K1,2022-09-23 21:55:00+00:00,
90,01:30,3,2022-09-25,Sunday,2022-09-24 18:30:00+00:00,2022-09-24 21:30:00+00:00,2022-09-24 21:30:00+00:00,2022-09-25 01:30:00+00:00,278.36,275.0,3.3600000000000136,False,BREAK_BEFORE_K1,0,0,,,False,,,BREAK_BEFORE_K1,2022-09-24 23:30:00+00:00,
90,01:30,3,2022-09-26,Monday,2022-09-25 18:30:00+00:00,2022-09-25 21:30:00+00:00,2022-09-25 21:30:00+00:00,2022-09-26 01:30:00+00:00,275.96,273.7,2.259999999999991,False,BREAK_BEFORE_K1,0,0,,,False,,,BREAK_BEFORE_K1,2022-09-25 21:30:00+00:00,
90,01:30,3,2022-09-27,Tuesday,2022-09-26 18:30:00+00:00,2022-09-26 21:30:00+00:00,2022-09-26 21:30:00+00:00,2022-09-27 01:30:00+00:00,275.76,273.55,2.2099999999999795,True,,1,0,2022-09-26 23:35:00+00:00,2022-09-26 23:40:00+00:00,True,2022-09-26 23:40:00+00:00,2022-09-26 23:45:00+00:00,H2_ARRIVAL,2022-09-26 23:50:00+00:00,10.0
90,01:30,3,2022-09-28,Wednesday,2022-09-27 18:30:00+00:00,2022-09-27 21:30:00+00:00,2022-09-27 21:30:00+00:00,2022-09-28 01:30:00+00:00,272.33,270.14,2.1899999999999977,False,BREAK_BEFORE_K1,0,0,,,False,,,BREAK_BEFORE_K1,2022-09-27 22:15:00+00:00,
90,01:30,3,2022-09-29,Thursday,2022-09-28 18:30:00+00:00,2022-09-28 21:30:00+00:00,2022-09-28 21:30:00+00:00,2022-09-29 01:30:00+00:00,283.68,278.41,5.269999999999982,False,NO_K1,0,0,,,False,,,NO_K1,,
90,01:30,3,2022-09-30,Friday,2022-09-29 18:30:00+00:00,2022-09-29 21:30:00+00:00,2022-09-29 21:30:00+00:00,2022-09-30 01:30:00+00:00,283.78,281.39,2.3899999999999864,True,,1,0,2022-09-29 22:10:00+00:00,2022-09-29 22:15:00+00:00,True,2022-09-29 22:15:00+00:00,2022-09-29 22:20:00+00:00,H2_ARRIVAL,2022-09-29 23:40:00+00:00,85.0
90,01:30,3,2022-10-01,Saturday,2022-09-30 18:30:00+00:00,2022-09-30 21:30:00+00:00,2022-09-30 21:30:00+00:00,2022-10-01 01:30:00+00:00,286.75,280.72,6.029999999999973,False,OPPOSITE_VISIT_BEFORE_K1,0,1,,,False,,,OPPOSITE_VISIT_BEFORE_K1,2022-09-30 22:00:00+00:00,
90,01:30,3,2022-10-02,Sunday,2022-10-01 18:30:00+00:00,2022-10-01 21:30:00+00:00,2022-10-01 21:30:00+00:00,2022-10-02 01:30:00+00:00,284.37,278.07,6.300000000000011,False,NO_K1,0,0,,,False,,,NO_K1,,
90,01:30,3,2022-10-03,Monday,2022-10-02 18:30:00+00:00,2022-10-02 21:30:00+00:00,2022-10-02 21:30:00+00:00,2022-10-03 01:30:00+00:00,287.13,283.33,3.8000000000000114,True,,1,0,2022-10-02 22:20:00+00:00,2022-10-02 22:25:00+00:00,True,2022-10-02 22:30:00+00:00,2022-10-02 22:35:00+00:00,OPPOSITE_BREAK_BEFORE_H2,2022-10-02 23:30:00+00:00,
90,01:30,3,2022-10-04,Tuesday,2022-10-03 18:30:00+00:00,2022-10-03 21:30:00+00:00,2022-10-03 21:30:00+00:00,2022-10-04 01:30:00+00:00,287.92,285.54,2.3799999999999955,False,OPPOSITE_VISIT_BEFORE_K1,0,1,,,False,,,OPPOSITE_VISIT_BEFORE_K1,2022-10-03 21:50:00+00:00,
90,01:30,3,2022-10-05,Wednesday,2022-10-04 18:30:00+00:00,2022-10-04 21:30:00+00:00,2022-10-04 21:30:00+00:00,2022-10-05 01:30:00+00:00,298.35,294.66,3.6899999999999977,False,BREAK_BEFORE_K1,0,0,,,False,,,BREAK_BEFORE_K1,2022-10-04 22:00:00+00:00,
90,01:30,3,2022-10-06,Thursday,2022-10-05 18:30:00+00:00,2022-10-05 21:30:00+00:00,2022-10-05 21:30:00+00:00,2022-10-06 01:30:00+00:00,294.77,292.06,2.7099999999999795,True,,1,0,2022-10-06 00:10:00+00:00,2022-10-06 00:15:00+00:00,True,2022-10-06 00:20:00+00:00,2022-10-06 00:25:00+00:00,H2_ARRIVAL,2022-10-06 00:30:00+00:00,10.0
90,01:30,3,2022-10-07,Friday,2022-10-06 18:30:00+00:00,2022-10-06 21:30:00+00:00,2022-10-06 21:30:00+00:00,2022-10-07 01:30:00+00:00,293.25,283.15,10.100000000000023,False,BREAK_BEFORE_K1,0,0,,,False,,,BREAK_BEFORE_K1,2022-10-06 21:40:00+00:00,
90,01:30,3,2022-10-08,Saturday,2022-10-07 18:30:00+00:00,2022-10-07 21:30:00+00:00,2022-10-07 21:30:00+00:00,2022-10-08 01:30:00+00:00,283.61,280.8,2.8100000000000023,False,NO_K1,0,0,,,False,,,NO_K1,,
90,01:30,3,2022-10-09,Sunday,2022-10-08 18:30:00+00:00,2022-10-08 21:30:00+00:00,2022-10-08 21:30:00+00:00,2022-10-09 01:30:00+00:00,281.76,276.93,4.829999999999984,False,OPPOSITE_VISIT_BEFORE_K1,0,1,,,False,,,OPPOSITE_VISIT_BEFORE_K1,2022-10-08 21:40:00+00:00,
90,01:30,3,2022-10-10,Monday,2022-10-09 18:30:00+00:00,2022-10-09 21:30:00+00:00,2022-10-09 21:30:00+00:00,2022-10-10 01:30:00+00:00,278.76,276.59,2.170000000000016,False,BREAK_BEFORE_K1,0,0,,,False,,,BREAK_BEFORE_K1,2022-10-10 01:00:00+00:00,
90,01:30,3,2022-10-11,Tuesday,2022-10-10 18:30:00+00:00,2022-10-10 21:30:00+00:00,2022-10-10 21:30:00+00:00,2022-10-11 01:30:00+00:00,275.35,273.7,1.650000000000034,True,,1,0,2022-10-10 21:30:00+00:00,2022-10-10 21:35:00+00:00,True,2022-10-10 21:40:00+00:00,2022-10-10 21:45:00+00:00,OPPOSITE_BREAK_BEFORE_H2,2022-10-10 22:05:00+00:00,
90,01:30,3,2022-10-12,Wednesday,2022-10-11 18:30:00+00:00,2022-10-11 21:30:00+00:00,2022-10-11 21:30:00+00:00,2022-10-12 01:30:00+00:00,272.34,269.1,3.2399999999999523,True,,1,0,2022-10-12 00:15:00+00:00,2022-10-12 00:20:00+00:00,True,2022-10-12 00:20:00+00:00,2022-10-12 00:25:00+00:00,H2_ARRIVAL,2022-10-12 00:40:00+00:00,20.0
90,01:30,3,2022-10-13,Thursday,2022-10-12 18:30:00+00:00,2022-10-12 21:30:00+00:00,2022-10-12 21:30:00+00:00,2022-10-13 01:30:00+00:00,271.88,270.49,1.3899999999999864,False,BREAK_BEFORE_K1,0,0,,,False,,,BREAK_BEFORE_K1,2022-10-13 01:00:00+00:00,
90,01:30,3,2022-10-14,Friday,2022-10-13 18:30:00+00:00,2022-10-13 21:30:00+00:00,2022-10-13 21:30:00+00:00,2022-10-14 01:30:00+00:00,273.66,269.58,4.080000000000041,True,,1,0,2022-10-14 01:20:00+00:00,2022-10-14 01:25:00+00:00,False,,,BREAK_DURING_K1,2022-10-14 01:25:00+00:00,
90,01:30,3,2022-10-15,Saturday,2022-10-14 18:30:00+00:00,2022-10-14 21:30:00+00:00,2022-10-14 21:30:00+00:00,2022-10-15 01:30:00+00:00,270.41,268.17,2.240000000000009,False,OPPOSITE_VISIT_BEFORE_K1,0,1,,,False,,,OPPOSITE_VISIT_BEFORE_K1,2022-10-14 21:55:00+00:00,
90,01:30,3,2022-10-16,Sunday,2022-10-15 18:30:00+00:00,2022-10-15 21:30:00+00:00,2022-10-15 21:30:00+00:00,2022-10-16 01:30:00+00:00,270.04,268.43,1.6100000000000136,False,BREAK_BEFORE_K1,0,0,,,False,,,BREAK_BEFORE_K1,2022-10-15 21:55:00+00:00,
90,01:30,3,2022-10-17,Monday,2022-10-16 18:30:00+00:00,2022-10-16 21:30:00+00:00,2022-10-16 21:30:00+00:00,2022-10-17 01:30:00+00:00,273.74,269.88,3.8600000000000136,False,NO_K1,0,0,,,False,,,NO_K1,,
90,01:30,3,2022-10-18,Tuesday,2022-10-17 18:30:00+00:00,2022-10-17 21:30:00+00:00,2022-10-17 21:30:00+00:00,2022-10-18 01:30:00+00:00,275.12,274.36,0.7599999999999909,True,,1,0,2022-10-17 21:40:00+00:00,2022-10-17 21:45:00+00:00,True,2022-10-17 21:50:00+00:00,2022-10-17 21:55:00+00:00,H2_ARRIVAL,2022-10-17 22:00:00+00:00,10.0
90,01:30,3,2022-10-19,Wednesday,2022-10-18 18:30:00+00:00,2022-10-18 21:30:00+00:00,2022-10-18 21:30:00+00:00,2022-10-19 01:30:00+00:00,273.98,270.12,3.8600000000000136,False,NO_K1,0,0,,,False,,,NO_K1,,
90,01:30,3,2022-10-20,Thursday,2022-10-19 18:30:00+00:00,2022-10-19 21:30:00+00:00,2022-10-19 21:30:00+00:00,2022-10-20 01:30:00+00:00,273.87,272.27,1.6000000000000227,False,OPPOSITE_VISIT_BEFORE_K1,0,1,,,False,,,OPPOSITE_VISIT_BEFORE_K1,2022-10-19 22:30:00+00:00,
90,01:30,3,2022-10-21,Friday,2022-10-20 18:30:00+00:00,2022-10-20 21:30:00+00:00,2022-10-20 21:30:00+00:00,2022-10-21 01:30:00+00:00,269.42,267.1,2.319999999999993,False,BREAK_BEFORE_K1,0,0,,,False,,,BREAK_BEFORE_K1,2022-10-21 00:20:00+00:00,
90,01:30,3,2022-10-22,Saturday,2022-10-21 18:30:00+00:00,2022-10-21 21:30:00+00:00,2022-10-21 21:30:00+00:00,2022-10-22 01:30:00+00:00,271.0,269.0,2.0,False,BREAK_BEFORE_K1,0,0,,,False,,,BREAK_BEFORE_K1,2022-10-21 21:40:00+00:00,
90,01:30,3,2022-10-23,Sunday,2022-10-22 18:30:00+00:00,2022-10-22 21:30:00+00:00,2022-10-22 21:30:00+00:00,2022-10-23 01:30:00+00:00,271.06,269.51,1.5500000000000114,False,NO_K1,0,0,,,False,,,NO_K1,,
90,01:30,3,2022-10-24,Monday,2022-10-23 18:30:00+00:00,2022-10-23 21:30:00+00:00,2022-10-23 21:30:00+00:00,2022-10-24 01:30:00+00:00,274.5,272.65,1.8500000000000227,False,BREAK_BEFORE_K1,0,0,,,False,,,BREAK_BEFORE_K1,2022-10-23 21:45:00+00:00,
90,01:30,3,2022-10-25,Tuesday,2022-10-24 18:30:00+00:00,2022-10-24 21:30:00+00:00,2022-10-24 21:30:00+00:00,2022-10-25 01:30:00+00:00,274.23,272.87,1.3600000000000136,False,OPPOSITE_VISIT_BEFORE_K1,0,1,,,False,,,OPPOSITE_VISIT_BEFORE_K1,2022-10-24 21:30:00+00:00,
90,01:30,3,2022-10-26,Wednesday,2022-10-25 18:30:00+00:00,2022-10-25 21:30:00+00:00,2022-10-25 21:30:00+00:00,2022-10-26 01:30:00+00:00,289.75,285.4,4.350000000000023,False,BREAK_BEFORE_K1,0,0,,,False,,,BREAK_BEFORE_K1,2022-10-25 22:10:00+00:00,
90,01:30,3,2022-10-27,Thursday,2022-10-26 18:30:00+00:00,2022-10-26 21:30:00+00:00,2022-10-26 21:30:00+00:00,2022-10-27 01:30:00+00:00,291.87,288.71,3.160000000000025,True,,1,0,2022-10-26 23:10:00+00:00,2022-10-26 23:15:00+00:00,True,2022-10-26 23:15:00+00:00,2022-10-26 23:20:00+00:00,H2_ARRIVAL,2022-10-27 00:15:00+00:00,60.0
90,01:30,3,2022-10-28,Friday,2022-10-27 18:30:00+00:00,2022-10-27 21:30:00+00:00,2022-10-27 21:30:00+00:00,2022-10-28 01:30:00+00:00,289.02,284.42,4.599999999999966,False,NO_K1,0,0,,,False,,,NO_K1,,
90,01:30,3,2022-10-29,Saturday,2022-10-28 18:30:00+00:00,2022-10-28 21:30:00+00:00,2022-10-28 21:30:00+00:00,2022-10-29 01:30:00+00:00,301.08,297.31,3.769999999999982,False,OPPOSITE_VISIT_BEFORE_K1,0,1,,,False,,,OPPOSITE_VISIT_BEFORE_K1,2022-10-28 21:50:00+00:00,
90,01:30,3,2022-10-30,Sunday,2022-10-29 18:30:00+00:00,2022-10-29 21:30:00+00:00,2022-10-29 21:30:00+00:00,2022-10-30 01:30:00+00:00,305.89,302.25,3.6399999999999864,False,OPPOSITE_VISIT_BEFORE_K1,0,1,,,False,,,OPPOSITE_VISIT_BEFORE_K1,2022-10-29 22:45:00+00:00,
90,01:30,3,2022-10-31,Monday,2022-10-30 18:30:00+00:00,2022-10-30 21:30:00+00:00,2022-10-30 21:30:00+00:00,2022-10-31 01:30:00+00:00,317.64,313.58,4.060000000000002,False,OPPOSITE_VISIT_BEFORE_K1,0,1,,,False,,,OPPOSITE_VISIT_BEFORE_K1,2022-10-30 21:35:00+00:00,
90,01:30,3,2022-11-01,Tuesday,2022-10-31 18:30:00+00:00,2022-10-31 21:30:00+00:00,2022-10-31 21:30:00+00:00,2022-11-01 01:30:00+00:00,329.94,325.27,4.670000000000016,False,OPPOSITE_VISIT_BEFORE_K1,0,1,,,False,,,OPPOSITE_VISIT_BEFORE_K1,2022-10-31 21:30:00+00:00,
90,01:30,3,2022-11-02,Wednesday,2022-11-01 18:30:00+00:00,2022-11-01 21:30:00+00:00,2022-11-01 21:30:00+00:00,2022-11-02 01:30:00+00:00,325.3,321.97,3.329999999999984,False,BREAK_BEFORE_K1,0,0,,,False,,,BREAK_BEFORE_K1,2022-11-01 21:30:00+00:00,
90,01:30,3,2022-11-03,Thursday,2022-11-02 18:30:00+00:00,2022-11-02 21:30:00+00:00,2022-11-02 21:30:00+00:00,2022-11-03 01:30:00+00:00,328.75,315.31,13.439999999999998,False,NO_K1,0,0,,,False,,,NO_K1,,
90,01:30,3,2022-11-04,Friday,2022-11-03 18:30:00+00:00,2022-11-03 21:30:00+00:00,2022-11-03 21:30:00+00:00,2022-11-04 01:30:00+00:00,331.76,328.92,2.839999999999975,False,BREAK_BEFORE_K1,0,0,,,False,,,BREAK_BEFORE_K1,2022-11-03 21:35:00+00:00,
90,01:30,3,2022-11-05,Saturday,2022-11-04 18:30:00+00:00,2022-11-04 21:30:00+00:00,2022-11-04 21:30:00+00:00,2022-11-05 01:30:00+00:00,354.86,351.24,3.6200000000000045,True,,1,0,2022-11-05 00:00:00+00:00,2022-11-05 00:05:00+00:00,True,2022-11-05 00:05:00+00:00,2022-11-05 00:10:00+00:00,H2_ARRIVAL,2022-11-05 00:35:00+00:00,30.0
90,01:30,3,2022-11-06,Sunday,2022-11-05 18:30:00+00:00,2022-11-05 21:30:00+00:00,2022-11-05 21:30:00+00:00,2022-11-06 01:30:00+00:00,350.76,348.13,2.6299999999999955,False,BREAK_BEFORE_K1,0,0,,,False,,,BREAK_BEFORE_K1,2022-11-05 21:50:00+00:00,
90,01:30,3,2022-11-07,Monday,2022-11-06 18:30:00+00:00,2022-11-06 21:30:00+00:00,2022-11-06 21:30:00+00:00,2022-11-07 01:30:00+00:00,353.48,350.3,3.180000000000007,False,BREAK_BEFORE_K1,0,0,,,False,,,BREAK_BEFORE_K1,2022-11-06 21:50:00+00:00,
90,01:30,3,2022-11-08,Tuesday,2022-11-07 18:30:00+00:00,2022-11-07 21:30:00+00:00,2022-11-07 21:30:00+00:00,2022-11-08 01:30:00+00:00,344.19,336.27,7.920000000000016,False,BREAK_BEFORE_K1,0,0,,,False,,,BREAK_BEFORE_K1,2022-11-07 21:40:00+00:00,
90,01:30,3,2022-11-09,Wednesday,2022-11-08 18:30:00+00:00,2022-11-08 21:30:00+00:00,2022-11-08 21:30:00+00:00,2022-11-09 01:30:00+00:00,343.23,298.17,45.06,False,NO_K1,0,0,,,False,,,NO_K1,,
90,01:30,3,2022-11-10,Thursday,2022-11-09 18:30:00+00:00,2022-11-09 21:30:00+00:00,2022-11-09 21:30:00+00:00,2022-11-10 01:30:00+00:00,287.06,261.01,26.05000000000001,False,OPPOSITE_VISIT_BEFORE_K1,0,1,,,False,,,OPPOSITE_VISIT_BEFORE_K1,2022-11-09 21:50:00+00:00,
90,01:30,3,2022-11-11,Friday,2022-11-10 18:30:00+00:00,2022-11-10 21:30:00+00:00,2022-11-10 21:30:00+00:00,2022-11-11 01:30:00+00:00,308.55,297.02,11.53000000000003,False,NO_K1,0,0,,,False,,,NO_K1,,
90,01:30,3,2022-11-12,Saturday,2022-11-11 18:30:00+00:00,2022-11-11 21:30:00+00:00,2022-11-11 21:30:00+00:00,2022-11-12 01:30:00+00:00,289.22,284.7,4.520000000000039,True,,1,0,2022-11-11 22:55:00+00:00,2022-11-11 23:00:00+00:00,False,,,BREAK_DURING_K1,2022-11-11 23:00:00+00:00,
90,01:30,3,2022-11-13,Sunday,2022-11-12 18:30:00+00:00,2022-11-12 21:30:00+00:00,2022-11-12 21:30:00+00:00,2022-11-13 01:30:00+00:00,283.36,280.52,2.840000000000032,True,,1,0,2022-11-13 00:20:00+00:00,2022-11-13 00:25:00+00:00,False,,,BREAK_DURING_K1,2022-11-13 00:25:00+00:00,
90,01:30,3,2022-11-14,Monday,2022-11-13 18:30:00+00:00,2022-11-13 21:30:00+00:00,2022-11-13 21:30:00+00:00,2022-11-14 01:30:00+00:00,279.18,273.0,6.180000000000007,False,BREAK_BEFORE_K1,0,0,,,False,,,BREAK_BEFORE_K1,2022-11-14 00:20:00+00:00,
90,01:30,3,2022-11-15,Tuesday,2022-11-14 18:30:00+00:00,2022-11-14 21:30:00+00:00,2022-11-14 21:30:00+00:00,2022-11-15 01:30:00+00:00,277.75,271.74,6.009999999999991,False,BREAK_BEFORE_K1,0,0,,,False,,,BREAK_BEFORE_K1,2022-11-14 23:15:00+00:00,
90,01:30,3,2022-11-16,Wednesday,2022-11-15 18:30:00+00:00,2022-11-15 21:30:00+00:00,2022-11-15 21:30:00+00:00,2022-11-16 01:30:00+00:00,277.81,272.9,4.910000000000025,True,,1,0,2022-11-16 01:05:00+00:00,2022-11-16 01:10:00+00:00,True,2022-11-16 01:10:00+00:00,2022-11-16 01:15:00+00:00,H2_ARRIVAL,2022-11-16 01:25:00+00:00,15.0
90,01:30,3,2022-11-17,Thursday,2022-11-16 18:30:00+00:00,2022-11-16 21:30:00+00:00,2022-11-16 21:30:00+00:00,2022-11-17 01:30:00+00:00,272.99,269.48,3.509999999999991,True,,1,0,2022-11-17 00:45:00+00:00,2022-11-17 00:50:00+00:00,True,2022-11-17 00:55:00+00:00,2022-11-17 01:00:00+00:00,H2_ARRIVAL,2022-11-17 01:05:00+00:00,10.0
90,01:30,3,2022-11-18,Friday,2022-11-17 18:30:00+00:00,2022-11-17 21:30:00+00:00,2022-11-17 21:30:00+00:00,2022-11-18 01:30:00+00:00,268.78,267.08,1.6999999999999886,True,,1,0,2022-11-17 23:00:00+00:00,2022-11-17 23:05:00+00:00,True,2022-11-17 23:05:00+00:00,2022-11-17 23:10:00+00:00,H2_ARRIVAL,2022-11-18 00:10:00+00:00,65.0
90,01:30,3,2022-11-19,Saturday,2022-11-18 18:30:00+00:00,2022-11-18 21:30:00+00:00,2022-11-18 21:30:00+00:00,2022-11-19 01:30:00+00:00,273.89,270.65,3.240000000000009,True,,1,0,2022-11-18 21:50:00+00:00,2022-11-18 21:55:00+00:00,False,,,BREAK_DURING_K1,2022-11-18 21:55:00+00:00,
90,01:30,3,2022-11-20,Sunday,2022-11-19 18:30:00+00:00,2022-11-19 21:30:00+00:00,2022-11-19 21:30:00+00:00,2022-11-20 01:30:00+00:00,271.99,271.06,0.9300000000000068,False,BREAK_BEFORE_K1,0,0,,,False,,,BREAK_BEFORE_K1,2022-11-19 21:30:00+00:00,
90,01:30,3,2022-11-21,Monday,2022-11-20 18:30:00+00:00,2022-11-20 21:30:00+00:00,2022-11-20 21:30:00+00:00,2022-11-21 01:30:00+00:00,269.84,267.36,2.4799999999999613,False,BREAK_BEFORE_K1,0,0,,,False,,,BREAK_BEFORE_K1,2022-11-20 21:30:00+00:00,
90,01:30,3,2022-11-22,Tuesday,2022-11-21 18:30:00+00:00,2022-11-21 21:30:00+00:00,2022-11-21 21:30:00+00:00,2022-11-22 01:30:00+00:00,256.08,249.12,6.9599999999999795,False,BREAK_BEFORE_K1,0,0,,,False,,,BREAK_BEFORE_K1,2022-11-22 00:20:00+00:00,
90,01:30,3,2022-11-23,Wednesday,2022-11-22 18:30:00+00:00,2022-11-22 21:30:00+00:00,2022-11-22 21:30:00+00:00,2022-11-23 01:30:00+00:00,264.6,262.2,2.400000000000034,True,,1,0,2022-11-22 21:40:00+00:00,2022-11-22 21:45:00+00:00,False,,,BREAK_DURING_K1,2022-11-22 21:45:00+00:00,
90,01:30,3,2022-11-24,Thursday,2022-11-23 18:30:00+00:00,2022-11-23 21:30:00+00:00,2022-11-23 21:30:00+00:00,2022-11-24 01:30:00+00:00,302.16,294.54,7.6200000000000045,False,OPPOSITE_VISIT_BEFORE_K1,0,1,,,False,,,OPPOSITE_VISIT_BEFORE_K1,2022-11-23 22:25:00+00:00,
90,01:30,3,2022-11-25,Friday,2022-11-24 18:30:00+00:00,2022-11-24 21:30:00+00:00,2022-11-24 21:30:00+00:00,2022-11-25 01:30:00+00:00,299.81,297.53,2.2800000000000296,False,BREAK_BEFORE_K1,0,0,,,False,,,BREAK_BEFORE_K1,2022-11-24 21:30:00+00:00,
90,01:30,3,2022-11-26,Saturday,2022-11-25 18:30:00+00:00,2022-11-25 21:30:00+00:00,2022-11-25 21:30:00+00:00,2022-11-26 01:30:00+00:00,302.5,299.49,3.009999999999991,False,OPPOSITE_VISIT_BEFORE_K1,0,1,,,False,,,OPPOSITE_VISIT_BEFORE_K1,2022-11-25 22:15:00+00:00,
90,01:30,3,2022-11-27,Sunday,2022-11-26 18:30:00+00:00,2022-11-26 21:30:00+00:00,2022-11-26 21:30:00+00:00,2022-11-27 01:30:00+00:00,313.51,311.01,2.5,False,BREAK_BEFORE_K1,0,0,,,False,,,BREAK_BEFORE_K1,2022-11-26 22:40:00+00:00,
90,01:30,3,2022-11-28,Monday,2022-11-27 18:30:00+00:00,2022-11-27 21:30:00+00:00,2022-11-27 21:30:00+00:00,2022-11-28 01:30:00+00:00,313.9,309.39,4.509999999999991,True,,1,0,2022-11-27 21:55:00+00:00,2022-11-27 22:00:00+00:00,True,2022-11-27 22:10:00+00:00,2022-11-27 22:15:00+00:00,OPPOSITE_BREAK_BEFORE_H2,2022-11-27 23:20:00+00:00,
90,01:30,3,2022-11-29,Tuesday,2022-11-28 18:30:00+00:00,2022-11-28 21:30:00+00:00,2022-11-28 21:30:00+00:00,2022-11-29 01:30:00+00:00,294.16,291.1,3.0600000000000023,False,BREAK_BEFORE_K1,0,0,,,False,,,BREAK_BEFORE_K1,2022-11-29 00:10:00+00:00,
90,01:30,3,2022-11-30,Wednesday,2022-11-29 18:30:00+00:00,2022-11-29 21:30:00+00:00,2022-11-29 21:30:00+00:00,2022-11-30 01:30:00+00:00,297.27,295.02,2.25,True,,1,0,2022-11-29 23:00:00+00:00,2022-11-29 23:05:00+00:00,True,2022-11-29 23:05:00+00:00,2022-11-29 23:10:00+00:00,H2_ARRIVAL,2022-11-30 00:30:00+00:00,85.0
90,01:30,3,2022-12-01,Thursday,2022-11-30 18:30:00+00:00,2022-11-30 21:30:00+00:00,2022-11-30 21:30:00+00:00,2022-12-01 01:30:00+00:00,300.5,293.15,7.350000000000023,False,BREAK_BEFORE_K1,0,0,,,False,,,BREAK_BEFORE_K1,2022-11-30 21:30:00+00:00,
90,01:30,3,2022-12-02,Friday,2022-12-01 18:30:00+00:00,2022-12-01 21:30:00+00:00,2022-12-01 21:30:00+00:00,2022-12-02 01:30:00+00:00,292.66,290.86,1.8000000000000114,True,,1,0,2022-12-01 22:10:00+00:00,2022-12-01 22:15:00+00:00,False,,,BREAK_DURING_K1,2022-12-01 22:15:00+00:00,
90,01:30,3,2022-12-03,Saturday,2022-12-02 18:30:00+00:00,2022-12-02 21:30:00+00:00,2022-12-02 21:30:00+00:00,2022-12-03 01:30:00+00:00,291.75,289.42,2.329999999999984,False,BREAK_BEFORE_K1,0,0,,,False,,,BREAK_BEFORE_K1,2022-12-02 22:25:00+00:00,
90,01:30,3,2022-12-04,Sunday,2022-12-03 18:30:00+00:00,2022-12-03 21:30:00+00:00,2022-12-03 21:30:00+00:00,2022-12-04 01:30:00+00:00,292.57,290.65,1.920000000000016,False,BREAK_BEFORE_K1,0,0,,,False,,,BREAK_BEFORE_K1,2022-12-03 22:30:00+00:00,
90,01:30,3,2022-12-05,Monday,2022-12-04 18:30:00+00:00,2022-12-04 21:30:00+00:00,2022-12-04 21:30:00+00:00,2022-12-05 01:30:00+00:00,291.97,290.36,1.6100000000000136,False,BREAK_BEFORE_K1,0,0,,,False,,,BREAK_BEFORE_K1,2022-12-04 23:30:00+00:00,
90,01:30,3,2022-12-06,Tuesday,2022-12-05 18:30:00+00:00,2022-12-05 21:30:00+00:00,2022-12-05 21:30:00+00:00,2022-12-06 01:30:00+00:00,290.19,286.01,4.180000000000007,False,NO_K1,0,0,,,False,,,NO_K1,,
90,01:30,3,2022-12-07,Wednesday,2022-12-06 18:30:00+00:00,2022-12-06 21:30:00+00:00,2022-12-06 21:30:00+00:00,2022-12-07 01:30:00+00:00,289.15,286.78,2.3700000000000045,False,BREAK_BEFORE_K1,0,0,,,False,,,BREAK_BEFORE_K1,2022-12-06 22:20:00+00:00,
90,01:30,3,2022-12-08,Thursday,2022-12-07 18:30:00+00:00,2022-12-07 21:30:00+00:00,2022-12-07 21:30:00+00:00,2022-12-08 01:30:00+00:00,283.96,282.23,1.7299999999999613,False,BREAK_BEFORE_K1,0,0,,,False,,,BREAK_BEFORE_K1,2022-12-07 22:45:00+00:00,
90,01:30,3,2022-12-09,Friday,2022-12-08 18:30:00+00:00,2022-12-08 21:30:00+00:00,2022-12-08 21:30:00+00:00,2022-12-09 01:30:00+00:00,291.99,288.04,3.9499999999999886,False,NO_K1,0,0,,,False,,,NO_K1,,
90,01:30,3,2022-12-10,Saturday,2022-12-09 18:30:00+00:00,2022-12-09 21:30:00+00:00,2022-12-09 21:30:00+00:00,2022-12-10 01:30:00+00:00,288.72,284.5,4.220000000000027,False,NO_K1,0,0,,,False,,,NO_K1,,
90,01:30,3,2022-12-11,Sunday,2022-12-10 18:30:00+00:00,2022-12-10 21:30:00+00:00,2022-12-10 21:30:00+00:00,2022-12-11 01:30:00+00:00,288.55,287.72,0.8299999999999841,False,BREAK_BEFORE_K1,0,0,,,False,,,BREAK_BEFORE_K1,2022-12-10 21:55:00+00:00,
90,01:30,3,2022-12-12,Monday,2022-12-11 18:30:00+00:00,2022-12-11 21:30:00+00:00,2022-12-11 21:30:00+00:00,2022-12-12 01:30:00+00:00,291.49,287.72,3.769999999999982,False,BREAK_BEFORE_K1,0,0,,,False,,,BREAK_BEFORE_K1,2022-12-11 21:45:00+00:00,
90,01:30,3,2022-12-13,Tuesday,2022-12-12 18:30:00+00:00,2022-12-12 21:30:00+00:00,2022-12-12 21:30:00+00:00,2022-12-13 01:30:00+00:00,277.32,272.95,4.3700000000000045,True,,1,0,2022-12-12 21:30:00+00:00,2022-12-12 21:35:00+00:00,True,2022-12-12 21:35:00+00:00,2022-12-12 21:40:00+00:00,H2_ARRIVAL,2022-12-12 21:40:00+00:00,5.0
90,01:30,3,2022-12-14,Wednesday,2022-12-13 18:30:00+00:00,2022-12-13 21:30:00+00:00,2022-12-13 21:30:00+00:00,2022-12-14 01:30:00+00:00,270.8,268.07,2.730000000000018,False,BREAK_BEFORE_K1,0,0,,,False,,,BREAK_BEFORE_K1,2022-12-13 21:50:00+00:00,
90,01:30,3,2022-12-15,Thursday,2022-12-14 18:30:00+00:00,2022-12-14 21:30:00+00:00,2022-12-14 21:30:00+00:00,2022-12-15 01:30:00+00:00,274.09,265.0,9.089999999999975,False,NO_K1,0,0,,,False,,,NO_K1,,
90,01:30,3,2022-12-16,Friday,2022-12-15 18:30:00+00:00,2022-12-15 21:30:00+00:00,2022-12-15 21:30:00+00:00,2022-12-16 01:30:00+00:00,261.72,258.44,3.2800000000000296,False,OPPOSITE_VISIT_BEFORE_K1,0,1,,,False,,,OPPOSITE_VISIT_BEFORE_K1,2022-12-15 21:40:00+00:00,
90,01:30,3,2022-12-17,Saturday,2022-12-16 18:30:00+00:00,2022-12-16 21:30:00+00:00,2022-12-16 21:30:00+00:00,2022-12-17 01:30:00+00:00,246.62,241.36,5.259999999999991,False,BREAK_BEFORE_K1,0,0,,,False,,,BREAK_BEFORE_K1,2022-12-16 22:20:00+00:00,
90,01:30,3,2022-12-18,Sunday,2022-12-17 18:30:00+00:00,2022-12-17 21:30:00+00:00,2022-12-17 21:30:00+00:00,2022-12-18 01:30:00+00:00,237.5,234.65,2.8499999999999943,True,,1,0,2022-12-17 22:15:00+00:00,2022-12-17 22:20:00+00:00,True,2022-12-17 22:20:00+00:00,2022-12-17 22:25:00+00:00,H2_ARRIVAL,2022-12-17 22:30:00+00:00,10.0
90,01:30,3,2022-12-19,Monday,2022-12-18 18:30:00+00:00,2022-12-18 21:30:00+00:00,2022-12-18 21:30:00+00:00,2022-12-19 01:30:00+00:00,250.46,246.39,4.070000000000022,False,BREAK_BEFORE_K1,0,0,,,False,,,BREAK_BEFORE_K1,2022-12-18 22:15:00+00:00,
90,01:30,3,2022-12-20,Tuesday,2022-12-19 18:30:00+00:00,2022-12-19 21:30:00+00:00,2022-12-19 21:30:00+00:00,2022-12-20 01:30:00+00:00,244.8,240.3,4.5,False,BREAK_BEFORE_K1,0,0,,,False,,,BREAK_BEFORE_K1,2022-12-19 22:30:00+00:00,
90,01:30,3,2022-12-21,Wednesday,2022-12-20 18:30:00+00:00,2022-12-20 21:30:00+00:00,2022-12-20 21:30:00+00:00,2022-12-21 01:30:00+00:00,251.25,248.65,2.5999999999999943,True,,1,0,2022-12-20 22:10:00+00:00,2022-12-20 22:15:00+00:00,True,2022-12-20 22:15:00+00:00,2022-12-20 22:20:00+00:00,H2_ARRIVAL,2022-12-20 22:45:00+00:00,30.0
90,01:30,3,2022-12-22,Thursday,2022-12-21 18:30:00+00:00,2022-12-21 21:30:00+00:00,2022-12-21 21:30:00+00:00,2022-12-22 01:30:00+00:00,247.91,245.0,2.9099999999999966,False,BREAK_BEFORE_K1,0,0,,,False,,,BREAK_BEFORE_K1,2022-12-22 00:55:00+00:00,
90,01:30,3,2022-12-23,Friday,2022-12-22 18:30:00+00:00,2022-12-22 21:30:00+00:00,2022-12-22 21:30:00+00:00,2022-12-23 01:30:00+00:00,247.0,241.06,5.939999999999998,False,NO_K1,0,0,,,False,,,NO_K1,,
90,01:30,3,2022-12-24,Saturday,2022-12-23 18:30:00+00:00,2022-12-23 21:30:00+00:00,2022-12-23 21:30:00+00:00,2022-12-24 01:30:00+00:00,246.34,245.39,0.950000000000017,False,OPPOSITE_VISIT_BEFORE_K1,0,1,,,False,,,OPPOSITE_VISIT_BEFORE_K1,2022-12-23 22:20:00+00:00,
90,01:30,3,2022-12-25,Sunday,2022-12-24 18:30:00+00:00,2022-12-24 21:30:00+00:00,2022-12-24 21:30:00+00:00,2022-12-25 01:30:00+00:00,244.85,244.22,0.6299999999999955,False,BREAK_BEFORE_K1,0,0,,,False,,,BREAK_BEFORE_K1,2022-12-24 21:35:00+00:00,
90,01:30,3,2022-12-26,Monday,2022-12-25 18:30:00+00:00,2022-12-25 21:30:00+00:00,2022-12-25 21:30:00+00:00,2022-12-26 01:30:00+00:00,242.99,241.2,1.7900000000000205,True,,1,0,2022-12-25 21:40:00+00:00,2022-12-25 21:45:00+00:00,False,,,BREAK_DURING_K1,2022-12-25 21:50:00+00:00,
90,01:30,3,2022-12-27,Tuesday,2022-12-26 18:30:00+00:00,2022-12-26 21:30:00+00:00,2022-12-26 21:30:00+00:00,2022-12-27 01:30:00+00:00,243.13,242.1,1.0300000000000011,True,,1,0,2022-12-26 23:30:00+00:00,2022-12-26 23:35:00+00:00,False,,,BREAK_DURING_K1,2022-12-26 23:35:00+00:00,
90,01:30,3,2022-12-28,Wednesday,2022-12-27 18:30:00+00:00,2022-12-27 21:30:00+00:00,2022-12-27 21:30:00+00:00,2022-12-28 01:30:00+00:00,246.34,244.34,2.0,True,,1,0,2022-12-27 22:55:00+00:00,2022-12-27 23:00:00+00:00,True,2022-12-27 23:15:00+00:00,2022-12-27 23:20:00+00:00,H2_ARRIVAL,2022-12-27 23:25:00+00:00,10.0
90,01:30,3,2022-12-29,Thursday,2022-12-28 18:30:00+00:00,2022-12-28 21:30:00+00:00,2022-12-28 21:30:00+00:00,2022-12-29 01:30:00+00:00,244.44,241.89,2.5500000000000114,True,,1,0,2022-12-28 23:55:00+00:00,2022-12-29 00:00:00+00:00,False,,,BREAK_DURING_K1,2022-12-29 00:00:00+00:00,
90,01:30,3,2022-12-30,Friday,2022-12-29 18:30:00+00:00,2022-12-29 21:30:00+00:00,2022-12-29 21:30:00+00:00,2022-12-30 01:30:00+00:00,246.29,244.46,1.829999999999984,True,,1,0,2022-12-29 22:35:00+00:00,2022-12-29 22:40:00+00:00,True,2022-12-29 22:40:00+00:00,2022-12-29 22:45:00+00:00,H2_ARRIVAL,2022-12-29 23:15:00+00:00,35.0
90,01:30,3,2022-12-31,Saturday,2022-12-30 18:30:00+00:00,2022-12-30 21:30:00+00:00,2022-12-30 21:30:00+00:00,2022-12-31 01:30:00+00:00,245.72,244.52,1.1999999999999886,False,BREAK_BEFORE_K1,0,0,,,False,,,BREAK_BEFORE_K1,2022-12-30 23:05:00+00:00,
90,01:30,3,2023-01-01,Sunday,2022-12-31 18:30:00+00:00,2022-12-31 21:30:00+00:00,2022-12-31 21:30:00+00:00,2023-01-01 01:30:00+00:00,247.35,246.31,1.039999999999992,False,BREAK_BEFORE_K1,0,0,,,False,,,BREAK_BEFORE_K1,2022-12-31 22:50:00+00:00,
90,01:30,3,2023-01-02,Monday,2023-01-01 18:30:00+00:00,2023-01-01 21:30:00+00:00,2023-01-01 21:30:00+00:00,2023-01-02 01:30:00+00:00,245.81,244.68,1.1299999999999955,False,OPPOSITE_VISIT_BEFORE_K1,0,1,,,False,,,OPPOSITE_VISIT_BEFORE_K1,2023-01-01 22:05:00+00:00,
90,01:30,3,2023-01-03,Tuesday,2023-01-02 18:30:00+00:00,2023-01-02 21:30:00+00:00,2023-01-02 21:30:00+00:00,2023-01-03 01:30:00+00:00,247.43,246.08,1.3499999999999943,True,,1,0,2023-01-02 21:55:00+00:00,2023-01-02 22:00:00+00:00,True,2023-01-02 22:00:00+00:00,2023-01-02 22:05:00+00:00,OPPOSITE_BREAK_BEFORE_H2,2023-01-02 22:55:00+00:00,
90,01:30,3,2023-01-04,Wednesday,2023-01-03 18:30:00+00:00,2023-01-03 21:30:00+00:00,2023-01-03 21:30:00+00:00,2023-01-04 01:30:00+00:00,245.59,244.71,0.8799999999999955,False,BREAK_BEFORE_K1,0,0,,,False,,,BREAK_BEFORE_K1,2023-01-03 21:55:00+00:00,
90,01:30,3,2023-01-05,Thursday,2023-01-04 18:30:00+00:00,2023-01-04 21:30:00+00:00,2023-01-04 21:30:00+00:00,2023-01-05 01:30:00+00:00,260.3,254.7,5.600000000000023,False,NO_K1,0,0,,,False,,,NO_K1,,
90,01:30,3,2023-01-06,Friday,2023-01-05 18:30:00+00:00,2023-01-05 21:30:00+00:00,2023-01-05 21:30:00+00:00,2023-01-06 01:30:00+00:00,258.22,256.57,1.650000000000034,False,BREAK_BEFORE_K1,0,0,,,False,,,BREAK_BEFORE_K1,2023-01-05 22:45:00+00:00,
90,01:30,3,2023-01-07,Saturday,2023-01-06 18:30:00+00:00,2023-01-06 21:30:00+00:00,2023-01-06 21:30:00+00:00,2023-01-07 01:30:00+00:00,260.5,258.21,2.2900000000000205,False,BREAK_BEFORE_K1,0,0,,,False,,,BREAK_BEFORE_K1,2023-01-07 00:55:00+00:00,
90,01:30,3,2023-01-08,Sunday,2023-01-07 18:30:00+00:00,2023-01-07 21:30:00+00:00,2023-01-07 21:30:00+00:00,2023-01-08 01:30:00+00:00,261.62,260.94,0.6800000000000068,False,OPPOSITE_VISIT_BEFORE_K1,0,1,,,False,,,OPPOSITE_VISIT_BEFORE_K1,2023-01-07 21:55:00+00:00,
90,01:30,3,2023-01-09,Monday,2023-01-08 18:30:00+00:00,2023-01-08 21:30:00+00:00,2023-01-08 21:30:00+00:00,2023-01-09 01:30:00+00:00,271.13,265.09,6.0400000000000205,False,BREAK_BEFORE_K1,0,0,,,False,,,BREAK_BEFORE_K1,2023-01-08 22:50:00+00:00,
90,01:30,3,2023-01-10,Tuesday,2023-01-09 18:30:00+00:00,2023-01-09 21:30:00+00:00,2023-01-09 21:30:00+00:00,2023-01-10 01:30:00+00:00,281.13,271.56,9.569999999999993,False,OPPOSITE_VISIT_BEFORE_K1,0,1,,,False,,,OPPOSITE_VISIT_BEFORE_K1,2023-01-09 22:00:00+00:00,
90,01:30,3,2023-01-11,Wednesday,2023-01-10 18:30:00+00:00,2023-01-10 21:30:00+00:00,2023-01-10 21:30:00+00:00,2023-01-11 01:30:00+00:00,278.65,275.33,3.319999999999993,False,NO_K1,0,0,,,False,,,NO_K1,,
90,01:30,3,2023-01-12,Thursday,2023-01-11 18:30:00+00:00,2023-01-11 21:30:00+00:00,2023-01-11 21:30:00+00:00,2023-01-12 01:30:00+00:00,279.94,277.86,2.079999999999984,True,,1,0,2023-01-11 22:00:00+00:00,2023-01-11 22:05:00+00:00,True,2023-01-11 22:05:00+00:00,2023-01-11 22:10:00+00:00,H2_ARRIVAL,2023-01-11 22:40:00+00:00,35.0
90,01:30,3,2023-01-13,Friday,2023-01-12 18:30:00+00:00,2023-01-12 21:30:00+00:00,2023-01-12 21:30:00+00:00,2023-01-13 01:30:00+00:00,288.67,284.53,4.140000000000043,False,NO_K1,0,0,,,False,,,NO_K1,,
90,01:30,3,2023-01-14,Saturday,2023-01-13 18:30:00+00:00,2023-01-13 21:30:00+00:00,2023-01-13 21:30:00+00:00,2023-01-14 01:30:00+00:00,290.25,286.7,3.5500000000000114,True,,1,0,2023-01-13 21:30:00+00:00,2023-01-13 21:35:00+00:00,False,,,BREAK_DURING_K1,2023-01-13 21:35:00+00:00,
90,01:30,3,2023-01-15,Sunday,2023-01-14 18:30:00+00:00,2023-01-14 21:30:00+00:00,2023-01-14 21:30:00+00:00,2023-01-15 01:30:00+00:00,304.84,302.53,2.3100000000000023,False,BREAK_BEFORE_K1,0,0,,,False,,,BREAK_BEFORE_K1,2023-01-14 22:35:00+00:00,
90,01:30,3,2023-01-16,Monday,2023-01-15 18:30:00+00:00,2023-01-15 21:30:00+00:00,2023-01-15 21:30:00+00:00,2023-01-16 01:30:00+00:00,302.22,300.23,1.990000000000009,True,,1,0,2023-01-15 21:35:00+00:00,2023-01-15 21:40:00+00:00,False,,,BREAK_DURING_K1,2023-01-15 21:40:00+00:00,
90,01:30,3,2023-01-17,Tuesday,2023-01-16 18:30:00+00:00,2023-01-16 21:30:00+00:00,2023-01-16 21:30:00+00:00,2023-01-17 01:30:00+00:00,302.55,298.2,4.350000000000023,False,BREAK_BEFORE_K1,0,0,,,False,,,BREAK_BEFORE_K1,2023-01-17 00:00:00+00:00,
90,01:30,3,2023-01-18,Wednesday,2023-01-17 18:30:00+00:00,2023-01-17 21:30:00+00:00,2023-01-17 21:30:00+00:00,2023-01-18 01:30:00+00:00,303.63,301.66,1.9699999999999704,False,OPPOSITE_VISIT_BEFORE_K1,0,1,,,False,,,OPPOSITE_VISIT_BEFORE_K1,2023-01-17 21:40:00+00:00,
90,01:30,3,2023-01-19,Thursday,2023-01-18 18:30:00+00:00,2023-01-18 21:30:00+00:00,2023-01-18 21:30:00+00:00,2023-01-19 01:30:00+00:00,296.36,287.51,8.850000000000023,False,OPPOSITE_VISIT_BEFORE_K1,0,1,,,False,,,OPPOSITE_VISIT_BEFORE_K1,2023-01-18 22:15:00+00:00,
90,01:30,3,2023-01-20,Friday,2023-01-19 18:30:00+00:00,2023-01-19 21:30:00+00:00,2023-01-19 21:30:00+00:00,2023-01-20 01:30:00+00:00,295.4,290.66,4.739999999999952,True,,1,0,2023-01-20 00:05:00+00:00,2023-01-20 00:10:00+00:00,True,2023-01-20 00:10:00+00:00,2023-01-20 00:15:00+00:00,NO_H2_BY_END,,
90,01:30,3,2023-01-21,Saturday,2023-01-20 18:30:00+00:00,2023-01-20 21:30:00+00:00,2023-01-20 21:30:00+00:00,2023-01-21 01:30:00+00:00,302.52,291.97,10.549999999999955,True,,1,0,2023-01-20 21:30:00+00:00,2023-01-20 21:35:00+00:00,False,,,BREAK_DURING_K1,2023-01-20 21:35:00+00:00,
90,01:30,3,2023-01-22,Sunday,2023-01-21 18:30:00+00:00,2023-01-21 21:30:00+00:00,2023-01-21 21:30:00+00:00,2023-01-22 01:30:00+00:00,305.19,303.33,1.8600000000000136,False,BREAK_BEFORE_K1,0,0,,,False,,,BREAK_BEFORE_K1,2023-01-21 22:25:00+00:00,
90,01:30,3,2023-01-23,Monday,2023-01-22 18:30:00+00:00,2023-01-22 21:30:00+00:00,2023-01-22 21:30:00+00:00,2023-01-23 01:30:00+00:00,308.26,298.5,9.759999999999991,False,NO_K1,0,0,,,False,,,NO_K1,,
90,01:30,3,2023-01-24,Tuesday,2023-01-23 18:30:00+00:00,2023-01-23 21:30:00+00:00,2023-01-23 21:30:00+00:00,2023-01-24 01:30:00+00:00,306.78,303.5,3.2799999999999727,True,,1,0,2023-01-23 22:10:00+00:00,2023-01-23 22:15:00+00:00,True,2023-01-23 22:15:00+00:00,2023-01-23 22:20:00+00:00,H2_ARRIVAL,2023-01-23 22:45:00+00:00,30.0
90,01:30,3,2023-01-25,Wednesday,2023-01-24 18:30:00+00:00,2023-01-24 21:30:00+00:00,2023-01-24 21:30:00+00:00,2023-01-25 01:30:00+00:00,311.36,308.47,2.8899999999999864,False,BREAK_BEFORE_K1,0,0,,,False,,,BREAK_BEFORE_K1,2023-01-24 21:50:00+00:00,
90,01:30,3,2023-01-26,Thursday,2023-01-25 18:30:00+00:00,2023-01-25 21:30:00+00:00,2023-01-25 21:30:00+00:00,2023-01-26 01:30:00+00:00,305.45,300.07,5.3799999999999955,False,BREAK_BEFORE_K1,0,0,,,False,,,BREAK_BEFORE_K1,2023-01-25 21:30:00+00:00,
90,01:30,3,2023-01-27,Friday,2023-01-26 18:30:00+00:00,2023-01-26 21:30:00+00:00,2023-01-26 21:30:00+00:00,2023-01-27 01:30:00+00:00,307.1,303.57,3.5300000000000296,False,BREAK_BEFORE_K1,0,0,,,False,,,BREAK_BEFORE_K1,2023-01-27 00:15:00+00:00,
90,01:30,3,2023-01-28,Saturday,2023-01-27 18:30:00+00:00,2023-01-27 21:30:00+00:00,2023-01-27 21:30:00+00:00,2023-01-28 01:30:00+00:00,310.73,305.29,5.439999999999998,False,NO_K1,0,0,,,False,,,NO_K1,,
90,01:30,3,2023-01-29,Sunday,2023-01-28 18:30:00+00:00,2023-01-28 21:30:00+00:00,2023-01-28 21:30:00+00:00,2023-01-29 01:30:00+00:00,306.89,304.08,2.8100000000000023,True,,1,0,2023-01-29 00:30:00+00:00,2023-01-29 00:35:00+00:00,False,,,BREAK_DURING_K1,2023-01-29 00:35:00+00:00,
90,01:30,3,2023-01-30,Monday,2023-01-29 18:30:00+00:00,2023-01-29 21:30:00+00:00,2023-01-29 21:30:00+00:00,2023-01-30 01:30:00+00:00,320.71,315.0,5.7099999999999795,False,BREAK_BEFORE_K1,0,0,,,False,,,BREAK_BEFORE_K1,2023-01-30 00:45:00+00:00,
90,01:30,3,2023-01-31,Tuesday,2023-01-30 18:30:00+00:00,2023-01-30 21:30:00+00:00,2023-01-30 21:30:00+00:00,2023-01-31 01:30:00+00:00,309.0,300.88,8.120000000000005,False,BREAK_BEFORE_K1,0,0,,,False,,,BREAK_BEFORE_K1,2023-01-31 01:10:00+00:00,
90,01:30,3,2023-02-01,Wednesday,2023-01-31 18:30:00+00:00,2023-01-31 21:30:00+00:00,2023-01-31 21:30:00+00:00,2023-02-01 01:30:00+00:00,314.12,309.3,4.819999999999993,False,OPPOSITE_VISIT_BEFORE_K1,0,1,,,False,,,OPPOSITE_VISIT_BEFORE_K1,2023-01-31 22:30:00+00:00,
90,01:30,3,2023-02-02,Thursday,2023-02-01 18:30:00+00:00,2023-02-01 21:30:00+00:00,2023-02-01 21:30:00+00:00,2023-02-02 01:30:00+00:00,319.58,306.77,12.810000000000002,False,BREAK_BEFORE_K1,0,0,,,False,,,BREAK_BEFORE_K1,2023-02-02 00:40:00+00:00,
90,01:30,3,2023-02-03,Friday,2023-02-02 18:30:00+00:00,2023-02-02 21:30:00+00:00,2023-02-02 21:30:00+00:00,2023-02-03 01:30:00+00:00,332.98,327.4,5.580000000000041,False,BREAK_BEFORE_K1,0,0,,,False,,,BREAK_BEFORE_K1,2023-02-02 21:30:00+00:00,
90,01:30,3,2023-02-04,Saturday,2023-02-03 18:30:00+00:00,2023-02-03 21:30:00+00:00,2023-02-03 21:30:00+00:00,2023-02-04 01:30:00+00:00,332.93,328.85,4.079999999999984,False,OPPOSITE_VISIT_BEFORE_K1,0,1,,,False,,,OPPOSITE_VISIT_BEFORE_K1,2023-02-03 21:50:00+00:00,
90,01:30,3,2023-02-05,Sunday,2023-02-04 18:30:00+00:00,2023-02-04 21:30:00+00:00,2023-02-04 21:30:00+00:00,2023-02-05 01:30:00+00:00,331.61,329.68,1.9300000000000068,False,OPPOSITE_VISIT_BEFORE_K1,0,1,,,False,,,OPPOSITE_VISIT_BEFORE_K1,2023-02-04 21:30:00+00:00,
90,01:30,3,2023-02-06,Monday,2023-02-05 18:30:00+00:00,2023-02-05 21:30:00+00:00,2023-02-05 21:30:00+00:00,2023-02-06 01:30:00+00:00,327.5,324.41,3.089999999999975,False,BREAK_BEFORE_K1,0,0,,,False,,,BREAK_BEFORE_K1,2023-02-05 22:30:00+00:00,
90,01:30,3,2023-02-07,Tuesday,2023-02-06 18:30:00+00:00,2023-02-06 21:30:00+00:00,2023-02-06 21:30:00+00:00,2023-02-07 01:30:00+00:00,330.0,327.95,2.0500000000000114,False,OPPOSITE_VISIT_BEFORE_K1,0,1,,,False,,,OPPOSITE_VISIT_BEFORE_K1,2023-02-06 21:45:00+00:00,
90,01:30,3,2023-02-08,Wednesday,2023-02-07 18:30:00+00:00,2023-02-07 21:30:00+00:00,2023-02-07 21:30:00+00:00,2023-02-08 01:30:00+00:00,332.94,326.07,6.8700000000000045,False,BREAK_BEFORE_K1,0,0,,,False,,,BREAK_BEFORE_K1,2023-02-07 22:45:00+00:00,
90,01:30,3,2023-02-09,Thursday,2023-02-08 18:30:00+00:00,2023-02-08 21:30:00+00:00,2023-02-08 21:30:00+00:00,2023-02-09 01:30:00+00:00,327.95,325.01,2.9399999999999977,True,,1,0,2023-02-08 21:55:00+00:00,2023-02-08 22:00:00+00:00,True,2023-02-08 22:00:00+00:00,2023-02-08 22:05:00+00:00,H2_ARRIVAL,2023-02-08 22:25:00+00:00,25.0
90,01:30,3,2023-02-10,Friday,2023-02-09 18:30:00+00:00,2023-02-09 21:30:00+00:00,2023-02-09 21:30:00+00:00,2023-02-10 01:30:00+00:00,317.85,304.81,13.04000000000002,False,OPPOSITE_VISIT_BEFORE_K1,0,1,,,False,,,OPPOSITE_VISIT_BEFORE_K1,2023-02-09 21:30:00+00:00,
90,01:30,3,2023-02-11,Saturday,2023-02-10 18:30:00+00:00,2023-02-10 21:30:00+00:00,2023-02-10 21:30:00+00:00,2023-02-11 01:30:00+00:00,308.56,306.33,2.230000000000018,False,BREAK_BEFORE_K1,0,0,,,False,,,BREAK_BEFORE_K1,2023-02-10 21:30:00+00:00,
90,01:30,3,2023-02-12,Sunday,2023-02-11 18:30:00+00:00,2023-02-11 21:30:00+00:00,2023-02-11 21:30:00+00:00,2023-02-12 01:30:00+00:00,309.0,306.7,2.3000000000000114,False,BREAK_BEFORE_K1,0,0,,,False,,,BREAK_BEFORE_K1,2023-02-11 21:40:00+00:00,
90,01:30,3,2023-02-13,Monday,2023-02-12 18:30:00+00:00,2023-02-12 21:30:00+00:00,2023-02-12 21:30:00+00:00,2023-02-13 01:30:00+00:00,320.18,317.74,2.4399999999999977,False,BREAK_BEFORE_K1,0,0,,,False,,,BREAK_BEFORE_K1,2023-02-12 21:30:00+00:00,
90,01:30,3,2023-02-14,Tuesday,2023-02-13 18:30:00+00:00,2023-02-13 21:30:00+00:00,2023-02-13 21:30:00+00:00,2023-02-14 01:30:00+00:00,290.7,287.07,3.6299999999999955,True,,1,0,2023-02-13 22:25:00+00:00,2023-02-13 22:30:00+00:00,False,,,BREAK_DURING_K1,2023-02-13 22:30:00+00:00,
90,01:30,3,2023-02-15,Wednesday,2023-02-14 18:30:00+00:00,2023-02-14 21:30:00+00:00,2023-02-14 21:30:00+00:00,2023-02-15 01:30:00+00:00,298.4,296.0,2.3999999999999773,False,OPPOSITE_VISIT_BEFORE_K1,0,1,,,False,,,OPPOSITE_VISIT_BEFORE_K1,2023-02-14 22:20:00+00:00,
90,01:30,3,2023-02-16,Thursday,2023-02-15 18:30:00+00:00,2023-02-15 21:30:00+00:00,2023-02-15 21:30:00+00:00,2023-02-16 01:30:00+00:00,316.2,302.56,13.639999999999986,True,,1,0,2023-02-15 21:30:00+00:00,2023-02-15 21:35:00+00:00,True,2023-02-15 21:35:00+00:00,2023-02-15 21:40:00+00:00,H2_ARRIVAL,2023-02-15 22:15:00+00:00,40.0
90,01:30,3,2023-02-17,Friday,2023-02-16 18:30:00+00:00,2023-02-16 21:30:00+00:00,2023-02-16 21:30:00+00:00,2023-02-17 01:30:00+00:00,322.61,310.57,12.04000000000002,False,OPPOSITE_VISIT_BEFORE_K1,0,1,,,False,,,OPPOSITE_VISIT_BEFORE_K1,2023-02-16 21:30:00+00:00,
90,01:30,3,2023-02-18,Saturday,2023-02-17 18:30:00+00:00,2023-02-17 21:30:00+00:00,2023-02-17 21:30:00+00:00,2023-02-18 01:30:00+00:00,317.0,311.06,5.939999999999998,False,BREAK_BEFORE_K1,0,0,,,False,,,BREAK_BEFORE_K1,2023-02-17 22:05:00+00:00,
90,01:30,3,2023-02-19,Sunday,2023-02-18 18:30:00+00:00,2023-02-18 21:30:00+00:00,2023-02-18 21:30:00+00:00,2023-02-19 01:30:00+00:00,316.99,313.73,3.259999999999991,True,,1,0,2023-02-19 00:00:00+00:00,2023-02-19 00:05:00+00:00,True,2023-02-19 00:05:00+00:00,2023-02-19 00:10:00+00:00,H2_ARRIVAL,2023-02-19 00:45:00+00:00,40.0
90,01:30,3,2023-02-20,Monday,2023-02-19 18:30:00+00:00,2023-02-19 21:30:00+00:00,2023-02-19 21:30:00+00:00,2023-02-20 01:30:00+00:00,313.6,310.0,3.6000000000000227,True,,1,0,2023-02-19 22:10:00+00:00,2023-02-19 22:15:00+00:00,True,2023-02-19 22:15:00+00:00,2023-02-19 22:20:00+00:00,H2_ARRIVAL,2023-02-20 00:30:00+00:00,135.0
90,01:30,3,2023-02-21,Tuesday,2023-02-20 18:30:00+00:00,2023-02-20 21:30:00+00:00,2023-02-20 21:30:00+00:00,2023-02-21 01:30:00+00:00,315.08,312.93,2.1499999999999773,True,,1,0,2023-02-20 23:10:00+00:00,2023-02-20 23:15:00+00:00,True,2023-02-20 23:15:00+00:00,2023-02-20 23:20:00+00:00,H2_ARRIVAL,2023-02-20 23:50:00+00:00,35.0
90,01:30,3,2023-02-22,Wednesday,2023-02-21 18:30:00+00:00,2023-02-21 21:30:00+00:00,2023-02-21 21:30:00+00:00,2023-02-22 01:30:00+00:00,314.02,309.03,4.990000000000009,False,OPPOSITE_VISIT_BEFORE_K1,0,1,,,False,,,OPPOSITE_VISIT_BEFORE_K1,2023-02-21 21:30:00+00:00,
90,01:30,3,2023-02-23,Thursday,2023-02-22 18:30:00+00:00,2023-02-22 21:30:00+00:00,2023-02-22 21:30:00+00:00,2023-02-23 01:30:00+00:00,308.59,305.4,3.1899999999999977,True,,1,0,2023-02-22 22:25:00+00:00,2023-02-22 22:30:00+00:00,False,,,BREAK_DURING_K1,2023-02-22 22:30:00+00:00,
90,01:30,3,2023-02-24,Friday,2023-02-23 18:30:00+00:00,2023-02-23 21:30:00+00:00,2023-02-23 21:30:00+00:00,2023-02-24 01:30:00+00:00,309.88,307.59,2.2900000000000205,False,OPPOSITE_VISIT_BEFORE_K1,0,1,,,False,,,OPPOSITE_VISIT_BEFORE_K1,2023-02-23 21:55:00+00:00,
90,01:30,3,2023-02-25,Saturday,2023-02-24 18:30:00+00:00,2023-02-24 21:30:00+00:00,2023-02-24 21:30:00+00:00,2023-02-25 01:30:00+00:00,303.9,298.19,5.7099999999999795,False,NO_K1,0,0,,,False,,,NO_K1,,
90,01:30,3,2023-02-26,Sunday,2023-02-25 18:30:00+00:00,2023-02-25 21:30:00+00:00,2023-02-25 21:30:00+00:00,2023-02-26 01:30:00+00:00,301.54,295.07,6.470000000000027,False,BREAK_BEFORE_K1,0,0,,,False,,,BREAK_BEFORE_K1,2023-02-25 23:00:00+00:00,
90,01:30,3,2023-02-27,Monday,2023-02-26 18:30:00+00:00,2023-02-26 21:30:00+00:00,2023-02-26 21:30:00+00:00,2023-02-27 01:30:00+00:00,309.8,305.28,4.520000000000039,False,NO_K1,0,0,,,False,,,NO_K1,,
90,01:30,3,2023-02-28,Tuesday,2023-02-27 18:30:00+00:00,2023-02-27 21:30:00+00:00,2023-02-27 21:30:00+00:00,2023-02-28 01:30:00+00:00,303.74,300.52,3.2200000000000273,False,BREAK_BEFORE_K1,0,0,,,False,,,BREAK_BEFORE_K1,2023-02-27 21:30:00+00:00,
90,01:30,3,2023-03-01,Wednesday,2023-02-28 18:30:00+00:00,2023-02-28 21:30:00+00:00,2023-02-28 21:30:00+00:00,2023-03-01 01:30:00+00:00,303.5,300.92,2.579999999999984,False,BREAK_BEFORE_K1,0,0,,,False,,,BREAK_BEFORE_K1,2023-02-28 21:30:00+00:00,
90,01:30,3,2023-03-02,Thursday,2023-03-01 18:30:00+00:00,2023-03-01 21:30:00+00:00,2023-03-01 21:30:00+00:00,2023-03-02 01:30:00+00:00,302.46,300.44,2.019999999999982,False,BREAK_BEFORE_K1,0,0,,,False,,,BREAK_BEFORE_K1,2023-03-01 21:35:00+00:00,
90,01:30,3,2023-03-03,Friday,2023-03-02 18:30:00+00:00,2023-03-02 21:30:00+00:00,2023-03-02 21:30:00+00:00,2023-03-03 01:30:00+00:00,300.68,297.22,3.4599999999999795,False,BREAK_BEFORE_K1,0,0,,,False,,,BREAK_BEFORE_K1,2023-03-03 01:15:00+00:00,
90,01:30,3,2023-03-04,Saturday,2023-03-03 18:30:00+00:00,2023-03-03 21:30:00+00:00,2023-03-03 21:30:00+00:00,2023-03-04 01:30:00+00:00,289.8,287.35,2.4499999999999886,False,OPPOSITE_VISIT_BEFORE_K1,0,1,,,False,,,OPPOSITE_VISIT_BEFORE_K1,2023-03-03 21:45:00+00:00,
90,01:30,3,2023-03-05,Sunday,2023-03-04 18:30:00+00:00,2023-03-04 21:30:00+00:00,2023-03-04 21:30:00+00:00,2023-03-05 01:30:00+00:00,290.08,285.51,4.569999999999993,False,BREAK_BEFORE_K1,0,0,,,False,,,BREAK_BEFORE_K1,2023-03-05 01:15:00+00:00,
90,01:30,3,2023-03-06,Monday,2023-03-05 18:30:00+00:00,2023-03-05 21:30:00+00:00,2023-03-05 21:30:00+00:00,2023-03-06 01:30:00+00:00,290.51,289.05,1.4599999999999795,False,BREAK_BEFORE_K1,0,0,,,False,,,BREAK_BEFORE_K1,2023-03-05 21:40:00+00:00,
90,01:30,3,2023-03-07,Tuesday,2023-03-06 18:30:00+00:00,2023-03-06 21:30:00+00:00,2023-03-06 21:30:00+00:00,2023-03-07 01:30:00+00:00,288.86,286.37,2.490000000000009,False,BREAK_BEFORE_K1,0,0,,,False,,,BREAK_BEFORE_K1,2023-03-07 01:20:00+00:00,
90,01:30,3,2023-03-08,Wednesday,2023-03-07 18:30:00+00:00,2023-03-07 21:30:00+00:00,2023-03-07 21:30:00+00:00,2023-03-08 01:30:00+00:00,289.4,286.0,3.3999999999999773,False,BREAK_BEFORE_K1,0,0,,,False,,,BREAK_BEFORE_K1,2023-03-07 22:05:00+00:00,
90,01:30,3,2023-03-09,Thursday,2023-03-08 18:30:00+00:00,2023-03-08 21:30:00+00:00,2023-03-08 21:30:00+00:00,2023-03-09 01:30:00+00:00,291.95,288.8,3.1499999999999773,False,BREAK_BEFORE_K1,0,0,,,False,,,BREAK_BEFORE_K1,2023-03-08 22:30:00+00:00,
90,01:30,3,2023-03-10,Friday,2023-03-09 18:30:00+00:00,2023-03-09 21:30:00+00:00,2023-03-09 21:30:00+00:00,2023-03-10 01:30:00+00:00,286.78,270.82,15.95999999999998,False,NO_K1,0,0,,,False,,,NO_K1,,
90,01:30,3,2023-03-11,Saturday,2023-03-10 18:30:00+00:00,2023-03-10 21:30:00+00:00,2023-03-10 21:30:00+00:00,2023-03-11 01:30:00+00:00,277.62,274.17,3.4499999999999886,True,,1,0,2023-03-10 23:10:00+00:00,2023-03-10 23:15:00+00:00,False,,,BREAK_DURING_K1,2023-03-10 23:15:00+00:00,
90,01:30,3,2023-03-12,Sunday,2023-03-11 18:30:00+00:00,2023-03-11 21:30:00+00:00,2023-03-11 21:30:00+00:00,2023-03-12 01:30:00+00:00,274.29,271.76,2.5300000000000296,False,BREAK_BEFORE_K1,0,0,,,False,,,BREAK_BEFORE_K1,2023-03-11 21:55:00+00:00,
90,01:30,3,2023-03-13,Monday,2023-03-12 18:30:00+00:00,2023-03-12 21:30:00+00:00,2023-03-12 21:30:00+00:00,2023-03-13 01:30:00+00:00,282.49,277.41,5.079999999999984,False,BREAK_BEFORE_K1,0,0,,,False,,,BREAK_BEFORE_K1,2023-03-12 22:15:00+00:00,
90,01:30,3,2023-03-14,Tuesday,2023-03-13 18:30:00+00:00,2023-03-13 21:30:00+00:00,2023-03-13 21:30:00+00:00,2023-03-14 01:30:00+00:00,308.8,306.12,2.680000000000007,True,,1,0,2023-03-13 22:00:00+00:00,2023-03-13 22:05:00+00:00,False,,,BREAK_DURING_K1,2023-03-13 22:05:00+00:00,
90,01:30,3,2023-03-15,Wednesday,2023-03-14 18:30:00+00:00,2023-03-14 21:30:00+00:00,2023-03-14 21:30:00+00:00,2023-03-15 01:30:00+00:00,316.46,304.49,11.96999999999997,False,NO_K1,0,0,,,False,,,NO_K1,,
90,01:30,3,2023-03-16,Thursday,2023-03-15 18:30:00+00:00,2023-03-15 21:30:00+00:00,2023-03-15 21:30:00+00:00,2023-03-16 01:30:00+00:00,307.66,304.09,3.57000000000005,False,BREAK_BEFORE_K1,0,0,,,False,,,BREAK_BEFORE_K1,2023-03-15 22:00:00+00:00,
90,01:30,3,2023-03-17,Friday,2023-03-16 18:30:00+00:00,2023-03-16 21:30:00+00:00,2023-03-16 21:30:00+00:00,2023-03-17 01:30:00+00:00,330.5,325.84,4.660000000000025,False,BREAK_BEFORE_K1,0,0,,,False,,,BREAK_BEFORE_K1,2023-03-16 21:40:00+00:00,
90,01:30,3,2023-03-18,Saturday,2023-03-17 18:30:00+00:00,2023-03-17 21:30:00+00:00,2023-03-17 21:30:00+00:00,2023-03-18 01:30:00+00:00,335.71,329.91,5.7999999999999545,False,BREAK_BEFORE_K1,0,0,,,False,,,BREAK_BEFORE_K1,2023-03-17 21:40:00+00:00,
90,01:30,3,2023-03-19,Sunday,2023-03-18 18:30:00+00:00,2023-03-18 21:30:00+00:00,2023-03-18 21:30:00+00:00,2023-03-19 01:30:00+00:00,337.33,334.5,2.829999999999984,False,BREAK_BEFORE_K1,0,0,,,False,,,BREAK_BEFORE_K1,2023-03-18 21:40:00+00:00,
90,01:30,3,2023-03-20,Monday,2023-03-19 18:30:00+00:00,2023-03-19 21:30:00+00:00,2023-03-19 21:30:00+00:00,2023-03-20 01:30:00+00:00,340.21,334.0,6.2099999999999795,False,OPPOSITE_VISIT_BEFORE_K1,0,1,,,False,,,OPPOSITE_VISIT_BEFORE_K1,2023-03-20 00:05:00+00:00,
90,01:30,3,2023-03-21,Tuesday,2023-03-20 18:30:00+00:00,2023-03-20 21:30:00+00:00,2023-03-20 21:30:00+00:00,2023-03-21 01:30:00+00:00,338.69,333.64,5.050000000000011,False,BREAK_BEFORE_K1,0,0,,,False,,,BREAK_BEFORE_K1,2023-03-20 21:35:00+00:00,
90,01:30,3,2023-03-22,Wednesday,2023-03-21 18:30:00+00:00,2023-03-21 21:30:00+00:00,2023-03-21 21:30:00+00:00,2023-03-22 01:30:00+00:00,337.62,334.32,3.3000000000000114,False,OPPOSITE_VISIT_BEFORE_K1,0,1,,,False,,,OPPOSITE_VISIT_BEFORE_K1,2023-03-21 22:35:00+00:00,
90,01:30,3,2023-03-23,Thursday,2023-03-22 18:30:00+00:00,2023-03-22 21:30:00+00:00,2023-03-22 21:30:00+00:00,2023-03-23 01:30:00+00:00,329.16,316.0,13.160000000000025,False,NO_K1,0,0,,,False,,,NO_K1,,
90,01:30,3,2023-03-24,Friday,2023-03-23 18:30:00+00:00,2023-03-23 21:30:00+00:00,2023-03-23 21:30:00+00:00,2023-03-24 01:30:00+00:00,329.99,325.26,4.730000000000018,False,NO_K1,0,0,,,False,,,NO_K1,,
90,01:30,3,2023-03-25,Saturday,2023-03-24 18:30:00+00:00,2023-03-24 21:30:00+00:00,2023-03-24 21:30:00+00:00,2023-03-25 01:30:00+00:00,322.78,318.6,4.17999999999995,False,OPPOSITE_VISIT_BEFORE_K1,0,1,,,False,,,OPPOSITE_VISIT_BEFORE_K1,2023-03-24 21:30:00+00:00,
90,01:30,3,2023-03-26,Sunday,2023-03-25 18:30:00+00:00,2023-03-25 21:30:00+00:00,2023-03-25 21:30:00+00:00,2023-03-26 01:30:00+00:00,323.82,318.86,4.9599999999999795,False,NO_K1,0,0,,,False,,,NO_K1,,
90,01:30,3,2023-03-27,Monday,2023-03-26 18:30:00+00:00,2023-03-26 21:30:00+00:00,2023-03-26 21:30:00+00:00,2023-03-27 01:30:00+00:00,328.0,326.0,2.0,False,BREAK_BEFORE_K1,0,0,,,False,,,BREAK_BEFORE_K1,2023-03-26 22:10:00+00:00,
90,01:30,3,2023-03-28,Tuesday,2023-03-27 18:30:00+00:00,2023-03-27 21:30:00+00:00,2023-03-27 21:30:00+00:00,2023-03-28 01:30:00+00:00,308.86,305.46,3.400000000000034,True,,1,0,2023-03-27 22:30:00+00:00,2023-03-27 22:35:00+00:00,True,2023-03-27 22:35:00+00:00,2023-03-27 22:40:00+00:00,H2_ARRIVAL,2023-03-27 23:30:00+00:00,55.0
90,01:30,3,2023-03-29,Wednesday,2023-03-28 18:30:00+00:00,2023-03-28 21:30:00+00:00,2023-03-28 21:30:00+00:00,2023-03-29 01:30:00+00:00,315.85,310.04,5.810000000000002,False,NO_K1,0,0,,,False,,,NO_K1,,
90,01:30,3,2023-03-30,Thursday,2023-03-29 18:30:00+00:00,2023-03-29 21:30:00+00:00,2023-03-29 21:30:00+00:00,2023-03-30 01:30:00+00:00,316.45,314.71,1.740000000000009,False,BREAK_BEFORE_K1,0,0,,,False,,,BREAK_BEFORE_K1,2023-03-29 21:40:00+00:00,
90,01:30,3,2023-03-31,Friday,2023-03-30 18:30:00+00:00,2023-03-30 21:30:00+00:00,2023-03-30 21:30:00+00:00,2023-03-31 01:30:00+00:00,317.17,314.12,3.0500000000000114,True,,1,0,2023-03-31 00:25:00+00:00,2023-03-31 00:30:00+00:00,True,2023-03-31 00:30:00+00:00,2023-03-31 00:35:00+00:00,H2_ARRIVAL,2023-03-31 01:00:00+00:00,30.0
90,01:30,3,2023-04-01,Saturday,2023-03-31 18:30:00+00:00,2023-03-31 21:30:00+00:00,2023-03-31 21:30:00+00:00,2023-04-01 01:30:00+00:00,317.29,314.79,2.5,True,,1,0,2023-03-31 22:35:00+00:00,2023-03-31 22:40:00+00:00,True,2023-03-31 22:45:00+00:00,2023-03-31 22:50:00+00:00,H2_ARRIVAL,2023-04-01 00:20:00+00:00,95.0
90,01:30,3,2023-04-02,Sunday,2023-04-01 18:30:00+00:00,2023-04-01 21:30:00+00:00,2023-04-01 21:30:00+00:00,2023-04-02 01:30:00+00:00,315.33,313.86,1.4699999999999704,True,,1,0,2023-04-01 22:35:00+00:00,2023-04-01 22:40:00+00:00,False,,,BREAK_DURING_K1,2023-04-01 22:40:00+00:00,
90,01:30,3,2023-04-03,Monday,2023-04-02 18:30:00+00:00,2023-04-02 21:30:00+00:00,2023-04-02 21:30:00+00:00,2023-04-03 01:30:00+00:00,313.31,310.36,2.9499999999999886,True,,1,0,2023-04-02 23:20:00+00:00,2023-04-02 23:25:00+00:00,False,,,BREAK_DURING_K1,2023-04-02 23:25:00+00:00,
90,01:30,3,2023-04-04,Tuesday,2023-04-03 18:30:00+00:00,2023-04-03 21:30:00+00:00,2023-04-03 21:30:00+00:00,2023-04-04 01:30:00+00:00,312.0,297.43,14.569999999999993,False,NO_K1,0,0,,,False,,,NO_K1,,
90,01:30,3,2023-04-05,Wednesday,2023-04-04 18:30:00+00:00,2023-04-04 21:30:00+00:00,2023-04-04 21:30:00+00:00,2023-04-05 01:30:00+00:00,311.75,310.53,1.2200000000000273,False,OPPOSITE_VISIT_BEFORE_K1,0,1,,,False,,,OPPOSITE_VISIT_BEFORE_K1,2023-04-04 23:15:00+00:00,
90,01:30,3,2023-04-06,Thursday,2023-04-05 18:30:00+00:00,2023-04-05 21:30:00+00:00,2023-04-05 21:30:00+00:00,2023-04-06 01:30:00+00:00,314.59,311.53,3.0600000000000023,False,BREAK_BEFORE_K1,0,0,,,False,,,BREAK_BEFORE_K1,2023-04-05 22:05:00+00:00,
90,01:30,3,2023-04-07,Friday,2023-04-06 18:30:00+00:00,2023-04-06 21:30:00+00:00,2023-04-06 21:30:00+00:00,2023-04-07 01:30:00+00:00,312.95,311.78,1.170000000000016,False,OPPOSITE_VISIT_BEFORE_K1,0,1,,,False,,,OPPOSITE_VISIT_BEFORE_K1,2023-04-06 22:10:00+00:00,
90,01:30,3,2023-04-08,Saturday,2023-04-07 18:30:00+00:00,2023-04-07 21:30:00+00:00,2023-04-07 21:30:00+00:00,2023-04-08 01:30:00+00:00,311.09,310.3,0.7899999999999636,True,,1,0,2023-04-07 22:40:00+00:00,2023-04-07 22:45:00+00:00,False,,,BREAK_DURING_K1,2023-04-07 22:45:00+00:00,
90,01:30,3,2023-04-09,Sunday,2023-04-08 18:30:00+00:00,2023-04-08 21:30:00+00:00,2023-04-08 21:30:00+00:00,2023-04-09 01:30:00+00:00,311.45,310.0,1.4499999999999886,False,OPPOSITE_VISIT_BEFORE_K1,0,1,,,False,,,OPPOSITE_VISIT_BEFORE_K1,2023-04-08 22:25:00+00:00,
90,01:30,3,2023-04-10,Monday,2023-04-09 18:30:00+00:00,2023-04-09 21:30:00+00:00,2023-04-09 21:30:00+00:00,2023-04-10 01:30:00+00:00,312.32,310.68,1.6399999999999864,True,,1,0,2023-04-09 21:30:00+00:00,2023-04-09 21:35:00+00:00,True,2023-04-09 21:35:00+00:00,2023-04-09 21:40:00+00:00,H2_ARRIVAL,2023-04-09 21:40:00+00:00,5.0
90,01:30,3,2023-04-11,Tuesday,2023-04-10 18:30:00+00:00,2023-04-10 21:30:00+00:00,2023-04-10 21:30:00+00:00,2023-04-11 01:30:00+00:00,314.06,312.53,1.5300000000000296,False,BREAK_BEFORE_K1,0,0,,,False,,,BREAK_BEFORE_K1,2023-04-10 22:00:00+00:00,
90,01:30,3,2023-04-12,Wednesday,2023-04-11 18:30:00+00:00,2023-04-11 21:30:00+00:00,2023-04-11 21:30:00+00:00,2023-04-12 01:30:00+00:00,327.48,324.18,3.3000000000000114,False,BREAK_BEFORE_K1,0,0,,,False,,,BREAK_BEFORE_K1,2023-04-11 23:00:00+00:00,
90,01:30,3,2023-04-13,Thursday,2023-04-12 18:30:00+00:00,2023-04-12 21:30:00+00:00,2023-04-12 21:30:00+00:00,2023-04-13 01:30:00+00:00,320.14,318.0,2.1399999999999864,True,,1,0,2023-04-12 21:30:00+00:00,2023-04-12 21:35:00+00:00,True,2023-04-12 21:35:00+00:00,2023-04-12 21:40:00+00:00,H2_ARRIVAL,2023-04-12 21:40:00+00:00,5.0
90,01:30,3,2023-04-14,Friday,2023-04-13 18:30:00+00:00,2023-04-13 21:30:00+00:00,2023-04-13 21:30:00+00:00,2023-04-14 01:30:00+00:00,324.84,323.65,1.1899999999999977,True,,1,0,2023-04-13 21:55:00+00:00,2023-04-13 22:00:00+00:00,False,,,BREAK_DURING_K1,2023-04-13 22:00:00+00:00,
90,01:30,3,2023-04-15,Saturday,2023-04-14 18:30:00+00:00,2023-04-14 21:30:00+00:00,2023-04-14 21:30:00+00:00,2023-04-15 01:30:00+00:00,330.42,326.94,3.480000000000018,False,NO_K1,0,0,,,False,,,NO_K1,,
90,01:30,3,2023-04-16,Sunday,2023-04-15 18:30:00+00:00,2023-04-15 21:30:00+00:00,2023-04-15 21:30:00+00:00,2023-04-16 01:30:00+00:00,333.17,331.29,1.8799999999999955,False,BREAK_BEFORE_K1,0,0,,,False,,,BREAK_BEFORE_K1,2023-04-15 22:10:00+00:00,
90,01:30,3,2023-04-17,Monday,2023-04-16 18:30:00+00:00,2023-04-16 21:30:00+00:00,2023-04-16 21:30:00+00:00,2023-04-17 01:30:00+00:00,350.39,346.43,3.9599999999999795,False,BREAK_BEFORE_K1,0,0,,,False,,,BREAK_BEFORE_K1,2023-04-17 00:25:00+00:00,
90,01:30,3,2023-04-18,Tuesday,2023-04-17 18:30:00+00:00,2023-04-17 21:30:00+00:00,2023-04-17 21:30:00+00:00,2023-04-18 01:30:00+00:00,343.16,340.07,3.090000000000032,False,BREAK_BEFORE_K1,0,0,,,False,,,BREAK_BEFORE_K1,2023-04-17 21:50:00+00:00,
90,01:30,3,2023-04-19,Wednesday,2023-04-18 18:30:00+00:00,2023-04-18 21:30:00+00:00,2023-04-18 21:30:00+00:00,2023-04-19 01:30:00+00:00,343.27,340.82,2.4499999999999886,False,BREAK_BEFORE_K1,0,0,,,False,,,BREAK_BEFORE_K1,2023-04-18 23:30:00+00:00,
90,01:30,3,2023-04-20,Thursday,2023-04-19 18:30:00+00:00,2023-04-19 21:30:00+00:00,2023-04-19 21:30:00+00:00,2023-04-20 01:30:00+00:00,325.92,320.66,5.259999999999991,False,OPPOSITE_VISIT_BEFORE_K1,0,1,,,False,,,OPPOSITE_VISIT_BEFORE_K1,2023-04-19 23:20:00+00:00,
90,01:30,3,2023-04-21,Friday,2023-04-20 18:30:00+00:00,2023-04-20 21:30:00+00:00,2023-04-20 21:30:00+00:00,2023-04-21 01:30:00+00:00,318.51,315.14,3.3700000000000045,False,BREAK_BEFORE_K1,0,0,,,False,,,BREAK_BEFORE_K1,2023-04-20 22:05:00+00:00,
90,01:30,3,2023-04-22,Saturday,2023-04-21 18:30:00+00:00,2023-04-21 21:30:00+00:00,2023-04-21 21:30:00+00:00,2023-04-22 01:30:00+00:00,326.36,316.45,9.910000000000025,False,NO_K1,0,0,,,False,,,NO_K1,,
90,01:30,3,2023-04-23,Sunday,2023-04-22 18:30:00+00:00,2023-04-22 21:30:00+00:00,2023-04-22 21:30:00+00:00,2023-04-23 01:30:00+00:00,330.86,329.02,1.8400000000000318,False,BREAK_BEFORE_K1,0,0,,,False,,,BREAK_BEFORE_K1,2023-04-22 21:35:00+00:00,
90,01:30,3,2023-04-24,Monday,2023-04-23 18:30:00+00:00,2023-04-23 21:30:00+00:00,2023-04-23 21:30:00+00:00,2023-04-24 01:30:00+00:00,329.11,326.8,2.3100000000000023,True,,1,0,2023-04-23 21:45:00+00:00,2023-04-23 21:50:00+00:00,False,,,BREAK_DURING_K1,2023-04-23 21:50:00+00:00,
90,01:30,3,2023-04-25,Tuesday,2023-04-24 18:30:00+00:00,2023-04-24 21:30:00+00:00,2023-04-24 21:30:00+00:00,2023-04-25 01:30:00+00:00,332.32,330.2,2.1200000000000045,False,OPPOSITE_VISIT_BEFORE_K1,0,1,,,False,,,OPPOSITE_VISIT_BEFORE_K1,2023-04-25 00:50:00+00:00,
90,01:30,3,2023-04-26,Wednesday,2023-04-25 18:30:00+00:00,2023-04-25 21:30:00+00:00,2023-04-25 21:30:00+00:00,2023-04-26 01:30:00+00:00,337.12,331.72,5.399999999999977,True,,1,0,2023-04-25 22:00:00+00:00,2023-04-25 22:05:00+00:00,True,2023-04-25 22:10:00+00:00,2023-04-25 22:15:00+00:00,H2_ARRIVAL,2023-04-25 22:45:00+00:00,35.0
90,01:30,3,2023-04-27,Thursday,2023-04-26 18:30:00+00:00,2023-04-26 21:30:00+00:00,2023-04-26 21:30:00+00:00,2023-04-27 01:30:00+00:00,340.97,321.63,19.340000000000032,False,NO_K1,0,0,,,False,,,NO_K1,,
90,01:30,3,2023-04-28,Friday,2023-04-27 18:30:00+00:00,2023-04-27 21:30:00+00:00,2023-04-27 21:30:00+00:00,2023-04-28 01:30:00+00:00,335.94,333.01,2.930000000000007,False,BREAK_BEFORE_K1,0,0,,,False,,,BREAK_BEFORE_K1,2023-04-27 22:45:00+00:00,
90,01:30,3,2023-04-29,Saturday,2023-04-28 18:30:00+00:00,2023-04-28 21:30:00+00:00,2023-04-28 21:30:00+00:00,2023-04-29 01:30:00+00:00,324.68,321.78,2.900000000000034,False,BREAK_BEFORE_K1,0,0,,,False,,,BREAK_BEFORE_K1,2023-04-29 01:10:00+00:00,
90,01:30,3,2023-04-30,Sunday,2023-04-29 18:30:00+00:00,2023-04-29 21:30:00+00:00,2023-04-29 21:30:00+00:00,2023-04-30 01:30:00+00:00,322.87,321.36,1.509999999999991,False,OPPOSITE_VISIT_BEFORE_K1,0,1,,,False,,,OPPOSITE_VISIT_BEFORE_K1,2023-04-29 21:30:00+00:00,
90,01:30,3,2023-05-01,Monday,2023-04-30 18:30:00+00:00,2023-04-30 21:30:00+00:00,2023-04-30 21:30:00+00:00,2023-05-01 01:30:00+00:00,336.35,332.16,4.189999999999998,False,BREAK_BEFORE_K1,0,0,,,False,,,BREAK_BEFORE_K1,2023-04-30 21:50:00+00:00,
90,01:30,3,2023-05-02,Tuesday,2023-05-01 18:30:00+00:00,2023-05-01 21:30:00+00:00,2023-05-01 21:30:00+00:00,2023-05-02 01:30:00+00:00,329.06,325.34,3.7200000000000273,False,NO_K1,0,0,,,False,,,NO_K1,,
90,01:30,3,2023-05-03,Wednesday,2023-05-02 18:30:00+00:00,2023-05-02 21:30:00+00:00,2023-05-02 21:30:00+00:00,2023-05-03 01:30:00+00:00,325.59,321.69,3.8999999999999773,False,OPPOSITE_VISIT_BEFORE_K1,0,1,,,False,,,OPPOSITE_VISIT_BEFORE_K1,2023-05-02 21:30:00+00:00,
90,01:30,3,2023-05-04,Thursday,2023-05-03 18:30:00+00:00,2023-05-03 21:30:00+00:00,2023-05-03 21:30:00+00:00,2023-05-04 01:30:00+00:00,326.58,322.65,3.930000000000007,True,,1,0,2023-05-03 21:55:00+00:00,2023-05-03 22:00:00+00:00,True,2023-05-03 22:00:00+00:00,2023-05-03 22:05:00+00:00,H2_ARRIVAL,2023-05-03 22:10:00+00:00,10.0
90,01:30,3,2023-05-05,Friday,2023-05-04 18:30:00+00:00,2023-05-04 21:30:00+00:00,2023-05-04 21:30:00+00:00,2023-05-05 01:30:00+00:00,324.43,323.23,1.1999999999999886,False,OPPOSITE_VISIT_BEFORE_K1,0,1,,,False,,,OPPOSITE_VISIT_BEFORE_K1,2023-05-04 21:45:00+00:00,
90,01:30,3,2023-05-06,Saturday,2023-05-05 18:30:00+00:00,2023-05-05 21:30:00+00:00,2023-05-05 21:30:00+00:00,2023-05-06 01:30:00+00:00,328.21,324.49,3.7199999999999704,True,,1,0,2023-05-06 00:35:00+00:00,2023-05-06 00:40:00+00:00,True,2023-05-06 00:40:00+00:00,2023-05-06 00:45:00+00:00,NO_H2_BY_END,,
90,01:30,3,2023-05-07,Sunday,2023-05-06 18:30:00+00:00,2023-05-06 21:30:00+00:00,2023-05-06 21:30:00+00:00,2023-05-07 01:30:00+00:00,323.67,322.13,1.5400000000000205,False,BREAK_BEFORE_K1,0,0,,,False,,,BREAK_BEFORE_K1,2023-05-06 21:35:00+00:00,
90,01:30,3,2023-05-08,Monday,2023-05-07 18:30:00+00:00,2023-05-07 21:30:00+00:00,2023-05-07 21:30:00+00:00,2023-05-08 01:30:00+00:00,323.93,322.62,1.3100000000000023,False,OPPOSITE_VISIT_BEFORE_K1,0,1,,,False,,,OPPOSITE_VISIT_BEFORE_K1,2023-05-07 21:55:00+00:00,
90,01:30,3,2023-05-09,Tuesday,2023-05-08 18:30:00+00:00,2023-05-08 21:30:00+00:00,2023-05-08 21:30:00+00:00,2023-05-09 01:30:00+00:00,313.42,311.04,2.3799999999999955,True,,1,0,2023-05-08 23:20:00+00:00,2023-05-08 23:25:00+00:00,True,2023-05-08 23:30:00+00:00,2023-05-08 23:35:00+00:00,H2_ARRIVAL,2023-05-08 23:50:00+00:00,20.0
90,01:30,3,2023-05-10,Wednesday,2023-05-09 18:30:00+00:00,2023-05-09 21:30:00+00:00,2023-05-09 21:30:00+00:00,2023-05-10 01:30:00+00:00,313.05,311.36,1.6899999999999977,False,OPPOSITE_VISIT_BEFORE_K1,0,1,,,False,,,OPPOSITE_VISIT_BEFORE_K1,2023-05-09 21:55:00+00:00,
90,01:30,3,2023-05-11,Thursday,2023-05-10 18:30:00+00:00,2023-05-10 21:30:00+00:00,2023-05-10 21:30:00+00:00,2023-05-11 01:30:00+00:00,316.56,311.87,4.689999999999998,False,NO_K1,0,0,,,False,,,NO_K1,,
90,01:30,3,2023-05-12,Friday,2023-05-11 18:30:00+00:00,2023-05-11 21:30:00+00:00,2023-05-11 21:30:00+00:00,2023-05-12 01:30:00+00:00,306.94,304.63,2.3100000000000023,False,BREAK_BEFORE_K1,0,0,,,False,,,BREAK_BEFORE_K1,2023-05-11 22:00:00+00:00,
90,01:30,3,2023-05-13,Saturday,2023-05-12 18:30:00+00:00,2023-05-12 21:30:00+00:00,2023-05-12 21:30:00+00:00,2023-05-13 01:30:00+00:00,308.04,301.2,6.840000000000032,True,,1,0,2023-05-12 21:30:00+00:00,2023-05-12 21:35:00+00:00,True,2023-05-12 21:35:00+00:00,2023-05-12 21:40:00+00:00,H2_ARRIVAL,2023-05-12 22:10:00+00:00,35.0
90,01:30,3,2023-05-14,Sunday,2023-05-13 18:30:00+00:00,2023-05-13 21:30:00+00:00,2023-05-13 21:30:00+00:00,2023-05-14 01:30:00+00:00,311.6,308.96,2.640000000000043,False,BREAK_BEFORE_K1,0,0,,,False,,,BREAK_BEFORE_K1,2023-05-13 23:00:00+00:00,
90,01:30,3,2023-05-15,Monday,2023-05-14 18:30:00+00:00,2023-05-14 21:30:00+00:00,2023-05-14 21:30:00+00:00,2023-05-15 01:30:00+00:00,311.91,310.55,1.3600000000000136,False,BREAK_BEFORE_K1,0,0,,,False,,,BREAK_BEFORE_K1,2023-05-14 23:55:00+00:00,
90,01:30,3,2023-05-16,Tuesday,2023-05-15 18:30:00+00:00,2023-05-15 21:30:00+00:00,2023-05-15 21:30:00+00:00,2023-05-16 01:30:00+00:00,314.29,312.9,1.3900000000000432,False,BREAK_BEFORE_K1,0,0,,,False,,,BREAK_BEFORE_K1,2023-05-16 00:40:00+00:00,
90,01:30,3,2023-05-17,Wednesday,2023-05-16 18:30:00+00:00,2023-05-16 21:30:00+00:00,2023-05-16 21:30:00+00:00,2023-05-17 01:30:00+00:00,311.3,309.67,1.6299999999999955,False,BREAK_BEFORE_K1,0,0,,,False,,,BREAK_BEFORE_K1,2023-05-16 21:35:00+00:00,
90,01:30,3,2023-05-18,Thursday,2023-05-17 18:30:00+00:00,2023-05-17 21:30:00+00:00,2023-05-17 21:30:00+00:00,2023-05-18 01:30:00+00:00,314.41,311.55,2.8600000000000136,False,NO_K1,0,0,,,False,,,NO_K1,,
90,01:30,3,2023-05-19,Friday,2023-05-18 18:30:00+00:00,2023-05-18 21:30:00+00:00,2023-05-18 21:30:00+00:00,2023-05-19 01:30:00+00:00,309.04,306.72,2.319999999999993,False,BREAK_BEFORE_K1,0,0,,,False,,,BREAK_BEFORE_K1,2023-05-18 21:35:00+00:00,
90,01:30,3,2023-05-20,Saturday,2023-05-19 18:30:00+00:00,2023-05-19 21:30:00+00:00,2023-05-19 21:30:00+00:00,2023-05-20 01:30:00+00:00,309.08,307.65,1.4300000000000068,False,NO_K1,0,0,,,False,,,NO_K1,,
90,01:30,3,2023-05-21,Sunday,2023-05-20 18:30:00+00:00,2023-05-20 21:30:00+00:00,2023-05-20 21:30:00+00:00,2023-05-21 01:30:00+00:00,311.85,310.0,1.8500000000000227,False,NO_K1,0,0,,,False,,,NO_K1,,
90,01:30,3,2023-05-22,Monday,2023-05-21 18:30:00+00:00,2023-05-21 21:30:00+00:00,2023-05-21 21:30:00+00:00,2023-05-22 01:30:00+00:00,309.1,305.55,3.5500000000000114,False,OPPOSITE_VISIT_BEFORE_K1,0,1,,,False,,,OPPOSITE_VISIT_BEFORE_K1,2023-05-22 00:30:00+00:00,
90,01:30,3,2023-05-23,Tuesday,2023-05-22 18:30:00+00:00,2023-05-22 21:30:00+00:00,2023-05-22 21:30:00+00:00,2023-05-23 01:30:00+00:00,310.77,309.7,1.0699999999999932,False,BREAK_BEFORE_K1,0,0,,,False,,,BREAK_BEFORE_K1,2023-05-22 22:20:00+00:00,
90,01:30,3,2023-05-24,Wednesday,2023-05-23 18:30:00+00:00,2023-05-23 21:30:00+00:00,2023-05-23 21:30:00+00:00,2023-05-24 01:30:00+00:00,313.78,312.32,1.4599999999999795,True,,1,0,2023-05-23 21:40:00+00:00,2023-05-23 21:45:00+00:00,True,2023-05-23 21:45:00+00:00,2023-05-23 21:50:00+00:00,H2_ARRIVAL,2023-05-23 22:05:00+00:00,20.0
90,01:30,3,2023-05-25,Thursday,2023-05-24 18:30:00+00:00,2023-05-24 21:30:00+00:00,2023-05-24 21:30:00+00:00,2023-05-25 01:30:00+00:00,306.62,304.91,1.7099999999999795,False,BREAK_BEFORE_K1,0,0,,,False,,,BREAK_BEFORE_K1,2023-05-25 00:40:00+00:00,
90,01:30,3,2023-05-26,Friday,2023-05-25 18:30:00+00:00,2023-05-25 21:30:00+00:00,2023-05-25 21:30:00+00:00,2023-05-26 01:30:00+00:00,305.94,304.0,1.9399999999999977,False,OPPOSITE_VISIT_BEFORE_K1,0,1,,,False,,,OPPOSITE_VISIT_BEFORE_K1,2023-05-26 00:45:00+00:00,
90,01:30,3,2023-05-27,Saturday,2023-05-26 18:30:00+00:00,2023-05-26 21:30:00+00:00,2023-05-26 21:30:00+00:00,2023-05-27 01:30:00+00:00,307.45,306.18,1.2699999999999818,False,NO_K1,0,0,,,False,,,NO_K1,,
90,01:30,3,2023-05-28,Sunday,2023-05-27 18:30:00+00:00,2023-05-27 21:30:00+00:00,2023-05-27 21:30:00+00:00,2023-05-28 01:30:00+00:00,305.98,304.57,1.410000000000025,True,,1,0,2023-05-27 21:30:00+00:00,2023-05-27 21:35:00+00:00,False,,,BREAK_DURING_K1,2023-05-27 21:35:00+00:00,
90,01:30,3,2023-05-29,Monday,2023-05-28 18:30:00+00:00,2023-05-28 21:30:00+00:00,2023-05-28 21:30:00+00:00,2023-05-29 01:30:00+00:00,309.83,308.88,0.9499999999999886,True,,1,0,2023-05-28 21:35:00+00:00,2023-05-28 21:40:00+00:00,False,,,BREAK_DURING_K1,2023-05-28 21:40:00+00:00,
90,01:30,3,2023-05-30,Tuesday,2023-05-29 18:30:00+00:00,2023-05-29 21:30:00+00:00,2023-05-29 21:30:00+00:00,2023-05-30 01:30:00+00:00,313.0,311.54,1.4599999999999795,False,OPPOSITE_VISIT_BEFORE_K1,0,1,,,False,,,OPPOSITE_VISIT_BEFORE_K1,2023-05-29 21:30:00+00:00,
90,01:30,3,2023-05-31,Wednesday,2023-05-30 18:30:00+00:00,2023-05-30 21:30:00+00:00,2023-05-30 21:30:00+00:00,2023-05-31 01:30:00+00:00,313.4,312.52,0.8799999999999955,False,BREAK_BEFORE_K1,0,0,,,False,,,BREAK_BEFORE_K1,2023-05-30 21:45:00+00:00,
90,01:30,3,2023-06-01,Thursday,2023-05-31 18:30:00+00:00,2023-05-31 21:30:00+00:00,2023-05-31 21:30:00+00:00,2023-06-01 01:30:00+00:00,306.74,305.79,0.9499999999999886,False,BREAK_BEFORE_K1,0,0,,,False,,,BREAK_BEFORE_K1,2023-05-31 21:40:00+00:00,
90,01:30,3,2023-06-02,Friday,2023-06-01 18:30:00+00:00,2023-06-01 21:30:00+00:00,2023-06-01 21:30:00+00:00,2023-06-02 01:30:00+00:00,305.74,303.52,2.2200000000000273,False,BREAK_BEFORE_K1,0,0,,,False,,,BREAK_BEFORE_K1,2023-06-01 21:55:00+00:00,
90,01:30,3,2023-06-03,Saturday,2023-06-02 18:30:00+00:00,2023-06-02 21:30:00+00:00,2023-06-02 21:30:00+00:00,2023-06-03 01:30:00+00:00,308.5,306.72,1.7799999999999727,False,OPPOSITE_VISIT_BEFORE_K1,0,1,,,False,,,OPPOSITE_VISIT_BEFORE_K1,2023-06-03 00:45:00+00:00,
90,01:30,3,2023-06-04,Sunday,2023-06-03 18:30:00+00:00,2023-06-03 21:30:00+00:00,2023-06-03 21:30:00+00:00,2023-06-04 01:30:00+00:00,306.97,305.61,1.3600000000000136,False,BREAK_BEFORE_K1,0,0,,,False,,,BREAK_BEFORE_K1,2023-06-04 00:15:00+00:00,
90,01:30,3,2023-06-05,Monday,2023-06-04 18:30:00+00:00,2023-06-04 21:30:00+00:00,2023-06-04 21:30:00+00:00,2023-06-05 01:30:00+00:00,306.76,305.93,0.8299999999999841,False,OPPOSITE_VISIT_BEFORE_K1,0,1,,,False,,,OPPOSITE_VISIT_BEFORE_K1,2023-06-04 21:40:00+00:00,
90,01:30,3,2023-06-06,Tuesday,2023-06-05 18:30:00+00:00,2023-06-05 21:30:00+00:00,2023-06-05 21:30:00+00:00,2023-06-06 01:30:00+00:00,277.39,272.3,5.089999999999975,False,OPPOSITE_VISIT_BEFORE_K1,0,1,,,False,,,OPPOSITE_VISIT_BEFORE_K1,2023-06-05 21:35:00+00:00,
90,01:30,3,2023-06-07,Wednesday,2023-06-06 18:30:00+00:00,2023-06-06 21:30:00+00:00,2023-06-06 21:30:00+00:00,2023-06-07 01:30:00+00:00,285.87,280.47,5.399999999999977,False,OPPOSITE_VISIT_BEFORE_K1,0,1,,,False,,,OPPOSITE_VISIT_BEFORE_K1,2023-06-06 22:30:00+00:00,
90,01:30,3,2023-06-08,Thursday,2023-06-07 18:30:00+00:00,2023-06-07 21:30:00+00:00,2023-06-07 21:30:00+00:00,2023-06-08 01:30:00+00:00,261.9,258.92,2.9799999999999613,False,BREAK_BEFORE_K1,0,0,,,False,,,BREAK_BEFORE_K1,2023-06-07 21:50:00+00:00,
90,01:30,3,2023-06-09,Friday,2023-06-08 18:30:00+00:00,2023-06-08 21:30:00+00:00,2023-06-08 21:30:00+00:00,2023-06-09 01:30:00+00:00,265.26,263.07,2.1899999999999977,False,BREAK_BEFORE_K1,0,0,,,False,,,BREAK_BEFORE_K1,2023-06-08 21:45:00+00:00,
90,01:30,3,2023-06-10,Saturday,2023-06-09 18:30:00+00:00,2023-06-09 21:30:00+00:00,2023-06-09 21:30:00+00:00,2023-06-10 01:30:00+00:00,261.96,259.12,2.839999999999975,False,BREAK_BEFORE_K1,0,0,,,False,,,BREAK_BEFORE_K1,2023-06-09 21:40:00+00:00,
90,01:30,3,2023-06-11,Sunday,2023-06-10 18:30:00+00:00,2023-06-10 21:30:00+00:00,2023-06-10 21:30:00+00:00,2023-06-11 01:30:00+00:00,238.89,236.25,2.6399999999999864,False,BREAK_BEFORE_K1,0,0,,,False,,,BREAK_BEFORE_K1,2023-06-10 22:15:00+00:00,
90,01:30,3,2023-06-12,Monday,2023-06-11 18:30:00+00:00,2023-06-11 21:30:00+00:00,2023-06-11 21:30:00+00:00,2023-06-12 01:30:00+00:00,238.46,236.15,2.3100000000000023,False,BREAK_BEFORE_K1,0,0,,,False,,,BREAK_BEFORE_K1,2023-06-11 22:40:00+00:00,
90,01:30,3,2023-06-13,Tuesday,2023-06-12 18:30:00+00:00,2023-06-12 21:30:00+00:00,2023-06-12 21:30:00+00:00,2023-06-13 01:30:00+00:00,231.14,228.11,3.0299999999999727,True,,1,0,2023-06-12 21:45:00+00:00,2023-06-12 21:50:00+00:00,False,,,BREAK_DURING_K1,2023-06-12 21:50:00+00:00,
90,01:30,3,2023-06-14,Wednesday,2023-06-13 18:30:00+00:00,2023-06-13 21:30:00+00:00,2023-06-13 21:30:00+00:00,2023-06-14 01:30:00+00:00,245.0,236.63,8.370000000000005,True,,1,0,2023-06-14 00:00:00+00:00,2023-06-14 00:05:00+00:00,False,,,BREAK_DURING_K1,2023-06-14 00:05:00+00:00,
90,01:30,3,2023-06-15,Thursday,2023-06-14 18:30:00+00:00,2023-06-14 21:30:00+00:00,2023-06-14 21:30:00+00:00,2023-06-15 01:30:00+00:00,247.56,232.32,15.240000000000009,False,NO_K1,0,0,,,False,,,NO_K1,,
90,01:30,3,2023-06-16,Friday,2023-06-15 18:30:00+00:00,2023-06-15 21:30:00+00:00,2023-06-15 21:30:00+00:00,2023-06-16 01:30:00+00:00,238.97,233.87,5.099999999999994,False,NO_K1,0,0,,,False,,,NO_K1,,
90,01:30,3,2023-06-17,Saturday,2023-06-16 18:30:00+00:00,2023-06-16 21:30:00+00:00,2023-06-16 21:30:00+00:00,2023-06-17 01:30:00+00:00,241.6,238.72,2.8799999999999955,False,BREAK_BEFORE_K1,0,0,,,False,,,BREAK_BEFORE_K1,2023-06-16 21:30:00+00:00,
90,01:30,3,2023-06-18,Sunday,2023-06-17 18:30:00+00:00,2023-06-17 21:30:00+00:00,2023-06-17 21:30:00+00:00,2023-06-18 01:30:00+00:00,246.54,244.27,2.269999999999982,False,OPPOSITE_VISIT_BEFORE_K1,0,1,,,False,,,OPPOSITE_VISIT_BEFORE_K1,2023-06-17 23:30:00+00:00,
90,01:30,3,2023-06-19,Monday,2023-06-18 18:30:00+00:00,2023-06-18 21:30:00+00:00,2023-06-18 21:30:00+00:00,2023-06-19 01:30:00+00:00,246.68,242.99,3.6899999999999977,False,OPPOSITE_VISIT_BEFORE_K1,0,1,,,False,,,OPPOSITE_VISIT_BEFORE_K1,2023-06-18 21:55:00+00:00,
90,01:30,3,2023-06-20,Tuesday,2023-06-19 18:30:00+00:00,2023-06-19 21:30:00+00:00,2023-06-19 21:30:00+00:00,2023-06-20 01:30:00+00:00,243.31,239.52,3.789999999999992,True,,1,0,2023-06-19 22:30:00+00:00,2023-06-19 22:35:00+00:00,True,2023-06-19 22:45:00+00:00,2023-06-19 22:50:00+00:00,H2_ARRIVAL,2023-06-20 00:10:00+00:00,85.0
90,01:30,3,2023-06-21,Wednesday,2023-06-20 18:30:00+00:00,2023-06-20 21:30:00+00:00,2023-06-20 21:30:00+00:00,2023-06-21 01:30:00+00:00,245.86,242.14,3.7200000000000273,False,BREAK_BEFORE_K1,0,0,,,False,,,BREAK_BEFORE_K1,2023-06-20 23:15:00+00:00,
90,01:30,3,2023-06-22,Thursday,2023-06-21 18:30:00+00:00,2023-06-21 21:30:00+00:00,2023-06-21 21:30:00+00:00,2023-06-22 01:30:00+00:00,251.2,247.5,3.6999999999999886,False,BREAK_BEFORE_K1,0,0,,,False,,,BREAK_BEFORE_K1,2023-06-21 21:40:00+00:00,
90,01:30,3,2023-06-23,Friday,2023-06-22 18:30:00+00:00,2023-06-22 21:30:00+00:00,2023-06-22 21:30:00+00:00,2023-06-23 01:30:00+00:00,245.24,242.56,2.680000000000007,False,BREAK_BEFORE_K1,0,0,,,False,,,BREAK_BEFORE_K1,2023-06-22 21:35:00+00:00,
90,01:30,3,2023-06-24,Saturday,2023-06-23 18:30:00+00:00,2023-06-23 21:30:00+00:00,2023-06-23 21:30:00+00:00,2023-06-24 01:30:00+00:00,247.5,244.41,3.0900000000000034,False,OPPOSITE_VISIT_BEFORE_K1,0,1,,,False,,,OPPOSITE_VISIT_BEFORE_K1,2023-06-23 21:45:00+00:00,
90,01:30,3,2023-06-25,Sunday,2023-06-24 18:30:00+00:00,2023-06-24 21:30:00+00:00,2023-06-24 21:30:00+00:00,2023-06-25 01:30:00+00:00,237.46,233.61,3.8499999999999943,False,NO_K1,0,0,,,False,,,NO_K1,,
90,01:30,3,2023-06-26,Monday,2023-06-25 18:30:00+00:00,2023-06-25 21:30:00+00:00,2023-06-25 21:30:00+00:00,2023-06-26 01:30:00+00:00,238.9,236.78,2.1200000000000045,False,BREAK_BEFORE_K1,0,0,,,False,,,BREAK_BEFORE_K1,2023-06-25 22:20:00+00:00,
90,01:30,3,2023-06-27,Tuesday,2023-06-26 18:30:00+00:00,2023-06-26 21:30:00+00:00,2023-06-26 21:30:00+00:00,2023-06-27 01:30:00+00:00,236.96,234.86,2.0999999999999943,False,BREAK_BEFORE_K1,0,0,,,False,,,BREAK_BEFORE_K1,2023-06-26 21:55:00+00:00,
90,01:30,3,2023-06-28,Wednesday,2023-06-27 18:30:00+00:00,2023-06-27 21:30:00+00:00,2023-06-27 21:30:00+00:00,2023-06-28 01:30:00+00:00,239.3,238.15,1.1500000000000057,False,OPPOSITE_VISIT_BEFORE_K1,0,1,,,False,,,OPPOSITE_VISIT_BEFORE_K1,2023-06-27 22:25:00+00:00,
90,01:30,3,2023-06-29,Thursday,2023-06-28 18:30:00+00:00,2023-06-28 21:30:00+00:00,2023-06-28 21:30:00+00:00,2023-06-29 01:30:00+00:00,233.37,221.2,12.170000000000016,False,NO_K1,0,0,,,False,,,NO_K1,,
90,01:30,3,2023-06-30,Friday,2023-06-29 18:30:00+00:00,2023-06-29 21:30:00+00:00,2023-06-29 21:30:00+00:00,2023-06-30 01:30:00+00:00,234.1,232.2,1.9000000000000057,True,,1,0,2023-06-30 00:25:00+00:00,2023-06-30 00:30:00+00:00,False,,,BREAK_DURING_K1,2023-06-30 00:30:00+00:00,
90,01:30,3,2023-07-01,Saturday,2023-06-30 18:30:00+00:00,2023-06-30 21:30:00+00:00,2023-06-30 21:30:00+00:00,2023-07-01 01:30:00+00:00,241.52,238.38,3.140000000000015,False,BREAK_BEFORE_K1,0,0,,,False,,,BREAK_BEFORE_K1,2023-07-01 00:20:00+00:00,
90,01:30,3,2023-07-02,Sunday,2023-07-01 18:30:00+00:00,2023-07-01 21:30:00+00:00,2023-07-01 21:30:00+00:00,2023-07-02 01:30:00+00:00,249.54,246.34,3.1999999999999886,False,NO_K1,0,0,,,False,,,NO_K1,,
90,01:30,3,2023-07-03,Monday,2023-07-02 18:30:00+00:00,2023-07-02 21:30:00+00:00,2023-07-02 21:30:00+00:00,2023-07-03 01:30:00+00:00,245.78,243.5,2.280000000000001,True,,1,0,2023-07-02 21:30:00+00:00,2023-07-02 21:35:00+00:00,False,,,BREAK_DURING_K1,2023-07-02 21:35:00+00:00,
90,01:30,3,2023-07-04,Tuesday,2023-07-03 18:30:00+00:00,2023-07-03 21:30:00+00:00,2023-07-03 21:30:00+00:00,2023-07-04 01:30:00+00:00,248.6,245.1,3.5,False,NO_K1,0,0,,,False,,,NO_K1,,
90,01:30,3,2023-07-05,Wednesday,2023-07-04 18:30:00+00:00,2023-07-04 21:30:00+00:00,2023-07-04 21:30:00+00:00,2023-07-05 01:30:00+00:00,242.69,240.15,2.539999999999992,False,BREAK_BEFORE_K1,0,0,,,False,,,BREAK_BEFORE_K1,2023-07-04 22:10:00+00:00,
90,01:30,3,2023-07-06,Thursday,2023-07-05 18:30:00+00:00,2023-07-05 21:30:00+00:00,2023-07-05 21:30:00+00:00,2023-07-06 01:30:00+00:00,239.67,237.98,1.6899999999999977,False,OPPOSITE_VISIT_BEFORE_K1,0,1,,,False,,,OPPOSITE_VISIT_BEFORE_K1,2023-07-05 23:10:00+00:00,
90,01:30,3,2023-07-07,Friday,2023-07-06 18:30:00+00:00,2023-07-06 21:30:00+00:00,2023-07-06 21:30:00+00:00,2023-07-07 01:30:00+00:00,239.02,233.3,5.719999999999999,False,OPPOSITE_VISIT_BEFORE_K1,0,1,,,False,,,OPPOSITE_VISIT_BEFORE_K1,2023-07-06 21:30:00+00:00,
90,01:30,3,2023-07-08,Saturday,2023-07-07 18:30:00+00:00,2023-07-07 21:30:00+00:00,2023-07-07 21:30:00+00:00,2023-07-08 01:30:00+00:00,235.47,233.49,1.9799999999999898,True,,1,0,2023-07-07 21:30:00+00:00,2023-07-07 21:35:00+00:00,True,2023-07-07 21:35:00+00:00,2023-07-07 21:40:00+00:00,H2_ARRIVAL,2023-07-07 22:15:00+00:00,40.0
90,01:30,3,2023-07-09,Sunday,2023-07-08 18:30:00+00:00,2023-07-08 21:30:00+00:00,2023-07-08 21:30:00+00:00,2023-07-09 01:30:00+00:00,236.04,233.53,2.509999999999991,False,BREAK_BEFORE_K1,0,0,,,False,,,BREAK_BEFORE_K1,2023-07-08 23:00:00+00:00,
90,01:30,3,2023-07-10,Monday,2023-07-09 18:30:00+00:00,2023-07-09 21:30:00+00:00,2023-07-09 21:30:00+00:00,2023-07-10 01:30:00+00:00,234.78,233.75,1.0300000000000011,False,BREAK_BEFORE_K1,0,0,,,False,,,BREAK_BEFORE_K1,2023-07-09 22:00:00+00:00,
90,01:30,3,2023-07-11,Tuesday,2023-07-10 18:30:00+00:00,2023-07-10 21:30:00+00:00,2023-07-10 21:30:00+00:00,2023-07-11 01:30:00+00:00,246.29,244.15,2.1399999999999864,False,OPPOSITE_VISIT_BEFORE_K1,0,1,,,False,,,OPPOSITE_VISIT_BEFORE_K1,2023-07-10 21:55:00+00:00,
90,01:30,3,2023-07-12,Wednesday,2023-07-11 18:30:00+00:00,2023-07-11 21:30:00+00:00,2023-07-11 21:30:00+00:00,2023-07-12 01:30:00+00:00,248.0,246.6,1.4000000000000057,False,BREAK_BEFORE_K1,0,0,,,False,,,BREAK_BEFORE_K1,2023-07-11 22:05:00+00:00,
90,01:30,3,2023-07-13,Thursday,2023-07-12 18:30:00+00:00,2023-07-12 21:30:00+00:00,2023-07-12 21:30:00+00:00,2023-07-13 01:30:00+00:00,243.72,242.12,1.5999999999999943,True,,1,0,2023-07-12 23:30:00+00:00,2023-07-12 23:35:00+00:00,False,,,BREAK_DURING_K1,2023-07-12 23:35:00+00:00,
90,01:30,3,2023-07-14,Friday,2023-07-13 18:30:00+00:00,2023-07-13 21:30:00+00:00,2023-07-13 21:30:00+00:00,2023-07-14 01:30:00+00:00,256.05,250.44,5.610000000000014,True,,1,0,2023-07-13 23:40:00+00:00,2023-07-13 23:45:00+00:00,True,2023-07-13 23:45:00+00:00,2023-07-13 23:50:00+00:00,H2_ARRIVAL,2023-07-13 23:50:00+00:00,5.0
90,01:30,3,2023-07-15,Saturday,2023-07-14 18:30:00+00:00,2023-07-14 21:30:00+00:00,2023-07-14 21:30:00+00:00,2023-07-15 01:30:00+00:00,246.86,241.04,5.820000000000022,True,,1,0,2023-07-14 23:20:00+00:00,2023-07-14 23:25:00+00:00,False,,,BREAK_DURING_K1,2023-07-14 23:25:00+00:00,
90,01:30,3,2023-07-16,Sunday,2023-07-15 18:30:00+00:00,2023-07-15 21:30:00+00:00,2023-07-15 21:30:00+00:00,2023-07-16 01:30:00+00:00,251.74,249.63,2.1100000000000136,False,OPPOSITE_VISIT_BEFORE_K1,0,1,,,False,,,OPPOSITE_VISIT_BEFORE_K1,2023-07-15 21:30:00+00:00,
90,01:30,3,2023-07-17,Monday,2023-07-16 18:30:00+00:00,2023-07-16 21:30:00+00:00,2023-07-16 21:30:00+00:00,2023-07-17 01:30:00+00:00,245.43,243.0,2.430000000000007,False,OPPOSITE_VISIT_BEFORE_K1,0,1,,,False,,,OPPOSITE_VISIT_BEFORE_K1,2023-07-16 23:20:00+00:00,
90,01:30,3,2023-07-18,Tuesday,2023-07-17 18:30:00+00:00,2023-07-17 21:30:00+00:00,2023-07-17 21:30:00+00:00,2023-07-18 01:30:00+00:00,243.03,239.89,3.140000000000015,False,BREAK_BEFORE_K1,0,0,,,False,,,BREAK_BEFORE_K1,2023-07-17 21:40:00+00:00,
90,01:30,3,2023-07-19,Wednesday,2023-07-18 18:30:00+00:00,2023-07-18 21:30:00+00:00,2023-07-18 21:30:00+00:00,2023-07-19 01:30:00+00:00,241.45,239.23,2.219999999999999,False,BREAK_BEFORE_K1,0,0,,,False,,,BREAK_BEFORE_K1,2023-07-19 00:30:00+00:00,
90,01:30,3,2023-07-20,Thursday,2023-07-19 18:30:00+00:00,2023-07-19 21:30:00+00:00,2023-07-19 21:30:00+00:00,2023-07-20 01:30:00+00:00,243.0,240.27,2.7299999999999898,False,NO_K1,0,0,,,False,,,NO_K1,,
90,01:30,3,2023-07-21,Friday,2023-07-20 18:30:00+00:00,2023-07-20 21:30:00+00:00,2023-07-20 21:30:00+00:00,2023-07-21 01:30:00+00:00,243.12,240.49,2.6299999999999955,False,BREAK_BEFORE_K1,0,0,,,False,,,BREAK_BEFORE_K1,2023-07-20 21:30:00+00:00,
90,01:30,3,2023-07-22,Saturday,2023-07-21 18:30:00+00:00,2023-07-21 21:30:00+00:00,2023-07-21 21:30:00+00:00,2023-07-22 01:30:00+00:00,245.11,242.8,2.3100000000000023,False,NO_K1,0,0,,,False,,,NO_K1,,
90,01:30,3,2023-07-23,Sunday,2023-07-22 18:30:00+00:00,2023-07-22 21:30:00+00:00,2023-07-22 21:30:00+00:00,2023-07-23 01:30:00+00:00,242.82,241.81,1.009999999999991,False,OPPOSITE_VISIT_BEFORE_K1,0,1,,,False,,,OPPOSITE_VISIT_BEFORE_K1,2023-07-22 22:35:00+00:00,
90,01:30,3,2023-07-24,Monday,2023-07-23 18:30:00+00:00,2023-07-23 21:30:00+00:00,2023-07-23 21:30:00+00:00,2023-07-24 01:30:00+00:00,244.12,241.97,2.1500000000000057,False,OPPOSITE_VISIT_BEFORE_K1,0,1,,,False,,,OPPOSITE_VISIT_BEFORE_K1,2023-07-23 21:40:00+00:00,
90,01:30,3,2023-07-25,Tuesday,2023-07-24 18:30:00+00:00,2023-07-24 21:30:00+00:00,2023-07-24 21:30:00+00:00,2023-07-25 01:30:00+00:00,238.65,237.66,0.9900000000000091,False,BREAK_BEFORE_K1,0,0,,,False,,,BREAK_BEFORE_K1,2023-07-24 21:30:00+00:00,
90,01:30,3,2023-07-26,Wednesday,2023-07-25 18:30:00+00:00,2023-07-25 21:30:00+00:00,2023-07-25 21:30:00+00:00,2023-07-26 01:30:00+00:00,238.52,236.95,1.5700000000000216,False,OPPOSITE_VISIT_BEFORE_K1,0,1,,,False,,,OPPOSITE_VISIT_BEFORE_K1,2023-07-26 01:05:00+00:00,
90,01:30,3,2023-07-27,Thursday,2023-07-26 18:30:00+00:00,2023-07-26 21:30:00+00:00,2023-07-26 21:30:00+00:00,2023-07-27 01:30:00+00:00,240.65,237.3,3.3499999999999943,False,NO_K1,0,0,,,False,,,NO_K1,,
90,01:30,3,2023-07-28,Friday,2023-07-27 18:30:00+00:00,2023-07-27 21:30:00+00:00,2023-07-27 21:30:00+00:00,2023-07-28 01:30:00+00:00,240.6,239.46,1.1399999999999864,False,BREAK_BEFORE_K1,0,0,,,False,,,BREAK_BEFORE_K1,2023-07-27 21:30:00+00:00,
90,01:30,3,2023-07-29,Saturday,2023-07-28 18:30:00+00:00,2023-07-28 21:30:00+00:00,2023-07-28 21:30:00+00:00,2023-07-29 01:30:00+00:00,243.11,241.82,1.2900000000000205,False,OPPOSITE_VISIT_BEFORE_K1,0,1,,,False,,,OPPOSITE_VISIT_BEFORE_K1,2023-07-29 00:00:00+00:00,
90,01:30,3,2023-07-30,Sunday,2023-07-29 18:30:00+00:00,2023-07-29 21:30:00+00:00,2023-07-29 21:30:00+00:00,2023-07-30 01:30:00+00:00,242.72,241.75,0.9699999999999989,False,BREAK_BEFORE_K1,0,0,,,False,,,BREAK_BEFORE_K1,2023-07-29 23:40:00+00:00,
90,01:30,3,2023-07-31,Monday,2023-07-30 18:30:00+00:00,2023-07-30 21:30:00+00:00,2023-07-30 21:30:00+00:00,2023-07-31 01:30:00+00:00,243.71,240.39,3.3200000000000216,False,BREAK_BEFORE_K1,0,0,,,False,,,BREAK_BEFORE_K1,2023-07-31 00:55:00+00:00,
90,01:30,3,2023-08-01,Tuesday,2023-07-31 18:30:00+00:00,2023-07-31 21:30:00+00:00,2023-07-31 21:30:00+00:00,2023-08-01 01:30:00+00:00,242.31,240.57,1.740000000000009,False,NO_K1,0,0,,,False,,,NO_K1,,
90,01:30,3,2023-08-02,Wednesday,2023-08-01 18:30:00+00:00,2023-08-01 21:30:00+00:00,2023-08-01 21:30:00+00:00,2023-08-02 01:30:00+00:00,247.34,245.86,1.4799999999999898,False,BREAK_BEFORE_K1,0,0,,,False,,,BREAK_BEFORE_K1,2023-08-01 21:35:00+00:00,
90,01:30,3,2023-08-03,Thursday,2023-08-02 18:30:00+00:00,2023-08-02 21:30:00+00:00,2023-08-02 21:30:00+00:00,2023-08-03 01:30:00+00:00,242.25,240.37,1.8799999999999955,True,,1,0,2023-08-02 22:10:00+00:00,2023-08-02 22:15:00+00:00,True,2023-08-02 22:15:00+00:00,2023-08-02 22:20:00+00:00,OPPOSITE_BREAK_BEFORE_H2,2023-08-03 00:55:00+00:00,
90,01:30,3,2023-08-04,Friday,2023-08-03 18:30:00+00:00,2023-08-03 21:30:00+00:00,2023-08-03 21:30:00+00:00,2023-08-04 01:30:00+00:00,241.74,240.58,1.1599999999999966,False,BREAK_BEFORE_K1,0,0,,,False,,,BREAK_BEFORE_K1,2023-08-03 22:05:00+00:00,
90,01:30,3,2023-08-05,Saturday,2023-08-04 18:30:00+00:00,2023-08-04 21:30:00+00:00,2023-08-04 21:30:00+00:00,2023-08-05 01:30:00+00:00,242.14,240.11,2.0299999999999727,True,,1,0,2023-08-05 00:45:00+00:00,2023-08-05 00:50:00+00:00,True,2023-08-05 00:50:00+00:00,2023-08-05 00:55:00+00:00,NO_H2_BY_END,,
90,01:30,3,2023-08-06,Sunday,2023-08-05 18:30:00+00:00,2023-08-05 21:30:00+00:00,2023-08-05 21:30:00+00:00,2023-08-06 01:30:00+00:00,243.37,242.54,0.8300000000000125,True,,1,0,2023-08-06 00:00:00+00:00,2023-08-06 00:05:00+00:00,False,,,BREAK_DURING_K1,2023-08-06 00:15:00+00:00,
90,01:30,3,2023-08-07,Monday,2023-08-06 18:30:00+00:00,2023-08-06 21:30:00+00:00,2023-08-06 21:30:00+00:00,2023-08-07 01:30:00+00:00,244.16,243.15,1.009999999999991,False,BREAK_BEFORE_K1,0,0,,,False,,,BREAK_BEFORE_K1,2023-08-06 21:50:00+00:00,
90,01:30,3,2023-08-08,Tuesday,2023-08-07 18:30:00+00:00,2023-08-07 21:30:00+00:00,2023-08-07 21:30:00+00:00,2023-08-08 01:30:00+00:00,242.07,240.87,1.1999999999999886,True,,1,0,2023-08-07 21:30:00+00:00,2023-08-07 21:35:00+00:00,True,2023-08-07 21:35:00+00:00,2023-08-07 21:40:00+00:00,H2_ARRIVAL,2023-08-08 00:05:00+00:00,150.0
90,01:30,3,2023-08-09,Wednesday,2023-08-08 18:30:00+00:00,2023-08-08 21:30:00+00:00,2023-08-08 21:30:00+00:00,2023-08-09 01:30:00+00:00,248.15,246.09,2.0600000000000023,False,OPPOSITE_VISIT_BEFORE_K1,0,1,,,False,,,OPPOSITE_VISIT_BEFORE_K1,2023-08-08 21:30:00+00:00,
90,01:30,3,2023-08-10,Thursday,2023-08-09 18:30:00+00:00,2023-08-09 21:30:00+00:00,2023-08-09 21:30:00+00:00,2023-08-10 01:30:00+00:00,243.69,242.75,0.9399999999999977,True,,1,0,2023-08-09 22:10:00+00:00,2023-08-09 22:15:00+00:00,True,2023-08-09 22:20:00+00:00,2023-08-09 22:25:00+00:00,H2_ARRIVAL,2023-08-09 22:50:00+00:00,30.0
90,01:30,3,2023-08-11,Friday,2023-08-10 18:30:00+00:00,2023-08-10 21:30:00+00:00,2023-08-10 21:30:00+00:00,2023-08-11 01:30:00+00:00,241.19,240.34,0.8499999999999943,False,BREAK_BEFORE_K1,0,0,,,False,,,BREAK_BEFORE_K1,2023-08-10 22:30:00+00:00,
90,01:30,3,2023-08-12,Saturday,2023-08-11 18:30:00+00:00,2023-08-11 21:30:00+00:00,2023-08-11 21:30:00+00:00,2023-08-12 01:30:00+00:00,239.24,238.5,0.7400000000000091,True,,1,0,2023-08-11 23:20:00+00:00,2023-08-11 23:25:00+00:00,False,,,BREAK_DURING_K1,2023-08-11 23:25:00+00:00,
90,01:30,3,2023-08-13,Sunday,2023-08-12 18:30:00+00:00,2023-08-12 21:30:00+00:00,2023-08-12 21:30:00+00:00,2023-08-13 01:30:00+00:00,240.72,240.2,0.5200000000000102,False,OPPOSITE_VISIT_BEFORE_K1,0,1,,,False,,,OPPOSITE_VISIT_BEFORE_K1,2023-08-12 21:30:00+00:00,
90,01:30,3,2023-08-14,Monday,2023-08-13 18:30:00+00:00,2023-08-13 21:30:00+00:00,2023-08-13 21:30:00+00:00,2023-08-14 01:30:00+00:00,241.75,240.7,1.0500000000000114,False,OPPOSITE_VISIT_BEFORE_K1,0,1,,,False,,,OPPOSITE_VISIT_BEFORE_K1,2023-08-13 21:30:00+00:00,
90,01:30,3,2023-08-15,Tuesday,2023-08-14 18:30:00+00:00,2023-08-14 21:30:00+00:00,2023-08-14 21:30:00+00:00,2023-08-15 01:30:00+00:00,240.46,239.7,0.7600000000000193,False,BREAK_BEFORE_K1,0,0,,,False,,,BREAK_BEFORE_K1,2023-08-14 21:40:00+00:00,
90,01:30,3,2023-08-16,Wednesday,2023-08-15 18:30:00+00:00,2023-08-15 21:30:00+00:00,2023-08-15 21:30:00+00:00,2023-08-16 01:30:00+00:00,239.3,232.21,7.090000000000003,False,NO_K1,0,0,,,False,,,NO_K1,,
90,01:30,3,2023-08-17,Thursday,2023-08-16 18:30:00+00:00,2023-08-16 21:30:00+00:00,2023-08-16 21:30:00+00:00,2023-08-17 01:30:00+00:00,235.2,230.1,5.099999999999994,False,BREAK_BEFORE_K1,0,0,,,False,,,BREAK_BEFORE_K1,2023-08-17 00:40:00+00:00,
90,01:30,3,2023-08-18,Friday,2023-08-17 18:30:00+00:00,2023-08-17 21:30:00+00:00,2023-08-17 21:30:00+00:00,2023-08-18 01:30:00+00:00,226.64,222.45,4.189999999999998,False,BREAK_BEFORE_K1,0,0,,,False,,,BREAK_BEFORE_K1,2023-08-17 21:35:00+00:00,
90,01:30,3,2023-08-19,Saturday,2023-08-18 18:30:00+00:00,2023-08-18 21:30:00+00:00,2023-08-18 21:30:00+00:00,2023-08-19 01:30:00+00:00,217.82,215.54,2.280000000000001,False,NO_K1,0,0,,,False,,,NO_K1,,
90,01:30,3,2023-08-20,Sunday,2023-08-19 18:30:00+00:00,2023-08-19 21:30:00+00:00,2023-08-19 21:30:00+00:00,2023-08-20 01:30:00+00:00,217.6,215.5,2.0999999999999943,False,NO_K1,0,0,,,False,,,NO_K1,,
90,01:30,3,2023-08-21,Monday,2023-08-20 18:30:00+00:00,2023-08-20 21:30:00+00:00,2023-08-20 21:30:00+00:00,2023-08-21 01:30:00+00:00,218.0,216.51,1.490000000000009,False,BREAK_BEFORE_K1,0,0,,,False,,,BREAK_BEFORE_K1,2023-08-20 23:05:00+00:00,
90,01:30,3,2023-08-22,Tuesday,2023-08-21 18:30:00+00:00,2023-08-21 21:30:00+00:00,2023-08-21 21:30:00+00:00,2023-08-22 01:30:00+00:00,212.12,209.47,2.6500000000000057,False,NO_K1,0,0,,,False,,,NO_K1,,
90,01:30,3,2023-08-23,Wednesday,2023-08-22 18:30:00+00:00,2023-08-22 21:30:00+00:00,2023-08-22 21:30:00+00:00,2023-08-23 01:30:00+00:00,211.48,204.06,7.4199999999999875,False,BREAK_BEFORE_K1,0,0,,,False,,,BREAK_BEFORE_K1,2023-08-22 23:10:00+00:00,
90,01:30,3,2023-08-24,Thursday,2023-08-23 18:30:00+00:00,2023-08-23 21:30:00+00:00,2023-08-23 21:30:00+00:00,2023-08-24 01:30:00+00:00,218.63,216.36,2.269999999999982,False,BREAK_BEFORE_K1,0,0,,,False,,,BREAK_BEFORE_K1,2023-08-23 21:30:00+00:00,
90,01:30,3,2023-08-25,Friday,2023-08-24 18:30:00+00:00,2023-08-24 21:30:00+00:00,2023-08-24 21:30:00+00:00,2023-08-25 01:30:00+00:00,217.61,215.4,2.210000000000008,True,,1,0,2023-08-24 22:30:00+00:00,2023-08-24 22:35:00+00:00,True,2023-08-24 22:40:00+00:00,2023-08-24 22:45:00+00:00,H2_ARRIVAL,2023-08-24 22:50:00+00:00,10.0
90,01:30,3,2023-08-26,Saturday,2023-08-25 18:30:00+00:00,2023-08-25 21:30:00+00:00,2023-08-25 21:30:00+00:00,2023-08-26 01:30:00+00:00,218.37,216.96,1.4099999999999966,True,,1,0,2023-08-25 22:10:00+00:00,2023-08-25 22:15:00+00:00,True,2023-08-25 22:15:00+00:00,2023-08-25 22:20:00+00:00,H2_ARRIVAL,2023-08-25 23:50:00+00:00,95.0
90,01:30,3,2023-08-27,Sunday,2023-08-26 18:30:00+00:00,2023-08-26 21:30:00+00:00,2023-08-26 21:30:00+00:00,2023-08-27 01:30:00+00:00,216.77,216.18,0.5900000000000034,False,BREAK_BEFORE_K1,0,0,,,False,,,BREAK_BEFORE_K1,2023-08-26 23:10:00+00:00,
90,01:30,3,2023-08-28,Monday,2023-08-27 18:30:00+00:00,2023-08-27 21:30:00+00:00,2023-08-27 21:30:00+00:00,2023-08-28 01:30:00+00:00,219.08,218.03,1.0500000000000114,False,BREAK_BEFORE_K1,0,0,,,False,,,BREAK_BEFORE_K1,2023-08-27 21:50:00+00:00,
90,01:30,3,2023-08-29,Tuesday,2023-08-28 18:30:00+00:00,2023-08-28 21:30:00+00:00,2023-08-28 21:30:00+00:00,2023-08-29 01:30:00+00:00,218.88,217.28,1.5999999999999943,False,BREAK_BEFORE_K1,0,0,,,False,,,BREAK_BEFORE_K1,2023-08-28 23:15:00+00:00,
90,01:30,3,2023-08-30,Wednesday,2023-08-29 18:30:00+00:00,2023-08-29 21:30:00+00:00,2023-08-29 21:30:00+00:00,2023-08-30 01:30:00+00:00,228.67,225.79,2.8799999999999955,False,OPPOSITE_VISIT_BEFORE_K1,0,1,,,False,,,OPPOSITE_VISIT_BEFORE_K1,2023-08-30 00:25:00+00:00,
90,01:30,3,2023-08-31,Thursday,2023-08-30 18:30:00+00:00,2023-08-30 21:30:00+00:00,2023-08-30 21:30:00+00:00,2023-08-31 01:30:00+00:00,223.82,222.26,1.5600000000000023,True,,1,0,2023-08-30 23:15:00+00:00,2023-08-30 23:20:00+00:00,False,,,BREAK_DURING_K1,2023-08-30 23:20:00+00:00,
90,01:30,3,2023-09-01,Friday,2023-08-31 18:30:00+00:00,2023-08-31 21:30:00+00:00,2023-08-31 21:30:00+00:00,2023-09-01 01:30:00+00:00,217.74,213.91,3.8300000000000125,True,,1,0,2023-09-01 00:15:00+00:00,2023-09-01 00:20:00+00:00,False,,,BREAK_DURING_K1,2023-09-01 00:20:00+00:00,
90,01:30,3,2023-09-02,Saturday,2023-09-01 18:30:00+00:00,2023-09-01 21:30:00+00:00,2023-09-01 21:30:00+00:00,2023-09-02 01:30:00+00:00,215.03,211.51,3.5200000000000102,True,,1,0,2023-09-02 01:15:00+00:00,2023-09-02 01:20:00+00:00,True,2023-09-02 01:20:00+00:00,2023-09-02 01:25:00+00:00,NO_H2_BY_END,,
90,01:30,3,2023-09-03,Sunday,2023-09-02 18:30:00+00:00,2023-09-02 21:30:00+00:00,2023-09-02 21:30:00+00:00,2023-09-03 01:30:00+00:00,214.22,213.0,1.2199999999999989,True,,1,0,2023-09-02 21:40:00+00:00,2023-09-02 21:45:00+00:00,True,2023-09-02 21:50:00+00:00,2023-09-02 21:55:00+00:00,H2_ARRIVAL,2023-09-02 22:55:00+00:00,65.0
90,01:30,3,2023-09-04,Monday,2023-09-03 18:30:00+00:00,2023-09-03 21:30:00+00:00,2023-09-03 21:30:00+00:00,2023-09-04 01:30:00+00:00,214.82,213.87,0.9499999999999886,False,NO_K1,0,0,,,False,,,NO_K1,,
90,01:30,3,2023-09-05,Tuesday,2023-09-04 18:30:00+00:00,2023-09-04 21:30:00+00:00,2023-09-04 21:30:00+00:00,2023-09-05 01:30:00+00:00,215.91,214.54,1.3700000000000045,False,BREAK_BEFORE_K1,0,0,,,False,,,BREAK_BEFORE_K1,2023-09-04 21:35:00+00:00,
90,01:30,3,2023-09-06,Wednesday,2023-09-05 18:30:00+00:00,2023-09-05 21:30:00+00:00,2023-09-05 21:30:00+00:00,2023-09-06 01:30:00+00:00,215.38,214.11,1.2699999999999818,False,OPPOSITE_VISIT_BEFORE_K1,0,1,,,False,,,OPPOSITE_VISIT_BEFORE_K1,2023-09-05 22:00:00+00:00,
90,01:30,3,2023-09-07,Thursday,2023-09-06 18:30:00+00:00,2023-09-06 21:30:00+00:00,2023-09-06 21:30:00+00:00,2023-09-07 01:30:00+00:00,215.45,214.29,1.1599999999999966,False,NO_K1,0,0,,,False,,,NO_K1,,
90,01:30,3,2023-09-08,Friday,2023-09-07 18:30:00+00:00,2023-09-07 21:30:00+00:00,2023-09-07 21:30:00+00:00,2023-09-08 01:30:00+00:00,217.9,214.44,3.460000000000008,True,,1,0,2023-09-08 00:45:00+00:00,2023-09-08 00:50:00+00:00,False,,,BREAK_DURING_K1,2023-09-08 00:50:00+00:00,
90,01:30,3,2023-09-09,Saturday,2023-09-08 18:30:00+00:00,2023-09-08 21:30:00+00:00,2023-09-08 21:30:00+00:00,2023-09-09 01:30:00+00:00,214.45,213.4,1.049999999999983,True,,1,0,2023-09-08 21:50:00+00:00,2023-09-08 21:55:00+00:00,True,2023-09-08 21:55:00+00:00,2023-09-08 22:00:00+00:00,H2_ARRIVAL,2023-09-08 23:00:00+00:00,65.0
90,01:30,3,2023-09-10,Sunday,2023-09-09 18:30:00+00:00,2023-09-09 21:30:00+00:00,2023-09-09 21:30:00+00:00,2023-09-10 01:30:00+00:00,214.89,214.52,0.3699999999999761,False,OPPOSITE_VISIT_BEFORE_K1,0,1,,,False,,,OPPOSITE_VISIT_BEFORE_K1,2023-09-09 21:35:00+00:00,
90,01:30,3,2023-09-11,Monday,2023-09-10 18:30:00+00:00,2023-09-10 21:30:00+00:00,2023-09-10 21:30:00+00:00,2023-09-11 01:30:00+00:00,213.69,211.1,2.5900000000000034,True,,1,0,2023-09-10 22:30:00+00:00,2023-09-10 22:35:00+00:00,True,2023-09-10 22:40:00+00:00,2023-09-10 22:45:00+00:00,NO_H2_BY_END,,
90,01:30,3,2023-09-12,Tuesday,2023-09-11 18:30:00+00:00,2023-09-11 21:30:00+00:00,2023-09-11 21:30:00+00:00,2023-09-12 01:30:00+00:00,206.88,203.75,3.1299999999999955,False,NO_K1,0,0,,,False,,,NO_K1,,
90,01:30,3,2023-09-13,Wednesday,2023-09-12 18:30:00+00:00,2023-09-12 21:30:00+00:00,2023-09-12 21:30:00+00:00,2023-09-13 01:30:00+00:00,213.63,211.64,1.990000000000009,False,OPPOSITE_VISIT_BEFORE_K1,0,1,,,False,,,OPPOSITE_VISIT_BEFORE_K1,2023-09-12 23:00:00+00:00,
90,01:30,3,2023-09-14,Thursday,2023-09-13 18:30:00+00:00,2023-09-13 21:30:00+00:00,2023-09-13 21:30:00+00:00,2023-09-14 01:30:00+00:00,212.68,211.16,1.5200000000000102,False,BREAK_BEFORE_K1,0,0,,,False,,,BREAK_BEFORE_K1,2023-09-13 21:30:00+00:00,
90,01:30,3,2023-09-15,Friday,2023-09-14 18:30:00+00:00,2023-09-14 21:30:00+00:00,2023-09-14 21:30:00+00:00,2023-09-15 01:30:00+00:00,213.06,211.6,1.460000000000008,False,OPPOSITE_VISIT_BEFORE_K1,0,1,,,False,,,OPPOSITE_VISIT_BEFORE_K1,2023-09-15 01:05:00+00:00,
90,01:30,3,2023-09-16,Saturday,2023-09-15 18:30:00+00:00,2023-09-15 21:30:00+00:00,2023-09-15 21:30:00+00:00,2023-09-16 01:30:00+00:00,213.35,211.6,1.75,True,,1,0,2023-09-15 22:15:00+00:00,2023-09-15 22:20:00+00:00,True,2023-09-15 22:25:00+00:00,2023-09-15 22:30:00+00:00,H2_ARRIVAL,2023-09-15 22:30:00+00:00,5.0
90,01:30,3,2023-09-17,Sunday,2023-09-16 18:30:00+00:00,2023-09-16 21:30:00+00:00,2023-09-16 21:30:00+00:00,2023-09-17 01:30:00+00:00,214.83,214.06,0.7700000000000102,True,,1,0,2023-09-16 21:50:00+00:00,2023-09-16 21:55:00+00:00,True,2023-09-16 21:55:00+00:00,2023-09-16 22:00:00+00:00,H2_ARRIVAL,2023-09-16 22:35:00+00:00,40.0
90,01:30,3,2023-09-18,Monday,2023-09-17 18:30:00+00:00,2023-09-17 21:30:00+00:00,2023-09-17 21:30:00+00:00,2023-09-18 01:30:00+00:00,216.49,214.97,1.5200000000000102,True,,1,0,2023-09-18 00:05:00+00:00,2023-09-18 00:10:00+00:00,True,2023-09-18 00:20:00+00:00,2023-09-18 00:25:00+00:00,H2_ARRIVAL,2023-09-18 01:10:00+00:00,50.0
90,01:30,3,2023-09-19,Tuesday,2023-09-18 18:30:00+00:00,2023-09-18 21:30:00+00:00,2023-09-18 21:30:00+00:00,2023-09-19 01:30:00+00:00,217.21,215.12,2.0900000000000034,False,NO_K1,0,0,,,False,,,NO_K1,,
90,01:30,3,2023-09-20,Wednesday,2023-09-19 18:30:00+00:00,2023-09-19 21:30:00+00:00,2023-09-19 21:30:00+00:00,2023-09-20 01:30:00+00:00,217.44,216.24,1.1999999999999886,True,,1,0,2023-09-19 23:20:00+00:00,2023-09-19 23:25:00+00:00,True,2023-09-19 23:25:00+00:00,2023-09-19 23:30:00+00:00,NO_H2_BY_END,,
90,01:30,3,2023-09-21,Thursday,2023-09-20 18:30:00+00:00,2023-09-20 21:30:00+00:00,2023-09-20 21:30:00+00:00,2023-09-21 01:30:00+00:00,216.97,212.78,4.189999999999998,True,,1,0,2023-09-20 22:35:00+00:00,2023-09-20 22:40:00+00:00,True,2023-09-20 22:40:00+00:00,2023-09-20 22:45:00+00:00,NO_H2_BY_END,,
90,01:30,3,2023-09-22,Friday,2023-09-21 18:30:00+00:00,2023-09-21 21:30:00+00:00,2023-09-21 21:30:00+00:00,2023-09-22 01:30:00+00:00,211.04,209.93,1.1099999999999852,False,BREAK_BEFORE_K1,0,0,,,False,,,BREAK_BEFORE_K1,2023-09-21 23:05:00+00:00,
90,01:30,3,2023-09-23,Saturday,2023-09-22 18:30:00+00:00,2023-09-22 21:30:00+00:00,2023-09-22 21:30:00+00:00,2023-09-23 01:30:00+00:00,211.29,210.18,1.1099999999999852,True,,1,0,2023-09-22 22:05:00+00:00,2023-09-22 22:10:00+00:00,True,2023-09-22 22:10:00+00:00,2023-09-22 22:15:00+00:00,H2_ARRIVAL,2023-09-22 22:15:00+00:00,5.0
90,01:30,3,2023-09-24,Sunday,2023-09-23 18:30:00+00:00,2023-09-23 21:30:00+00:00,2023-09-23 21:30:00+00:00,2023-09-24 01:30:00+00:00,210.88,210.27,0.6099999999999852,False,OPPOSITE_VISIT_BEFORE_K1,0,1,,,False,,,OPPOSITE_VISIT_BEFORE_K1,2023-09-23 22:30:00+00:00,
90,01:30,3,2023-09-25,Monday,2023-09-24 18:30:00+00:00,2023-09-24 21:30:00+00:00,2023-09-24 21:30:00+00:00,2023-09-25 01:30:00+00:00,210.7,208.55,2.1499999999999773,False,BREAK_BEFORE_K1,0,0,,,False,,,BREAK_BEFORE_K1,2023-09-24 23:25:00+00:00,
90,01:30,3,2023-09-26,Tuesday,2023-09-25 18:30:00+00:00,2023-09-25 21:30:00+00:00,2023-09-25 21:30:00+00:00,2023-09-26 01:30:00+00:00,210.69,209.57,1.1200000000000045,False,NO_K1,0,0,,,False,,,NO_K1,,
90,01:30,3,2023-09-27,Wednesday,2023-09-26 18:30:00+00:00,2023-09-26 21:30:00+00:00,2023-09-26 21:30:00+00:00,2023-09-27 01:30:00+00:00,212.56,210.73,1.8300000000000125,True,,1,0,2023-09-26 23:35:00+00:00,2023-09-26 23:40:00+00:00,False,,,BREAK_DURING_K1,2023-09-26 23:40:00+00:00,
90,01:30,3,2023-09-28,Thursday,2023-09-27 18:30:00+00:00,2023-09-27 21:30:00+00:00,2023-09-27 21:30:00+00:00,2023-09-28 01:30:00+00:00,212.18,211.19,0.9900000000000091,False,BREAK_BEFORE_K1,0,0,,,False,,,BREAK_BEFORE_K1,2023-09-27 23:40:00+00:00,
90,01:30,3,2023-09-29,Friday,2023-09-28 18:30:00+00:00,2023-09-28 21:30:00+00:00,2023-09-28 21:30:00+00:00,2023-09-29 01:30:00+00:00,215.77,214.31,1.460000000000008,True,,1,0,2023-09-29 00:30:00+00:00,2023-09-29 00:35:00+00:00,True,2023-09-29 00:35:00+00:00,2023-09-29 00:40:00+00:00,NO_H2_BY_END,,
90,01:30,3,2023-09-30,Saturday,2023-09-29 18:30:00+00:00,2023-09-29 21:30:00+00:00,2023-09-29 21:30:00+00:00,2023-09-30 01:30:00+00:00,216.12,215.3,0.8199999999999932,False,BREAK_BEFORE_K1,0,0,,,False,,,BREAK_BEFORE_K1,2023-09-29 21:55:00+00:00,
90,01:30,3,2023-10-01,Sunday,2023-09-30 18:30:00+00:00,2023-09-30 21:30:00+00:00,2023-09-30 21:30:00+00:00,2023-10-01 01:30:00+00:00,216.0,215.45,0.5500000000000114,False,BREAK_BEFORE_K1,0,0,,,False,,,BREAK_BEFORE_K1,2023-09-30 21:40:00+00:00,
90,01:30,3,2023-10-02,Monday,2023-10-01 18:30:00+00:00,2023-10-01 21:30:00+00:00,2023-10-01 21:30:00+00:00,2023-10-02 01:30:00+00:00,214.55,213.62,0.9300000000000068,False,BREAK_BEFORE_K1,0,0,,,False,,,BREAK_BEFORE_K1,2023-10-01 22:10:00+00:00,
90,01:30,3,2023-10-03,Tuesday,2023-10-02 18:30:00+00:00,2023-10-02 21:30:00+00:00,2023-10-02 21:30:00+00:00,2023-10-03 01:30:00+00:00,216.26,213.19,3.069999999999993,False,NO_K1,0,0,,,False,,,NO_K1,,
90,01:30,3,2023-10-04,Wednesday,2023-10-03 18:30:00+00:00,2023-10-03 21:30:00+00:00,2023-10-03 21:30:00+00:00,2023-10-04 01:30:00+00:00,213.71,212.34,1.3700000000000045,True,,1,0,2023-10-03 23:00:00+00:00,2023-10-03 23:05:00+00:00,True,2023-10-03 23:15:00+00:00,2023-10-03 23:20:00+00:00,H2_ARRIVAL,2023-10-03 23:45:00+00:00,30.0
90,01:30,3,2023-10-05,Thursday,2023-10-04 18:30:00+00:00,2023-10-04 21:30:00+00:00,2023-10-04 21:30:00+00:00,2023-10-05 01:30:00+00:00,213.72,212.27,1.4499999999999886,False,BREAK_BEFORE_K1,0,0,,,False,,,BREAK_BEFORE_K1,2023-10-04 23:00:00+00:00,
90,01:30,3,2023-10-06,Friday,2023-10-05 18:30:00+00:00,2023-10-05 21:30:00+00:00,2023-10-05 21:30:00+00:00,2023-10-06 01:30:00+00:00,211.3,210.37,0.9300000000000068,True,,1,0,2023-10-05 22:25:00+00:00,2023-10-05 22:30:00+00:00,True,2023-10-05 22:30:00+00:00,2023-10-05 22:35:00+00:00,H2_ARRIVAL,2023-10-05 22:45:00+00:00,15.0
90,01:30,3,2023-10-07,Saturday,2023-10-06 18:30:00+00:00,2023-10-06 21:30:00+00:00,2023-10-06 21:30:00+00:00,2023-10-07 01:30:00+00:00,214.14,213.26,0.8799999999999955,False,BREAK_BEFORE_K1,0,0,,,False,,,BREAK_BEFORE_K1,2023-10-06 21:35:00+00:00,
90,01:30,3,2023-10-08,Sunday,2023-10-07 18:30:00+00:00,2023-10-07 21:30:00+00:00,2023-10-07 21:30:00+00:00,2023-10-08 01:30:00+00:00,212.44,211.63,0.8100000000000023,False,BREAK_BEFORE_K1,0,0,,,False,,,BREAK_BEFORE_K1,2023-10-08 00:45:00+00:00,
90,01:30,3,2023-10-09,Monday,2023-10-08 18:30:00+00:00,2023-10-08 21:30:00+00:00,2023-10-08 21:30:00+00:00,2023-10-09 01:30:00+00:00,212.14,211.27,0.8699999999999761,False,BREAK_BEFORE_K1,0,0,,,False,,,BREAK_BEFORE_K1,2023-10-08 22:10:00+00:00,
90,01:30,3,2023-10-10,Tuesday,2023-10-09 18:30:00+00:00,2023-10-09 21:30:00+00:00,2023-10-09 21:30:00+00:00,2023-10-10 01:30:00+00:00,207.5,205.14,2.3600000000000136,False,OPPOSITE_VISIT_BEFORE_K1,0,1,,,False,,,OPPOSITE_VISIT_BEFORE_K1,2023-10-09 23:20:00+00:00,
90,01:30,3,2023-10-11,Wednesday,2023-10-10 18:30:00+00:00,2023-10-10 21:30:00+00:00,2023-10-10 21:30:00+00:00,2023-10-11 01:30:00+00:00,209.3,207.13,2.170000000000016,False,NO_K1,0,0,,,False,,,NO_K1,,
90,01:30,3,2023-10-12,Thursday,2023-10-11 18:30:00+00:00,2023-10-11 21:30:00+00:00,2023-10-11 21:30:00+00:00,2023-10-12 01:30:00+00:00,206.46,205.32,1.1400000000000148,True,,1,0,2023-10-11 22:10:00+00:00,2023-10-11 22:15:00+00:00,True,2023-10-11 22:15:00+00:00,2023-10-11 22:20:00+00:00,H2_ARRIVAL,2023-10-11 22:20:00+00:00,5.0
90,01:30,3,2023-10-13,Friday,2023-10-12 18:30:00+00:00,2023-10-12 21:30:00+00:00,2023-10-12 21:30:00+00:00,2023-10-13 01:30:00+00:00,206.0,204.84,1.1599999999999966,False,BREAK_BEFORE_K1,0,0,,,False,,,BREAK_BEFORE_K1,2023-10-13 00:30:00+00:00,
90,01:30,3,2023-10-14,Saturday,2023-10-13 18:30:00+00:00,2023-10-13 21:30:00+00:00,2023-10-13 21:30:00+00:00,2023-10-14 01:30:00+00:00,208.43,205.25,3.180000000000007,False,NO_K1,0,0,,,False,,,NO_K1,,
90,01:30,3,2023-10-15,Sunday,2023-10-14 18:30:00+00:00,2023-10-14 21:30:00+00:00,2023-10-14 21:30:00+00:00,2023-10-15 01:30:00+00:00,206.97,206.14,0.8300000000000125,True,,1,0,2023-10-15 00:00:00+00:00,2023-10-15 00:05:00+00:00,False,,,BREAK_DURING_K1,2023-10-15 00:10:00+00:00,
90,01:30,3,2023-10-16,Monday,2023-10-15 18:30:00+00:00,2023-10-15 21:30:00+00:00,2023-10-15 21:30:00+00:00,2023-10-16 01:30:00+00:00,210.5,209.25,1.25,False,OPPOSITE_VISIT_BEFORE_K1,0,1,,,False,,,OPPOSITE_VISIT_BEFORE_K1,2023-10-15 22:45:00+00:00,
90,01:30,3,2023-10-17,Tuesday,2023-10-16 18:30:00+00:00,2023-10-16 21:30:00+00:00,2023-10-16 21:30:00+00:00,2023-10-17 01:30:00+00:00,215.36,213.57,1.7900000000000205,True,,1,0,2023-10-16 22:45:00+00:00,2023-10-16 22:50:00+00:00,False,,,BREAK_DURING_K1,2023-10-16 23:10:00+00:00,
90,01:30,3,2023-10-18,Wednesday,2023-10-17 18:30:00+00:00,2023-10-17 21:30:00+00:00,2023-10-17 21:30:00+00:00,2023-10-18 01:30:00+00:00,211.99,210.68,1.3100000000000023,False,NO_K1,0,0,,,False,,,NO_K1,,
90,01:30,3,2023-10-19,Thursday,2023-10-18 18:30:00+00:00,2023-10-18 21:30:00+00:00,2023-10-18 21:30:00+00:00,2023-10-19 01:30:00+00:00,211.55,210.0,1.5500000000000114,False,NO_K1,0,0,,,False,,,NO_K1,,
90,01:30,3,2023-10-20,Friday,2023-10-19 18:30:00+00:00,2023-10-19 21:30:00+00:00,2023-10-19 21:30:00+00:00,2023-10-20 01:30:00+00:00,210.99,210.28,0.710000000000008,False,BREAK_BEFORE_K1,0,0,,,False,,,BREAK_BEFORE_K1,2023-10-19 21:30:00+00:00,
90,01:30,3,2023-10-21,Saturday,2023-10-20 18:30:00+00:00,2023-10-20 21:30:00+00:00,2023-10-20 21:30:00+00:00,2023-10-21 01:30:00+00:00,213.17,212.57,0.5999999999999943,False,BREAK_BEFORE_K1,0,0,,,False,,,BREAK_BEFORE_K1,2023-10-20 21:30:00+00:00,
90,01:30,3,2023-10-22,Sunday,2023-10-21 18:30:00+00:00,2023-10-21 21:30:00+00:00,2023-10-21 21:30:00+00:00,2023-10-22 01:30:00+00:00,215.99,214.36,1.6299999999999955,False,OPPOSITE_VISIT_BEFORE_K1,0,1,,,False,,,OPPOSITE_VISIT_BEFORE_K1,2023-10-21 23:30:00+00:00,
90,01:30,3,2023-10-23,Monday,2023-10-22 18:30:00+00:00,2023-10-22 21:30:00+00:00,2023-10-22 21:30:00+00:00,2023-10-23 01:30:00+00:00,215.79,214.91,0.8799999999999955,False,BREAK_BEFORE_K1,0,0,,,False,,,BREAK_BEFORE_K1,2023-10-22 22:35:00+00:00,
90,01:30,3,2023-10-24,Tuesday,2023-10-23 18:30:00+00:00,2023-10-23 21:30:00+00:00,2023-10-23 21:30:00+00:00,2023-10-24 01:30:00+00:00,223.56,219.47,4.090000000000003,False,BREAK_BEFORE_K1,0,0,,,False,,,BREAK_BEFORE_K1,2023-10-23 21:30:00+00:00,
90,01:30,3,2023-10-25,Wednesday,2023-10-24 18:30:00+00:00,2023-10-24 21:30:00+00:00,2023-10-24 21:30:00+00:00,2023-10-25 01:30:00+00:00,226.2,223.29,2.9099999999999966,True,,1,0,2023-10-24 22:10:00+00:00,2023-10-24 22:15:00+00:00,False,,,BREAK_DURING_K1,2023-10-24 22:20:00+00:00,
90,01:30,3,2023-10-26,Thursday,2023-10-25 18:30:00+00:00,2023-10-25 21:30:00+00:00,2023-10-25 21:30:00+00:00,2023-10-26 01:30:00+00:00,224.57,222.42,2.1500000000000057,False,BREAK_BEFORE_K1,0,0,,,False,,,BREAK_BEFORE_K1,2023-10-25 23:00:00+00:00,
90,01:30,3,2023-10-27,Friday,2023-10-26 18:30:00+00:00,2023-10-26 21:30:00+00:00,2023-10-26 21:30:00+00:00,2023-10-27 01:30:00+00:00,223.53,221.63,1.9000000000000057,True,,1,0,2023-10-26 22:00:00+00:00,2023-10-26 22:05:00+00:00,True,2023-10-26 22:05:00+00:00,2023-10-26 22:10:00+00:00,H2_ARRIVAL,2023-10-26 22:10:00+00:00,5.0
90,01:30,3,2023-10-28,Saturday,2023-10-27 18:30:00+00:00,2023-10-27 21:30:00+00:00,2023-10-27 21:30:00+00:00,2023-10-28 01:30:00+00:00,224.9,221.0,3.9000000000000057,False,BREAK_BEFORE_K1,0,0,,,False,,,BREAK_BEFORE_K1,2023-10-27 21:45:00+00:00,
90,01:30,3,2023-10-29,Sunday,2023-10-28 18:30:00+00:00,2023-10-28 21:30:00+00:00,2023-10-28 21:30:00+00:00,2023-10-29 01:30:00+00:00,226.37,225.15,1.2199999999999989,True,,1,0,2023-10-28 21:35:00+00:00,2023-10-28 21:40:00+00:00,False,,,BREAK_DURING_K1,2023-10-28 21:40:00+00:00,
90,01:30,3,2023-10-30,Monday,2023-10-29 18:30:00+00:00,2023-10-29 21:30:00+00:00,2023-10-29 21:30:00+00:00,2023-10-30 01:30:00+00:00,228.0,226.37,1.6299999999999955,True,,1,0,2023-10-29 22:30:00+00:00,2023-10-29 22:35:00+00:00,False,,,BREAK_DURING_K1,2023-10-29 22:35:00+00:00,
90,01:30,3,2023-10-31,Tuesday,2023-10-30 18:30:00+00:00,2023-10-30 21:30:00+00:00,2023-10-30 21:30:00+00:00,2023-10-31 01:30:00+00:00,228.54,226.84,1.6999999999999886,True,,1,0,2023-10-30 21:30:00+00:00,2023-10-30 21:35:00+00:00,False,,,BREAK_DURING_K1,2023-10-30 21:35:00+00:00,
90,01:30,3,2023-11-01,Wednesday,2023-10-31 18:30:00+00:00,2023-10-31 21:30:00+00:00,2023-10-31 21:30:00+00:00,2023-11-01 01:30:00+00:00,226.7,225.07,1.6299999999999955,False,BREAK_BEFORE_K1,0,0,,,False,,,BREAK_BEFORE_K1,2023-11-01 00:15:00+00:00,
90,01:30,3,2023-11-02,Thursday,2023-11-01 18:30:00+00:00,2023-11-01 21:30:00+00:00,2023-11-01 21:30:00+00:00,2023-11-02 01:30:00+00:00,230.15,225.03,5.1200000000000045,True,,1,0,2023-11-02 01:00:00+00:00,2023-11-02 01:05:00+00:00,True,2023-11-02 01:05:00+00:00,2023-11-02 01:10:00+00:00,H2_ARRIVAL,2023-11-02 01:10:00+00:00,5.0
90,01:30,3,2023-11-03,Friday,2023-11-02 18:30:00+00:00,2023-11-02 21:30:00+00:00,2023-11-02 21:30:00+00:00,2023-11-03 01:30:00+00:00,233.17,230.81,2.359999999999985,False,OPPOSITE_VISIT_BEFORE_K1,0,1,,,False,,,OPPOSITE_VISIT_BEFORE_K1,2023-11-02 22:40:00+00:00,
90,01:30,3,2023-11-04,Saturday,2023-11-03 18:30:00+00:00,2023-11-03 21:30:00+00:00,2023-11-03 21:30:00+00:00,2023-11-04 01:30:00+00:00,230.29,228.4,1.8899999999999864,True,,1,0,2023-11-03 21:30:00+00:00,2023-11-03 21:35:00+00:00,True,2023-11-03 21:35:00+00:00,2023-11-03 21:40:00+00:00,H2_ARRIVAL,2023-11-03 21:40:00+00:00,5.0
90,01:30,3,2023-11-05,Sunday,2023-11-04 18:30:00+00:00,2023-11-04 21:30:00+00:00,2023-11-04 21:30:00+00:00,2023-11-05 01:30:00+00:00,236.99,235.8,1.1899999999999977,True,,1,0,2023-11-04 22:05:00+00:00,2023-11-04 22:10:00+00:00,True,2023-11-04 22:10:00+00:00,2023-11-04 22:15:00+00:00,H2_ARRIVAL,2023-11-04 22:30:00+00:00,20.0
90,01:30,3,2023-11-06,Monday,2023-11-05 18:30:00+00:00,2023-11-05 21:30:00+00:00,2023-11-05 21:30:00+00:00,2023-11-06 01:30:00+00:00,244.77,242.33,2.4399999999999977,False,BREAK_BEFORE_K1,0,0,,,False,,,BREAK_BEFORE_K1,2023-11-05 21:45:00+00:00,
90,01:30,3,2023-11-07,Tuesday,2023-11-06 18:30:00+00:00,2023-11-06 21:30:00+00:00,2023-11-06 21:30:00+00:00,2023-11-07 01:30:00+00:00,254.67,250.3,4.369999999999976,False,BREAK_BEFORE_K1,0,0,,,False,,,BREAK_BEFORE_K1,2023-11-06 21:40:00+00:00,
90,01:30,3,2023-11-08,Wednesday,2023-11-07 18:30:00+00:00,2023-11-07 21:30:00+00:00,2023-11-07 21:30:00+00:00,2023-11-08 01:30:00+00:00,249.88,245.82,4.060000000000002,False,OPPOSITE_VISIT_BEFORE_K1,0,1,,,False,,,OPPOSITE_VISIT_BEFORE_K1,2023-11-07 22:35:00+00:00,
90,01:30,3,2023-11-09,Thursday,2023-11-08 18:30:00+00:00,2023-11-08 21:30:00+00:00,2023-11-08 21:30:00+00:00,2023-11-09 01:30:00+00:00,249.67,245.13,4.539999999999992,False,NO_K1,0,0,,,False,,,NO_K1,,
90,01:30,3,2023-11-10,Friday,2023-11-09 18:30:00+00:00,2023-11-09 21:30:00+00:00,2023-11-09 21:30:00+00:00,2023-11-10 01:30:00+00:00,248.44,242.83,5.609999999999985,True,,1,0,2023-11-09 21:30:00+00:00,2023-11-09 21:35:00+00:00,True,2023-11-09 21:35:00+00:00,2023-11-09 21:40:00+00:00,H2_ARRIVAL,2023-11-09 22:15:00+00:00,40.0
90,01:30,3,2023-11-11,Saturday,2023-11-10 18:30:00+00:00,2023-11-10 21:30:00+00:00,2023-11-10 21:30:00+00:00,2023-11-11 01:30:00+00:00,252.09,250.06,2.030000000000001,False,BREAK_BEFORE_K1,0,0,,,False,,,BREAK_BEFORE_K1,2023-11-10 21:30:00+00:00,
90,01:30,3,2023-11-12,Sunday,2023-11-11 18:30:00+00:00,2023-11-11 21:30:00+00:00,2023-11-11 21:30:00+00:00,2023-11-12 01:30:00+00:00,254.48,252.17,2.3100000000000023,False,BREAK_BEFORE_K1,0,0,,,False,,,BREAK_BEFORE_K1,2023-11-11 21:45:00+00:00,
90,01:30,3,2023-11-13,Monday,2023-11-12 18:30:00+00:00,2023-11-12 21:30:00+00:00,2023-11-12 21:30:00+00:00,2023-11-13 01:30:00+00:00,249.18,247.43,1.75,True,,1,0,2023-11-12 21:30:00+00:00,2023-11-12 21:35:00+00:00,True,2023-11-12 21:35:00+00:00,2023-11-12 21:40:00+00:00,H2_ARRIVAL,2023-11-12 21:40:00+00:00,5.0
90,01:30,3,2023-11-14,Tuesday,2023-11-13 18:30:00+00:00,2023-11-13 21:30:00+00:00,2023-11-13 21:30:00+00:00,2023-11-14 01:30:00+00:00,246.53,241.8,4.72999999999999,False,BREAK_BEFORE_K1,0,0,,,False,,,BREAK_BEFORE_K1,2023-11-13 21:30:00+00:00,
90,01:30,3,2023-11-15,Wednesday,2023-11-14 18:30:00+00:00,2023-11-14 21:30:00+00:00,2023-11-14 21:30:00+00:00,2023-11-15 01:30:00+00:00,242.71,233.0,9.710000000000008,True,,1,0,2023-11-14 22:45:00+00:00,2023-11-14 22:50:00+00:00,True,2023-11-14 22:50:00+00:00,2023-11-14 22:55:00+00:00,H2_ARRIVAL,2023-11-14 23:10:00+00:00,20.0
90,01:30,3,2023-11-16,Thursday,2023-11-15 18:30:00+00:00,2023-11-15 21:30:00+00:00,2023-11-15 21:30:00+00:00,2023-11-16 01:30:00+00:00,254.7,251.03,3.6699999999999875,False,OPPOSITE_VISIT_BEFORE_K1,0,1,,,False,,,OPPOSITE_VISIT_BEFORE_K1,2023-11-15 21:35:00+00:00,
90,01:30,3,2023-11-17,Friday,2023-11-16 18:30:00+00:00,2023-11-16 21:30:00+00:00,2023-11-16 21:30:00+00:00,2023-11-17 01:30:00+00:00,245.76,240.1,5.659999999999997,False,NO_K1,0,0,,,False,,,NO_K1,,
90,01:30,3,2023-11-18,Saturday,2023-11-17 18:30:00+00:00,2023-11-17 21:30:00+00:00,2023-11-17 21:30:00+00:00,2023-11-18 01:30:00+00:00,244.49,242.9,1.5900000000000034,False,OPPOSITE_VISIT_BEFORE_K1,0,1,,,False,,,OPPOSITE_VISIT_BEFORE_K1,2023-11-17 21:30:00+00:00,
90,01:30,3,2023-11-19,Sunday,2023-11-18 18:30:00+00:00,2023-11-18 21:30:00+00:00,2023-11-18 21:30:00+00:00,2023-11-19 01:30:00+00:00,245.38,244.3,1.079999999999984,False,OPPOSITE_VISIT_BEFORE_K1,0,1,,,False,,,OPPOSITE_VISIT_BEFORE_K1,2023-11-18 21:55:00+00:00,
90,01:30,3,2023-11-20,Monday,2023-11-19 18:30:00+00:00,2023-11-19 21:30:00+00:00,2023-11-19 21:30:00+00:00,2023-11-20 01:30:00+00:00,246.19,244.75,1.4399999999999977,False,BREAK_BEFORE_K1,0,0,,,False,,,BREAK_BEFORE_K1,2023-11-19 22:30:00+00:00,
90,01:30,3,2023-11-21,Tuesday,2023-11-20 18:30:00+00:00,2023-11-20 21:30:00+00:00,2023-11-20 21:30:00+00:00,2023-11-21 01:30:00+00:00,259.98,252.45,7.53000000000003,False,OPPOSITE_VISIT_BEFORE_K1,0,1,,,False,,,OPPOSITE_VISIT_BEFORE_K1,2023-11-20 21:30:00+00:00,
90,01:30,3,2023-11-22,Wednesday,2023-11-21 18:30:00+00:00,2023-11-21 21:30:00+00:00,2023-11-21 21:30:00+00:00,2023-11-22 01:30:00+00:00,248.4,238.09,10.310000000000002,False,BREAK_BEFORE_K1,0,0,,,False,,,BREAK_BEFORE_K1,2023-11-21 22:10:00+00:00,
90,01:30,3,2023-11-23,Thursday,2023-11-22 18:30:00+00:00,2023-11-22 21:30:00+00:00,2023-11-22 21:30:00+00:00,2023-11-23 01:30:00+00:00,238.33,234.0,4.3300000000000125,True,,1,0,2023-11-22 21:30:00+00:00,2023-11-22 21:35:00+00:00,True,2023-11-22 21:35:00+00:00,2023-11-22 21:40:00+00:00,H2_ARRIVAL,2023-11-22 22:00:00+00:00,25.0
90,01:30,3,2023-11-24,Friday,2023-11-23 18:30:00+00:00,2023-11-23 21:30:00+00:00,2023-11-23 21:30:00+00:00,2023-11-24 01:30:00+00:00,234.58,231.83,2.75,False,BREAK_BEFORE_K1,0,0,,,False,,,BREAK_BEFORE_K1,2023-11-24 00:20:00+00:00,
90,01:30,3,2023-11-25,Saturday,2023-11-24 18:30:00+00:00,2023-11-24 21:30:00+00:00,2023-11-24 21:30:00+00:00,2023-11-25 01:30:00+00:00,233.6,232.0,1.5999999999999943,False,BREAK_BEFORE_K1,0,0,,,False,,,BREAK_BEFORE_K1,2023-11-24 22:10:00+00:00,
90,01:30,3,2023-11-26,Sunday,2023-11-25 18:30:00+00:00,2023-11-25 21:30:00+00:00,2023-11-25 21:30:00+00:00,2023-11-26 01:30:00+00:00,233.9,233.14,0.7600000000000193,True,,1,0,2023-11-25 21:30:00+00:00,2023-11-25 21:35:00+00:00,True,2023-11-25 21:40:00+00:00,2023-11-25 21:45:00+00:00,H2_ARRIVAL,2023-11-25 22:25:00+00:00,45.0
90,01:30,3,2023-11-27,Monday,2023-11-26 18:30:00+00:00,2023-11-26 21:30:00+00:00,2023-11-26 21:30:00+00:00,2023-11-27 01:30:00+00:00,232.97,230.27,2.6999999999999886,True,,1,0,2023-11-27 00:40:00+00:00,2023-11-27 00:45:00+00:00,True,2023-11-27 00:50:00+00:00,2023-11-27 00:55:00+00:00,H2_ARRIVAL,2023-11-27 01:05:00+00:00,15.0
90,01:30,3,2023-11-28,Tuesday,2023-11-27 18:30:00+00:00,2023-11-27 21:30:00+00:00,2023-11-27 21:30:00+00:00,2023-11-28 01:30:00+00:00,226.89,223.53,3.359999999999985,False,BREAK_BEFORE_K1,0,0,,,False,,,BREAK_BEFORE_K1,2023-11-27 23:00:00+00:00,
90,01:30,3,2023-11-29,Wednesday,2023-11-28 18:30:00+00:00,2023-11-28 21:30:00+00:00,2023-11-28 21:30:00+00:00,2023-11-29 01:30:00+00:00,231.45,229.65,1.799999999999983,False,BREAK_BEFORE_K1,0,0,,,False,,,BREAK_BEFORE_K1,2023-11-28 22:50:00+00:00,
90,01:30,3,2023-11-30,Thursday,2023-11-29 18:30:00+00:00,2023-11-29 21:30:00+00:00,2023-11-29 21:30:00+00:00,2023-11-30 01:30:00+00:00,228.16,226.68,1.4799999999999898,False,OPPOSITE_VISIT_BEFORE_K1,0,1,,,False,,,OPPOSITE_VISIT_BEFORE_K1,2023-11-30 01:05:00+00:00,
90,01:30,3,2023-12-01,Friday,2023-11-30 18:30:00+00:00,2023-11-30 21:30:00+00:00,2023-11-30 21:30:00+00:00,2023-12-01 01:30:00+00:00,227.93,227.28,0.6500000000000057,False,BREAK_BEFORE_K1,0,0,,,False,,,BREAK_BEFORE_K1,2023-11-30 22:05:00+00:00,
90,01:30,3,2023-12-02,Saturday,2023-12-01 18:30:00+00:00,2023-12-01 21:30:00+00:00,2023-12-01 21:30:00+00:00,2023-12-02 01:30:00+00:00,229.15,228.22,0.9300000000000068,False,NO_K1,0,0,,,False,,,NO_K1,,
90,01:30,3,2023-12-03,Sunday,2023-12-02 18:30:00+00:00,2023-12-02 21:30:00+00:00,2023-12-02 21:30:00+00:00,2023-12-03 01:30:00+00:00,230.57,228.1,2.469999999999999,False,BREAK_BEFORE_K1,0,0,,,False,,,BREAK_BEFORE_K1,2023-12-03 00:45:00+00:00,
90,01:30,3,2023-12-04,Monday,2023-12-03 18:30:00+00:00,2023-12-03 21:30:00+00:00,2023-12-03 21:30:00+00:00,2023-12-04 01:30:00+00:00,227.53,226.62,0.9099999999999966,True,,1,0,2023-12-03 21:50:00+00:00,2023-12-03 21:55:00+00:00,True,2023-12-03 21:55:00+00:00,2023-12-03 22:00:00+00:00,H2_ARRIVAL,2023-12-03 22:00:00+00:00,5.0
90,01:30,3,2023-12-05,Tuesday,2023-12-04 18:30:00+00:00,2023-12-04 21:30:00+00:00,2023-12-04 21:30:00+00:00,2023-12-05 01:30:00+00:00,232.21,230.68,1.5300000000000011,False,BREAK_BEFORE_K1,0,0,,,False,,,BREAK_BEFORE_K1,2023-12-04 22:10:00+00:00,
90,01:30,3,2023-12-06,Wednesday,2023-12-05 18:30:00+00:00,2023-12-05 21:30:00+00:00,2023-12-05 21:30:00+00:00,2023-12-06 01:30:00+00:00,232.83,230.25,2.5800000000000125,True,,1,0,2023-12-06 00:55:00+00:00,2023-12-06 01:00:00+00:00,True,2023-12-06 01:00:00+00:00,2023-12-06 01:05:00+00:00,H2_ARRIVAL,2023-12-06 01:05:00+00:00,5.0
90,01:30,3,2023-12-07,Thursday,2023-12-06 18:30:00+00:00,2023-12-06 21:30:00+00:00,2023-12-06 21:30:00+00:00,2023-12-07 01:30:00+00:00,233.05,230.1,2.950000000000017,False,BREAK_BEFORE_K1,0,0,,,False,,,BREAK_BEFORE_K1,2023-12-06 21:30:00+00:00,
90,01:30,3,2023-12-08,Friday,2023-12-07 18:30:00+00:00,2023-12-07 21:30:00+00:00,2023-12-07 21:30:00+00:00,2023-12-08 01:30:00+00:00,233.48,230.2,3.280000000000001,False,BREAK_BEFORE_K1,0,0,,,False,,,BREAK_BEFORE_K1,2023-12-08 00:05:00+00:00,
90,01:30,3,2023-12-09,Saturday,2023-12-08 18:30:00+00:00,2023-12-08 21:30:00+00:00,2023-12-08 21:30:00+00:00,2023-12-09 01:30:00+00:00,239.75,236.81,2.9399999999999977,False,BREAK_BEFORE_K1,0,0,,,False,,,BREAK_BEFORE_K1,2023-12-08 21:30:00+00:00,
90,01:30,3,2023-12-10,Sunday,2023-12-09 18:30:00+00:00,2023-12-09 21:30:00+00:00,2023-12-09 21:30:00+00:00,2023-12-10 01:30:00+00:00,240.4,238.42,1.9800000000000182,False,BREAK_BEFORE_K1,0,0,,,False,,,BREAK_BEFORE_K1,2023-12-09 23:20:00+00:00,
90,01:30,3,2023-12-11,Monday,2023-12-10 18:30:00+00:00,2023-12-10 21:30:00+00:00,2023-12-10 21:30:00+00:00,2023-12-11 01:30:00+00:00,241.08,239.62,1.460000000000008,False,OPPOSITE_VISIT_BEFORE_K1,0,1,,,False,,,OPPOSITE_VISIT_BEFORE_K1,2023-12-10 21:30:00+00:00,
90,01:30,3,2023-12-12,Tuesday,2023-12-11 18:30:00+00:00,2023-12-11 21:30:00+00:00,2023-12-11 21:30:00+00:00,2023-12-12 01:30:00+00:00,243.65,236.88,6.77000000000001,False,BREAK_BEFORE_K1,0,0,,,False,,,BREAK_BEFORE_K1,2023-12-11 22:15:00+00:00,
90,01:30,3,2023-12-13,Wednesday,2023-12-12 18:30:00+00:00,2023-12-12 21:30:00+00:00,2023-12-12 21:30:00+00:00,2023-12-13 01:30:00+00:00,255.71,252.51,3.200000000000017,False,BREAK_BEFORE_K1,0,0,,,False,,,BREAK_BEFORE_K1,2023-12-12 22:00:00+00:00,
90,01:30,3,2023-12-14,Thursday,2023-12-13 18:30:00+00:00,2023-12-13 21:30:00+00:00,2023-12-13 21:30:00+00:00,2023-12-14 01:30:00+00:00,253.66,249.8,3.859999999999985,False,BREAK_BEFORE_K1,0,0,,,False,,,BREAK_BEFORE_K1,2023-12-13 21:50:00+00:00,
90,01:30,3,2023-12-15,Friday,2023-12-14 18:30:00+00:00,2023-12-14 21:30:00+00:00,2023-12-14 21:30:00+00:00,2023-12-15 01:30:00+00:00,252.83,251.13,1.700000000000017,True,,1,0,2023-12-14 21:45:00+00:00,2023-12-14 21:50:00+00:00,True,2023-12-14 21:50:00+00:00,2023-12-14 21:55:00+00:00,H2_ARRIVAL,2023-12-14 22:05:00+00:00,15.0
90,01:30,3,2023-12-16,Saturday,2023-12-15 18:30:00+00:00,2023-12-15 21:30:00+00:00,2023-12-15 21:30:00+00:00,2023-12-16 01:30:00+00:00,247.79,246.16,1.6299999999999955,False,OPPOSITE_VISIT_BEFORE_K1,0,1,,,False,,,OPPOSITE_VISIT_BEFORE_K1,2023-12-15 22:10:00+00:00,
90,01:30,3,2023-12-17,Sunday,2023-12-16 18:30:00+00:00,2023-12-16 21:30:00+00:00,2023-12-16 21:30:00+00:00,2023-12-17 01:30:00+00:00,245.56,243.69,1.8700000000000045,False,BREAK_BEFORE_K1,0,0,,,False,,,BREAK_BEFORE_K1,2023-12-16 23:45:00+00:00,
90,01:30,3,2023-12-18,Monday,2023-12-17 18:30:00+00:00,2023-12-17 21:30:00+00:00,2023-12-17 21:30:00+00:00,2023-12-18 01:30:00+00:00,243.58,242.53,1.0500000000000114,False,BREAK_BEFORE_K1,0,0,,,False,,,BREAK_BEFORE_K1,2023-12-17 21:35:00+00:00,
90,01:30,3,2023-12-19,Tuesday,2023-12-18 18:30:00+00:00,2023-12-18 21:30:00+00:00,2023-12-18 21:30:00+00:00,2023-12-19 01:30:00+00:00,241.0,237.75,3.25,True,,1,0,2023-12-18 21:30:00+00:00,2023-12-18 21:35:00+00:00,False,,,BREAK_DURING_K1,2023-12-18 21:45:00+00:00,
90,01:30,3,2023-12-20,Wednesday,2023-12-19 18:30:00+00:00,2023-12-19 21:30:00+00:00,2023-12-19 21:30:00+00:00,2023-12-20 01:30:00+00:00,253.82,251.8,2.019999999999982,False,BREAK_BEFORE_K1,0,0,,,False,,,BREAK_BEFORE_K1,2023-12-19 21:40:00+00:00,
90,01:30,3,2023-12-21,Thursday,2023-12-20 18:30:00+00:00,2023-12-20 21:30:00+00:00,2023-12-20 21:30:00+00:00,2023-12-21 01:30:00+00:00,260.5,255.0,5.5,False,NO_K1,0,0,,,False,,,NO_K1,,
90,01:30,3,2023-12-22,Friday,2023-12-21 18:30:00+00:00,2023-12-21 21:30:00+00:00,2023-12-21 21:30:00+00:00,2023-12-22 01:30:00+00:00,271.24,268.41,2.829999999999984,True,,1,0,2023-12-21 22:00:00+00:00,2023-12-21 22:05:00+00:00,False,,,BREAK_DURING_K1,2023-12-21 22:05:00+00:00,
90,01:30,3,2023-12-23,Saturday,2023-12-22 18:30:00+00:00,2023-12-22 21:30:00+00:00,2023-12-22 21:30:00+00:00,2023-12-23 01:30:00+00:00,272.43,269.38,3.0500000000000114,True,,1,0,2023-12-22 21:40:00+00:00,2023-12-22 21:45:00+00:00,True,2023-12-22 21:50:00+00:00,2023-12-22 21:55:00+00:00,H2_ARRIVAL,2023-12-22 22:20:00+00:00,30.0
90,01:30,3,2023-12-24,Sunday,2023-12-23 18:30:00+00:00,2023-12-23 21:30:00+00:00,2023-12-23 21:30:00+00:00,2023-12-24 01:30:00+00:00,271.22,269.16,2.0600000000000023,True,,1,0,2023-12-23 22:20:00+00:00,2023-12-23 22:25:00+00:00,True,2023-12-23 22:30:00+00:00,2023-12-23 22:35:00+00:00,H2_ARRIVAL,2023-12-23 22:45:00+00:00,15.0
90,01:30,3,2023-12-25,Monday,2023-12-24 18:30:00+00:00,2023-12-24 21:30:00+00:00,2023-12-24 21:30:00+00:00,2023-12-25 01:30:00+00:00,269.18,265.89,3.2900000000000205,False,BREAK_BEFORE_K1,0,0,,,False,,,BREAK_BEFORE_K1,2023-12-24 22:10:00+00:00,
90,01:30,3,2023-12-26,Tuesday,2023-12-25 18:30:00+00:00,2023-12-25 21:30:00+00:00,2023-12-25 21:30:00+00:00,2023-12-26 01:30:00+00:00,267.02,263.72,3.2999999999999545,False,BREAK_BEFORE_K1,0,0,,,False,,,BREAK_BEFORE_K1,2023-12-25 22:30:00+00:00,
90,01:30,3,2023-12-27,Wednesday,2023-12-26 18:30:00+00:00,2023-12-26 21:30:00+00:00,2023-12-26 21:30:00+00:00,2023-12-27 01:30:00+00:00,297.63,293.31,4.319999999999993,False,BREAK_BEFORE_K1,0,0,,,False,,,BREAK_BEFORE_K1,2023-12-26 23:05:00+00:00,
90,01:30,3,2023-12-28,Thursday,2023-12-27 18:30:00+00:00,2023-12-27 21:30:00+00:00,2023-12-27 21:30:00+00:00,2023-12-28 01:30:00+00:00,315.54,309.58,5.960000000000036,False,BREAK_BEFORE_K1,0,0,,,False,,,BREAK_BEFORE_K1,2023-12-27 22:30:00+00:00,
90,01:30,3,2023-12-29,Friday,2023-12-28 18:30:00+00:00,2023-12-28 21:30:00+00:00,2023-12-28 21:30:00+00:00,2023-12-29 01:30:00+00:00,333.0,320.7,12.300000000000011,False,BREAK_BEFORE_K1,0,0,,,False,,,BREAK_BEFORE_K1,2023-12-29 00:30:00+00:00,
90,01:30,3,2023-12-30,Saturday,2023-12-29 18:30:00+00:00,2023-12-29 21:30:00+00:00,2023-12-29 21:30:00+00:00,2023-12-30 01:30:00+00:00,313.78,310.8,2.9799999999999613,False,BREAK_BEFORE_K1,0,0,,,False,,,BREAK_BEFORE_K1,2023-12-29 22:05:00+00:00,
90,01:30,3,2023-12-31,Sunday,2023-12-30 18:30:00+00:00,2023-12-30 21:30:00+00:00,2023-12-30 21:30:00+00:00,2023-12-31 01:30:00+00:00,316.4,313.95,2.4499999999999886,False,OPPOSITE_VISIT_BEFORE_K1,0,1,,,False,,,OPPOSITE_VISIT_BEFORE_K1,2023-12-30 22:50:00+00:00,
90,01:30,3,2024-01-01,Monday,2023-12-31 18:30:00+00:00,2023-12-31 21:30:00+00:00,2023-12-31 21:30:00+00:00,2024-01-01 01:30:00+00:00,316.24,308.01,8.230000000000018,False,OPPOSITE_VISIT_BEFORE_K1,0,1,,,False,,,OPPOSITE_VISIT_BEFORE_K1,2023-12-31 22:50:00+00:00,
90,01:30,3,2024-01-02,Tuesday,2024-01-01 18:30:00+00:00,2024-01-01 21:30:00+00:00,2024-01-01 21:30:00+00:00,2024-01-02 01:30:00+00:00,313.33,310.55,2.7799999999999727,True,,1,0,2024-01-01 22:55:00+00:00,2024-01-01 23:00:00+00:00,False,,,BREAK_DURING_K1,2024-01-01 23:00:00+00:00,
90,01:30,3,2024-01-03,Wednesday,2024-01-02 18:30:00+00:00,2024-01-02 21:30:00+00:00,2024-01-02 21:30:00+00:00,2024-01-03 01:30:00+00:00,311.81,308.18,3.6299999999999955,True,,1,0,2024-01-02 22:20:00+00:00,2024-01-02 22:25:00+00:00,True,2024-01-02 22:25:00+00:00,2024-01-02 22:30:00+00:00,H2_ARRIVAL,2024-01-02 22:50:00+00:00,25.0
90,01:30,3,2024-01-04,Thursday,2024-01-03 18:30:00+00:00,2024-01-03 21:30:00+00:00,2024-01-03 21:30:00+00:00,2024-01-04 01:30:00+00:00,317.8,310.0,7.800000000000011,True,,1,0,2024-01-03 21:40:00+00:00,2024-01-03 21:45:00+00:00,False,,,BREAK_DURING_K1,2024-01-03 21:45:00+00:00,
90,01:30,3,2024-01-05,Friday,2024-01-04 18:30:00+00:00,2024-01-04 21:30:00+00:00,2024-01-04 21:30:00+00:00,2024-01-05 01:30:00+00:00,321.0,317.0,4.0,True,,1,0,2024-01-04 21:30:00+00:00,2024-01-04 21:35:00+00:00,True,2024-01-04 21:35:00+00:00,2024-01-04 21:40:00+00:00,H2_ARRIVAL,2024-01-04 21:50:00+00:00,15.0
90,01:30,3,2024-01-06,Saturday,2024-01-05 18:30:00+00:00,2024-01-05 21:30:00+00:00,2024-01-05 21:30:00+00:00,2024-01-06 01:30:00+00:00,315.47,312.59,2.8800000000000523,False,BREAK_BEFORE_K1,0,0,,,False,,,BREAK_BEFORE_K1,2024-01-05 21:55:00+00:00,
90,01:30,3,2024-01-07,Sunday,2024-01-06 18:30:00+00:00,2024-01-06 21:30:00+00:00,2024-01-06 21:30:00+00:00,2024-01-07 01:30:00+00:00,307.69,304.36,3.329999999999984,False,OPPOSITE_VISIT_BEFORE_K1,0,1,,,False,,,OPPOSITE_VISIT_BEFORE_K1,2024-01-06 23:15:00+00:00,
90,01:30,3,2024-01-08,Monday,2024-01-07 18:30:00+00:00,2024-01-07 21:30:00+00:00,2024-01-07 21:30:00+00:00,2024-01-08 01:30:00+00:00,306.53,304.61,1.919999999999959,False,OPPOSITE_VISIT_BEFORE_K1,0,1,,,False,,,OPPOSITE_VISIT_BEFORE_K1,2024-01-07 22:00:00+00:00,
90,01:30,3,2024-01-09,Tuesday,2024-01-08 18:30:00+00:00,2024-01-08 21:30:00+00:00,2024-01-08 21:30:00+00:00,2024-01-09 01:30:00+00:00,307.81,304.4,3.410000000000025,False,OPPOSITE_VISIT_BEFORE_K1,0,1,,,False,,,OPPOSITE_VISIT_BEFORE_K1,2024-01-08 23:40:00+00:00,
90,01:30,3,2024-01-10,Wednesday,2024-01-09 18:30:00+00:00,2024-01-09 21:30:00+00:00,2024-01-09 21:30:00+00:00,2024-01-10 01:30:00+00:00,302.74,296.13,6.610000000000014,False,OPPOSITE_VISIT_BEFORE_K1,0,1,,,False,,,OPPOSITE_VISIT_BEFORE_K1,2024-01-09 21:30:00+00:00,
90,01:30,3,2024-01-11,Thursday,2024-01-10 18:30:00+00:00,2024-01-10 21:30:00+00:00,2024-01-10 21:30:00+00:00,2024-01-11 01:30:00+00:00,300.01,291.0,9.009999999999991,False,BREAK_BEFORE_K1,0,0,,,False,,,BREAK_BEFORE_K1,2024-01-10 21:50:00+00:00,
90,01:30,3,2024-01-12,Friday,2024-01-11 18:30:00+00:00,2024-01-11 21:30:00+00:00,2024-01-11 21:30:00+00:00,2024-01-12 01:30:00+00:00,310.32,306.5,3.819999999999993,False,OPPOSITE_VISIT_BEFORE_K1,0,1,,,False,,,OPPOSITE_VISIT_BEFORE_K1,2024-01-11 22:30:00+00:00,
90,01:30,3,2024-01-13,Saturday,2024-01-12 18:30:00+00:00,2024-01-12 21:30:00+00:00,2024-01-12 21:30:00+00:00,2024-01-13 01:30:00+00:00,302.55,298.88,3.670000000000016,False,OPPOSITE_VISIT_BEFORE_K1,0,1,,,False,,,OPPOSITE_VISIT_BEFORE_K1,2024-01-12 21:30:00+00:00,
90,01:30,3,2024-01-14,Sunday,2024-01-13 18:30:00+00:00,2024-01-13 21:30:00+00:00,2024-01-13 21:30:00+00:00,2024-01-14 01:30:00+00:00,303.27,301.28,1.990000000000009,False,BREAK_BEFORE_K1,0,0,,,False,,,BREAK_BEFORE_K1,2024-01-14 00:25:00+00:00,
90,01:30,3,2024-01-15,Monday,2024-01-14 18:30:00+00:00,2024-01-14 21:30:00+00:00,2024-01-14 21:30:00+00:00,2024-01-15 01:30:00+00:00,306.4,301.48,4.919999999999959,False,OPPOSITE_VISIT_BEFORE_K1,0,1,,,False,,,OPPOSITE_VISIT_BEFORE_K1,2024-01-14 23:15:00+00:00,
90,01:30,3,2024-01-16,Tuesday,2024-01-15 18:30:00+00:00,2024-01-15 21:30:00+00:00,2024-01-15 21:30:00+00:00,2024-01-16 01:30:00+00:00,318.68,315.43,3.25,False,BREAK_BEFORE_K1,0,0,,,False,,,BREAK_BEFORE_K1,2024-01-15 21:55:00+00:00,
90,01:30,3,2024-01-17,Wednesday,2024-01-16 18:30:00+00:00,2024-01-16 21:30:00+00:00,2024-01-16 21:30:00+00:00,2024-01-17 01:30:00+00:00,316.48,312.83,3.650000000000034,False,BREAK_BEFORE_K1,0,0,,,False,,,BREAK_BEFORE_K1,2024-01-16 21:30:00+00:00,
90,01:30,3,2024-01-18,Thursday,2024-01-17 18:30:00+00:00,2024-01-17 21:30:00+00:00,2024-01-17 21:30:00+00:00,2024-01-18 01:30:00+00:00,309.92,307.34,2.580000000000041,False,BREAK_BEFORE_K1,0,0,,,False,,,BREAK_BEFORE_K1,2024-01-17 22:20:00+00:00,
90,01:30,3,2024-01-19,Friday,2024-01-18 18:30:00+00:00,2024-01-18 21:30:00+00:00,2024-01-18 21:30:00+00:00,2024-01-19 01:30:00+00:00,311.85,307.35,4.5,True,,1,0,2024-01-18 21:40:00+00:00,2024-01-18 21:45:00+00:00,False,,,BREAK_DURING_K1,2024-01-18 21:45:00+00:00,
90,01:30,3,2024-01-20,Saturday,2024-01-19 18:30:00+00:00,2024-01-19 21:30:00+00:00,2024-01-19 21:30:00+00:00,2024-01-20 01:30:00+00:00,313.84,310.34,3.5,False,BREAK_BEFORE_K1,0,0,,,False,,,BREAK_BEFORE_K1,2024-01-19 23:40:00+00:00,
90,01:30,3,2024-01-21,Sunday,2024-01-20 18:30:00+00:00,2024-01-20 21:30:00+00:00,2024-01-20 21:30:00+00:00,2024-01-21 01:30:00+00:00,316.82,313.66,3.159999999999968,True,,1,0,2024-01-20 21:35:00+00:00,2024-01-20 21:40:00+00:00,True,2024-01-20 21:40:00+00:00,2024-01-20 21:45:00+00:00,H2_ARRIVAL,2024-01-20 22:55:00+00:00,75.0
90,01:30,3,2024-01-22,Monday,2024-01-21 18:30:00+00:00,2024-01-21 21:30:00+00:00,2024-01-21 21:30:00+00:00,2024-01-22 01:30:00+00:00,321.58,318.69,2.8899999999999864,False,BREAK_BEFORE_K1,0,0,,,False,,,BREAK_BEFORE_K1,2024-01-21 23:15:00+00:00,
90,01:30,3,2024-01-23,Tuesday,2024-01-22 18:30:00+00:00,2024-01-22 21:30:00+00:00,2024-01-22 21:30:00+00:00,2024-01-23 01:30:00+00:00,311.88,303.3,8.579999999999984,False,NO_K1,0,0,,,False,,,NO_K1,,
90,01:30,3,2024-01-24,Wednesday,2024-01-23 18:30:00+00:00,2024-01-23 21:30:00+00:00,2024-01-23 21:30:00+00:00,2024-01-24 01:30:00+00:00,297.74,291.99,5.75,False,BREAK_BEFORE_K1,0,0,,,False,,,BREAK_BEFORE_K1,2024-01-23 22:40:00+00:00,
90,01:30,3,2024-01-25,Thursday,2024-01-24 18:30:00+00:00,2024-01-24 21:30:00+00:00,2024-01-24 21:30:00+00:00,2024-01-25 01:30:00+00:00,293.3,290.63,2.670000000000016,False,BREAK_BEFORE_K1,0,0,,,False,,,BREAK_BEFORE_K1,2024-01-24 23:05:00+00:00,
90,01:30,3,2024-01-26,Friday,2024-01-25 18:30:00+00:00,2024-01-25 21:30:00+00:00,2024-01-25 21:30:00+00:00,2024-01-26 01:30:00+00:00,292.95,290.37,2.579999999999984,False,BREAK_BEFORE_K1,0,0,,,False,,,BREAK_BEFORE_K1,2024-01-26 01:25:00+00:00,
90,01:30,3,2024-01-27,Saturday,2024-01-26 18:30:00+00:00,2024-01-26 21:30:00+00:00,2024-01-26 21:30:00+00:00,2024-01-27 01:30:00+00:00,302.91,301.13,1.7800000000000296,False,BREAK_BEFORE_K1,0,0,,,False,,,BREAK_BEFORE_K1,2024-01-27 00:25:00+00:00,
90,01:30,3,2024-01-28,Sunday,2024-01-27 18:30:00+00:00,2024-01-27 21:30:00+00:00,2024-01-27 21:30:00+00:00,2024-01-28 01:30:00+00:00,306.66,304.8,1.8600000000000136,False,OPPOSITE_VISIT_BEFORE_K1,0,1,,,False,,,OPPOSITE_VISIT_BEFORE_K1,2024-01-28 00:40:00+00:00,
90,01:30,3,2024-01-29,Monday,2024-01-28 18:30:00+00:00,2024-01-28 21:30:00+00:00,2024-01-28 21:30:00+00:00,2024-01-29 01:30:00+00:00,305.88,303.11,2.769999999999982,True,,1,0,2024-01-29 00:35:00+00:00,2024-01-29 00:40:00+00:00,True,2024-01-29 00:40:00+00:00,2024-01-29 00:45:00+00:00,H2_ARRIVAL,2024-01-29 01:05:00+00:00,25.0
90,01:30,3,2024-01-30,Tuesday,2024-01-29 18:30:00+00:00,2024-01-29 21:30:00+00:00,2024-01-29 21:30:00+00:00,2024-01-30 01:30:00+00:00,310.65,309.28,1.3700000000000045,True,,1,0,2024-01-29 21:30:00+00:00,2024-01-29 21:35:00+00:00,True,2024-01-29 21:35:00+00:00,2024-01-29 21:40:00+00:00,H2_ARRIVAL,2024-01-29 22:35:00+00:00,60.0
90,01:30,3,2024-01-31,Wednesday,2024-01-30 18:30:00+00:00,2024-01-30 21:30:00+00:00,2024-01-30 21:30:00+00:00,2024-01-31 01:30:00+00:00,310.92,309.04,1.8799999999999955,False,BREAK_BEFORE_K1,0,0,,,False,,,BREAK_BEFORE_K1,2024-01-30 23:20:00+00:00,
90,01:30,3,2024-02-01,Thursday,2024-01-31 18:30:00+00:00,2024-01-31 21:30:00+00:00,2024-01-31 21:30:00+00:00,2024-02-01 01:30:00+00:00,305.51,298.46,7.050000000000011,False,BREAK_BEFORE_K1,0,0,,,False,,,BREAK_BEFORE_K1,2024-02-01 01:15:00+00:00,
90,01:30,3,2024-02-02,Friday,2024-02-01 18:30:00+00:00,2024-02-01 21:30:00+00:00,2024-02-01 21:30:00+00:00,2024-02-02 01:30:00+00:00,301.2,299.44,1.759999999999991,False,BREAK_BEFORE_K1,0,0,,,False,,,BREAK_BEFORE_K1,2024-02-01 22:50:00+00:00,
90,01:30,3,2024-02-03,Saturday,2024-02-02 18:30:00+00:00,2024-02-02 21:30:00+00:00,2024-02-02 21:30:00+00:00,2024-02-03 01:30:00+00:00,300.99,300.05,0.9399999999999977,False,OPPOSITE_VISIT_BEFORE_K1,0,1,,,False,,,OPPOSITE_VISIT_BEFORE_K1,2024-02-02 21:40:00+00:00,
90,01:30,3,2024-02-04,Sunday,2024-02-03 18:30:00+00:00,2024-02-03 21:30:00+00:00,2024-02-03 21:30:00+00:00,2024-02-04 01:30:00+00:00,300.84,299.76,1.079999999999984,True,,1,0,2024-02-03 22:25:00+00:00,2024-02-03 22:30:00+00:00,True,2024-02-03 22:30:00+00:00,2024-02-03 22:35:00+00:00,OPPOSITE_BREAK_BEFORE_H2,2024-02-03 23:20:00+00:00,
90,01:30,3,2024-02-05,Monday,2024-02-04 18:30:00+00:00,2024-02-04 21:30:00+00:00,2024-02-04 21:30:00+00:00,2024-02-05 01:30:00+00:00,307.4,303.96,3.4399999999999977,True,,1,0,2024-02-04 21:30:00+00:00,2024-02-04 21:35:00+00:00,True,2024-02-04 21:40:00+00:00,2024-02-04 21:45:00+00:00,H2_ARRIVAL,2024-02-04 22:15:00+00:00,35.0
90,01:30,3,2024-02-06,Tuesday,2024-02-05 18:30:00+00:00,2024-02-05 21:30:00+00:00,2024-02-05 21:30:00+00:00,2024-02-06 01:30:00+00:00,301.91,300.1,1.8100000000000023,False,OPPOSITE_VISIT_BEFORE_K1,0,1,,,False,,,OPPOSITE_VISIT_BEFORE_K1,2024-02-05 22:25:00+00:00,
90,01:30,3,2024-02-07,Wednesday,2024-02-06 18:30:00+00:00,2024-02-06 21:30:00+00:00,2024-02-06 21:30:00+00:00,2024-02-07 01:30:00+00:00,303.62,302.18,1.4399999999999977,False,OPPOSITE_VISIT_BEFORE_K1,0,1,,,False,,,OPPOSITE_VISIT_BEFORE_K1,2024-02-07 00:55:00+00:00,
90,01:30,3,2024-02-08,Thursday,2024-02-07 18:30:00+00:00,2024-02-07 21:30:00+00:00,2024-02-07 21:30:00+00:00,2024-02-08 01:30:00+00:00,308.54,306.3,2.240000000000009,True,,1,0,2024-02-07 21:50:00+00:00,2024-02-07 21:55:00+00:00,True,2024-02-07 22:00:00+00:00,2024-02-07 22:05:00+00:00,H2_ARRIVAL,2024-02-07 22:20:00+00:00,20.0
90,01:30,3,2024-02-09,Friday,2024-02-08 18:30:00+00:00,2024-02-08 21:30:00+00:00,2024-02-08 21:30:00+00:00,2024-02-09 01:30:00+00:00,318.52,315.78,2.740000000000009,True,,1,0,2024-02-08 22:25:00+00:00,2024-02-08 22:30:00+00:00,True,2024-02-08 22:35:00+00:00,2024-02-08 22:40:00+00:00,H2_ARRIVAL,2024-02-08 22:40:00+00:00,5.0
90,01:30,3,2024-02-10,Saturday,2024-02-09 18:30:00+00:00,2024-02-09 21:30:00+00:00,2024-02-09 21:30:00+00:00,2024-02-10 01:30:00+00:00,324.42,321.21,3.2100000000000364,False,BREAK_BEFORE_K1,0,0,,,False,,,BREAK_BEFORE_K1,2024-02-10 00:15:00+00:00,
90,01:30,3,2024-02-11,Sunday,2024-02-10 18:30:00+00:00,2024-02-10 21:30:00+00:00,2024-02-10 21:30:00+00:00,2024-02-11 01:30:00+00:00,323.0,321.0,2.0,True,,1,0,2024-02-10 21:30:00+00:00,2024-02-10 21:35:00+00:00,False,,,BREAK_DURING_K1,2024-02-10 21:35:00+00:00,
90,01:30,3,2024-02-12,Monday,2024-02-11 18:30:00+00:00,2024-02-11 21:30:00+00:00,2024-02-11 21:30:00+00:00,2024-02-12 01:30:00+00:00,321.86,319.61,2.25,False,NO_K1,0,0,,,False,,,NO_K1,,
90,01:30,3,2024-02-13,Tuesday,2024-02-12 18:30:00+00:00,2024-02-12 21:30:00+00:00,2024-02-12 21:30:00+00:00,2024-02-13 01:30:00+00:00,330.54,323.33,7.210000000000036,False,NO_K1,0,0,,,False,,,NO_K1,,
90,01:30,3,2024-02-14,Wednesday,2024-02-13 18:30:00+00:00,2024-02-13 21:30:00+00:00,2024-02-13 21:30:00+00:00,2024-02-14 01:30:00+00:00,324.37,321.92,2.4499999999999886,True,,1,0,2024-02-13 23:05:00+00:00,2024-02-13 23:10:00+00:00,True,2024-02-13 23:10:00+00:00,2024-02-13 23:15:00+00:00,H2_ARRIVAL,2024-02-13 23:20:00+00:00,10.0
90,01:30,3,2024-02-15,Thursday,2024-02-14 18:30:00+00:00,2024-02-14 21:30:00+00:00,2024-02-14 21:30:00+00:00,2024-02-15 01:30:00+00:00,333.72,331.35,2.3700000000000045,True,,1,0,2024-02-14 21:55:00+00:00,2024-02-14 22:00:00+00:00,False,,,BREAK_DURING_K1,2024-02-14 22:00:00+00:00,
90,01:30,3,2024-02-16,Friday,2024-02-15 18:30:00+00:00,2024-02-15 21:30:00+00:00,2024-02-15 21:30:00+00:00,2024-02-16 01:30:00+00:00,356.2,350.55,5.649999999999977,False,BREAK_BEFORE_K1,0,0,,,False,,,BREAK_BEFORE_K1,2024-02-15 21:55:00+00:00,
90,01:30,3,2024-02-17,Saturday,2024-02-16 18:30:00+00:00,2024-02-16 21:30:00+00:00,2024-02-16 21:30:00+00:00,2024-02-17 01:30:00+00:00,358.88,353.9,4.980000000000018,False,BREAK_BEFORE_K1,0,0,,,False,,,BREAK_BEFORE_K1,2024-02-16 21:35:00+00:00,
90,01:30,3,2024-02-18,Sunday,2024-02-17 18:30:00+00:00,2024-02-17 21:30:00+00:00,2024-02-17 21:30:00+00:00,2024-02-18 01:30:00+00:00,354.34,351.53,2.8100000000000023,False,BREAK_BEFORE_K1,0,0,,,False,,,BREAK_BEFORE_K1,2024-02-17 21:30:00+00:00,
90,01:30,3,2024-02-19,Monday,2024-02-18 18:30:00+00:00,2024-02-18 21:30:00+00:00,2024-02-18 21:30:00+00:00,2024-02-19 01:30:00+00:00,352.11,349.32,2.7900000000000205,False,BREAK_BEFORE_K1,0,0,,,False,,,BREAK_BEFORE_K1,2024-02-18 22:10:00+00:00,
90,01:30,3,2024-02-20,Tuesday,2024-02-19 18:30:00+00:00,2024-02-19 21:30:00+00:00,2024-02-19 21:30:00+00:00,2024-02-20 01:30:00+00:00,353.83,351.78,2.0500000000000114,True,,1,0,2024-02-19 21:55:00+00:00,2024-02-19 22:00:00+00:00,False,,,BREAK_DURING_K1,2024-02-19 22:00:00+00:00,
90,01:30,3,2024-02-21,Wednesday,2024-02-20 18:30:00+00:00,2024-02-20 21:30:00+00:00,2024-02-20 21:30:00+00:00,2024-02-21 01:30:00+00:00,354.95,349.63,5.319999999999993,False,BREAK_BEFORE_K1,0,0,,,False,,,BREAK_BEFORE_K1,2024-02-20 22:55:00+00:00,
90,01:30,3,2024-02-22,Thursday,2024-02-21 18:30:00+00:00,2024-02-21 21:30:00+00:00,2024-02-21 21:30:00+00:00,2024-02-22 01:30:00+00:00,376.0,364.62,11.379999999999995,False,BREAK_BEFORE_K1,0,0,,,False,,,BREAK_BEFORE_K1,2024-02-21 23:30:00+00:00,
90,01:30,3,2024-02-23,Friday,2024-02-22 18:30:00+00:00,2024-02-22 21:30:00+00:00,2024-02-22 21:30:00+00:00,2024-02-23 01:30:00+00:00,387.21,379.7,7.509999999999991,False,NO_K1,0,0,,,False,,,NO_K1,,
90,01:30,3,2024-02-24,Saturday,2024-02-23 18:30:00+00:00,2024-02-23 21:30:00+00:00,2024-02-23 21:30:00+00:00,2024-02-24 01:30:00+00:00,377.72,373.54,4.180000000000007,False,BREAK_BEFORE_K1,0,0,,,False,,,BREAK_BEFORE_K1,2024-02-23 22:40:00+00:00,
90,01:30,3,2024-02-25,Sunday,2024-02-24 18:30:00+00:00,2024-02-24 21:30:00+00:00,2024-02-24 21:30:00+00:00,2024-02-25 01:30:00+00:00,382.67,381.0,1.670000000000016,False,BREAK_BEFORE_K1,0,0,,,False,,,BREAK_BEFORE_K1,2024-02-24 21:40:00+00:00,
90,01:30,3,2024-02-26,Monday,2024-02-25 18:30:00+00:00,2024-02-25 21:30:00+00:00,2024-02-25 21:30:00+00:00,2024-02-26 01:30:00+00:00,391.03,385.47,5.559999999999945,False,NO_K1,0,0,,,False,,,NO_K1,,
90,01:30,3,2024-02-27,Tuesday,2024-02-26 18:30:00+00:00,2024-02-26 21:30:00+00:00,2024-02-26 21:30:00+00:00,2024-02-27 01:30:00+00:00,405.0,394.97,10.029999999999973,False,NO_K1,0,0,,,False,,,NO_K1,,
90,01:30,3,2024-02-28,Wednesday,2024-02-27 18:30:00+00:00,2024-02-27 21:30:00+00:00,2024-02-27 21:30:00+00:00,2024-02-28 01:30:00+00:00,396.4,393.57,2.829999999999984,False,NO_K1,0,0,,,False,,,NO_K1,,
90,01:30,3,2024-02-29,Thursday,2024-02-28 18:30:00+00:00,2024-02-28 21:30:00+00:00,2024-02-28 21:30:00+00:00,2024-02-29 01:30:00+00:00,410.5,404.31,6.189999999999998,True,,1,0,2024-02-28 21:50:00+00:00,2024-02-28 21:55:00+00:00,True,2024-02-28 21:55:00+00:00,2024-02-28 22:00:00+00:00,H2_ARRIVAL,2024-02-28 22:05:00+00:00,10.0
90,01:30,3,2024-03-01,Friday,2024-02-29 18:30:00+00:00,2024-02-29 21:30:00+00:00,2024-02-29 21:30:00+00:00,2024-03-01 01:30:00+00:00,407.53,401.09,6.439999999999998,False,BREAK_BEFORE_K1,0,0,,,False,,,BREAK_BEFORE_K1,2024-02-29 21:30:00+00:00,
90,01:30,3,2024-03-02,Saturday,2024-03-01 18:30:00+00:00,2024-03-01 21:30:00+00:00,2024-03-01 21:30:00+00:00,2024-03-02 01:30:00+00:00,408.33,406.15,2.180000000000007,False,OPPOSITE_VISIT_BEFORE_K1,0,1,,,False,,,OPPOSITE_VISIT_BEFORE_K1,2024-03-01 22:55:00+00:00,
90,01:30,3,2024-03-03,Sunday,2024-03-02 18:30:00+00:00,2024-03-02 21:30:00+00:00,2024-03-02 21:30:00+00:00,2024-03-03 01:30:00+00:00,410.24,407.44,2.8000000000000114,False,BREAK_BEFORE_K1,0,0,,,False,,,BREAK_BEFORE_K1,2024-03-02 23:05:00+00:00,
90,01:30,3,2024-03-04,Monday,2024-03-03 18:30:00+00:00,2024-03-03 21:30:00+00:00,2024-03-03 21:30:00+00:00,2024-03-04 01:30:00+00:00,415.57,413.23,2.339999999999975,False,BREAK_BEFORE_K1,0,0,,,False,,,BREAK_BEFORE_K1,2024-03-03 21:35:00+00:00,
90,01:30,3,2024-03-05,Tuesday,2024-03-04 18:30:00+00:00,2024-03-04 21:30:00+00:00,2024-03-04 21:30:00+00:00,2024-03-05 01:30:00+00:00,417.13,410.82,6.310000000000002,False,BREAK_BEFORE_K1,0,0,,,False,,,BREAK_BEFORE_K1,2024-03-04 21:55:00+00:00,
90,01:30,3,2024-03-06,Wednesday,2024-03-05 18:30:00+00:00,2024-03-05 21:30:00+00:00,2024-03-05 21:30:00+00:00,2024-03-06 01:30:00+00:00,407.25,352.01,55.24000000000001,False,NO_K1,0,0,,,False,,,NO_K1,,
90,01:30,3,2024-03-07,Thursday,2024-03-06 18:30:00+00:00,2024-03-06 21:30:00+00:00,2024-03-06 21:30:00+00:00,2024-03-07 01:30:00+00:00,427.5,422.0,5.5,False,BREAK_BEFORE_K1,0,0,,,False,,,BREAK_BEFORE_K1,2024-03-06 21:40:00+00:00,
90,01:30,3,2024-03-08,Friday,2024-03-07 18:30:00+00:00,2024-03-07 21:30:00+00:00,2024-03-07 21:30:00+00:00,2024-03-08 01:30:00+00:00,473.99,458.72,15.269999999999982,False,BREAK_BEFORE_K1,0,0,,,False,,,BREAK_BEFORE_K1,2024-03-07 23:10:00+00:00,
90,01:30,3,2024-03-09,Saturday,2024-03-08 18:30:00+00:00,2024-03-08 21:30:00+00:00,2024-03-08 21:30:00+00:00,2024-03-09 01:30:00+00:00,486.99,481.0,5.990000000000009,False,BREAK_BEFORE_K1,0,0,,,False,,,BREAK_BEFORE_K1,2024-03-08 21:30:00+00:00,
90,01:30,3,2024-03-10,Sunday,2024-03-09 18:30:00+00:00,2024-03-09 21:30:00+00:00,2024-03-09 21:30:00+00:00,2024-03-10 01:30:00+00:00,487.27,481.35,5.919999999999959,True,,1,0,2024-03-09 21:55:00+00:00,2024-03-09 22:00:00+00:00,True,2024-03-09 22:00:00+00:00,2024-03-09 22:05:00+00:00,H2_ARRIVAL,2024-03-09 22:05:00+00:00,5.0
90,01:30,3,2024-03-11,Monday,2024-03-10 18:30:00+00:00,2024-03-10 21:30:00+00:00,2024-03-10 21:30:00+00:00,2024-03-11 01:30:00+00:00,532.19,525.15,7.040000000000077,False,BREAK_BEFORE_K1,0,0,,,False,,,BREAK_BEFORE_K1,2024-03-10 22:15:00+00:00,
90,01:30,3,2024-03-12,Tuesday,2024-03-11 18:30:00+00:00,2024-03-11 21:30:00+00:00,2024-03-11 21:30:00+00:00,2024-03-12 01:30:00+00:00,522.37,517.38,4.990000000000009,True,,1,0,2024-03-11 21:30:00+00:00,2024-03-11 21:35:00+00:00,True,2024-03-11 21:40:00+00:00,2024-03-11 21:45:00+00:00,H2_ARRIVAL,2024-03-11 22:20:00+00:00,40.0
90,01:30,3,2024-03-13,Wednesday,2024-03-12 18:30:00+00:00,2024-03-12 21:30:00+00:00,2024-03-12 21:30:00+00:00,2024-03-13 01:30:00+00:00,546.32,532.65,13.670000000000073,False,OPPOSITE_VISIT_BEFORE_K1,0,1,,,False,,,OPPOSITE_VISIT_BEFORE_K1,2024-03-13 01:00:00+00:00,
90,01:30,3,2024-03-14,Thursday,2024-03-13 18:30:00+00:00,2024-03-13 21:30:00+00:00,2024-03-13 21:30:00+00:00,2024-03-14 01:30:00+00:00,599.8,591.08,8.719999999999914,True,,1,0,2024-03-13 22:05:00+00:00,2024-03-13 22:10:00+00:00,False,,,BREAK_DURING_K1,2024-03-13 22:15:00+00:00,
90,01:30,3,2024-03-15,Friday,2024-03-14 18:30:00+00:00,2024-03-14 21:30:00+00:00,2024-03-14 21:30:00+00:00,2024-03-15 01:30:00+00:00,600.86,565.55,35.31000000000006,False,BREAK_BEFORE_K1,0,0,,,False,,,BREAK_BEFORE_K1,2024-03-14 22:00:00+00:00,
90,01:30,3,2024-03-16,Saturday,2024-03-15 18:30:00+00:00,2024-03-15 21:30:00+00:00,2024-03-15 21:30:00+00:00,2024-03-16 01:30:00+00:00,614.93,582.1,32.82999999999993,False,BREAK_BEFORE_K1,0,0,,,False,,,BREAK_BEFORE_K1,2024-03-15 23:20:00+00:00,
90,01:30,3,2024-03-17,Sunday,2024-03-16 18:30:00+00:00,2024-03-16 21:30:00+00:00,2024-03-16 21:30:00+00:00,2024-03-17 01:30:00+00:00,592.24,579.12,13.120000000000005,False,BREAK_BEFORE_K1,0,0,,,False,,,BREAK_BEFORE_K1,2024-03-16 23:10:00+00:00,
90,01:30,3,2024-03-18,Monday,2024-03-17 18:30:00+00:00,2024-03-17 21:30:00+00:00,2024-03-17 21:30:00+00:00,2024-03-18 01:30:00+00:00,584.2,573.08,11.120000000000005,False,BREAK_BEFORE_K1,0,0,,,False,,,BREAK_BEFORE_K1,2024-03-17 21:50:00+00:00,
90,01:30,3,2024-03-19,Tuesday,2024-03-18 18:30:00+00:00,2024-03-18 21:30:00+00:00,2024-03-18 21:30:00+00:00,2024-03-19 01:30:00+00:00,557.42,545.39,12.029999999999973,True,,1,0,2024-03-18 21:30:00+00:00,2024-03-18 21:35:00+00:00,True,2024-03-18 21:35:00+00:00,2024-03-18 21:40:00+00:00,H2_ARRIVAL,2024-03-18 23:15:00+00:00,100.0
90,01:30,3,2024-03-20,Wednesday,2024-03-19 18:30:00+00:00,2024-03-19 21:30:00+00:00,2024-03-19 21:30:00+00:00,2024-03-20 01:30:00+00:00,536.78,517.1,19.67999999999995,False,OPPOSITE_VISIT_BEFORE_K1,0,1,,,False,,,OPPOSITE_VISIT_BEFORE_K1,2024-03-19 21:30:00+00:00,
90,01:30,3,2024-03-21,Thursday,2024-03-20 18:30:00+00:00,2024-03-20 21:30:00+00:00,2024-03-20 21:30:00+00:00,2024-03-21 01:30:00+00:00,554.6,527.65,26.950000000000045,False,BREAK_BEFORE_K1,0,0,,,False,,,BREAK_BEFORE_K1,2024-03-20 21:40:00+00:00,
90,01:30,3,2024-03-22,Friday,2024-03-21 18:30:00+00:00,2024-03-21 21:30:00+00:00,2024-03-21 21:30:00+00:00,2024-03-22 01:30:00+00:00,558.72,544.51,14.210000000000036,True,,1,0,2024-03-21 22:05:00+00:00,2024-03-21 22:10:00+00:00,True,2024-03-21 22:10:00+00:00,2024-03-21 22:15:00+00:00,H2_ARRIVAL,2024-03-22 00:15:00+00:00,125.0
90,01:30,3,2024-03-23,Saturday,2024-03-22 18:30:00+00:00,2024-03-22 21:30:00+00:00,2024-03-22 21:30:00+00:00,2024-03-23 01:30:00+00:00,552.8,540.15,12.649999999999977,False,BREAK_BEFORE_K1,0,0,,,False,,,BREAK_BEFORE_K1,2024-03-22 21:30:00+00:00,
90,01:30,3,2024-03-24,Sunday,2024-03-23 18:30:00+00:00,2024-03-23 21:30:00+00:00,2024-03-23 21:30:00+00:00,2024-03-24 01:30:00+00:00,563.24,558.34,4.899999999999977,False,BREAK_BEFORE_K1,0,0,,,False,,,BREAK_BEFORE_K1,2024-03-23 22:40:00+00:00,
90,01:30,3,2024-03-25,Monday,2024-03-24 18:30:00+00:00,2024-03-24 21:30:00+00:00,2024-03-24 21:30:00+00:00,2024-03-25 01:30:00+00:00,569.94,560.42,9.520000000000095,True,,1,0,2024-03-24 21:55:00+00:00,2024-03-24 22:00:00+00:00,False,,,BREAK_DURING_K1,2024-03-24 22:05:00+00:00,
90,01:30,3,2024-03-26,Tuesday,2024-03-25 18:30:00+00:00,2024-03-25 21:30:00+00:00,2024-03-25 21:30:00+00:00,2024-03-26 01:30:00+00:00,596.41,585.06,11.350000000000023,False,NO_K1,0,0,,,False,,,NO_K1,,
90,01:30,3,2024-03-27,Wednesday,2024-03-26 18:30:00+00:00,2024-03-26 21:30:00+00:00,2024-03-26 21:30:00+00:00,2024-03-27 01:30:00+00:00,580.41,573.54,6.8700000000000045,True,,1,0,2024-03-26 21:30:00+00:00,2024-03-26 21:35:00+00:00,True,2024-03-26 21:40:00+00:00,2024-03-26 21:45:00+00:00,H2_ARRIVAL,2024-03-26 22:00:00+00:00,20.0
90,01:30,3,2024-03-28,Thursday,2024-03-27 18:30:00+00:00,2024-03-27 21:30:00+00:00,2024-03-27 21:30:00+00:00,2024-03-28 01:30:00+00:00,573.66,566.2,7.459999999999923,True,,1,0,2024-03-27 21:30:00+00:00,2024-03-27 21:35:00+00:00,False,,,BREAK_DURING_K1,2024-03-27 21:35:00+00:00,
90,01:30,3,2024-03-29,Friday,2024-03-28 18:30:00+00:00,2024-03-28 21:30:00+00:00,2024-03-28 21:30:00+00:00,2024-03-29 01:30:00+00:00,583.94,581.0,2.9400000000000546,False,BREAK_BEFORE_K1,0,0,,,False,,,BREAK_BEFORE_K1,2024-03-28 22:00:00+00:00,
90,01:30,3,2024-03-30,Saturday,2024-03-29 18:30:00+00:00,2024-03-29 21:30:00+00:00,2024-03-29 21:30:00+00:00,2024-03-30 01:30:00+00:00,615.29,609.39,5.899999999999977,True,,1,0,2024-03-29 22:00:00+00:00,2024-03-29 22:05:00+00:00,False,,,BREAK_DURING_K1,2024-03-29 22:05:00+00:00,
90,01:30,3,2024-03-31,Sunday,2024-03-30 18:30:00+00:00,2024-03-30 21:30:00+00:00,2024-03-30 21:30:00+00:00,2024-03-31 01:30:00+00:00,609.07,602.5,6.57000000000005,False,OPPOSITE_VISIT_BEFORE_K1,0,1,,,False,,,OPPOSITE_VISIT_BEFORE_K1,2024-03-30 21:35:00+00:00,
90,01:30,3,2024-04-01,Monday,2024-03-31 18:30:00+00:00,2024-03-31 21:30:00+00:00,2024-03-31 21:30:00+00:00,2024-04-01 01:30:00+00:00,608.12,603.01,5.110000000000014,False,NO_K1,0,0,,,False,,,NO_K1,,
90,01:30,3,2024-04-02,Tuesday,2024-04-01 18:30:00+00:00,2024-04-01 21:30:00+00:00,2024-04-01 21:30:00+00:00,2024-04-02 01:30:00+00:00,581.61,571.53,10.080000000000041,True,,1,0,2024-04-01 21:30:00+00:00,2024-04-01 21:35:00+00:00,True,2024-04-01 21:35:00+00:00,2024-04-01 21:40:00+00:00,NO_H2_BY_END,,
90,01:30,3,2024-04-03,Wednesday,2024-04-02 18:30:00+00:00,2024-04-02 21:30:00+00:00,2024-04-02 21:30:00+00:00,2024-04-03 01:30:00+00:00,560.42,554.24,6.17999999999995,False,OPPOSITE_VISIT_BEFORE_K1,0,1,,,False,,,OPPOSITE_VISIT_BEFORE_K1,2024-04-02 21:30:00+00:00,
90,01:30,3,2024-04-04,Thursday,2024-04-03 18:30:00+00:00,2024-04-03 21:30:00+00:00,2024-04-03 21:30:00+00:00,2024-04-04 01:30:00+00:00,560.44,551.12,9.32000000000005,True,,1,0,2024-04-03 21:55:00+00:00,2024-04-03 22:00:00+00:00,False,,,BREAK_DURING_K1,2024-04-03 22:00:00+00:00,
90,01:30,3,2024-04-05,Friday,2024-04-04 18:30:00+00:00,2024-04-04 21:30:00+00:00,2024-04-04 21:30:00+00:00,2024-04-05 01:30:00+00:00,596.27,581.03,15.240000000000009,False,OPPOSITE_VISIT_BEFORE_K1,0,1,,,False,,,OPPOSITE_VISIT_BEFORE_K1,2024-04-04 22:45:00+00:00,
90,01:30,3,2024-04-06,Saturday,2024-04-05 18:30:00+00:00,2024-04-05 21:30:00+00:00,2024-04-05 21:30:00+00:00,2024-04-06 01:30:00+00:00,583.78,577.91,5.8700000000000045,False,BREAK_BEFORE_K1,0,0,,,False,,,BREAK_BEFORE_K1,2024-04-05 23:55:00+00:00,
90,01:30,3,2024-04-07,Sunday,2024-04-06 18:30:00+00:00,2024-04-06 21:30:00+00:00,2024-04-06 21:30:00+00:00,2024-04-07 01:30:00+00:00,585.24,582.32,2.919999999999959,True,,1,0,2024-04-06 21:30:00+00:00,2024-04-06 21:35:00+00:00,True,2024-04-06 21:35:00+00:00,2024-04-06 21:40:00+00:00,H2_ARRIVAL,2024-04-06 21:40:00+00:00,5.0
90,01:30,3,2024-04-08,Monday,2024-04-07 18:30:00+00:00,2024-04-07 21:30:00+00:00,2024-04-07 21:30:00+00:00,2024-04-08 01:30:00+00:00,582.84,577.44,5.399999999999977,False,BREAK_BEFORE_K1,0,0,,,False,,,BREAK_BEFORE_K1,2024-04-07 23:10:00+00:00,
90,01:30,3,2024-04-09,Tuesday,2024-04-08 18:30:00+00:00,2024-04-08 21:30:00+00:00,2024-04-08 21:30:00+00:00,2024-04-09 01:30:00+00:00,590.96,587.8,3.160000000000082,False,BREAK_BEFORE_K1,0,0,,,False,,,BREAK_BEFORE_K1,2024-04-08 22:25:00+00:00,
90,01:30,3,2024-04-10,Wednesday,2024-04-09 18:30:00+00:00,2024-04-09 21:30:00+00:00,2024-04-09 21:30:00+00:00,2024-04-10 01:30:00+00:00,582.44,578.67,3.7700000000000955,True,,1,0,2024-04-09 21:55:00+00:00,2024-04-09 22:00:00+00:00,False,,,BREAK_DURING_K1,2024-04-09 22:10:00+00:00,
90,01:30,3,2024-04-11,Thursday,2024-04-10 18:30:00+00:00,2024-04-10 21:30:00+00:00,2024-04-10 21:30:00+00:00,2024-04-11 01:30:00+00:00,608.3,599.62,8.67999999999995,False,BREAK_BEFORE_K1,0,0,,,False,,,BREAK_BEFORE_K1,2024-04-10 22:00:00+00:00,
90,01:30,3,2024-04-12,Friday,2024-04-11 18:30:00+00:00,2024-04-11 21:30:00+00:00,2024-04-11 21:30:00+00:00,2024-04-12 01:30:00+00:00,607.73,602.11,5.6200000000000045,False,BREAK_BEFORE_K1,0,0,,,False,,,BREAK_BEFORE_K1,2024-04-12 00:40:00+00:00,
90,01:30,3,2024-04-13,Saturday,2024-04-12 18:30:00+00:00,2024-04-12 21:30:00+00:00,2024-04-12 21:30:00+00:00,2024-04-13 01:30:00+00:00,599.4,563.33,36.069999999999936,False,NO_K1,0,0,,,False,,,NO_K1,,
90,01:30,3,2024-04-14,Sunday,2024-04-13 18:30:00+00:00,2024-04-13 21:30:00+00:00,2024-04-13 21:30:00+00:00,2024-04-14 01:30:00+00:00,582.66,489.0,93.65999999999997,False,NO_K1,0,0,,,False,,,NO_K1,,
90,01:30,3,2024-04-15,Monday,2024-04-14 18:30:00+00:00,2024-04-14 21:30:00+00:00,2024-04-14 21:30:00+00:00,2024-04-15 01:30:00+00:00,553.77,546.14,7.6299999999999955,False,BREAK_BEFORE_K1,0,0,,,False,,,BREAK_BEFORE_K1,2024-04-14 22:00:00+00:00,
90,01:30,3,2024-04-16,Tuesday,2024-04-15 18:30:00+00:00,2024-04-15 21:30:00+00:00,2024-04-15 21:30:00+00:00,2024-04-16 01:30:00+00:00,558.32,543.62,14.700000000000045,False,NO_K1,0,0,,,False,,,NO_K1,,
90,01:30,3,2024-04-17,Wednesday,2024-04-16 18:30:00+00:00,2024-04-16 21:30:00+00:00,2024-04-16 21:30:00+00:00,2024-04-17 01:30:00+00:00,542.36,533.3,9.06000000000006,True,,1,0,2024-04-16 21:30:00+00:00,2024-04-16 21:35:00+00:00,True,2024-04-16 21:35:00+00:00,2024-04-16 21:40:00+00:00,H2_ARRIVAL,2024-04-16 21:45:00+00:00,10.0
90,01:30,3,2024-04-18,Thursday,2024-04-17 18:30:00+00:00,2024-04-17 21:30:00+00:00,2024-04-17 21:30:00+00:00,2024-04-18 01:30:00+00:00,540.42,529.8,10.620000000000005,False,BREAK_BEFORE_K1,0,0,,,False,,,BREAK_BEFORE_K1,2024-04-18 00:20:00+00:00,
90,01:30,3,2024-04-19,Friday,2024-04-18 18:30:00+00:00,2024-04-18 21:30:00+00:00,2024-04-18 21:30:00+00:00,2024-04-19 01:30:00+00:00,551.6,546.86,4.740000000000009,True,,1,0,2024-04-18 21:45:00+00:00,2024-04-18 21:50:00+00:00,True,2024-04-18 21:55:00+00:00,2024-04-18 22:00:00+00:00,H2_ARRIVAL,2024-04-18 22:35:00+00:00,40.0
90,01:30,3,2024-04-20,Saturday,2024-04-19 18:30:00+00:00,2024-04-19 21:30:00+00:00,2024-04-19 21:30:00+00:00,2024-04-20 01:30:00+00:00,561.0,557.1,3.8999999999999773,True,,1,0,2024-04-19 22:05:00+00:00,2024-04-19 22:10:00+00:00,False,,,BREAK_DURING_K1,2024-04-19 22:10:00+00:00,
90,01:30,3,2024-04-21,Sunday,2024-04-20 18:30:00+00:00,2024-04-20 21:30:00+00:00,2024-04-20 21:30:00+00:00,2024-04-21 01:30:00+00:00,574.0,569.27,4.730000000000018,False,BREAK_BEFORE_K1,0,0,,,False,,,BREAK_BEFORE_K1,2024-04-20 22:10:00+00:00,
90,01:30,3,2024-04-22,Monday,2024-04-21 18:30:00+00:00,2024-04-21 21:30:00+00:00,2024-04-21 21:30:00+00:00,2024-04-22 01:30:00+00:00,579.42,573.43,5.990000000000009,True,,1,0,2024-04-21 21:55:00+00:00,2024-04-21 22:00:00+00:00,True,2024-04-21 22:00:00+00:00,2024-04-21 22:05:00+00:00,H2_ARRIVAL,2024-04-21 22:05:00+00:00,5.0
90,01:30,3,2024-04-23,Tuesday,2024-04-22 18:30:00+00:00,2024-04-22 21:30:00+00:00,2024-04-22 21:30:00+00:00,2024-04-23 01:30:00+00:00,598.05,593.64,4.409999999999968,True,,1,0,2024-04-22 21:45:00+00:00,2024-04-22 21:50:00+00:00,True,2024-04-22 21:55:00+00:00,2024-04-22 22:00:00+00:00,H2_ARRIVAL,2024-04-22 22:00:00+00:00,5.0
90,01:30,3,2024-04-24,Wednesday,2024-04-23 18:30:00+00:00,2024-04-23 21:30:00+00:00,2024-04-23 21:30:00+00:00,2024-04-24 01:30:00+00:00,609.8,604.48,5.319999999999936,False,BREAK_BEFORE_K1,0,0,,,False,,,BREAK_BEFORE_K1,2024-04-24 00:15:00+00:00,
90,01:30,3,2024-04-25,Thursday,2024-04-24 18:30:00+00:00,2024-04-24 21:30:00+00:00,2024-04-24 21:30:00+00:00,2024-04-25 01:30:00+00:00,612.7,592.29,20.410000000000082,False,NO_K1,0,0,,,False,,,NO_K1,,
90,01:30,3,2024-04-26,Friday,2024-04-25 18:30:00+00:00,2024-04-25 21:30:00+00:00,2024-04-25 21:30:00+00:00,2024-04-26 01:30:00+00:00,617.31,614.29,3.019999999999982,False,BREAK_BEFORE_K1,0,0,,,False,,,BREAK_BEFORE_K1,2024-04-25 21:40:00+00:00,
90,01:30,3,2024-04-27,Saturday,2024-04-26 18:30:00+00:00,2024-04-26 21:30:00+00:00,2024-04-26 21:30:00+00:00,2024-04-27 01:30:00+00:00,604.24,600.3,3.9400000000000546,False,BREAK_BEFORE_K1,0,0,,,False,,,BREAK_BEFORE_K1,2024-04-26 22:10:00+00:00,
90,01:30,3,2024-04-28,Sunday,2024-04-27 18:30:00+00:00,2024-04-27 21:30:00+00:00,2024-04-27 21:30:00+00:00,2024-04-28 01:30:00+00:00,595.72,591.2,4.519999999999982,True,,1,0,2024-04-27 23:30:00+00:00,2024-04-27 23:35:00+00:00,False,,,BREAK_DURING_K1,2024-04-27 23:45:00+00:00,
90,01:30,3,2024-04-29,Monday,2024-04-28 18:30:00+00:00,2024-04-28 21:30:00+00:00,2024-04-28 21:30:00+00:00,2024-04-29 01:30:00+00:00,606.59,602.21,4.3799999999999955,False,BREAK_BEFORE_K1,0,0,,,False,,,BREAK_BEFORE_K1,2024-04-28 22:30:00+00:00,
90,01:30,3,2024-04-30,Tuesday,2024-04-29 18:30:00+00:00,2024-04-29 21:30:00+00:00,2024-04-29 21:30:00+00:00,2024-04-30 01:30:00+00:00,593.59,588.31,5.280000000000086,False,BREAK_BEFORE_K1,0,0,,,False,,,BREAK_BEFORE_K1,2024-04-29 22:30:00+00:00,
90,01:30,3,2024-05-01,Wednesday,2024-04-30 18:30:00+00:00,2024-04-30 21:30:00+00:00,2024-04-30 21:30:00+00:00,2024-05-01 01:30:00+00:00,579.54,562.16,17.379999999999995,True,,1,0,2024-04-30 21:45:00+00:00,2024-04-30 21:50:00+00:00,True,2024-04-30 21:50:00+00:00,2024-04-30 21:55:00+00:00,H2_ARRIVAL,2024-04-30 21:55:00+00:00,5.0
90,01:30,3,2024-05-02,Thursday,2024-05-01 18:30:00+00:00,2024-05-01 21:30:00+00:00,2024-05-01 21:30:00+00:00,2024-05-02 01:30:00+00:00,565.9,547.34,18.559999999999945,False,NO_K1,0,0,,,False,,,NO_K1,,
90,01:30,3,2024-05-03,Friday,2024-05-02 18:30:00+00:00,2024-05-02 21:30:00+00:00,2024-05-02 21:30:00+00:00,2024-05-03 01:30:00+00:00,564.86,557.91,6.9500000000000455,True,,1,0,2024-05-03 01:20:00+00:00,2024-05-03 01:25:00+00:00,True,2024-05-03 01:25:00+00:00,2024-05-03 01:30:00+00:00,NO_H2_BY_END,,
90,01:30,3,2024-05-04,Saturday,2024-05-03 18:30:00+00:00,2024-05-03 21:30:00+00:00,2024-05-03 21:30:00+00:00,2024-05-04 01:30:00+00:00,589.83,577.46,12.370000000000005,False,NO_K1,0,0,,,False,,,NO_K1,,
90,01:30,3,2024-05-05,Sunday,2024-05-04 18:30:00+00:00,2024-05-04 21:30:00+00:00,2024-05-04 21:30:00+00:00,2024-05-05 01:30:00+00:00,591.37,586.74,4.6299999999999955,False,BREAK_BEFORE_K1,0,0,,,False,,,BREAK_BEFORE_K1,2024-05-04 21:30:00+00:00,
90,01:30,3,2024-05-06,Monday,2024-05-05 18:30:00+00:00,2024-05-05 21:30:00+00:00,2024-05-05 21:30:00+00:00,2024-05-06 01:30:00+00:00,593.76,589.94,3.8199999999999363,False,OPPOSITE_VISIT_BEFORE_K1,0,1,,,False,,,OPPOSITE_VISIT_BEFORE_K1,2024-05-05 21:30:00+00:00,
90,01:30,3,2024-05-07,Tuesday,2024-05-06 18:30:00+00:00,2024-05-06 21:30:00+00:00,2024-05-06 21:30:00+00:00,2024-05-07 01:30:00+00:00,592.13,585.21,6.919999999999959,False,BREAK_BEFORE_K1,0,0,,,False,,,BREAK_BEFORE_K1,2024-05-06 21:50:00+00:00,
90,01:30,3,2024-05-08,Wednesday,2024-05-07 18:30:00+00:00,2024-05-07 21:30:00+00:00,2024-05-07 21:30:00+00:00,2024-05-08 01:30:00+00:00,589.63,581.08,8.549999999999955,False,OPPOSITE_VISIT_BEFORE_K1,0,1,,,False,,,OPPOSITE_VISIT_BEFORE_K1,2024-05-07 21:35:00+00:00,
90,01:30,3,2024-05-09,Thursday,2024-05-08 18:30:00+00:00,2024-05-08 21:30:00+00:00,2024-05-08 21:30:00+00:00,2024-05-09 01:30:00+00:00,589.88,579.06,10.82000000000005,False,BREAK_BEFORE_K1,0,0,,,False,,,BREAK_BEFORE_K1,2024-05-09 00:05:00+00:00,
90,01:30,3,2024-05-10,Friday,2024-05-09 18:30:00+00:00,2024-05-09 21:30:00+00:00,2024-05-09 21:30:00+00:00,2024-05-10 01:30:00+00:00,597.85,592.62,5.230000000000018,False,BREAK_BEFORE_K1,0,0,,,False,,,BREAK_BEFORE_K1,2024-05-09 22:45:00+00:00,
90,01:30,3,2024-05-11,Saturday,2024-05-10 18:30:00+00:00,2024-05-10 21:30:00+00:00,2024-05-10 21:30:00+00:00,2024-05-11 01:30:00+00:00,587.3,583.14,4.159999999999968,True,,1,0,2024-05-10 22:05:00+00:00,2024-05-10 22:10:00+00:00,True,2024-05-10 22:10:00+00:00,2024-05-10 22:15:00+00:00,H2_ARRIVAL,2024-05-10 22:15:00+00:00,5.0
90,01:30,3,2024-05-12,Sunday,2024-05-11 18:30:00+00:00,2024-05-11 21:30:00+00:00,2024-05-11 21:30:00+00:00,2024-05-12 01:30:00+00:00,594.43,591.17,3.259999999999991,False,OPPOSITE_VISIT_BEFORE_K1,0,1,,,False,,,OPPOSITE_VISIT_BEFORE_K1,2024-05-11 23:40:00+00:00,
90,01:30,3,2024-05-13,Monday,2024-05-12 18:30:00+00:00,2024-05-12 21:30:00+00:00,2024-05-12 21:30:00+00:00,2024-05-13 01:30:00+00:00,598.45,593.14,5.310000000000059,False,OPPOSITE_VISIT_BEFORE_K1,0,1,,,False,,,OPPOSITE_VISIT_BEFORE_K1,2024-05-12 22:15:00+00:00,
90,01:30,3,2024-05-14,Tuesday,2024-05-13 18:30:00+00:00,2024-05-13 21:30:00+00:00,2024-05-13 21:30:00+00:00,2024-05-14 01:30:00+00:00,595.2,591.57,3.6299999999999955,False,OPPOSITE_VISIT_BEFORE_K1,0,1,,,False,,,OPPOSITE_VISIT_BEFORE_K1,2024-05-13 21:40:00+00:00,
90,01:30,3,2024-05-15,Wednesday,2024-05-14 18:30:00+00:00,2024-05-14 21:30:00+00:00,2024-05-14 21:30:00+00:00,2024-05-15 01:30:00+00:00,568.85,565.01,3.840000000000032,False,BREAK_BEFORE_K1,0,0,,,False,,,BREAK_BEFORE_K1,2024-05-14 22:25:00+00:00,
90,01:30,3,2024-05-16,Thursday,2024-05-15 18:30:00+00:00,2024-05-15 21:30:00+00:00,2024-05-15 21:30:00+00:00,2024-05-16 01:30:00+00:00,586.4,582.15,4.25,False,OPPOSITE_VISIT_BEFORE_K1,0,1,,,False,,,OPPOSITE_VISIT_BEFORE_K1,2024-05-15 23:35:00+00:00,
90,01:30,3,2024-05-17,Friday,2024-05-16 18:30:00+00:00,2024-05-16 21:30:00+00:00,2024-05-16 21:30:00+00:00,2024-05-17 01:30:00+00:00,569.79,566.17,3.6200000000000045,False,OPPOSITE_VISIT_BEFORE_K1,0,1,,,False,,,OPPOSITE_VISIT_BEFORE_K1,2024-05-16 22:15:00+00:00,
90,01:30,3,2024-05-18,Saturday,2024-05-17 18:30:00+00:00,2024-05-17 21:30:00+00:00,2024-05-17 21:30:00+00:00,2024-05-18 01:30:00+00:00,579.96,577.42,2.5400000000000773,False,BREAK_BEFORE_K1,0,0,,,False,,,BREAK_BEFORE_K1,2024-05-17 22:10:00+00:00,
90,01:30,3,2024-05-19,Sunday,2024-05-18 18:30:00+00:00,2024-05-18 21:30:00+00:00,2024-05-18 21:30:00+00:00,2024-05-19 01:30:00+00:00,578.18,576.64,1.5399999999999636,False,OPPOSITE_VISIT_BEFORE_K1,0,1,,,False,,,OPPOSITE_VISIT_BEFORE_K1,2024-05-18 21:30:00+00:00,
90,01:30,3,2024-05-20,Monday,2024-05-19 18:30:00+00:00,2024-05-19 21:30:00+00:00,2024-05-19 21:30:00+00:00,2024-05-20 01:30:00+00:00,575.92,572.27,3.6499999999999773,False,BREAK_BEFORE_K1,0,0,,,False,,,BREAK_BEFORE_K1,2024-05-19 21:30:00+00:00,
90,01:30,3,2024-05-21,Tuesday,2024-05-20 18:30:00+00:00,2024-05-20 21:30:00+00:00,2024-05-20 21:30:00+00:00,2024-05-21 01:30:00+00:00,591.21,577.35,13.860000000000014,True,,1,0,2024-05-20 21:40:00+00:00,2024-05-20 21:45:00+00:00,True,2024-05-20 21:45:00+00:00,2024-05-20 21:50:00+00:00,H2_ARRIVAL,2024-05-20 21:50:00+00:00,5.0
90,01:30,3,2024-05-22,Wednesday,2024-05-21 18:30:00+00:00,2024-05-21 21:30:00+00:00,2024-05-21 21:30:00+00:00,2024-05-22 01:30:00+00:00,616.21,608.01,8.200000000000045,True,,1,0,2024-05-21 22:15:00+00:00,2024-05-21 22:20:00+00:00,False,,,BREAK_DURING_K1,2024-05-21 22:20:00+00:00,
90,01:30,3,2024-05-23,Thursday,2024-05-22 18:30:00+00:00,2024-05-22 21:30:00+00:00,2024-05-22 21:30:00+00:00,2024-05-23 01:30:00+00:00,615.33,611.27,4.060000000000059,False,BREAK_BEFORE_K1,0,0,,,False,,,BREAK_BEFORE_K1,2024-05-22 21:30:00+00:00,
90,01:30,3,2024-05-24,Friday,2024-05-23 18:30:00+00:00,2024-05-23 21:30:00+00:00,2024-05-23 21:30:00+00:00,2024-05-24 01:30:00+00:00,601.62,577.73,23.889999999999986,True,,1,0,2024-05-24 00:35:00+00:00,2024-05-24 00:40:00+00:00,False,,,BREAK_DURING_K1,2024-05-24 00:40:00+00:00,
90,01:30,3,2024-05-25,Saturday,2024-05-24 18:30:00+00:00,2024-05-24 21:30:00+00:00,2024-05-24 21:30:00+00:00,2024-05-25 01:30:00+00:00,602.64,600.32,2.3199999999999363,True,,1,0,2024-05-24 22:15:00+00:00,2024-05-24 22:20:00+00:00,True,2024-05-24 22:20:00+00:00,2024-05-24 22:25:00+00:00,OPPOSITE_BREAK_BEFORE_H2,2024-05-25 00:00:00+00:00,
90,01:30,3,2024-05-26,Sunday,2024-05-25 18:30:00+00:00,2024-05-25 21:30:00+00:00,2024-05-25 21:30:00+00:00,2024-05-26 01:30:00+00:00,603.18,600.9,2.2799999999999727,False,BREAK_BEFORE_K1,0,0,,,False,,,BREAK_BEFORE_K1,2024-05-25 21:50:00+00:00,
90,01:30,3,2024-05-27,Monday,2024-05-26 18:30:00+00:00,2024-05-26 21:30:00+00:00,2024-05-26 21:30:00+00:00,2024-05-27 01:30:00+00:00,602.11,599.6,2.509999999999991,False,BREAK_BEFORE_K1,0,0,,,False,,,BREAK_BEFORE_K1,2024-05-26 21:30:00+00:00,
90,01:30,3,2024-05-28,Tuesday,2024-05-27 18:30:00+00:00,2024-05-27 21:30:00+00:00,2024-05-27 21:30:00+00:00,2024-05-28 01:30:00+00:00,611.08,600.77,10.31000000000006,False,NO_K1,0,0,,,False,,,NO_K1,,
90,01:30,3,2024-05-29,Wednesday,2024-05-28 18:30:00+00:00,2024-05-28 21:30:00+00:00,2024-05-28 21:30:00+00:00,2024-05-29 01:30:00+00:00,602.61,595.73,6.8799999999999955,False,BREAK_BEFORE_K1,0,0,,,False,,,BREAK_BEFORE_K1,2024-05-28 21:40:00+00:00,
90,01:30,3,2024-05-30,Thursday,2024-05-29 18:30:00+00:00,2024-05-29 21:30:00+00:00,2024-05-29 21:30:00+00:00,2024-05-30 01:30:00+00:00,596.81,593.86,2.949999999999932,False,BREAK_BEFORE_K1,0,0,,,False,,,BREAK_BEFORE_K1,2024-05-29 21:45:00+00:00,
90,01:30,3,2024-05-31,Friday,2024-05-30 18:30:00+00:00,2024-05-30 21:30:00+00:00,2024-05-30 21:30:00+00:00,2024-05-31 01:30:00+00:00,601.35,591.51,9.840000000000032,False,NO_K1,0,0,,,False,,,NO_K1,,
90,01:30,3,2024-06-01,Saturday,2024-05-31 18:30:00+00:00,2024-05-31 21:30:00+00:00,2024-05-31 21:30:00+00:00,2024-06-01 01:30:00+00:00,596.34,592.7,3.6399999999999864,False,NO_K1,0,0,,,False,,,NO_K1,,
90,01:30,3,2024-06-02,Sunday,2024-06-01 18:30:00+00:00,2024-06-01 21:30:00+00:00,2024-06-01 21:30:00+00:00,2024-06-02 01:30:00+00:00,609.0,596.68,12.32000000000005,False,NO_K1,0,0,,,False,,,NO_K1,,
90,01:30,3,2024-06-03,Monday,2024-06-02 18:30:00+00:00,2024-06-02 21:30:00+00:00,2024-06-02 21:30:00+00:00,2024-06-03 01:30:00+00:00,601.33,597.62,3.7100000000000364,False,BREAK_BEFORE_K1,0,0,,,False,,,BREAK_BEFORE_K1,2024-06-02 21:30:00+00:00,
90,01:30,3,2024-06-04,Tuesday,2024-06-03 18:30:00+00:00,2024-06-03 21:30:00+00:00,2024-06-03 21:30:00+00:00,2024-06-04 01:30:00+00:00,627.27,623.02,4.25,False,BREAK_BEFORE_K1,0,0,,,False,,,BREAK_BEFORE_K1,2024-06-03 22:30:00+00:00,
90,01:30,3,2024-06-05,Wednesday,2024-06-04 18:30:00+00:00,2024-06-04 21:30:00+00:00,2024-06-04 21:30:00+00:00,2024-06-05 01:30:00+00:00,675.88,665.03,10.850000000000023,True,,1,0,2024-06-04 22:00:00+00:00,2024-06-04 22:05:00+00:00,False,,,BREAK_DURING_K1,2024-06-04 22:05:00+00:00,
90,01:30,3,2024-06-06,Thursday,2024-06-05 18:30:00+00:00,2024-06-05 21:30:00+00:00,2024-06-05 21:30:00+00:00,2024-06-06 01:30:00+00:00,698.92,688.35,10.569999999999936,False,BREAK_BEFORE_K1,0,0,,,False,,,BREAK_BEFORE_K1,2024-06-05 23:45:00+00:00,
90,01:30,3,2024-06-07,Friday,2024-06-06 18:30:00+00:00,2024-06-06 21:30:00+00:00,2024-06-06 21:30:00+00:00,2024-06-07 01:30:00+00:00,711.22,700.37,10.850000000000023,False,BREAK_BEFORE_K1,0,0,,,False,,,BREAK_BEFORE_K1,2024-06-06 22:55:00+00:00,
90,01:30,3,2024-06-08,Saturday,2024-06-07 18:30:00+00:00,2024-06-07 21:30:00+00:00,2024-06-07 21:30:00+00:00,2024-06-08 01:30:00+00:00,685.55,671.59,13.959999999999923,True,,1,0,2024-06-07 22:45:00+00:00,2024-06-07 22:50:00+00:00,True,2024-06-07 22:50:00+00:00,2024-06-07 22:55:00+00:00,NO_H2_BY_END,,
90,01:30,3,2024-06-09,Sunday,2024-06-08 18:30:00+00:00,2024-06-08 21:30:00+00:00,2024-06-08 21:30:00+00:00,2024-06-09 01:30:00+00:00,687.6,683.77,3.830000000000041,False,BREAK_BEFORE_K1,0,0,,,False,,,BREAK_BEFORE_K1,2024-06-08 22:20:00+00:00,
90,01:30,3,2024-06-10,Monday,2024-06-09 18:30:00+00:00,2024-06-09 21:30:00+00:00,2024-06-09 21:30:00+00:00,2024-06-10 01:30:00+00:00,678.77,670.8,7.970000000000027,False,BREAK_BEFORE_K1,0,0,,,False,,,BREAK_BEFORE_K1,2024-06-09 21:35:00+00:00,
90,01:30,3,2024-06-11,Tuesday,2024-06-10 18:30:00+00:00,2024-06-10 21:30:00+00:00,2024-06-10 21:30:00+00:00,2024-06-11 01:30:00+00:00,653.28,613.48,39.799999999999955,False,NO_K1,0,0,,,False,,,NO_K1,,
90,01:30,3,2024-06-12,Wednesday,2024-06-11 18:30:00+00:00,2024-06-11 21:30:00+00:00,2024-06-11 21:30:00+00:00,2024-06-12 01:30:00+00:00,610.0,604.59,5.409999999999968,False,OPPOSITE_VISIT_BEFORE_K1,0,1,,,False,,,OPPOSITE_VISIT_BEFORE_K1,2024-06-11 21:30:00+00:00,
90,01:30,3,2024-06-13,Thursday,2024-06-12 18:30:00+00:00,2024-06-12 21:30:00+00:00,2024-06-12 21:30:00+00:00,2024-06-13 01:30:00+00:00,626.86,609.5,17.360000000000014,False,NO_K1,0,0,,,False,,,NO_K1,,
90,01:30,3,2024-06-14,Friday,2024-06-13 18:30:00+00:00,2024-06-13 21:30:00+00:00,2024-06-13 21:30:00+00:00,2024-06-14 01:30:00+00:00,605.72,597.0,8.720000000000027,False,OPPOSITE_VISIT_BEFORE_K1,0,1,,,False,,,OPPOSITE_VISIT_BEFORE_K1,2024-06-14 00:20:00+00:00,
90,01:30,3,2024-06-15,Saturday,2024-06-14 18:30:00+00:00,2024-06-14 21:30:00+00:00,2024-06-14 21:30:00+00:00,2024-06-15 01:30:00+00:00,601.06,591.52,9.539999999999964,False,BREAK_BEFORE_K1,0,0,,,False,,,BREAK_BEFORE_K1,2024-06-14 21:30:00+00:00,
90,01:30,3,2024-06-16,Sunday,2024-06-15 18:30:00+00:00,2024-06-15 21:30:00+00:00,2024-06-15 21:30:00+00:00,2024-06-16 01:30:00+00:00,607.5,604.02,3.480000000000018,False,BREAK_BEFORE_K1,0,0,,,False,,,BREAK_BEFORE_K1,2024-06-15 22:55:00+00:00,
90,01:30,3,2024-06-17,Monday,2024-06-16 18:30:00+00:00,2024-06-16 21:30:00+00:00,2024-06-16 21:30:00+00:00,2024-06-17 01:30:00+00:00,609.86,607.55,2.310000000000059,False,BREAK_BEFORE_K1,0,0,,,False,,,BREAK_BEFORE_K1,2024-06-16 22:05:00+00:00,
90,01:30,3,2024-06-18,Tuesday,2024-06-17 18:30:00+00:00,2024-06-17 21:30:00+00:00,2024-06-17 21:30:00+00:00,2024-06-18 01:30:00+00:00,610.24,604.08,6.159999999999968,False,OPPOSITE_VISIT_BEFORE_K1,0,1,,,False,,,OPPOSITE_VISIT_BEFORE_K1,2024-06-17 23:40:00+00:00,
90,01:30,3,2024-06-19,Wednesday,2024-06-18 18:30:00+00:00,2024-06-18 21:30:00+00:00,2024-06-18 21:30:00+00:00,2024-06-19 01:30:00+00:00,588.92,575.67,13.25,False,BREAK_BEFORE_K1,0,0,,,False,,,BREAK_BEFORE_K1,2024-06-18 21:45:00+00:00,
90,01:30,3,2024-06-20,Thursday,2024-06-19 18:30:00+00:00,2024-06-19 21:30:00+00:00,2024-06-19 21:30:00+00:00,2024-06-20 01:30:00+00:00,602.4,597.22,5.17999999999995,True,,1,0,2024-06-19 21:30:00+00:00,2024-06-19 21:35:00+00:00,True,2024-06-19 21:35:00+00:00,2024-06-19 21:40:00+00:00,OPPOSITE_BREAK_BEFORE_H2,2024-06-20 00:05:00+00:00,
90,01:30,3,2024-06-21,Friday,2024-06-20 18:30:00+00:00,2024-06-20 21:30:00+00:00,2024-06-20 21:30:00+00:00,2024-06-21 01:30:00+00:00,595.1,591.11,3.990000000000009,False,BREAK_BEFORE_K1,0,0,,,False,,,BREAK_BEFORE_K1,2024-06-20 22:35:00+00:00,
90,01:30,3,2024-06-22,Saturday,2024-06-21 18:30:00+00:00,2024-06-21 21:30:00+00:00,2024-06-21 21:30:00+00:00,2024-06-22 01:30:00+00:00,587.43,583.03,4.399999999999977,True,,1,0,2024-06-21 22:15:00+00:00,2024-06-21 22:20:00+00:00,False,,,BREAK_DURING_K1,2024-06-21 22:20:00+00:00,
90,01:30,3,2024-06-23,Sunday,2024-06-22 18:30:00+00:00,2024-06-22 21:30:00+00:00,2024-06-22 21:30:00+00:00,2024-06-23 01:30:00+00:00,588.99,585.69,3.2999999999999545,False,BREAK_BEFORE_K1,0,0,,,False,,,BREAK_BEFORE_K1,2024-06-22 22:25:00+00:00,
90,01:30,3,2024-06-24,Monday,2024-06-23 18:30:00+00:00,2024-06-23 21:30:00+00:00,2024-06-23 21:30:00+00:00,2024-06-24 01:30:00+00:00,585.78,579.14,6.639999999999986,False,OPPOSITE_VISIT_BEFORE_K1,0,1,,,False,,,OPPOSITE_VISIT_BEFORE_K1,2024-06-23 22:30:00+00:00,
90,01:30,3,2024-06-25,Tuesday,2024-06-24 18:30:00+00:00,2024-06-24 21:30:00+00:00,2024-06-24 21:30:00+00:00,2024-06-25 01:30:00+00:00,564.71,550.55,14.160000000000082,False,BREAK_BEFORE_K1,0,0,,,False,,,BREAK_BEFORE_K1,2024-06-24 21:55:00+00:00,
90,01:30,3,2024-06-26,Wednesday,2024-06-25 18:30:00+00:00,2024-06-25 21:30:00+00:00,2024-06-25 21:30:00+00:00,2024-06-26 01:30:00+00:00,579.93,576.52,3.409999999999968,False,BREAK_BEFORE_K1,0,0,,,False,,,BREAK_BEFORE_K1,2024-06-25 22:40:00+00:00,
90,01:30,3,2024-06-27,Thursday,2024-06-26 18:30:00+00:00,2024-06-26 21:30:00+00:00,2024-06-26 21:30:00+00:00,2024-06-27 01:30:00+00:00,576.0,569.74,6.259999999999991,False,NO_K1,0,0,,,False,,,NO_K1,,
90,01:30,3,2024-06-28,Friday,2024-06-27 18:30:00+00:00,2024-06-27 21:30:00+00:00,2024-06-27 21:30:00+00:00,2024-06-28 01:30:00+00:00,582.47,579.13,3.340000000000032,False,OPPOSITE_VISIT_BEFORE_K1,0,1,,,False,,,OPPOSITE_VISIT_BEFORE_K1,2024-06-28 00:30:00+00:00,
90,01:30,3,2024-06-29,Saturday,2024-06-28 18:30:00+00:00,2024-06-28 21:30:00+00:00,2024-06-28 21:30:00+00:00,2024-06-29 01:30:00+00:00,572.69,566.58,6.110000000000014,False,BREAK_BEFORE_K1,0,0,,,False,,,BREAK_BEFORE_K1,2024-06-28 22:10:00+00:00,
90,01:30,3,2024-06-30,Sunday,2024-06-29 18:30:00+00:00,2024-06-29 21:30:00+00:00,2024-06-29 21:30:00+00:00,2024-06-30 01:30:00+00:00,572.79,570.39,2.3999999999999773,False,BREAK_BEFORE_K1,0,0,,,False,,,BREAK_BEFORE_K1,2024-06-29 22:15:00+00:00,
90,01:30,3,2024-07-01,Monday,2024-06-30 18:30:00+00:00,2024-06-30 21:30:00+00:00,2024-06-30 21:30:00+00:00,2024-07-01 01:30:00+00:00,580.93,577.82,3.1099999999999,False,BREAK_BEFORE_K1,0,0,,,False,,,BREAK_BEFORE_K1,2024-06-30 22:25:00+00:00,
90,01:30,3,2024-07-02,Tuesday,2024-07-01 18:30:00+00:00,2024-07-01 21:30:00+00:00,2024-07-01 21:30:00+00:00,2024-07-02 01:30:00+00:00,583.39,580.56,2.830000000000041,False,OPPOSITE_VISIT_BEFORE_K1,0,1,,,False,,,OPPOSITE_VISIT_BEFORE_K1,2024-07-01 21:35:00+00:00,
90,01:30,3,2024-07-03,Wednesday,2024-07-02 18:30:00+00:00,2024-07-02 21:30:00+00:00,2024-07-02 21:30:00+00:00,2024-07-03 01:30:00+00:00,580.76,577.57,3.189999999999941,False,BREAK_BEFORE_K1,0,0,,,False,,,BREAK_BEFORE_K1,2024-07-02 23:05:00+00:00,
90,01:30,3,2024-07-04,Thursday,2024-07-03 18:30:00+00:00,2024-07-03 21:30:00+00:00,2024-07-03 21:30:00+00:00,2024-07-04 01:30:00+00:00,559.18,550.05,9.129999999999995,False,OPPOSITE_VISIT_BEFORE_K1,0,1,,,False,,,OPPOSITE_VISIT_BEFORE_K1,2024-07-04 01:15:00+00:00,
90,01:30,3,2024-07-05,Friday,2024-07-04 18:30:00+00:00,2024-07-04 21:30:00+00:00,2024-07-04 21:30:00+00:00,2024-07-05 01:30:00+00:00,528.3,522.41,5.889999999999986,False,BREAK_BEFORE_K1,0,0,,,False,,,BREAK_BEFORE_K1,2024-07-04 21:55:00+00:00,
90,01:30,3,2024-07-06,Saturday,2024-07-05 18:30:00+00:00,2024-07-05 21:30:00+00:00,2024-07-05 21:30:00+00:00,2024-07-06 01:30:00+00:00,498.91,494.23,4.680000000000007,False,BREAK_BEFORE_K1,0,0,,,False,,,BREAK_BEFORE_K1,2024-07-05 22:00:00+00:00,
90,01:30,3,2024-07-07,Sunday,2024-07-06 18:30:00+00:00,2024-07-06 21:30:00+00:00,2024-07-06 21:30:00+00:00,2024-07-07 01:30:00+00:00,529.3,523.6,5.699999999999932,False,BREAK_BEFORE_K1,0,0,,,False,,,BREAK_BEFORE_K1,2024-07-06 23:15:00+00:00,
90,01:30,3,2024-07-08,Monday,2024-07-07 18:30:00+00:00,2024-07-07 21:30:00+00:00,2024-07-07 21:30:00+00:00,2024-07-08 01:30:00+00:00,502.35,491.26,11.090000000000032,False,BREAK_BEFORE_K1,0,0,,,False,,,BREAK_BEFORE_K1,2024-07-07 23:40:00+00:00,
90,01:30,3,2024-07-09,Tuesday,2024-07-08 18:30:00+00:00,2024-07-08 21:30:00+00:00,2024-07-08 21:30:00+00:00,2024-07-09 01:30:00+00:00,511.05,504.45,6.600000000000023,True,,1,0,2024-07-08 21:35:00+00:00,2024-07-08 21:40:00+00:00,True,2024-07-08 21:40:00+00:00,2024-07-08 21:45:00+00:00,H2_ARRIVAL,2024-07-08 22:10:00+00:00,30.0
90,01:30,3,2024-07-10,Wednesday,2024-07-09 18:30:00+00:00,2024-07-09 21:30:00+00:00,2024-07-09 21:30:00+00:00,2024-07-10 01:30:00+00:00,521.16,515.7,5.459999999999923,False,BREAK_BEFORE_K1,0,0,,,False,,,BREAK_BEFORE_K1,2024-07-09 21:50:00+00:00,
90,01:30,3,2024-07-11,Thursday,2024-07-10 18:30:00+00:00,2024-07-10 21:30:00+00:00,2024-07-10 21:30:00+00:00,2024-07-11 01:30:00+00:00,524.39,520.85,3.5399999999999636,True,,1,0,2024-07-10 23:30:00+00:00,2024-07-10 23:35:00+00:00,False,,,BREAK_DURING_K1,2024-07-10 23:35:00+00:00,
90,01:30,3,2024-07-12,Friday,2024-07-11 18:30:00+00:00,2024-07-11 21:30:00+00:00,2024-07-11 21:30:00+00:00,2024-07-12 01:30:00+00:00,530.73,523.16,7.57000000000005,False,OPPOSITE_VISIT_BEFORE_K1,0,1,,,False,,,OPPOSITE_VISIT_BEFORE_K1,2024-07-11 22:15:00+00:00,
90,01:30,3,2024-07-13,Saturday,2024-07-12 18:30:00+00:00,2024-07-12 21:30:00+00:00,2024-07-12 21:30:00+00:00,2024-07-13 01:30:00+00:00,537.6,527.19,10.409999999999968,False,NO_K1,0,0,,,False,,,NO_K1,,
90,01:30,3,2024-07-14,Sunday,2024-07-13 18:30:00+00:00,2024-07-13 21:30:00+00:00,2024-07-13 21:30:00+00:00,2024-07-14 01:30:00+00:00,530.5,528.74,1.759999999999991,False,BREAK_BEFORE_K1,0,0,,,False,,,BREAK_BEFORE_K1,2024-07-13 22:15:00+00:00,
90,01:30,3,2024-07-15,Monday,2024-07-14 18:30:00+00:00,2024-07-14 21:30:00+00:00,2024-07-14 21:30:00+00:00,2024-07-15 01:30:00+00:00,542.83,535.22,7.610000000000014,False,BREAK_BEFORE_K1,0,0,,,False,,,BREAK_BEFORE_K1,2024-07-14 21:45:00+00:00,
90,01:30,3,2024-07-16,Tuesday,2024-07-15 18:30:00+00:00,2024-07-15 21:30:00+00:00,2024-07-15 21:30:00+00:00,2024-07-16 01:30:00+00:00,579.59,575.69,3.8999999999999773,False,BREAK_BEFORE_K1,0,0,,,False,,,BREAK_BEFORE_K1,2024-07-15 21:30:00+00:00,
90,01:30,3,2024-07-17,Wednesday,2024-07-16 18:30:00+00:00,2024-07-16 21:30:00+00:00,2024-07-16 21:30:00+00:00,2024-07-17 01:30:00+00:00,578.88,573.63,5.25,False,BREAK_BEFORE_K1,0,0,,,False,,,BREAK_BEFORE_K1,2024-07-16 22:05:00+00:00,
90,01:30,3,2024-07-18,Thursday,2024-07-17 18:30:00+00:00,2024-07-17 21:30:00+00:00,2024-07-17 21:30:00+00:00,2024-07-18 01:30:00+00:00,573.72,568.24,5.480000000000018,False,BREAK_BEFORE_K1,0,0,,,False,,,BREAK_BEFORE_K1,2024-07-17 22:15:00+00:00,
90,01:30,3,2024-07-19,Friday,2024-07-18 18:30:00+00:00,2024-07-18 21:30:00+00:00,2024-07-18 21:30:00+00:00,2024-07-19 01:30:00+00:00,570.88,565.1,5.779999999999973,False,BREAK_BEFORE_K1,0,0,,,False,,,BREAK_BEFORE_K1,2024-07-18 22:15:00+00:00,
90,01:30,3,2024-07-20,Saturday,2024-07-19 18:30:00+00:00,2024-07-19 21:30:00+00:00,2024-07-19 21:30:00+00:00,2024-07-20 01:30:00+00:00,597.49,589.29,8.200000000000045,False,OPPOSITE_VISIT_BEFORE_K1,0,1,,,False,,,OPPOSITE_VISIT_BEFORE_K1,2024-07-20 00:35:00+00:00,
90,01:30,3,2024-07-21,Sunday,2024-07-20 18:30:00+00:00,2024-07-20 21:30:00+00:00,2024-07-20 21:30:00+00:00,2024-07-21 01:30:00+00:00,598.22,593.78,4.440000000000055,False,OPPOSITE_VISIT_BEFORE_K1,0,1,,,False,,,OPPOSITE_VISIT_BEFORE_K1,2024-07-20 22:25:00+00:00,
90,01:30,3,2024-07-22,Monday,2024-07-21 18:30:00+00:00,2024-07-21 21:30:00+00:00,2024-07-21 21:30:00+00:00,2024-07-22 01:30:00+00:00,602.63,590.69,11.93999999999994,False,BREAK_BEFORE_K1,0,0,,,False,,,BREAK_BEFORE_K1,2024-07-21 21:35:00+00:00,
90,01:30,3,2024-07-23,Tuesday,2024-07-22 18:30:00+00:00,2024-07-22 21:30:00+00:00,2024-07-22 21:30:00+00:00,2024-07-23 01:30:00+00:00,596.72,589.75,6.970000000000027,False,OPPOSITE_VISIT_BEFORE_K1,0,1,,,False,,,OPPOSITE_VISIT_BEFORE_K1,2024-07-22 22:10:00+00:00,
90,01:30,3,2024-07-24,Wednesday,2024-07-23 18:30:00+00:00,2024-07-23 21:30:00+00:00,2024-07-23 21:30:00+00:00,2024-07-24 01:30:00+00:00,584.97,580.65,4.32000000000005,False,OPPOSITE_VISIT_BEFORE_K1,0,1,,,False,,,OPPOSITE_VISIT_BEFORE_K1,2024-07-23 22:00:00+00:00,
90,01:30,3,2024-07-25,Thursday,2024-07-24 18:30:00+00:00,2024-07-24 21:30:00+00:00,2024-07-24 21:30:00+00:00,2024-07-25 01:30:00+00:00,582.87,576.01,6.860000000000014,False,BREAK_BEFORE_K1,0,0,,,False,,,BREAK_BEFORE_K1,2024-07-24 21:30:00+00:00,
90,01:30,3,2024-07-26,Friday,2024-07-25 18:30:00+00:00,2024-07-25 21:30:00+00:00,2024-07-25 21:30:00+00:00,2024-07-26 01:30:00+00:00,572.99,560.89,12.100000000000023,True,,1,0,2024-07-25 22:05:00+00:00,2024-07-25 22:10:00+00:00,True,2024-07-25 22:10:00+00:00,2024-07-25 22:15:00+00:00,H2_ARRIVAL,2024-07-25 22:30:00+00:00,20.0
90,01:30,3,2024-07-27,Saturday,2024-07-26 18:30:00+00:00,2024-07-26 21:30:00+00:00,2024-07-26 21:30:00+00:00,2024-07-27 01:30:00+00:00,582.44,577.7,4.740000000000009,False,BREAK_BEFORE_K1,0,0,,,False,,,BREAK_BEFORE_K1,2024-07-26 22:20:00+00:00,
90,01:30,3,2024-07-28,Sunday,2024-07-27 18:30:00+00:00,2024-07-27 21:30:00+00:00,2024-07-27 21:30:00+00:00,2024-07-28 01:30:00+00:00,585.55,573.04,12.509999999999991,True,,1,0,2024-07-27 22:15:00+00:00,2024-07-27 22:20:00+00:00,False,,,BREAK_DURING_K1,2024-07-27 22:20:00+00:00,
90,01:30,3,2024-07-29,Monday,2024-07-28 18:30:00+00:00,2024-07-28 21:30:00+00:00,2024-07-28 21:30:00+00:00,2024-07-29 01:30:00+00:00,584.95,581.32,3.6299999999999955,True,,1,0,2024-07-28 23:20:00+00:00,2024-07-28 23:25:00+00:00,False,,,BREAK_DURING_K1,2024-07-28 23:25:00+00:00,
90,01:30,3,2024-07-30,Tuesday,2024-07-29 18:30:00+00:00,2024-07-29 21:30:00+00:00,2024-07-29 21:30:00+00:00,2024-07-30 01:30:00+00:00,579.23,576.07,3.159999999999968,True,,1,0,2024-07-29 21:55:00+00:00,2024-07-29 22:00:00+00:00,False,,,BREAK_DURING_K1,2024-07-29 22:05:00+00:00,
90,01:30,3,2024-07-31,Wednesday,2024-07-30 18:30:00+00:00,2024-07-30 21:30:00+00:00,2024-07-30 21:30:00+00:00,2024-07-31 01:30:00+00:00,576.62,570.08,6.539999999999964,False,BREAK_BEFORE_K1,0,0,,,False,,,BREAK_BEFORE_K1,2024-07-30 21:30:00+00:00,
90,01:30,3,2024-08-01,Thursday,2024-07-31 18:30:00+00:00,2024-07-31 21:30:00+00:00,2024-07-31 21:30:00+00:00,2024-08-01 01:30:00+00:00,590.26,575.17,15.090000000000032,False,BREAK_BEFORE_K1,0,0,,,False,,,BREAK_BEFORE_K1,2024-08-01 00:45:00+00:00,
90,01:30,3,2024-08-02,Friday,2024-08-01 18:30:00+00:00,2024-08-01 21:30:00+00:00,2024-08-01 21:30:00+00:00,2024-08-02 01:30:00+00:00,572.55,553.74,18.809999999999945,False,BREAK_BEFORE_K1,0,0,,,False,,,BREAK_BEFORE_K1,2024-08-01 21:40:00+00:00,
90,01:30,3,2024-08-03,Saturday,2024-08-02 18:30:00+00:00,2024-08-02 21:30:00+00:00,2024-08-02 21:30:00+00:00,2024-08-03 01:30:00+00:00,558.92,548.0,10.919999999999959,False,OPPOSITE_VISIT_BEFORE_K1,0,1,,,False,,,OPPOSITE_VISIT_BEFORE_K1,2024-08-02 21:30:00+00:00,
90,01:30,3,2024-08-04,Sunday,2024-08-03 18:30:00+00:00,2024-08-03 21:30:00+00:00,2024-08-03 21:30:00+00:00,2024-08-04 01:30:00+00:00,528.73,521.36,7.3700000000000045,False,BREAK_BEFORE_K1,0,0,,,False,,,BREAK_BEFORE_K1,2024-08-03 22:05:00+00:00,
90,01:30,3,2024-08-05,Monday,2024-08-04 18:30:00+00:00,2024-08-04 21:30:00+00:00,2024-08-04 21:30:00+00:00,2024-08-05 01:30:00+00:00,511.65,496.86,14.789999999999964,False,BREAK_BEFORE_K1,0,0,,,False,,,BREAK_BEFORE_K1,2024-08-04 23:50:00+00:00,
90,01:30,3,2024-08-06,Tuesday,2024-08-05 18:30:00+00:00,2024-08-05 21:30:00+00:00,2024-08-05 21:30:00+00:00,2024-08-06 01:30:00+00:00,469.59,450.74,18.849999999999966,True,,1,0,2024-08-05 22:20:00+00:00,2024-08-05 22:25:00+00:00,False,,,BREAK_DURING_K1,2024-08-05 22:25:00+00:00,
90,01:30,3,2024-08-07,Wednesday,2024-08-06 18:30:00+00:00,2024-08-06 21:30:00+00:00,2024-08-06 21:30:00+00:00,2024-08-07 01:30:00+00:00,491.45,483.75,7.699999999999989,False,BREAK_BEFORE_K1,0,0,,,False,,,BREAK_BEFORE_K1,2024-08-06 22:05:00+00:00,
90,01:30,3,2024-08-08,Thursday,2024-08-07 18:30:00+00:00,2024-08-07 21:30:00+00:00,2024-08-07 21:30:00+00:00,2024-08-08 01:30:00+00:00,478.08,468.06,10.019999999999982,False,BREAK_BEFORE_K1,0,0,,,False,,,BREAK_BEFORE_K1,2024-08-08 00:35:00+00:00,
90,01:30,3,2024-08-09,Friday,2024-08-08 18:30:00+00:00,2024-08-08 21:30:00+00:00,2024-08-08 21:30:00+00:00,2024-08-09 01:30:00+00:00,505.98,501.63,4.350000000000023,False,BREAK_BEFORE_K1,0,0,,,False,,,BREAK_BEFORE_K1,2024-08-08 21:30:00+00:00,
90,01:30,3,2024-08-10,Saturday,2024-08-09 18:30:00+00:00,2024-08-09 21:30:00+00:00,2024-08-09 21:30:00+00:00,2024-08-10 01:30:00+00:00,508.8,504.27,4.53000000000003,True,,1,0,2024-08-09 21:55:00+00:00,2024-08-09 22:00:00+00:00,True,2024-08-09 22:05:00+00:00,2024-08-09 22:10:00+00:00,H2_ARRIVAL,2024-08-09 22:25:00+00:00,20.0
90,01:30,3,2024-08-11,Sunday,2024-08-10 18:30:00+00:00,2024-08-10 21:30:00+00:00,2024-08-10 21:30:00+00:00,2024-08-11 01:30:00+00:00,525.71,519.3,6.410000000000082,False,BREAK_BEFORE_K1,0,0,,,False,,,BREAK_BEFORE_K1,2024-08-11 00:20:00+00:00,
90,01:30,3,2024-08-12,Monday,2024-08-11 18:30:00+00:00,2024-08-11 21:30:00+00:00,2024-08-11 21:30:00+00:00,2024-08-12 01:30:00+00:00,519.81,503.39,16.41999999999996,False,OPPOSITE_VISIT_BEFORE_K1,0,1,,,False,,,OPPOSITE_VISIT_BEFORE_K1,2024-08-11 22:30:00+00:00,
90,01:30,3,2024-08-13,Tuesday,2024-08-12 18:30:00+00:00,2024-08-12 21:30:00+00:00,2024-08-12 21:30:00+00:00,2024-08-13 01:30:00+00:00,517.01,507.4,9.610000000000014,False,BREAK_BEFORE_K1,0,0,,,False,,,BREAK_BEFORE_K1,2024-08-12 23:10:00+00:00,
90,01:30,3,2024-08-14,Wednesday,2024-08-13 18:30:00+00:00,2024-08-13 21:30:00+00:00,2024-08-13 21:30:00+00:00,2024-08-14 01:30:00+00:00,524.1,518.8,5.300000000000068,False,BREAK_BEFORE_K1,0,0,,,False,,,BREAK_BEFORE_K1,2024-08-13 21:30:00+00:00,
90,01:30,3,2024-08-15,Thursday,2024-08-14 18:30:00+00:00,2024-08-14 21:30:00+00:00,2024-08-14 21:30:00+00:00,2024-08-15 01:30:00+00:00,525.85,521.74,4.110000000000014,False,BREAK_BEFORE_K1,0,0,,,False,,,BREAK_BEFORE_K1,2024-08-14 22:00:00+00:00,
90,01:30,3,2024-08-16,Friday,2024-08-15 18:30:00+00:00,2024-08-15 21:30:00+00:00,2024-08-15 21:30:00+00:00,2024-08-16 01:30:00+00:00,520.57,509.88,10.690000000000055,True,,1,0,2024-08-15 22:30:00+00:00,2024-08-15 22:35:00+00:00,False,,,BREAK_DURING_K1,2024-08-15 22:35:00+00:00,
90,01:30,3,2024-08-17,Saturday,2024-08-16 18:30:00+00:00,2024-08-16 21:30:00+00:00,2024-08-16 21:30:00+00:00,2024-08-17 01:30:00+00:00,522.96,518.56,4.400000000000091,False,BREAK_BEFORE_K1,0,0,,,False,,,BREAK_BEFORE_K1,2024-08-16 23:10:00+00:00,
90,01:30,3,2024-08-18,Sunday,2024-08-17 18:30:00+00:00,2024-08-17 21:30:00+00:00,2024-08-17 21:30:00+00:00,2024-08-18 01:30:00+00:00,547.9,536.62,11.279999999999973,False,OPPOSITE_VISIT_BEFORE_K1,0,1,,,False,,,OPPOSITE_VISIT_BEFORE_K1,2024-08-18 01:20:00+00:00,
90,01:30,3,2024-08-19,Monday,2024-08-18 18:30:00+00:00,2024-08-18 21:30:00+00:00,2024-08-18 21:30:00+00:00,2024-08-19 01:30:00+00:00,538.4,536.53,1.8700000000000045,False,BREAK_BEFORE_K1,0,0,,,False,,,BREAK_BEFORE_K1,2024-08-18 21:35:00+00:00,
90,01:30,3,2024-08-20,Tuesday,2024-08-19 18:30:00+00:00,2024-08-19 21:30:00+00:00,2024-08-19 21:30:00+00:00,2024-08-20 01:30:00+00:00,557.33,550.46,6.8700000000000045,True,,1,0,2024-08-19 22:10:00+00:00,2024-08-19 22:15:00+00:00,False,,,BREAK_DURING_K1,2024-08-19 22:30:00+00:00,
90,01:30,3,2024-08-21,Wednesday,2024-08-20 18:30:00+00:00,2024-08-20 21:30:00+00:00,2024-08-20 21:30:00+00:00,2024-08-21 01:30:00+00:00,573.58,566.92,6.660000000000082,False,BREAK_BEFORE_K1,0,0,,,False,,,BREAK_BEFORE_K1,2024-08-20 22:05:00+00:00,
90,01:30,3,2024-08-22,Thursday,2024-08-21 18:30:00+00:00,2024-08-21 21:30:00+00:00,2024-08-21 21:30:00+00:00,2024-08-22 01:30:00+00:00,574.76,560.05,14.710000000000036,False,NO_K1,0,0,,,False,,,NO_K1,,
90,01:30,3,2024-08-23,Friday,2024-08-22 18:30:00+00:00,2024-08-22 21:30:00+00:00,2024-08-22 21:30:00+00:00,2024-08-23 01:30:00+00:00,585.62,578.33,7.289999999999964,False,BREAK_BEFORE_K1,0,0,,,False,,,BREAK_BEFORE_K1,2024-08-22 21:45:00+00:00,
90,01:30,3,2024-08-24,Saturday,2024-08-23 18:30:00+00:00,2024-08-23 21:30:00+00:00,2024-08-23 21:30:00+00:00,2024-08-24 01:30:00+00:00,592.22,581.72,10.5,False,BREAK_BEFORE_K1,0,0,,,False,,,BREAK_BEFORE_K1,2024-08-23 21:45:00+00:00,
90,01:30,3,2024-08-25,Sunday,2024-08-24 18:30:00+00:00,2024-08-24 21:30:00+00:00,2024-08-24 21:30:00+00:00,2024-08-25 01:30:00+00:00,591.57,583.24,8.330000000000041,False,BREAK_BEFORE_K1,0,0,,,False,,,BREAK_BEFORE_K1,2024-08-24 21:30:00+00:00,
90,01:30,3,2024-08-26,Monday,2024-08-25 18:30:00+00:00,2024-08-25 21:30:00+00:00,2024-08-25 21:30:00+00:00,2024-08-26 01:30:00+00:00,578.33,574.0,4.330000000000041,True,,1,0,2024-08-25 23:05:00+00:00,2024-08-25 23:10:00+00:00,False,,,BREAK_DURING_K1,2024-08-25 23:10:00+00:00,
90,01:30,3,2024-08-27,Tuesday,2024-08-26 18:30:00+00:00,2024-08-26 21:30:00+00:00,2024-08-26 21:30:00+00:00,2024-08-27 01:30:00+00:00,558.59,546.41,12.180000000000064,False,NO_K1,0,0,,,False,,,NO_K1,,
90,01:30,3,2024-08-28,Wednesday,2024-08-27 18:30:00+00:00,2024-08-27 21:30:00+00:00,2024-08-27 21:30:00+00:00,2024-08-28 01:30:00+00:00,551.2,544.2,7.0,False,BREAK_BEFORE_K1,0,0,,,False,,,BREAK_BEFORE_K1,2024-08-27 21:35:00+00:00,
90,01:30,3,2024-08-29,Thursday,2024-08-28 18:30:00+00:00,2024-08-28 21:30:00+00:00,2024-08-28 21:30:00+00:00,2024-08-29 01:30:00+00:00,540.4,531.81,8.590000000000032,True,,1,0,2024-08-29 00:20:00+00:00,2024-08-29 00:25:00+00:00,True,2024-08-29 00:25:00+00:00,2024-08-29 00:30:00+00:00,H2_ARRIVAL,2024-08-29 01:00:00+00:00,35.0
90,01:30,3,2024-08-30,Friday,2024-08-29 18:30:00+00:00,2024-08-29 21:30:00+00:00,2024-08-29 21:30:00+00:00,2024-08-30 01:30:00+00:00,537.47,530.42,7.050000000000068,False,NO_K1,0,0,,,False,,,NO_K1,,
90,01:30,3,2024-08-31,Saturday,2024-08-30 18:30:00+00:00,2024-08-30 21:30:00+00:00,2024-08-30 21:30:00+00:00,2024-08-31 01:30:00+00:00,536.96,530.82,6.139999999999986,False,BREAK_BEFORE_K1,0,0,,,False,,,BREAK_BEFORE_K1,2024-08-31 00:30:00+00:00,
90,01:30,3,2024-09-01,Sunday,2024-08-31 18:30:00+00:00,2024-08-31 21:30:00+00:00,2024-08-31 21:30:00+00:00,2024-09-01 01:30:00+00:00,534.78,531.08,3.699999999999932,False,BREAK_BEFORE_K1,0,0,,,False,,,BREAK_BEFORE_K1,2024-09-01 00:30:00+00:00,
90,01:30,3,2024-09-02,Monday,2024-09-01 18:30:00+00:00,2024-09-01 21:30:00+00:00,2024-09-01 21:30:00+00:00,2024-09-02 01:30:00+00:00,523.25,518.01,5.240000000000009,False,OPPOSITE_VISIT_BEFORE_K1,0,1,,,False,,,OPPOSITE_VISIT_BEFORE_K1,2024-09-01 21:30:00+00:00,
90,01:30,3,2024-09-03,Tuesday,2024-09-02 18:30:00+00:00,2024-09-02 21:30:00+00:00,2024-09-02 21:30:00+00:00,2024-09-03 01:30:00+00:00,530.6,520.0,10.600000000000023,False,BREAK_BEFORE_K1,0,0,,,False,,,BREAK_BEFORE_K1,2024-09-03 01:05:00+00:00,
90,01:30,3,2024-09-04,Wednesday,2024-09-03 18:30:00+00:00,2024-09-03 21:30:00+00:00,2024-09-03 21:30:00+00:00,2024-09-04 01:30:00+00:00,526.24,522.02,4.220000000000027,False,OPPOSITE_VISIT_BEFORE_K1,0,1,,,False,,,OPPOSITE_VISIT_BEFORE_K1,2024-09-03 23:05:00+00:00,
90,01:30,3,2024-09-05,Thursday,2024-09-04 18:30:00+00:00,2024-09-04 21:30:00+00:00,2024-09-04 21:30:00+00:00,2024-09-05 01:30:00+00:00,511.71,505.3,6.409999999999968,True,,1,0,2024-09-04 21:55:00+00:00,2024-09-04 22:00:00+00:00,False,,,BREAK_DURING_K1,2024-09-04 22:00:00+00:00,
90,01:30,3,2024-09-06,Friday,2024-09-05 18:30:00+00:00,2024-09-05 21:30:00+00:00,2024-09-05 21:30:00+00:00,2024-09-06 01:30:00+00:00,503.76,497.62,6.139999999999986,True,,1,0,2024-09-06 00:10:00+00:00,2024-09-06 00:15:00+00:00,False,,,BREAK_DURING_K1,2024-09-06 00:15:00+00:00,
90,01:30,3,2024-09-07,Saturday,2024-09-06 18:30:00+00:00,2024-09-06 21:30:00+00:00,2024-09-06 21:30:00+00:00,2024-09-07 01:30:00+00:00,487.76,471.0,16.75999999999999,False,BREAK_BEFORE_K1,0,0,,,False,,,BREAK_BEFORE_K1,2024-09-07 00:00:00+00:00,
90,01:30,3,2024-09-08,Sunday,2024-09-07 18:30:00+00:00,2024-09-07 21:30:00+00:00,2024-09-07 21:30:00+00:00,2024-09-08 01:30:00+00:00,496.72,491.96,4.760000000000048,False,OPPOSITE_VISIT_BEFORE_K1,0,1,,,False,,,OPPOSITE_VISIT_BEFORE_K1,2024-09-07 21:55:00+00:00,
90,01:30,3,2024-09-09,Monday,2024-09-08 18:30:00+00:00,2024-09-08 21:30:00+00:00,2024-09-08 21:30:00+00:00,2024-09-09 01:30:00+00:00,499.29,494.72,4.569999999999993,True,,1,0,2024-09-08 21:55:00+00:00,2024-09-08 22:00:00+00:00,False,,,BREAK_DURING_K1,2024-09-08 22:00:00+00:00,
90,01:30,3,2024-09-10,Tuesday,2024-09-09 18:30:00+00:00,2024-09-09 21:30:00+00:00,2024-09-09 21:30:00+00:00,2024-09-10 01:30:00+00:00,527.61,516.02,11.590000000000032,False,BREAK_BEFORE_K1,0,0,,,False,,,BREAK_BEFORE_K1,2024-09-10 00:10:00+00:00,
90,01:30,3,2024-09-11,Wednesday,2024-09-10 18:30:00+00:00,2024-09-10 21:30:00+00:00,2024-09-10 21:30:00+00:00,2024-09-11 01:30:00+00:00,524.46,518.69,5.769999999999982,False,OPPOSITE_VISIT_BEFORE_K1,0,1,,,False,,,OPPOSITE_VISIT_BEFORE_K1,2024-09-10 21:35:00+00:00,
90,01:30,3,2024-09-12,Thursday,2024-09-11 18:30:00+00:00,2024-09-11 21:30:00+00:00,2024-09-11 21:30:00+00:00,2024-09-12 01:30:00+00:00,534.78,529.58,5.199999999999932,False,OPPOSITE_VISIT_BEFORE_K1,0,1,,,False,,,OPPOSITE_VISIT_BEFORE_K1,2024-09-11 21:30:00+00:00,
90,01:30,3,2024-09-13,Friday,2024-09-12 18:30:00+00:00,2024-09-12 21:30:00+00:00,2024-09-12 21:30:00+00:00,2024-09-13 01:30:00+00:00,543.72,538.65,5.07000000000005,False,BREAK_BEFORE_K1,0,0,,,False,,,BREAK_BEFORE_K1,2024-09-12 21:55:00+00:00,
90,01:30,3,2024-09-14,Saturday,2024-09-13 18:30:00+00:00,2024-09-13 21:30:00+00:00,2024-09-13 21:30:00+00:00,2024-09-14 01:30:00+00:00,558.0,551.9,6.100000000000023,True,,1,0,2024-09-13 21:30:00+00:00,2024-09-13 21:35:00+00:00,False,,,BREAK_DURING_K1,2024-09-13 21:35:00+00:00,
90,01:30,3,2024-09-15,Sunday,2024-09-14 18:30:00+00:00,2024-09-14 21:30:00+00:00,2024-09-14 21:30:00+00:00,2024-09-15 01:30:00+00:00,553.3,549.78,3.519999999999982,True,,1,0,2024-09-14 23:00:00+00:00,2024-09-14 23:05:00+00:00,False,,,BREAK_DURING_K1,2024-09-14 23:05:00+00:00,
90,01:30,3,2024-09-16,Monday,2024-09-15 18:30:00+00:00,2024-09-15 21:30:00+00:00,2024-09-15 21:30:00+00:00,2024-09-16 01:30:00+00:00,560.74,555.21,5.529999999999973,False,OPPOSITE_VISIT_BEFORE_K1,0,1,,,False,,,OPPOSITE_VISIT_BEFORE_K1,2024-09-15 23:10:00+00:00,
90,01:30,3,2024-09-17,Tuesday,2024-09-16 18:30:00+00:00,2024-09-16 21:30:00+00:00,2024-09-16 21:30:00+00:00,2024-09-17 01:30:00+00:00,534.05,526.5,7.5499999999999545,True,,1,0,2024-09-16 23:40:00+00:00,2024-09-16 23:45:00+00:00,False,,,BREAK_DURING_K1,2024-09-16 23:45:00+00:00,
90,01:30,3,2024-09-18,Wednesday,2024-09-17 18:30:00+00:00,2024-09-17 21:30:00+00:00,2024-09-17 21:30:00+00:00,2024-09-18 01:30:00+00:00,549.06,541.38,7.67999999999995,False,NO_K1,0,0,,,False,,,NO_K1,,
90,01:30,3,2024-09-19,Thursday,2024-09-18 18:30:00+00:00,2024-09-18 21:30:00+00:00,2024-09-18 21:30:00+00:00,2024-09-19 01:30:00+00:00,551.97,540.86,11.110000000000014,True,,1,0,2024-09-18 22:45:00+00:00,2024-09-18 22:50:00+00:00,False,,,BREAK_DURING_K1,2024-09-18 22:55:00+00:00,
90,01:30,3,2024-09-20,Friday,2024-09-19 18:30:00+00:00,2024-09-19 21:30:00+00:00,2024-09-19 21:30:00+00:00,2024-09-20 01:30:00+00:00,569.74,565.06,4.680000000000064,False,BREAK_BEFORE_K1,0,0,,,False,,,BREAK_BEFORE_K1,2024-09-19 21:35:00+00:00,
90,01:30,3,2024-09-21,Saturday,2024-09-20 18:30:00+00:00,2024-09-20 21:30:00+00:00,2024-09-20 21:30:00+00:00,2024-09-21 01:30:00+00:00,570.24,565.02,5.220000000000027,False,BREAK_BEFORE_K1,0,0,,,False,,,BREAK_BEFORE_K1,2024-09-21 00:20:00+00:00,
90,01:30,3,2024-09-22,Sunday,2024-09-21 18:30:00+00:00,2024-09-21 21:30:00+00:00,2024-09-21 21:30:00+00:00,2024-09-22 01:30:00+00:00,586.09,583.67,2.4200000000000728,True,,1,0,2024-09-21 22:05:00+00:00,2024-09-21 22:10:00+00:00,False,,,BREAK_DURING_K1,2024-09-21 22:20:00+00:00,
90,01:30,3,2024-09-23,Monday,2024-09-22 18:30:00+00:00,2024-09-22 21:30:00+00:00,2024-09-22 21:30:00+00:00,2024-09-23 01:30:00+00:00,595.08,582.36,12.720000000000027,False,BREAK_BEFORE_K1,0,0,,,False,,,BREAK_BEFORE_K1,2024-09-22 21:55:00+00:00,
90,01:30,3,2024-09-24,Tuesday,2024-09-23 18:30:00+00:00,2024-09-23 21:30:00+00:00,2024-09-23 21:30:00+00:00,2024-09-24 01:30:00+00:00,616.69,607.84,8.850000000000023,False,OPPOSITE_VISIT_BEFORE_K1,0,1,,,False,,,OPPOSITE_VISIT_BEFORE_K1,2024-09-23 22:25:00+00:00,
90,01:30,3,2024-09-25,Wednesday,2024-09-24 18:30:00+00:00,2024-09-24 21:30:00+00:00,2024-09-24 21:30:00+00:00,2024-09-25 01:30:00+00:00,612.2,606.51,5.690000000000055,False,BREAK_BEFORE_K1,0,0,,,False,,,BREAK_BEFORE_K1,2024-09-24 22:25:00+00:00,
90,01:30,3,2024-09-26,Thursday,2024-09-25 18:30:00+00:00,2024-09-25 21:30:00+00:00,2024-09-25 21:30:00+00:00,2024-09-26 01:30:00+00:00,591.71,586.5,5.210000000000036,False,OPPOSITE_VISIT_BEFORE_K1,0,1,,,False,,,OPPOSITE_VISIT_BEFORE_K1,2024-09-25 22:05:00+00:00,
90,01:30,3,2024-09-27,Friday,2024-09-26 18:30:00+00:00,2024-09-26 21:30:00+00:00,2024-09-26 21:30:00+00:00,2024-09-27 01:30:00+00:00,597.3,591.33,5.969999999999914,True,,1,0,2024-09-26 21:55:00+00:00,2024-09-26 22:00:00+00:00,False,,,BREAK_DURING_K1,2024-09-26 22:00:00+00:00,
90,01:30,3,2024-09-28,Saturday,2024-09-27 18:30:00+00:00,2024-09-27 21:30:00+00:00,2024-09-27 21:30:00+00:00,2024-09-28 01:30:00+00:00,611.9,604.31,7.590000000000032,False,NO_K1,0,0,,,False,,,NO_K1,,
90,01:30,3,2024-09-29,Sunday,2024-09-28 18:30:00+00:00,2024-09-28 21:30:00+00:00,2024-09-28 21:30:00+00:00,2024-09-29 01:30:00+00:00,602.04,595.76,6.279999999999973,True,,1,0,2024-09-28 23:50:00+00:00,2024-09-28 23:55:00+00:00,True,2024-09-28 23:55:00+00:00,2024-09-29 00:00:00+00:00,H2_ARRIVAL,2024-09-29 00:15:00+00:00,20.0
90,01:30,3,2024-09-30,Monday,2024-09-29 18:30:00+00:00,2024-09-29 21:30:00+00:00,2024-09-29 21:30:00+00:00,2024-09-30 01:30:00+00:00,601.67,597.19,4.4799999999999045,False,OPPOSITE_VISIT_BEFORE_K1,0,1,,,False,,,OPPOSITE_VISIT_BEFORE_K1,2024-09-29 22:55:00+00:00,
90,01:30,3,2024-10-01,Tuesday,2024-09-30 18:30:00+00:00,2024-09-30 21:30:00+00:00,2024-09-30 21:30:00+00:00,2024-10-01 01:30:00+00:00,575.82,568.62,7.2000000000000455,False,OPPOSITE_VISIT_BEFORE_K1,0,1,,,False,,,OPPOSITE_VISIT_BEFORE_K1,2024-09-30 23:00:00+00:00,
90,01:30,3,2024-10-02,Wednesday,2024-10-01 18:30:00+00:00,2024-10-01 21:30:00+00:00,2024-10-01 21:30:00+00:00,2024-10-02 01:30:00+00:00,556.61,536.11,20.5,False,NO_K1,0,0,,,False,,,NO_K1,,
90,01:30,3,2024-10-03,Thursday,2024-10-02 18:30:00+00:00,2024-10-02 21:30:00+00:00,2024-10-02 21:30:00+00:00,2024-10-03 01:30:00+00:00,545.9,534.4,11.5,False,BREAK_BEFORE_K1,0,0,,,False,,,BREAK_BEFORE_K1,2024-10-03 01:00:00+00:00,
90,01:30,3,2024-10-04,Friday,2024-10-03 18:30:00+00:00,2024-10-03 21:30:00+00:00,2024-10-03 21:30:00+00:00,2024-10-04 01:30:00+00:00,546.45,540.99,5.460000000000036,False,BREAK_BEFORE_K1,0,0,,,False,,,BREAK_BEFORE_K1,2024-10-04 01:20:00+00:00,
90,01:30,3,2024-10-05,Saturday,2024-10-04 18:30:00+00:00,2024-10-04 21:30:00+00:00,2024-10-04 21:30:00+00:00,2024-10-05 01:30:00+00:00,557.97,554.37,3.6000000000000227,False,NO_K1,0,0,,,False,,,NO_K1,,
90,01:30,3,2024-10-06,Sunday,2024-10-05 18:30:00+00:00,2024-10-05 21:30:00+00:00,2024-10-05 21:30:00+00:00,2024-10-06 01:30:00+00:00,563.17,558.0,5.169999999999959,True,,1,0,2024-10-05 22:20:00+00:00,2024-10-05 22:25:00+00:00,True,2024-10-05 22:25:00+00:00,2024-10-05 22:30:00+00:00,H2_ARRIVAL,2024-10-05 22:30:00+00:00,5.0
90,01:30,3,2024-10-07,Monday,2024-10-06 18:30:00+00:00,2024-10-06 21:30:00+00:00,2024-10-06 21:30:00+00:00,2024-10-07 01:30:00+00:00,567.95,565.27,2.6800000000000637,False,BREAK_BEFORE_K1,0,0,,,False,,,BREAK_BEFORE_K1,2024-10-06 21:40:00+00:00,
90,01:30,3,2024-10-08,Tuesday,2024-10-07 18:30:00+00:00,2024-10-07 21:30:00+00:00,2024-10-07 21:30:00+00:00,2024-10-08 01:30:00+00:00,574.36,566.5,7.860000000000014,False,BREAK_BEFORE_K1,0,0,,,False,,,BREAK_BEFORE_K1,2024-10-07 23:00:00+00:00,
90,01:30,3,2024-10-09,Wednesday,2024-10-08 18:30:00+00:00,2024-10-08 21:30:00+00:00,2024-10-08 21:30:00+00:00,2024-10-09 01:30:00+00:00,586.8,577.55,9.25,False,BREAK_BEFORE_K1,0,0,,,False,,,BREAK_BEFORE_K1,2024-10-09 00:35:00+00:00,
90,01:30,3,2024-10-10,Thursday,2024-10-09 18:30:00+00:00,2024-10-09 21:30:00+00:00,2024-10-09 21:30:00+00:00,2024-10-10 01:30:00+00:00,575.82,565.85,9.970000000000027,False,NO_K1,0,0,,,False,,,NO_K1,,
90,01:30,3,2024-10-11,Friday,2024-10-10 18:30:00+00:00,2024-10-10 21:30:00+00:00,2024-10-10 21:30:00+00:00,2024-10-11 01:30:00+00:00,560.96,551.89,9.07000000000005,False,BREAK_BEFORE_K1,0,0,,,False,,,BREAK_BEFORE_K1,2024-10-10 21:55:00+00:00,
90,01:30,3,2024-10-12,Saturday,2024-10-11 18:30:00+00:00,2024-10-11 21:30:00+00:00,2024-10-11 21:30:00+00:00,2024-10-12 01:30:00+00:00,577.48,572.23,5.25,False,NO_K1,0,0,,,False,,,NO_K1,,
90,01:30,3,2024-10-13,Sunday,2024-10-12 18:30:00+00:00,2024-10-12 21:30:00+00:00,2024-10-12 21:30:00+00:00,2024-10-13 01:30:00+00:00,578.16,575.84,2.3199999999999363,True,,1,0,2024-10-12 23:05:00+00:00,2024-10-12 23:10:00+00:00,True,2024-10-12 23:15:00+00:00,2024-10-12 23:20:00+00:00,H2_ARRIVAL,2024-10-13 00:30:00+00:00,75.0
90,01:30,3,2024-10-14,Monday,2024-10-13 18:30:00+00:00,2024-10-13 21:30:00+00:00,2024-10-13 21:30:00+00:00,2024-10-14 01:30:00+00:00,571.11,567.59,3.519999999999982,False,BREAK_BEFORE_K1,0,0,,,False,,,BREAK_BEFORE_K1,2024-10-13 21:30:00+00:00,
90,01:30,3,2024-10-15,Tuesday,2024-10-14 18:30:00+00:00,2024-10-14 21:30:00+00:00,2024-10-14 21:30:00+00:00,2024-10-15 01:30:00+00:00,591.32,587.46,3.8600000000000136,False,OPPOSITE_VISIT_BEFORE_K1,0,1,,,False,,,OPPOSITE_VISIT_BEFORE_K1,2024-10-14 21:30:00+00:00,
90,01:30,3,2024-10-16,Wednesday,2024-10-15 18:30:00+00:00,2024-10-15 21:30:00+00:00,2024-10-15 21:30:00+00:00,2024-10-16 01:30:00+00:00,595.85,587.32,8.529999999999973,False,BREAK_BEFORE_K1,0,0,,,False,,,BREAK_BEFORE_K1,2024-10-16 01:20:00+00:00,
90,01:30,3,2024-10-17,Thursday,2024-10-16 18:30:00+00:00,2024-10-16 21:30:00+00:00,2024-10-16 21:30:00+00:00,2024-10-17 01:30:00+00:00,605.84,596.09,9.75,False,BREAK_BEFORE_K1,0,0,,,False,,,BREAK_BEFORE_K1,2024-10-17 01:15:00+00:00,
90,01:30,3,2024-10-18,Friday,2024-10-17 18:30:00+00:00,2024-10-17 21:30:00+00:00,2024-10-17 21:30:00+00:00,2024-10-18 01:30:00+00:00,591.0,586.23,4.769999999999982,False,BREAK_BEFORE_K1,0,0,,,False,,,BREAK_BEFORE_K1,2024-10-17 22:05:00+00:00,
90,01:30,3,2024-10-19,Saturday,2024-10-18 18:30:00+00:00,2024-10-18 21:30:00+00:00,2024-10-18 21:30:00+00:00,2024-10-19 01:30:00+00:00,602.54,598.85,3.689999999999941,False,BREAK_BEFORE_K1,0,0,,,False,,,BREAK_BEFORE_K1,2024-10-18 21:50:00+00:00,
90,01:30,3,2024-10-20,Sunday,2024-10-19 18:30:00+00:00,2024-10-19 21:30:00+00:00,2024-10-19 21:30:00+00:00,2024-10-20 01:30:00+00:00,597.75,596.34,1.4099999999999682,False,BREAK_BEFORE_K1,0,0,,,False,,,BREAK_BEFORE_K1,2024-10-19 21:55:00+00:00,
90,01:30,3,2024-10-21,Monday,2024-10-20 18:30:00+00:00,2024-10-20 21:30:00+00:00,2024-10-20 21:30:00+00:00,2024-10-21 01:30:00+00:00,600.8,597.9,2.8999999999999773,False,BREAK_BEFORE_K1,0,0,,,False,,,BREAK_BEFORE_K1,2024-10-20 22:00:00+00:00,
90,01:30,3,2024-10-22,Tuesday,2024-10-21 18:30:00+00:00,2024-10-21 21:30:00+00:00,2024-10-21 21:30:00+00:00,2024-10-22 01:30:00+00:00,600.94,596.69,4.25,True,,1,0,2024-10-21 22:10:00+00:00,2024-10-21 22:15:00+00:00,True,2024-10-21 22:15:00+00:00,2024-10-21 22:20:00+00:00,H2_ARRIVAL,2024-10-21 22:20:00+00:00,5.0
90,01:30,3,2024-10-23,Wednesday,2024-10-22 18:30:00+00:00,2024-10-22 21:30:00+00:00,2024-10-22 21:30:00+00:00,2024-10-23 01:30:00+00:00,595.63,593.05,2.580000000000041,False,BREAK_BEFORE_K1,0,0,,,False,,,BREAK_BEFORE_K1,2024-10-22 22:00:00+00:00,
90,01:30,3,2024-10-24,Thursday,2024-10-23 18:30:00+00:00,2024-10-23 21:30:00+00:00,2024-10-23 21:30:00+00:00,2024-10-24 01:30:00+00:00,584.53,574.96,9.569999999999936,True,,1,0,2024-10-23 23:05:00+00:00,2024-10-23 23:10:00+00:00,False,,,BREAK_DURING_K1,2024-10-23 23:10:00+00:00,
90,01:30,3,2024-10-25,Friday,2024-10-24 18:30:00+00:00,2024-10-24 21:30:00+00:00,2024-10-24 21:30:00+00:00,2024-10-25 01:30:00+00:00,598.23,591.96,6.269999999999982,False,NO_K1,0,0,,,False,,,NO_K1,,
90,01:30,3,2024-10-26,Saturday,2024-10-25 18:30:00+00:00,2024-10-25 21:30:00+00:00,2024-10-25 21:30:00+00:00,2024-10-26 01:30:00+00:00,589.16,582.48,6.67999999999995,False,BREAK_BEFORE_K1,0,0,,,False,,,BREAK_BEFORE_K1,2024-10-25 22:55:00+00:00,
90,01:30,3,2024-10-27,Sunday,2024-10-26 18:30:00+00:00,2024-10-26 21:30:00+00:00,2024-10-26 21:30:00+00:00,2024-10-27 01:30:00+00:00,587.1,584.07,3.0299999999999727,False,BREAK_BEFORE_K1,0,0,,,False,,,BREAK_BEFORE_K1,2024-10-26 21:40:00+00:00,
90,01:30,3,2024-10-28,Monday,2024-10-27 18:30:00+00:00,2024-10-27 21:30:00+00:00,2024-10-27 21:30:00+00:00,2024-10-28 01:30:00+00:00,588.71,585.5,3.2100000000000364,False,BREAK_BEFORE_K1,0,0,,,False,,,BREAK_BEFORE_K1,2024-10-27 21:30:00+00:00,
90,01:30,3,2024-10-29,Tuesday,2024-10-28 18:30:00+00:00,2024-10-28 21:30:00+00:00,2024-10-28 21:30:00+00:00,2024-10-29 01:30:00+00:00,599.86,590.41,9.450000000000045,False,BREAK_BEFORE_K1,0,0,,,False,,,BREAK_BEFORE_K1,2024-10-28 21:30:00+00:00,
90,01:30,3,2024-10-30,Wednesday,2024-10-29 18:30:00+00:00,2024-10-29 21:30:00+00:00,2024-10-29 21:30:00+00:00,2024-10-30 01:30:00+00:00,612.0,600.69,11.309999999999945,False,OPPOSITE_VISIT_BEFORE_K1,0,1,,,False,,,OPPOSITE_VISIT_BEFORE_K1,2024-10-30 01:00:00+00:00,
90,01:30,3,2024-10-31,Thursday,2024-10-30 18:30:00+00:00,2024-10-30 21:30:00+00:00,2024-10-30 21:30:00+00:00,2024-10-31 01:30:00+00:00,600.84,595.02,5.82000000000005,False,BREAK_BEFORE_K1,0,0,,,False,,,BREAK_BEFORE_K1,2024-10-31 00:50:00+00:00,
90,01:30,3,2024-11-01,Friday,2024-10-31 18:30:00+00:00,2024-10-31 21:30:00+00:00,2024-10-31 21:30:00+00:00,2024-11-01 01:30:00+00:00,576.87,571.14,5.730000000000018,False,BREAK_BEFORE_K1,0,0,,,False,,,BREAK_BEFORE_K1,2024-10-31 21:50:00+00:00,
90,01:30,3,2024-11-02,Saturday,2024-11-01 18:30:00+00:00,2024-11-01 21:30:00+00:00,2024-11-01 21:30:00+00:00,2024-11-02 01:30:00+00:00,573.59,569.43,4.160000000000082,False,BREAK_BEFORE_K1,0,0,,,False,,,BREAK_BEFORE_K1,2024-11-01 21:30:00+00:00,
90,01:30,3,2024-11-03,Sunday,2024-11-02 18:30:00+00:00,2024-11-02 21:30:00+00:00,2024-11-02 21:30:00+00:00,2024-11-03 01:30:00+00:00,570.45,567.41,3.0400000000000773,True,,1,0,2024-11-02 21:35:00+00:00,2024-11-02 21:40:00+00:00,True,2024-11-02 21:40:00+00:00,2024-11-02 21:45:00+00:00,OPPOSITE_BREAK_BEFORE_H2,2024-11-02 23:15:00+00:00,
90,01:30,3,2024-11-04,Monday,2024-11-03 18:30:00+00:00,2024-11-03 21:30:00+00:00,2024-11-03 21:30:00+00:00,2024-11-04 01:30:00+00:00,560.0,548.43,11.57000000000005,False,BREAK_BEFORE_K1,0,0,,,False,,,BREAK_BEFORE_K1,2024-11-03 22:05:00+00:00,
90,01:30,3,2024-11-05,Tuesday,2024-11-04 18:30:00+00:00,2024-11-04 21:30:00+00:00,2024-11-04 21:30:00+00:00,2024-11-05 01:30:00+00:00,554.83,548.0,6.830000000000041,False,BREAK_BEFORE_K1,0,0,,,False,,,BREAK_BEFORE_K1,2024-11-04 21:30:00+00:00,
90,01:30,3,2024-11-06,Wednesday,2024-11-05 18:30:00+00:00,2024-11-05 21:30:00+00:00,2024-11-05 21:30:00+00:00,2024-11-06 01:30:00+00:00,570.52,559.03,11.490000000000009,True,,1,0,2024-11-06 00:35:00+00:00,2024-11-06 00:40:00+00:00,False,,,BREAK_DURING_K1,2024-11-06 00:40:00+00:00,
90,01:30,3,2024-11-07,Thursday,2024-11-06 18:30:00+00:00,2024-11-06 21:30:00+00:00,2024-11-06 21:30:00+00:00,2024-11-07 01:30:00+00:00,590.66,585.27,5.389999999999986,False,BREAK_BEFORE_K1,0,0,,,False,,,BREAK_BEFORE_K1,2024-11-06 21:40:00+00:00,
90,01:30,3,2024-11-08,Friday,2024-11-07 18:30:00+00:00,2024-11-07 21:30:00+00:00,2024-11-07 21:30:00+00:00,2024-11-08 01:30:00+00:00,603.17,596.03,7.139999999999986,True,,1,0,2024-11-08 00:10:00+00:00,2024-11-08 00:15:00+00:00,False,,,BREAK_DURING_K1,2024-11-08 00:15:00+00:00,
90,01:30,3,2024-11-09,Saturday,2024-11-08 18:30:00+00:00,2024-11-08 21:30:00+00:00,2024-11-08 21:30:00+00:00,2024-11-09 01:30:00+00:00,599.29,593.13,6.159999999999968,False,BREAK_BEFORE_K1,0,0,,,False,,,BREAK_BEFORE_K1,2024-11-09 00:10:00+00:00,
90,01:30,3,2024-11-10,Sunday,2024-11-09 18:30:00+00:00,2024-11-09 21:30:00+00:00,2024-11-09 21:30:00+00:00,2024-11-10 01:30:00+00:00,621.21,614.19,7.019999999999982,False,BREAK_BEFORE_K1,0,0,,,False,,,BREAK_BEFORE_K1,2024-11-09 22:20:00+00:00,
90,01:30,3,2024-11-11,Monday,2024-11-10 18:30:00+00:00,2024-11-10 21:30:00+00:00,2024-11-10 21:30:00+00:00,2024-11-11 01:30:00+00:00,641.19,612.02,29.170000000000073,False,NO_K1,0,0,,,False,,,NO_K1,,
90,01:30,3,2024-11-12,Tuesday,2024-11-11 18:30:00+00:00,2024-11-11 21:30:00+00:00,2024-11-11 21:30:00+00:00,2024-11-12 01:30:00+00:00,643.4,632.21,11.18999999999994,False,OPPOSITE_VISIT_BEFORE_K1,0,1,,,False,,,OPPOSITE_VISIT_BEFORE_K1,2024-11-11 22:10:00+00:00,
90,01:30,3,2024-11-13,Wednesday,2024-11-12 18:30:00+00:00,2024-11-12 21:30:00+00:00,2024-11-12 21:30:00+00:00,2024-11-13 01:30:00+00:00,633.09,622.83,10.259999999999991,False,BREAK_BEFORE_K1,0,0,,,False,,,BREAK_BEFORE_K1,2024-11-12 22:35:00+00:00,
90,01:30,3,2024-11-14,Thursday,2024-11-13 18:30:00+00:00,2024-11-13 21:30:00+00:00,2024-11-13 21:30:00+00:00,2024-11-14 01:30:00+00:00,633.48,605.0,28.480000000000018,False,NO_K1,0,0,,,False,,,NO_K1,,
90,01:30,3,2024-11-15,Friday,2024-11-14 18:30:00+00:00,2024-11-14 21:30:00+00:00,2024-11-14 21:30:00+00:00,2024-11-15 01:30:00+00:00,639.26,632.68,6.580000000000041,False,BREAK_BEFORE_K1,0,0,,,False,,,BREAK_BEFORE_K1,2024-11-14 22:30:00+00:00,
90,01:30,3,2024-11-16,Saturday,2024-11-15 18:30:00+00:00,2024-11-15 21:30:00+00:00,2024-11-15 21:30:00+00:00,2024-11-16 01:30:00+00:00,619.63,610.24,9.389999999999986,True,,1,0,2024-11-15 22:30:00+00:00,2024-11-15 22:35:00+00:00,False,,,BREAK_DURING_K1,2024-11-15 22:35:00+00:00,
90,01:30,3,2024-11-17,Sunday,2024-11-16 18:30:00+00:00,2024-11-16 21:30:00+00:00,2024-11-16 21:30:00+00:00,2024-11-17 01:30:00+00:00,630.99,624.55,6.440000000000055,False,OPPOSITE_VISIT_BEFORE_K1,0,1,,,False,,,OPPOSITE_VISIT_BEFORE_K1,2024-11-16 22:50:00+00:00,
90,01:30,3,2024-11-18,Monday,2024-11-17 18:30:00+00:00,2024-11-17 21:30:00+00:00,2024-11-17 21:30:00+00:00,2024-11-18 01:30:00+00:00,622.05,615.89,6.159999999999968,False,BREAK_BEFORE_K1,0,0,,,False,,,BREAK_BEFORE_K1,2024-11-17 21:40:00+00:00,
90,01:30,3,2024-11-19,Tuesday,2024-11-18 18:30:00+00:00,2024-11-18 21:30:00+00:00,2024-11-18 21:30:00+00:00,2024-11-19 01:30:00+00:00,635.0,612.83,22.16999999999996,False,NO_K1,0,0,,,False,,,NO_K1,,
90,01:30,3,2024-11-20,Wednesday,2024-11-19 18:30:00+00:00,2024-11-19 21:30:00+00:00,2024-11-19 21:30:00+00:00,2024-11-20 01:30:00+00:00,619.81,606.52,13.289999999999964,False,OPPOSITE_VISIT_BEFORE_K1,0,1,,,False,,,OPPOSITE_VISIT_BEFORE_K1,2024-11-19 22:30:00+00:00,
90,01:30,3,2024-11-21,Thursday,2024-11-20 18:30:00+00:00,2024-11-20 21:30:00+00:00,2024-11-20 21:30:00+00:00,2024-11-21 01:30:00+00:00,611.57,600.25,11.32000000000005,False,BREAK_BEFORE_K1,0,0,,,False,,,BREAK_BEFORE_K1,2024-11-20 22:00:00+00:00,
90,01:30,3,2024-11-22,Friday,2024-11-21 18:30:00+00:00,2024-11-21 21:30:00+00:00,2024-11-21 21:30:00+00:00,2024-11-22 01:30:00+00:00,626.08,619.73,6.350000000000023,False,BREAK_BEFORE_K1,0,0,,,False,,,BREAK_BEFORE_K1,2024-11-22 00:20:00+00:00,
90,01:30,3,2024-11-23,Saturday,2024-11-22 18:30:00+00:00,2024-11-22 21:30:00+00:00,2024-11-22 21:30:00+00:00,2024-11-23 01:30:00+00:00,626.25,618.76,7.490000000000009,True,,1,0,2024-11-22 21:30:00+00:00,2024-11-22 21:35:00+00:00,False,,,BREAK_DURING_K1,2024-11-22 21:35:00+00:00,
90,01:30,3,2024-11-24,Sunday,2024-11-23 18:30:00+00:00,2024-11-23 21:30:00+00:00,2024-11-23 21:30:00+00:00,2024-11-24 01:30:00+00:00,659.25,642.65,16.600000000000023,False,BREAK_BEFORE_K1,0,0,,,False,,,BREAK_BEFORE_K1,2024-11-24 00:45:00+00:00,
90,01:30,3,2024-11-25,Monday,2024-11-24 18:30:00+00:00,2024-11-24 21:30:00+00:00,2024-11-24 21:30:00+00:00,2024-11-25 01:30:00+00:00,658.61,648.5,10.110000000000014,False,BREAK_BEFORE_K1,0,0,,,False,,,BREAK_BEFORE_K1,2024-11-24 22:00:00+00:00,
90,01:30,3,2024-11-26,Tuesday,2024-11-25 18:30:00+00:00,2024-11-25 21:30:00+00:00,2024-11-25 21:30:00+00:00,2024-11-26 01:30:00+00:00,647.57,639.73,7.840000000000032,False,BREAK_BEFORE_K1,0,0,,,False,,,BREAK_BEFORE_K1,2024-11-25 21:30:00+00:00,
90,01:30,3,2024-11-27,Wednesday,2024-11-26 18:30:00+00:00,2024-11-26 21:30:00+00:00,2024-11-26 21:30:00+00:00,2024-11-27 01:30:00+00:00,615.74,599.92,15.82000000000005,False,BREAK_BEFORE_K1,0,0,,,False,,,BREAK_BEFORE_K1,2024-11-26 22:05:00+00:00,
90,01:30,3,2024-11-28,Thursday,2024-11-27 18:30:00+00:00,2024-11-27 21:30:00+00:00,2024-11-27 21:30:00+00:00,2024-11-28 01:30:00+00:00,644.13,636.0,8.129999999999995,False,BREAK_BEFORE_K1,0,0,,,False,,,BREAK_BEFORE_K1,2024-11-27 22:00:00+00:00,
90,01:30,3,2024-11-29,Friday,2024-11-28 18:30:00+00:00,2024-11-28 21:30:00+00:00,2024-11-28 21:30:00+00:00,2024-11-29 01:30:00+00:00,660.0,649.81,10.190000000000055,True,,1,0,2024-11-28 23:00:00+00:00,2024-11-28 23:05:00+00:00,True,2024-11-28 23:05:00+00:00,2024-11-28 23:10:00+00:00,NO_H2_BY_END,,
90,01:30,3,2024-11-30,Saturday,2024-11-29 18:30:00+00:00,2024-11-29 21:30:00+00:00,2024-11-29 21:30:00+00:00,2024-11-30 01:30:00+00:00,660.14,650.39,9.75,False,OPPOSITE_VISIT_BEFORE_K1,0,1,,,False,,,OPPOSITE_VISIT_BEFORE_K1,2024-11-30 00:40:00+00:00,
90,01:30,3,2024-12-01,Sunday,2024-11-30 18:30:00+00:00,2024-11-30 21:30:00+00:00,2024-11-30 21:30:00+00:00,2024-12-01 01:30:00+00:00,658.59,653.03,5.560000000000059,True,,1,0,2024-11-30 21:50:00+00:00,2024-11-30 21:55:00+00:00,True,2024-11-30 21:55:00+00:00,2024-11-30 22:00:00+00:00,OPPOSITE_BREAK_BEFORE_H2,2024-12-01 00:40:00+00:00,
90,01:30,3,2024-12-02,Monday,2024-12-01 18:30:00+00:00,2024-12-01 21:30:00+00:00,2024-12-01 21:30:00+00:00,2024-12-02 01:30:00+00:00,659.22,651.91,7.310000000000059,True,,1,0,2024-12-01 23:10:00+00:00,2024-12-01 23:15:00+00:00,True,2024-12-01 23:15:00+00:00,2024-12-01 23:20:00+00:00,H2_ARRIVAL,2024-12-02 00:35:00+00:00,80.0
90,01:30,3,2024-12-03,Tuesday,2024-12-02 18:30:00+00:00,2024-12-02 21:30:00+00:00,2024-12-02 21:30:00+00:00,2024-12-03 01:30:00+00:00,641.95,634.32,7.6299999999999955,False,BREAK_BEFORE_K1,0,0,,,False,,,BREAK_BEFORE_K1,2024-12-02 21:45:00+00:00,
90,01:30,3,2024-12-04,Wednesday,2024-12-03 18:30:00+00:00,2024-12-03 21:30:00+00:00,2024-12-03 21:30:00+00:00,2024-12-04 01:30:00+00:00,717.64,670.34,47.299999999999955,False,BREAK_BEFORE_K1,0,0,,,False,,,BREAK_BEFORE_K1,2024-12-03 22:50:00+00:00,
90,01:30,3,2024-12-05,Thursday,2024-12-04 18:30:00+00:00,2024-12-04 21:30:00+00:00,2024-12-04 21:30:00+00:00,2024-12-05 01:30:00+00:00,747.46,726.82,20.639999999999986,False,OPPOSITE_VISIT_BEFORE_K1,0,1,,,False,,,OPPOSITE_VISIT_BEFORE_K1,2024-12-05 00:45:00+00:00,
90,01:30,3,2024-12-06,Friday,2024-12-05 18:30:00+00:00,2024-12-05 21:30:00+00:00,2024-12-05 21:30:00+00:00,2024-12-06 01:30:00+00:00,732.37,703.16,29.210000000000036,False,BREAK_BEFORE_K1,0,0,,,False,,,BREAK_BEFORE_K1,2024-12-05 22:25:00+00:00,
90,01:30,3,2024-12-07,Saturday,2024-12-06 18:30:00+00:00,2024-12-06 21:30:00+00:00,2024-12-06 21:30:00+00:00,2024-12-07 01:30:00+00:00,744.66,736.28,8.379999999999995,False,BREAK_BEFORE_K1,0,0,,,False,,,BREAK_BEFORE_K1,2024-12-06 21:45:00+00:00,
90,01:30,3,2024-12-08,Sunday,2024-12-07 18:30:00+00:00,2024-12-07 21:30:00+00:00,2024-12-07 21:30:00+00:00,2024-12-08 01:30:00+00:00,761.69,753.29,8.400000000000091,False,BREAK_BEFORE_K1,0,0,,,False,,,BREAK_BEFORE_K1,2024-12-07 21:30:00+00:00,
90,01:30,3,2024-12-09,Monday,2024-12-08 18:30:00+00:00,2024-12-08 21:30:00+00:00,2024-12-08 21:30:00+00:00,2024-12-09 01:30:00+00:00,741.68,735.23,6.449999999999932,True,,1,0,2024-12-08 21:35:00+00:00,2024-12-08 21:40:00+00:00,True,2024-12-08 21:45:00+00:00,2024-12-08 21:50:00+00:00,H2_ARRIVAL,2024-12-08 22:05:00+00:00,20.0
90,01:30,3,2024-12-10,Tuesday,2024-12-09 18:30:00+00:00,2024-12-09 21:30:00+00:00,2024-12-09 21:30:00+00:00,2024-12-10 01:30:00+00:00,721.95,633.0,88.95000000000005,False,NO_K1,0,0,,,False,,,NO_K1,,
90,01:30,3,2024-12-11,Wednesday,2024-12-10 18:30:00+00:00,2024-12-10 21:30:00+00:00,2024-12-10 21:30:00+00:00,2024-12-11 01:30:00+00:00,680.68,660.16,20.519999999999982,False,OPPOSITE_VISIT_BEFORE_K1,0,1,,,False,,,OPPOSITE_VISIT_BEFORE_K1,2024-12-11 01:25:00+00:00,
90,01:30,3,2024-12-12,Thursday,2024-12-11 18:30:00+00:00,2024-12-11 21:30:00+00:00,2024-12-11 21:30:00+00:00,2024-12-12 01:30:00+00:00,708.43,703.61,4.819999999999936,True,,1,0,2024-12-11 21:35:00+00:00,2024-12-11 21:40:00+00:00,False,,,BREAK_DURING_K1,2024-12-11 21:40:00+00:00,
90,01:30,3,2024-12-13,Friday,2024-12-12 18:30:00+00:00,2024-12-12 21:30:00+00:00,2024-12-12 21:30:00+00:00,2024-12-13 01:30:00+00:00,722.9,704.57,18.329999999999927,False,BREAK_BEFORE_K1,0,0,,,False,,,BREAK_BEFORE_K1,2024-12-12 21:40:00+00:00,
90,01:30,3,2024-12-14,Saturday,2024-12-13 18:30:00+00:00,2024-12-13 21:30:00+00:00,2024-12-13 21:30:00+00:00,2024-12-14 01:30:00+00:00,730.24,717.37,12.870000000000005,False,BREAK_BEFORE_K1,0,0,,,False,,,BREAK_BEFORE_K1,2024-12-14 01:20:00+00:00,
90,01:30,3,2024-12-15,Sunday,2024-12-14 18:30:00+00:00,2024-12-14 21:30:00+00:00,2024-12-14 21:30:00+00:00,2024-12-15 01:30:00+00:00,711.77,704.65,7.1200000000000045,True,,1,0,2024-12-14 22:00:00+00:00,2024-12-14 22:05:00+00:00,False,,,BREAK_DURING_K1,2024-12-14 22:05:00+00:00,
90,01:30,3,2024-12-16,Monday,2024-12-15 18:30:00+00:00,2024-12-15 21:30:00+00:00,2024-12-15 21:30:00+00:00,2024-12-16 01:30:00+00:00,720.5,710.5,10.0,False,OPPOSITE_VISIT_BEFORE_K1,0,1,,,False,,,OPPOSITE_VISIT_BEFORE_K1,2024-12-15 21:30:00+00:00,
90,01:30,3,2024-12-17,Tuesday,2024-12-16 18:30:00+00:00,2024-12-16 21:30:00+00:00,2024-12-16 21:30:00+00:00,2024-12-17 01:30:00+00:00,731.0,723.24,7.759999999999991,False,BREAK_BEFORE_K1,0,0,,,False,,,BREAK_BEFORE_K1,2024-12-16 23:05:00+00:00,
90,01:30,3,2024-12-18,Wednesday,2024-12-17 18:30:00+00:00,2024-12-17 21:30:00+00:00,2024-12-17 21:30:00+00:00,2024-12-18 01:30:00+00:00,737.22,720.75,16.470000000000027,False,BREAK_BEFORE_K1,0,0,,,False,,,BREAK_BEFORE_K1,2024-12-17 22:50:00+00:00,
90,01:30,3,2024-12-19,Thursday,2024-12-18 18:30:00+00:00,2024-12-18 21:30:00+00:00,2024-12-18 21:30:00+00:00,2024-12-19 01:30:00+00:00,721.1,680.0,41.10000000000002,False,NO_K1,0,0,,,False,,,NO_K1,,
90,01:30,3,2024-12-20,Friday,2024-12-19 18:30:00+00:00,2024-12-19 21:30:00+00:00,2024-12-19 21:30:00+00:00,2024-12-20 01:30:00+00:00,674.28,647.59,26.68999999999994,True,,1,0,2024-12-19 21:35:00+00:00,2024-12-19 21:40:00+00:00,True,2024-12-19 21:45:00+00:00,2024-12-19 21:50:00+00:00,H2_ARRIVAL,2024-12-19 22:20:00+00:00,35.0
90,01:30,3,2024-12-21,Saturday,2024-12-20 18:30:00+00:00,2024-12-20 21:30:00+00:00,2024-12-20 21:30:00+00:00,2024-12-21 01:30:00+00:00,675.0,664.48,10.519999999999982,True,,1,0,2024-12-20 22:05:00+00:00,2024-12-20 22:10:00+00:00,False,,,BREAK_DURING_K1,2024-12-20 22:15:00+00:00,
90,01:30,3,2024-12-22,Sunday,2024-12-21 18:30:00+00:00,2024-12-21 21:30:00+00:00,2024-12-21 21:30:00+00:00,2024-12-22 01:30:00+00:00,670.45,649.64,20.81000000000006,False,NO_K1,0,0,,,False,,,NO_K1,,
90,01:30,3,2024-12-23,Monday,2024-12-22 18:30:00+00:00,2024-12-22 21:30:00+00:00,2024-12-22 21:30:00+00:00,2024-12-23 01:30:00+00:00,660.6,639.2,21.399999999999977,False,BREAK_BEFORE_K1,0,0,,,False,,,BREAK_BEFORE_K1,2024-12-23 01:15:00+00:00,
90,01:30,3,2024-12-24,Tuesday,2024-12-23 18:30:00+00:00,2024-12-23 21:30:00+00:00,2024-12-23 21:30:00+00:00,2024-12-24 01:30:00+00:00,693.35,679.02,14.330000000000041,True,,1,0,2024-12-23 22:10:00+00:00,2024-12-23 22:15:00+00:00,False,,,BREAK_DURING_K1,2024-12-23 22:15:00+00:00,
90,01:30,3,2024-12-25,Wednesday,2024-12-24 18:30:00+00:00,2024-12-24 21:30:00+00:00,2024-12-24 21:30:00+00:00,2024-12-25 01:30:00+00:00,696.52,686.09,10.42999999999995,True,,1,0,2024-12-24 21:45:00+00:00,2024-12-24 21:50:00+00:00,False,,,BREAK_DURING_K1,2024-12-24 22:00:00+00:00,
90,01:30,3,2024-12-26,Thursday,2024-12-25 18:30:00+00:00,2024-12-25 21:30:00+00:00,2024-12-25 21:30:00+00:00,2024-12-26 01:30:00+00:00,704.85,697.08,7.769999999999982,False,BREAK_BEFORE_K1,0,0,,,False,,,BREAK_BEFORE_K1,2024-12-25 21:30:00+00:00,
90,01:30,3,2024-12-27,Friday,2024-12-26 18:30:00+00:00,2024-12-26 21:30:00+00:00,2024-12-26 21:30:00+00:00,2024-12-27 01:30:00+00:00,692.79,685.04,7.75,True,,1,0,2024-12-26 22:05:00+00:00,2024-12-26 22:10:00+00:00,False,,,BREAK_DURING_K1,2024-12-26 22:10:00+00:00,
90,01:30,3,2024-12-28,Saturday,2024-12-27 18:30:00+00:00,2024-12-27 21:30:00+00:00,2024-12-27 21:30:00+00:00,2024-12-28 01:30:00+00:00,696.57,690.44,6.1299999999999955,False,BREAK_BEFORE_K1,0,0,,,False,,,BREAK_BEFORE_K1,2024-12-27 21:50:00+00:00,
90,01:30,3,2024-12-29,Sunday,2024-12-28 18:30:00+00:00,2024-12-28 21:30:00+00:00,2024-12-28 21:30:00+00:00,2024-12-29 01:30:00+00:00,731.25,723.96,7.289999999999964,False,BREAK_BEFORE_K1,0,0,,,False,,,BREAK_BEFORE_K1,2024-12-28 22:00:00+00:00,
90,01:30,3,2024-12-30,Monday,2024-12-29 18:30:00+00:00,2024-12-29 21:30:00+00:00,2024-12-29 21:30:00+00:00,2024-12-30 01:30:00+00:00,702.0,693.45,8.549999999999955,False,BREAK_BEFORE_K1,0,0,,,False,,,BREAK_BEFORE_K1,2024-12-29 21:45:00+00:00,
90,01:30,3,2024-12-31,Tuesday,2024-12-30 18:30:00+00:00,2024-12-30 21:30:00+00:00,2024-12-30 21:30:00+00:00,2024-12-31 01:30:00+00:00,712.16,705.0,7.159999999999968,False,OPPOSITE_VISIT_BEFORE_K1,0,1,,,False,,,OPPOSITE_VISIT_BEFORE_K1,2024-12-30 21:30:00+00:00,
120,02:00,3,2022-01-02,Sunday,2022-01-01 19:00:00+00:00,2022-01-01 22:00:00+00:00,2022-01-01 22:00:00+00:00,2022-01-02 02:00:00+00:00,527.39,522.89,4.5,True,,1,0,2022-01-01 23:50:00+00:00,2022-01-01 23:55:00+00:00,False,,,BREAK_DURING_K1,2022-01-02 00:00:00+00:00,
120,02:00,3,2022-01-03,Monday,2022-01-02 19:00:00+00:00,2022-01-02 22:00:00+00:00,2022-01-02 22:00:00+00:00,2022-01-03 02:00:00+00:00,530.98,526.51,4.470000000000027,True,,1,0,2022-01-02 22:30:00+00:00,2022-01-02 22:35:00+00:00,False,,,BREAK_DURING_K1,2022-01-02 22:35:00+00:00,
120,02:00,3,2022-01-04,Tuesday,2022-01-03 19:00:00+00:00,2022-01-03 22:00:00+00:00,2022-01-03 22:00:00+00:00,2022-01-04 02:00:00+00:00,519.01,510.41,8.599999999999966,False,BREAK_BEFORE_K1,0,0,,,False,,,BREAK_BEFORE_K1,2022-01-04 00:20:00+00:00,
120,02:00,3,2022-01-05,Wednesday,2022-01-04 19:00:00+00:00,2022-01-04 22:00:00+00:00,2022-01-04 22:00:00+00:00,2022-01-05 02:00:00+00:00,512.86,505.52,7.340000000000032,False,OPPOSITE_VISIT_BEFORE_K1,0,1,,,False,,,OPPOSITE_VISIT_BEFORE_K1,2022-01-05 00:00:00+00:00,
120,02:00,3,2022-01-06,Thursday,2022-01-05 19:00:00+00:00,2022-01-05 22:00:00+00:00,2022-01-05 22:00:00+00:00,2022-01-06 02:00:00+00:00,508.94,480.0,28.939999999999998,False,BREAK_BEFORE_K1,0,0,,,False,,,BREAK_BEFORE_K1,2022-01-05 22:10:00+00:00,
120,02:00,3,2022-01-07,Friday,2022-01-06 19:00:00+00:00,2022-01-06 22:00:00+00:00,2022-01-06 22:00:00+00:00,2022-01-07 02:00:00+00:00,480.85,474.44,6.410000000000025,False,OPPOSITE_VISIT_BEFORE_K1,0,1,,,False,,,OPPOSITE_VISIT_BEFORE_K1,2022-01-06 22:10:00+00:00,
120,02:00,3,2022-01-08,Saturday,2022-01-07 19:00:00+00:00,2022-01-07 22:00:00+00:00,2022-01-07 22:00:00+00:00,2022-01-08 02:00:00+00:00,452.88,447.08,5.800000000000011,False,BREAK_BEFORE_K1,0,0,,,False,,,BREAK_BEFORE_K1,2022-01-07 22:50:00+00:00,
120,02:00,3,2022-01-09,Sunday,2022-01-08 19:00:00+00:00,2022-01-08 22:00:00+00:00,2022-01-08 22:00:00+00:00,2022-01-09 02:00:00+00:00,431.43,416.0,15.430000000000007,False,BREAK_BEFORE_K1,0,0,,,False,,,BREAK_BEFORE_K1,2022-01-08 22:10:00+00:00,
120,02:00,3,2022-01-10,Monday,2022-01-09 19:00:00+00:00,2022-01-09 22:00:00+00:00,2022-01-09 22:00:00+00:00,2022-01-10 02:00:00+00:00,444.14,438.07,6.069999999999993,False,BREAK_BEFORE_K1,0,0,,,False,,,BREAK_BEFORE_K1,2022-01-09 23:20:00+00:00,
120,02:00,3,2022-01-11,Tuesday,2022-01-10 19:00:00+00:00,2022-01-10 22:00:00+00:00,2022-01-10 22:00:00+00:00,2022-01-11 02:00:00+00:00,425.6,417.34,8.260000000000048,False,NO_K1,0,0,,,False,,,NO_K1,,
120,02:00,3,2022-01-12,Wednesday,2022-01-11 19:00:00+00:00,2022-01-11 22:00:00+00:00,2022-01-11 22:00:00+00:00,2022-01-12 02:00:00+00:00,461.45,455.64,5.810000000000002,False,BREAK_BEFORE_K1,0,0,,,False,,,BREAK_BEFORE_K1,2022-01-11 22:45:00+00:00,
120,02:00,3,2022-01-13,Thursday,2022-01-12 19:00:00+00:00,2022-01-12 22:00:00+00:00,2022-01-12 22:00:00+00:00,2022-01-13 02:00:00+00:00,488.41,482.27,6.140000000000043,True,,1,0,2022-01-13 00:05:00+00:00,2022-01-13 00:10:00+00:00,True,2022-01-13 00:10:00+00:00,2022-01-13 00:15:00+00:00,OPPOSITE_BREAK_BEFORE_H2,2022-01-13 00:55:00+00:00,
120,02:00,3,2022-01-14,Friday,2022-01-13 19:00:00+00:00,2022-01-13 22:00:00+00:00,2022-01-13 22:00:00+00:00,2022-01-14 02:00:00+00:00,478.67,468.62,10.050000000000011,True,,1,0,2022-01-13 22:05:00+00:00,2022-01-13 22:10:00+00:00,True,2022-01-13 22:15:00+00:00,2022-01-13 22:20:00+00:00,H2_ARRIVAL,2022-01-14 00:35:00+00:00,140.0
120,02:00,3,2022-01-15,Saturday,2022-01-14 19:00:00+00:00,2022-01-14 22:00:00+00:00,2022-01-14 22:00:00+00:00,2022-01-15 02:00:00+00:00,492.28,481.98,10.299999999999955,True,,1,0,2022-01-15 00:00:00+00:00,2022-01-15 00:05:00+00:00,True,2022-01-15 00:05:00+00:00,2022-01-15 00:10:00+00:00,NO_H2_BY_END,,
120,02:00,3,2022-01-16,Sunday,2022-01-15 19:00:00+00:00,2022-01-15 22:00:00+00:00,2022-01-15 22:00:00+00:00,2022-01-16 02:00:00+00:00,499.45,493.2,6.25,False,OPPOSITE_VISIT_BEFORE_K1,0,1,,,False,,,OPPOSITE_VISIT_BEFORE_K1,2022-01-15 22:30:00+00:00,
120,02:00,3,2022-01-17,Monday,2022-01-16 19:00:00+00:00,2022-01-16 22:00:00+00:00,2022-01-16 22:00:00+00:00,2022-01-17 02:00:00+00:00,500.53,496.6,3.92999999999995,False,OPPOSITE_VISIT_BEFORE_K1,0,1,,,False,,,OPPOSITE_VISIT_BEFORE_K1,2022-01-17 00:00:00+00:00,
120,02:00,3,2022-01-18,Tuesday,2022-01-17 19:00:00+00:00,2022-01-17 22:00:00+00:00,2022-01-17 22:00:00+00:00,2022-01-18 02:00:00+00:00,477.89,469.42,8.46999999999997,False,OPPOSITE_VISIT_BEFORE_K1,0,1,,,False,,,OPPOSITE_VISIT_BEFORE_K1,2022-01-17 22:00:00+00:00,
120,02:00,3,2022-01-19,Wednesday,2022-01-18 19:00:00+00:00,2022-01-18 22:00:00+00:00,2022-01-18 22:00:00+00:00,2022-01-19 02:00:00+00:00,469.74,459.55,10.189999999999998,True,,1,0,2022-01-18 22:00:00+00:00,2022-01-18 22:05:00+00:00,True,2022-01-18 22:05:00+00:00,2022-01-18 22:10:00+00:00,H2_ARRIVAL,2022-01-18 22:10:00+00:00,5.0
120,02:00,3,2022-01-20,Thursday,2022-01-19 19:00:00+00:00,2022-01-19 22:00:00+00:00,2022-01-19 22:00:00+00:00,2022-01-20 02:00:00+00:00,471.92,465.17,6.75,False,OPPOSITE_VISIT_BEFORE_K1,0,1,,,False,,,OPPOSITE_VISIT_BEFORE_K1,2022-01-19 22:05:00+00:00,
120,02:00,3,2022-01-21,Friday,2022-01-20 19:00:00+00:00,2022-01-20 22:00:00+00:00,2022-01-20 22:00:00+00:00,2022-01-21 02:00:00+00:00,467.91,448.22,19.689999999999998,False,OPPOSITE_VISIT_BEFORE_K1,0,1,,,False,,,OPPOSITE_VISIT_BEFORE_K1,2022-01-20 22:00:00+00:00,
120,02:00,3,2022-01-22,Saturday,2022-01-21 19:00:00+00:00,2022-01-21 22:00:00+00:00,2022-01-21 22:00:00+00:00,2022-01-22 02:00:00+00:00,418.78,378.98,39.799999999999955,False,BREAK_BEFORE_K1,0,0,,,False,,,BREAK_BEFORE_K1,2022-01-21 22:45:00+00:00,
120,02:00,3,2022-01-23,Sunday,2022-01-22 19:00:00+00:00,2022-01-22 22:00:00+00:00,2022-01-22 22:00:00+00:00,2022-01-23 02:00:00+00:00,366.46,346.0,20.45999999999998,False,BREAK_BEFORE_K1,0,0,,,False,,,BREAK_BEFORE_K1,2022-01-23 00:50:00+00:00,
120,02:00,3,2022-01-24,Monday,2022-01-23 19:00:00+00:00,2022-01-23 22:00:00+00:00,2022-01-23 22:00:00+00:00,2022-01-24 02:00:00+00:00,371.43,363.12,8.310000000000002,False,BREAK_BEFORE_K1,0,0,,,False,,,BREAK_BEFORE_K1,2022-01-23 23:00:00+00:00,
120,02:00,3,2022-01-25,Tuesday,2022-01-24 19:00:00+00:00,2022-01-24 22:00:00+00:00,2022-01-24 22:00:00+00:00,2022-01-25 02:00:00+00:00,376.33,360.25,16.079999999999984,False,NO_K1,0,0,,,False,,,NO_K1,,
120,02:00,3,2022-01-26,Wednesday,2022-01-25 19:00:00+00:00,2022-01-25 22:00:00+00:00,2022-01-25 22:00:00+00:00,2022-01-26 02:00:00+00:00,387.13,377.47,9.659999999999968,False,BREAK_BEFORE_K1,0,0,,,False,,,BREAK_BEFORE_K1,2022-01-25 22:20:00+00:00,
120,02:00,3,2022-01-27,Thursday,2022-01-26 19:00:00+00:00,2022-01-26 22:00:00+00:00,2022-01-26 22:00:00+00:00,2022-01-27 02:00:00+00:00,402.42,366.75,35.670000000000016,False,OPPOSITE_VISIT_BEFORE_K1,0,1,,,False,,,OPPOSITE_VISIT_BEFORE_K1,2022-01-26 22:00:00+00:00,
120,02:00,3,2022-01-28,Friday,2022-01-27 19:00:00+00:00,2022-01-27 22:00:00+00:00,2022-01-27 22:00:00+00:00,2022-01-28 02:00:00+00:00,371.27,359.63,11.639999999999986,False,BREAK_BEFORE_K1,0,0,,,False,,,BREAK_BEFORE_K1,2022-01-27 22:00:00+00:00,
120,02:00,3,2022-01-29,Saturday,2022-01-28 19:00:00+00:00,2022-01-28 22:00:00+00:00,2022-01-28 22:00:00+00:00,2022-01-29 02:00:00+00:00,392.0,381.58,10.420000000000016,False,NO_K1,0,0,,,False,,,NO_K1,,
120,02:00,3,2022-01-30,Sunday,2022-01-29 19:00:00+00:00,2022-01-29 22:00:00+00:00,2022-01-29 22:00:00+00:00,2022-01-30 02:00:00+00:00,390.5,385.06,5.439999999999998,True,,1,0,2022-01-29 22:45:00+00:00,2022-01-29 22:50:00+00:00,True,2022-01-29 22:50:00+00:00,2022-01-29 22:55:00+00:00,OPPOSITE_BREAK_BEFORE_H2,2022-01-30 00:40:00+00:00,
120,02:00,3,2022-01-31,Monday,2022-01-30 19:00:00+00:00,2022-01-30 22:00:00+00:00,2022-01-30 22:00:00+00:00,2022-01-31 02:00:00+00:00,378.68,372.13,6.550000000000011,False,BREAK_BEFORE_K1,0,0,,,False,,,BREAK_BEFORE_K1,2022-01-30 23:05:00+00:00,
120,02:00,3,2022-02-01,Tuesday,2022-01-31 19:00:00+00:00,2022-01-31 22:00:00+00:00,2022-01-31 22:00:00+00:00,2022-02-01 02:00:00+00:00,385.01,377.67,7.339999999999975,False,OPPOSITE_VISIT_BEFORE_K1,0,1,,,False,,,OPPOSITE_VISIT_BEFORE_K1,2022-01-31 22:10:00+00:00,
120,02:00,3,2022-02-02,Wednesday,2022-02-01 19:00:00+00:00,2022-02-01 22:00:00+00:00,2022-02-01 22:00:00+00:00,2022-02-02 02:00:00+00:00,387.2,382.28,4.920000000000016,False,BREAK_BEFORE_K1,0,0,,,False,,,BREAK_BEFORE_K1,2022-02-02 00:30:00+00:00,
120,02:00,3,2022-02-03,Thursday,2022-02-02 19:00:00+00:00,2022-02-02 22:00:00+00:00,2022-02-02 22:00:00+00:00,2022-02-03 02:00:00+00:00,376.99,366.1,10.889999999999986,False,OPPOSITE_VISIT_BEFORE_K1,0,1,,,False,,,OPPOSITE_VISIT_BEFORE_K1,2022-02-02 23:50:00+00:00,
120,02:00,3,2022-02-04,Friday,2022-02-03 19:00:00+00:00,2022-02-03 22:00:00+00:00,2022-02-03 22:00:00+00:00,2022-02-04 02:00:00+00:00,370.62,361.56,9.060000000000002,False,BREAK_BEFORE_K1,0,0,,,False,,,BREAK_BEFORE_K1,2022-02-03 23:55:00+00:00,
120,02:00,3,2022-02-05,Saturday,2022-02-04 19:00:00+00:00,2022-02-04 22:00:00+00:00,2022-02-04 22:00:00+00:00,2022-02-05 02:00:00+00:00,398.19,391.52,6.670000000000016,False,BREAK_BEFORE_K1,0,0,,,False,,,BREAK_BEFORE_K1,2022-02-04 23:45:00+00:00,
120,02:00,3,2022-02-06,Sunday,2022-02-05 19:00:00+00:00,2022-02-05 22:00:00+00:00,2022-02-05 22:00:00+00:00,2022-02-06 02:00:00+00:00,414.62,409.85,4.769999999999982,False,BREAK_BEFORE_K1,0,0,,,False,,,BREAK_BEFORE_K1,2022-02-05 23:00:00+00:00,
120,02:00,3,2022-02-07,Monday,2022-02-06 19:00:00+00:00,2022-02-06 22:00:00+00:00,2022-02-06 22:00:00+00:00,2022-02-07 02:00:00+00:00,414.27,410.17,4.099999999999966,True,,1,0,2022-02-06 23:10:00+00:00,2022-02-06 23:15:00+00:00,False,,,BREAK_DURING_K1,2022-02-06 23:15:00+00:00,
120,02:00,3,2022-02-08,Tuesday,2022-02-07 19:00:00+00:00,2022-02-07 22:00:00+00:00,2022-02-07 22:00:00+00:00,2022-02-08 02:00:00+00:00,437.7,432.24,5.4599999999999795,False,OPPOSITE_VISIT_BEFORE_K1,0,1,,,False,,,OPPOSITE_VISIT_BEFORE_K1,2022-02-07 23:25:00+00:00,
120,02:00,3,2022-02-09,Wednesday,2022-02-08 19:00:00+00:00,2022-02-08 22:00:00+00:00,2022-02-08 22:00:00+00:00,2022-02-09 02:00:00+00:00,417.42,406.26,11.160000000000025,False,NO_K1,0,0,,,False,,,NO_K1,,
120,02:00,3,2022-02-10,Thursday,2022-02-09 19:00:00+00:00,2022-02-09 22:00:00+00:00,2022-02-09 22:00:00+00:00,2022-02-10 02:00:00+00:00,427.49,423.19,4.300000000000011,False,BREAK_BEFORE_K1,0,0,,,False,,,BREAK_BEFORE_K1,2022-02-09 22:00:00+00:00,
120,02:00,3,2022-02-11,Friday,2022-02-10 19:00:00+00:00,2022-02-10 22:00:00+00:00,2022-02-10 22:00:00+00:00,2022-02-11 02:00:00+00:00,426.9,414.77,12.129999999999995,False,OPPOSITE_VISIT_BEFORE_K1,0,1,,,False,,,OPPOSITE_VISIT_BEFORE_K1,2022-02-10 23:30:00+00:00,
120,02:00,3,2022-02-12,Saturday,2022-02-11 19:00:00+00:00,2022-02-11 22:00:00+00:00,2022-02-11 22:00:00+00:00,2022-02-12 02:00:00+00:00,408.68,397.3,11.379999999999995,False,OPPOSITE_VISIT_BEFORE_K1,0,1,,,False,,,OPPOSITE_VISIT_BEFORE_K1,2022-02-11 22:05:00+00:00,
120,02:00,3,2022-02-13,Sunday,2022-02-12 19:00:00+00:00,2022-02-12 22:00:00+00:00,2022-02-12 22:00:00+00:00,2022-02-13 02:00:00+00:00,405.92,397.5,8.420000000000016,False,BREAK_BEFORE_K1,0,0,,,False,,,BREAK_BEFORE_K1,2022-02-13 00:35:00+00:00,
120,02:00,3,2022-02-14,Monday,2022-02-13 19:00:00+00:00,2022-02-13 22:00:00+00:00,2022-02-13 22:00:00+00:00,2022-02-14 02:00:00+00:00,400.67,394.51,6.160000000000025,False,BREAK_BEFORE_K1,0,0,,,False,,,BREAK_BEFORE_K1,2022-02-14 01:25:00+00:00,
120,02:00,3,2022-02-15,Tuesday,2022-02-14 19:00:00+00:00,2022-02-14 22:00:00+00:00,2022-02-14 22:00:00+00:00,2022-02-15 02:00:00+00:00,401.1,395.62,5.480000000000018,False,BREAK_BEFORE_K1,0,0,,,False,,,BREAK_BEFORE_K1,2022-02-14 22:00:00+00:00,
120,02:00,3,2022-02-16,Wednesday,2022-02-15 19:00:00+00:00,2022-02-15 22:00:00+00:00,2022-02-15 22:00:00+00:00,2022-02-16 02:00:00+00:00,432.77,426.1,6.669999999999959,False,BREAK_BEFORE_K1,0,0,,,False,,,BREAK_BEFORE_K1,2022-02-15 23:35:00+00:00,
120,02:00,3,2022-02-17,Thursday,2022-02-16 19:00:00+00:00,2022-02-16 22:00:00+00:00,2022-02-16 22:00:00+00:00,2022-02-17 02:00:00+00:00,432.0,423.35,8.649999999999977,False,NO_K1,0,0,,,False,,,NO_K1,,
120,02:00,3,2022-02-18,Friday,2022-02-17 19:00:00+00:00,2022-02-17 22:00:00+00:00,2022-02-17 22:00:00+00:00,2022-02-18 02:00:00+00:00,408.53,399.52,9.009999999999991,False,OPPOSITE_VISIT_BEFORE_K1,0,1,,,False,,,OPPOSITE_VISIT_BEFORE_K1,2022-02-18 00:00:00+00:00,
120,02:00,3,2022-02-19,Saturday,2022-02-18 19:00:00+00:00,2022-02-18 22:00:00+00:00,2022-02-18 22:00:00+00:00,2022-02-19 02:00:00+00:00,399.91,395.8,4.110000000000014,False,OPPOSITE_VISIT_BEFORE_K1,0,1,,,False,,,OPPOSITE_VISIT_BEFORE_K1,2022-02-18 22:10:00+00:00,
120,02:00,3,2022-02-20,Sunday,2022-02-19 19:00:00+00:00,2022-02-19 22:00:00+00:00,2022-02-19 22:00:00+00:00,2022-02-20 02:00:00+00:00,400.51,395.56,4.949999999999989,False,OPPOSITE_VISIT_BEFORE_K1,0,1,,,False,,,OPPOSITE_VISIT_BEFORE_K1,2022-02-20 00:50:00+00:00,
120,02:00,3,2022-02-21,Monday,2022-02-20 19:00:00+00:00,2022-02-20 22:00:00+00:00,2022-02-20 22:00:00+00:00,2022-02-21 02:00:00+00:00,383.95,377.37,6.579999999999984,False,BREAK_BEFORE_K1,0,0,,,False,,,BREAK_BEFORE_K1,2022-02-20 22:55:00+00:00,
120,02:00,3,2022-02-22,Tuesday,2022-02-21 19:00:00+00:00,2022-02-21 22:00:00+00:00,2022-02-21 22:00:00+00:00,2022-02-22 02:00:00+00:00,372.43,360.7,11.730000000000018,False,OPPOSITE_VISIT_BEFORE_K1,0,1,,,False,,,OPPOSITE_VISIT_BEFORE_K1,2022-02-21 22:00:00+00:00,
120,02:00,3,2022-02-23,Wednesday,2022-02-22 19:00:00+00:00,2022-02-22 22:00:00+00:00,2022-02-22 22:00:00+00:00,2022-02-23 02:00:00+00:00,373.52,365.01,8.509999999999991,False,BREAK_BEFORE_K1,0,0,,,False,,,BREAK_BEFORE_K1,2022-02-22 23:40:00+00:00,
120,02:00,3,2022-02-24,Thursday,2022-02-23 19:00:00+00:00,2022-02-23 22:00:00+00:00,2022-02-23 22:00:00+00:00,2022-02-24 02:00:00+00:00,375.2,368.03,7.170000000000016,False,BREAK_BEFORE_K1,0,0,,,False,,,BREAK_BEFORE_K1,2022-02-23 22:10:00+00:00,
120,02:00,3,2022-02-25,Friday,2022-02-24 19:00:00+00:00,2022-02-24 22:00:00+00:00,2022-02-24 22:00:00+00:00,2022-02-25 02:00:00+00:00,370.77,349.19,21.579999999999984,False,NO_K1,0,0,,,False,,,NO_K1,,
120,02:00,3,2022-02-26,Saturday,2022-02-25 19:00:00+00:00,2022-02-25 22:00:00+00:00,2022-02-25 22:00:00+00:00,2022-02-26 02:00:00+00:00,369.6,362.78,6.82000000000005,False,BREAK_BEFORE_K1,0,0,,,False,,,BREAK_BEFORE_K1,2022-02-25 22:35:00+00:00,
120,02:00,3,2022-02-27,Sunday,2022-02-26 19:00:00+00:00,2022-02-26 22:00:00+00:00,2022-02-26 22:00:00+00:00,2022-02-27 02:00:00+00:00,378.23,373.53,4.7000000000000455,False,BREAK_BEFORE_K1,0,0,,,False,,,BREAK_BEFORE_K1,2022-02-26 22:15:00+00:00,
120,02:00,3,2022-02-28,Monday,2022-02-27 19:00:00+00:00,2022-02-27 22:00:00+00:00,2022-02-27 22:00:00+00:00,2022-02-28 02:00:00+00:00,370.73,357.87,12.860000000000014,False,BREAK_BEFORE_K1,0,0,,,False,,,BREAK_BEFORE_K1,2022-02-28 00:20:00+00:00,
120,02:00,3,2022-03-01,Tuesday,2022-02-28 19:00:00+00:00,2022-02-28 22:00:00+00:00,2022-02-28 22:00:00+00:00,2022-03-01 02:00:00+00:00,387.51,382.09,5.420000000000016,False,BREAK_BEFORE_K1,0,0,,,False,,,BREAK_BEFORE_K1,2022-02-28 22:05:00+00:00,
120,02:00,3,2022-03-02,Wednesday,2022-03-01 19:00:00+00:00,2022-03-01 22:00:00+00:00,2022-03-01 22:00:00+00:00,2022-03-02 02:00:00+00:00,409.63,403.26,6.3700000000000045,True,,1,0,2022-03-02 00:00:00+00:00,2022-03-02 00:05:00+00:00,True,2022-03-02 00:10:00+00:00,2022-03-02 00:15:00+00:00,H2_ARRIVAL,2022-03-02 01:00:00+00:00,50.0
120,02:00,3,2022-03-03,Thursday,2022-03-02 19:00:00+00:00,2022-03-02 22:00:00+00:00,2022-03-02 22:00:00+00:00,2022-03-03 02:00:00+00:00,409.71,404.73,4.979999999999961,False,BREAK_BEFORE_K1,0,0,,,False,,,BREAK_BEFORE_K1,2022-03-02 22:00:00+00:00,
120,02:00,3,2022-03-04,Friday,2022-03-03 19:00:00+00:00,2022-03-03 22:00:00+00:00,2022-03-03 22:00:00+00:00,2022-03-04 02:00:00+00:00,402.18,397.34,4.840000000000032,True,,1,0,2022-03-03 22:00:00+00:00,2022-03-03 22:05:00+00:00,True,2022-03-03 22:05:00+00:00,2022-03-03 22:10:00+00:00,H2_ARRIVAL,2022-03-03 22:25:00+00:00,20.0
120,02:00,3,2022-03-05,Saturday,2022-03-04 19:00:00+00:00,2022-03-04 22:00:00+00:00,2022-03-04 22:00:00+00:00,2022-03-05 02:00:00+00:00,387.83,375.8,12.029999999999973,False,BREAK_BEFORE_K1,0,0,,,False,,,BREAK_BEFORE_K1,2022-03-04 22:15:00+00:00,
120,02:00,3,2022-03-06,Sunday,2022-03-05 19:00:00+00:00,2022-03-05 22:00:00+00:00,2022-03-05 22:00:00+00:00,2022-03-06 02:00:00+00:00,387.22,379.87,7.350000000000023,False,NO_K1,0,0,,,False,,,NO_K1,,
120,02:00,3,2022-03-07,Monday,2022-03-06 19:00:00+00:00,2022-03-06 22:00:00+00:00,2022-03-06 22:00:00+00:00,2022-03-07 02:00:00+00:00,381.56,376.17,5.389999999999986,True,,1,0,2022-03-06 22:10:00+00:00,2022-03-06 22:15:00+00:00,True,2022-03-06 22:45:00+00:00,2022-03-06 22:50:00+00:00,H2_ARRIVAL,2022-03-06 23:00:00+00:00,15.0
120,02:00,3,2022-03-08,Tuesday,2022-03-07 19:00:00+00:00,2022-03-07 22:00:00+00:00,2022-03-07 22:00:00+00:00,2022-03-08 02:00:00+00:00,385.62,362.36,23.25999999999999,False,NO_K1,0,0,,,False,,,NO_K1,,
120,02:00,3,2022-03-09,Wednesday,2022-03-08 19:00:00+00:00,2022-03-08 22:00:00+00:00,2022-03-08 22:00:00+00:00,2022-03-09 02:00:00+00:00,384.4,379.22,5.17999999999995,False,OPPOSITE_VISIT_BEFORE_K1,0,1,,,False,,,OPPOSITE_VISIT_BEFORE_K1,2022-03-08 22:00:00+00:00,
120,02:00,3,2022-03-10,Thursday,2022-03-09 19:00:00+00:00,2022-03-09 22:00:00+00:00,2022-03-09 22:00:00+00:00,2022-03-10 02:00:00+00:00,394.68,390.17,4.509999999999991,False,BREAK_BEFORE_K1,0,0,,,False,,,BREAK_BEFORE_K1,2022-03-10 01:40:00+00:00,
120,02:00,3,2022-03-11,Friday,2022-03-10 19:00:00+00:00,2022-03-10 22:00:00+00:00,2022-03-10 22:00:00+00:00,2022-03-11 02:00:00+00:00,372.08,367.54,4.539999999999964,True,,1,0,2022-03-10 22:45:00+00:00,2022-03-10 22:50:00+00:00,False,,,BREAK_DURING_K1,2022-03-10 22:50:00+00:00,
120,02:00,3,2022-03-12,Saturday,2022-03-11 19:00:00+00:00,2022-03-11 22:00:00+00:00,2022-03-11 22:00:00+00:00,2022-03-12 02:00:00+00:00,374.1,368.25,5.850000000000023,False,BREAK_BEFORE_K1,0,0,,,False,,,BREAK_BEFORE_K1,2022-03-11 22:45:00+00:00,
120,02:00,3,2022-03-13,Sunday,2022-03-12 19:00:00+00:00,2022-03-12 22:00:00+00:00,2022-03-12 22:00:00+00:00,2022-03-13 02:00:00+00:00,376.9,374.47,2.42999999999995,False,OPPOSITE_VISIT_BEFORE_K1,0,1,,,False,,,OPPOSITE_VISIT_BEFORE_K1,2022-03-12 22:00:00+00:00,
120,02:00,3,2022-03-14,Monday,2022-03-13 19:00:00+00:00,2022-03-13 22:00:00+00:00,2022-03-13 22:00:00+00:00,2022-03-14 02:00:00+00:00,373.29,368.64,4.650000000000034,False,BREAK_BEFORE_K1,0,0,,,False,,,BREAK_BEFORE_K1,2022-03-13 22:45:00+00:00,
120,02:00,3,2022-03-15,Tuesday,2022-03-14 19:00:00+00:00,2022-03-14 22:00:00+00:00,2022-03-14 22:00:00+00:00,2022-03-15 02:00:00+00:00,366.45,364.31,2.1399999999999864,True,,1,0,2022-03-14 22:00:00+00:00,2022-03-14 22:05:00+00:00,True,2022-03-14 22:05:00+00:00,2022-03-14 22:10:00+00:00,H2_ARRIVAL,2022-03-14 22:10:00+00:00,5.0
120,02:00,3,2022-03-16,Wednesday,2022-03-15 19:00:00+00:00,2022-03-15 22:00:00+00:00,2022-03-15 22:00:00+00:00,2022-03-16 02:00:00+00:00,374.46,370.58,3.8799999999999955,False,BREAK_BEFORE_K1,0,0,,,False,,,BREAK_BEFORE_K1,2022-03-15 23:20:00+00:00,
120,02:00,3,2022-03-17,Thursday,2022-03-16 19:00:00+00:00,2022-03-16 22:00:00+00:00,2022-03-16 22:00:00+00:00,2022-03-17 02:00:00+00:00,386.6,375.33,11.270000000000039,False,NO_K1,0,0,,,False,,,NO_K1,,
120,02:00,3,2022-03-18,Friday,2022-03-17 19:00:00+00:00,2022-03-17 22:00:00+00:00,2022-03-17 22:00:00+00:00,2022-03-18 02:00:00+00:00,389.87,386.98,2.8899999999999864,True,,1,0,2022-03-17 22:00:00+00:00,2022-03-17 22:05:00+00:00,False,,,BREAK_DURING_K1,2022-03-17 22:05:00+00:00,
120,02:00,3,2022-03-19,Saturday,2022-03-18 19:00:00+00:00,2022-03-18 22:00:00+00:00,2022-03-18 22:00:00+00:00,2022-03-19 02:00:00+00:00,400.3,395.23,5.069999999999993,True,,1,0,2022-03-19 01:55:00+00:00,2022-03-19 02:00:00+00:00,False,,,NO_CAUSAL_LEAVE_BY_END,,
120,02:00,3,2022-03-20,Sunday,2022-03-19 19:00:00+00:00,2022-03-19 22:00:00+00:00,2022-03-19 22:00:00+00:00,2022-03-20 02:00:00+00:00,402.54,396.78,5.760000000000048,False,OPPOSITE_VISIT_BEFORE_K1,0,1,,,False,,,OPPOSITE_VISIT_BEFORE_K1,2022-03-19 22:15:00+00:00,
120,02:00,3,2022-03-21,Monday,2022-03-20 19:00:00+00:00,2022-03-20 22:00:00+00:00,2022-03-20 22:00:00+00:00,2022-03-21 02:00:00+00:00,394.23,388.2,6.03000000000003,False,NO_K1,0,0,,,False,,,NO_K1,,
120,02:00,3,2022-03-22,Tuesday,2022-03-21 19:00:00+00:00,2022-03-21 22:00:00+00:00,2022-03-21 22:00:00+00:00,2022-03-22 02:00:00+00:00,397.84,395.75,2.089999999999975,True,,1,0,2022-03-21 22:10:00+00:00,2022-03-21 22:15:00+00:00,True,2022-03-21 22:15:00+00:00,2022-03-21 22:20:00+00:00,OPPOSITE_BREAK_BEFORE_H2,2022-03-21 23:25:00+00:00,
120,02:00,3,2022-03-23,Wednesday,2022-03-22 19:00:00+00:00,2022-03-22 22:00:00+00:00,2022-03-22 22:00:00+00:00,2022-03-23 02:00:00+00:00,407.0,402.0,5.0,False,OPPOSITE_VISIT_BEFORE_K1,0,1,,,False,,,OPPOSITE_VISIT_BEFORE_K1,2022-03-23 01:00:00+00:00,
120,02:00,3,2022-03-24,Thursday,2022-03-23 19:00:00+00:00,2022-03-23 22:00:00+00:00,2022-03-23 22:00:00+00:00,2022-03-24 02:00:00+00:00,405.68,402.01,3.670000000000016,True,,1,0,2022-03-23 22:00:00+00:00,2022-03-23 22:05:00+00:00,True,2022-03-23 22:05:00+00:00,2022-03-23 22:10:00+00:00,H2_ARRIVAL,2022-03-23 22:15:00+00:00,10.0
120,02:00,3,2022-03-25,Friday,2022-03-24 19:00:00+00:00,2022-03-24 22:00:00+00:00,2022-03-24 22:00:00+00:00,2022-03-25 02:00:00+00:00,415.57,412.61,2.9599999999999795,False,BREAK_BEFORE_K1,0,0,,,False,,,BREAK_BEFORE_K1,2022-03-25 00:15:00+00:00,
120,02:00,3,2022-03-26,Saturday,2022-03-25 19:00:00+00:00,2022-03-25 22:00:00+00:00,2022-03-25 22:00:00+00:00,2022-03-26 02:00:00+00:00,412.86,408.2,4.660000000000025,False,OPPOSITE_VISIT_BEFORE_K1,0,1,,,False,,,OPPOSITE_VISIT_BEFORE_K1,2022-03-26 01:00:00+00:00,
120,02:00,3,2022-03-27,Sunday,2022-03-26 19:00:00+00:00,2022-03-26 22:00:00+00:00,2022-03-26 22:00:00+00:00,2022-03-27 02:00:00+00:00,416.29,413.28,3.0100000000000477,True,,1,0,2022-03-27 00:20:00+00:00,2022-03-27 00:25:00+00:00,True,2022-03-27 00:25:00+00:00,2022-03-27 00:30:00+00:00,H2_ARRIVAL,2022-03-27 00:30:00+00:00,5.0
120,02:00,3,2022-03-28,Monday,2022-03-27 19:00:00+00:00,2022-03-27 22:00:00+00:00,2022-03-27 22:00:00+00:00,2022-03-28 02:00:00+00:00,427.34,416.0,11.339999999999975,True,,1,0,2022-03-27 22:00:00+00:00,2022-03-27 22:05:00+00:00,False,,,BREAK_DURING_K1,2022-03-27 22:05:00+00:00,
120,02:00,3,2022-03-29,Tuesday,2022-03-28 19:00:00+00:00,2022-03-28 22:00:00+00:00,2022-03-28 22:00:00+00:00,2022-03-29 02:00:00+00:00,440.6,432.12,8.480000000000018,False,BREAK_BEFORE_K1,0,0,,,False,,,BREAK_BEFORE_K1,2022-03-28 23:15:00+00:00,
120,02:00,3,2022-03-30,Wednesday,2022-03-29 19:00:00+00:00,2022-03-29 22:00:00+00:00,2022-03-29 22:00:00+00:00,2022-03-30 02:00:00+00:00,437.85,432.04,5.810000000000002,False,BREAK_BEFORE_K1,0,0,,,False,,,BREAK_BEFORE_K1,2022-03-29 22:20:00+00:00,
120,02:00,3,2022-03-31,Thursday,2022-03-30 19:00:00+00:00,2022-03-30 22:00:00+00:00,2022-03-30 22:00:00+00:00,2022-03-31 02:00:00+00:00,446.77,441.46,5.310000000000002,False,OPPOSITE_VISIT_BEFORE_K1,0,1,,,False,,,OPPOSITE_VISIT_BEFORE_K1,2022-03-30 22:10:00+00:00,
120,02:00,3,2022-04-01,Friday,2022-03-31 19:00:00+00:00,2022-03-31 22:00:00+00:00,2022-03-31 22:00:00+00:00,2022-04-01 02:00:00+00:00,430.96,426.02,4.939999999999998,True,,1,0,2022-03-31 22:30:00+00:00,2022-03-31 22:35:00+00:00,True,2022-03-31 22:35:00+00:00,2022-03-31 22:40:00+00:00,H2_ARRIVAL,2022-03-31 22:45:00+00:00,10.0
120,02:00,3,2022-04-02,Saturday,2022-04-01 19:00:00+00:00,2022-04-01 22:00:00+00:00,2022-04-01 22:00:00+00:00,2022-04-02 02:00:00+00:00,447.08,442.43,4.649999999999977,False,BREAK_BEFORE_K1,0,0,,,False,,,BREAK_BEFORE_K1,2022-04-01 23:55:00+00:00,
120,02:00,3,2022-04-03,Sunday,2022-04-02 19:00:00+00:00,2022-04-02 22:00:00+00:00,2022-04-02 22:00:00+00:00,2022-04-03 02:00:00+00:00,444.12,439.21,4.910000000000025,False,BREAK_BEFORE_K1,0,0,,,False,,,BREAK_BEFORE_K1,2022-04-02 23:00:00+00:00,
120,02:00,3,2022-04-04,Monday,2022-04-03 19:00:00+00:00,2022-04-03 22:00:00+00:00,2022-04-03 22:00:00+00:00,2022-04-04 02:00:00+00:00,450.24,446.86,3.3799999999999955,False,BREAK_BEFORE_K1,0,0,,,False,,,BREAK_BEFORE_K1,2022-04-03 22:00:00+00:00,
120,02:00,3,2022-04-05,Tuesday,2022-04-04 19:00:00+00:00,2022-04-04 22:00:00+00:00,2022-04-04 22:00:00+00:00,2022-04-05 02:00:00+00:00,446.7,438.57,8.129999999999995,False,BREAK_BEFORE_K1,0,0,,,False,,,BREAK_BEFORE_K1,2022-04-04 22:35:00+00:00,
120,02:00,3,2022-04-06,Wednesday,2022-04-05 19:00:00+00:00,2022-04-05 22:00:00+00:00,2022-04-05 22:00:00+00:00,2022-04-06 02:00:00+00:00,451.44,446.0,5.439999999999998,False,BREAK_BEFORE_K1,0,0,,,False,,,BREAK_BEFORE_K1,2022-04-05 23:45:00+00:00,
120,02:00,3,2022-04-07,Thursday,2022-04-06 19:00:00+00:00,2022-04-06 22:00:00+00:00,2022-04-06 22:00:00+00:00,2022-04-07 02:00:00+00:00,427.91,423.62,4.2900000000000205,False,OPPOSITE_VISIT_BEFORE_K1,0,1,,,False,,,OPPOSITE_VISIT_BEFORE_K1,2022-04-06 22:40:00+00:00,
120,02:00,3,2022-04-08,Friday,2022-04-07 19:00:00+00:00,2022-04-07 22:00:00+00:00,2022-04-07 22:00:00+00:00,2022-04-08 02:00:00+00:00,438.42,433.72,4.699999999999989,True,,1,0,2022-04-08 00:10:00+00:00,2022-04-08 00:15:00+00:00,True,2022-04-08 00:20:00+00:00,2022-04-08 00:25:00+00:00,H2_ARRIVAL,2022-04-08 01:30:00+00:00,70.0
120,02:00,3,2022-04-09,Saturday,2022-04-08 19:00:00+00:00,2022-04-08 22:00:00+00:00,2022-04-08 22:00:00+00:00,2022-04-09 02:00:00+00:00,430.67,424.51,6.160000000000025,False,OPPOSITE_VISIT_BEFORE_K1,0,1,,,False,,,OPPOSITE_VISIT_BEFORE_K1,2022-04-08 22:05:00+00:00,
120,02:00,3,2022-04-10,Sunday,2022-04-09 19:00:00+00:00,2022-04-09 22:00:00+00:00,2022-04-09 22:00:00+00:00,2022-04-10 02:00:00+00:00,423.2,420.37,2.829999999999984,False,BREAK_BEFORE_K1,0,0,,,False,,,BREAK_BEFORE_K1,2022-04-09 22:20:00+00:00,
120,02:00,3,2022-04-11,Monday,2022-04-10 19:00:00+00:00,2022-04-10 22:00:00+00:00,2022-04-10 22:00:00+00:00,2022-04-11 02:00:00+00:00,429.54,423.44,6.100000000000023,False,OPPOSITE_VISIT_BEFORE_K1,0,1,,,False,,,OPPOSITE_VISIT_BEFORE_K1,2022-04-10 22:00:00+00:00,
120,02:00,3,2022-04-12,Tuesday,2022-04-11 19:00:00+00:00,2022-04-11 22:00:00+00:00,2022-04-11 22:00:00+00:00,2022-04-12 02:00:00+00:00,403.49,391.71,11.78000000000003,False,OPPOSITE_VISIT_BEFORE_K1,0,1,,,False,,,OPPOSITE_VISIT_BEFORE_K1,2022-04-11 22:05:00+00:00,
120,02:00,3,2022-04-13,Wednesday,2022-04-12 19:00:00+00:00,2022-04-12 22:00:00+00:00,2022-04-12 22:00:00+00:00,2022-04-13 02:00:00+00:00,412.99,406.4,6.590000000000032,True,,1,0,2022-04-12 23:00:00+00:00,2022-04-12 23:05:00+00:00,True,2022-04-12 23:05:00+00:00,2022-04-12 23:10:00+00:00,H2_ARRIVAL,2022-04-12 23:20:00+00:00,15.0
120,02:00,3,2022-04-14,Thursday,2022-04-13 19:00:00+00:00,2022-04-13 22:00:00+00:00,2022-04-13 22:00:00+00:00,2022-04-14 02:00:00+00:00,422.2,418.75,3.4499999999999886,True,,1,0,2022-04-13 22:00:00+00:00,2022-04-13 22:05:00+00:00,False,,,BREAK_DURING_K1,2022-04-13 22:20:00+00:00,
120,02:00,3,2022-04-15,Friday,2022-04-14 19:00:00+00:00,2022-04-14 22:00:00+00:00,2022-04-14 22:00:00+00:00,2022-04-15 02:00:00+00:00,416.27,411.53,4.740000000000009,True,,1,0,2022-04-15 00:20:00+00:00,2022-04-15 00:25:00+00:00,False,,,BREAK_DURING_K1,2022-04-15 00:25:00+00:00,
120,02:00,3,2022-04-16,Saturday,2022-04-15 19:00:00+00:00,2022-04-15 22:00:00+00:00,2022-04-15 22:00:00+00:00,2022-04-16 02:00:00+00:00,418.73,415.71,3.0200000000000387,False,BREAK_BEFORE_K1,0,0,,,False,,,BREAK_BEFORE_K1,2022-04-15 22:50:00+00:00,
120,02:00,3,2022-04-17,Sunday,2022-04-16 19:00:00+00:00,2022-04-16 22:00:00+00:00,2022-04-16 22:00:00+00:00,2022-04-17 02:00:00+00:00,417.45,413.24,4.2099999999999795,False,BREAK_BEFORE_K1,0,0,,,False,,,BREAK_BEFORE_K1,2022-04-16 22:00:00+00:00,
120,02:00,3,2022-04-18,Monday,2022-04-17 19:00:00+00:00,2022-04-17 22:00:00+00:00,2022-04-17 22:00:00+00:00,2022-04-18 02:00:00+00:00,414.83,412.01,2.819999999999993,False,BREAK_BEFORE_K1,0,0,,,False,,,BREAK_BEFORE_K1,2022-04-17 22:05:00+00:00,
120,02:00,3,2022-04-19,Tuesday,2022-04-18 19:00:00+00:00,2022-04-18 22:00:00+00:00,2022-04-18 22:00:00+00:00,2022-04-19 02:00:00+00:00,417.64,413.46,4.180000000000007,False,BREAK_BEFORE_K1,0,0,,,False,,,BREAK_BEFORE_K1,2022-04-18 22:50:00+00:00,
120,02:00,3,2022-04-20,Wednesday,2022-04-19 19:00:00+00:00,2022-04-19 22:00:00+00:00,2022-04-19 22:00:00+00:00,2022-04-20 02:00:00+00:00,420.65,417.6,3.0499999999999545,False,BREAK_BEFORE_K1,0,0,,,False,,,BREAK_BEFORE_K1,2022-04-19 22:00:00+00:00,
120,02:00,3,2022-04-21,Thursday,2022-04-20 19:00:00+00:00,2022-04-20 22:00:00+00:00,2022-04-20 22:00:00+00:00,2022-04-21 02:00:00+00:00,419.4,415.46,3.9399999999999977,True,,1,0,2022-04-20 22:05:00+00:00,2022-04-20 22:10:00+00:00,False,,,BREAK_DURING_K1,2022-04-20 22:10:00+00:00,
120,02:00,3,2022-04-22,Friday,2022-04-21 19:00:00+00:00,2022-04-21 22:00:00+00:00,2022-04-21 22:00:00+00:00,2022-04-22 02:00:00+00:00,416.16,404.52,11.640000000000043,False,BREAK_BEFORE_K1,0,0,,,False,,,BREAK_BEFORE_K1,2022-04-21 22:25:00+00:00,
120,02:00,3,2022-04-23,Saturday,2022-04-22 19:00:00+00:00,2022-04-22 22:00:00+00:00,2022-04-22 22:00:00+00:00,2022-04-23 02:00:00+00:00,409.75,406.79,2.9599999999999795,False,BREAK_BEFORE_K1,0,0,,,False,,,BREAK_BEFORE_K1,2022-04-22 22:00:00+00:00,
120,02:00,3,2022-04-24,Sunday,2022-04-23 19:00:00+00:00,2022-04-23 22:00:00+00:00,2022-04-23 22:00:00+00:00,2022-04-24 02:00:00+00:00,407.28,405.23,2.0499999999999545,False,OPPOSITE_VISIT_BEFORE_K1,0,1,,,False,,,OPPOSITE_VISIT_BEFORE_K1,2022-04-23 22:05:00+00:00,
120,02:00,3,2022-04-25,Monday,2022-04-24 19:00:00+00:00,2022-04-24 22:00:00+00:00,2022-04-24 22:00:00+00:00,2022-04-25 02:00:00+00:00,403.27,399.73,3.5399999999999636,False,OPPOSITE_VISIT_BEFORE_K1,0,1,,,False,,,OPPOSITE_VISIT_BEFORE_K1,2022-04-24 23:05:00+00:00,
120,02:00,3,2022-04-26,Tuesday,2022-04-25 19:00:00+00:00,2022-04-25 22:00:00+00:00,2022-04-25 22:00:00+00:00,2022-04-26 02:00:00+00:00,402.99,398.88,4.110000000000014,False,BREAK_BEFORE_K1,0,0,,,False,,,BREAK_BEFORE_K1,2022-04-25 22:00:00+00:00,
120,02:00,3,2022-04-27,Wednesday,2022-04-26 19:00:00+00:00,2022-04-26 22:00:00+00:00,2022-04-26 22:00:00+00:00,2022-04-27 02:00:00+00:00,389.45,382.08,7.3700000000000045,False,BREAK_BEFORE_K1,0,0,,,False,,,BREAK_BEFORE_K1,2022-04-26 23:15:00+00:00,
120,02:00,3,2022-04-28,Thursday,2022-04-27 19:00:00+00:00,2022-04-27 22:00:00+00:00,2022-04-27 22:00:00+00:00,2022-04-28 02:00:00+00:00,391.22,386.6,4.6200000000000045,True,,1,0,2022-04-27 23:30:00+00:00,2022-04-27 23:35:00+00:00,False,,,BREAK_DURING_K1,2022-04-27 23:35:00+00:00,
120,02:00,3,2022-04-29,Friday,2022-04-28 19:00:00+00:00,2022-04-28 22:00:00+00:00,2022-04-28 22:00:00+00:00,2022-04-29 02:00:00+00:00,406.87,402.88,3.990000000000009,False,BREAK_BEFORE_K1,0,0,,,False,,,BREAK_BEFORE_K1,2022-04-28 22:30:00+00:00,
120,02:00,3,2022-04-30,Saturday,2022-04-29 19:00:00+00:00,2022-04-29 22:00:00+00:00,2022-04-29 22:00:00+00:00,2022-04-30 02:00:00+00:00,394.35,389.46,4.890000000000043,False,BREAK_BEFORE_K1,0,0,,,False,,,BREAK_BEFORE_K1,2022-04-30 00:25:00+00:00,
120,02:00,3,2022-05-01,Sunday,2022-04-30 19:00:00+00:00,2022-04-30 22:00:00+00:00,2022-04-30 22:00:00+00:00,2022-05-01 02:00:00+00:00,391.78,388.43,3.349999999999966,False,BREAK_BEFORE_K1,0,0,,,False,,,BREAK_BEFORE_K1,2022-04-30 22:00:00+00:00,
120,02:00,3,2022-05-02,Monday,2022-05-01 19:00:00+00:00,2022-05-01 22:00:00+00:00,2022-05-01 22:00:00+00:00,2022-05-02 02:00:00+00:00,388.9,382.42,6.479999999999961,False,BREAK_BEFORE_K1,0,0,,,False,,,BREAK_BEFORE_K1,2022-05-01 22:00:00+00:00,
120,02:00,3,2022-05-03,Tuesday,2022-05-02 19:00:00+00:00,2022-05-02 22:00:00+00:00,2022-05-02 22:00:00+00:00,2022-05-03 02:00:00+00:00,389.65,383.77,5.8799999999999955,True,,1,0,2022-05-02 22:00:00+00:00,2022-05-02 22:05:00+00:00,True,2022-05-02 22:05:00+00:00,2022-05-02 22:10:00+00:00,H2_ARRIVAL,2022-05-02 22:10:00+00:00,5.0
120,02:00,3,2022-05-04,Wednesday,2022-05-03 19:00:00+00:00,2022-05-03 22:00:00+00:00,2022-05-03 22:00:00+00:00,2022-05-04 02:00:00+00:00,383.73,379.5,4.230000000000018,True,,1,0,2022-05-03 22:25:00+00:00,2022-05-03 22:30:00+00:00,True,2022-05-03 22:30:00+00:00,2022-05-03 22:35:00+00:00,H2_ARRIVAL,2022-05-04 00:00:00+00:00,90.0
120,02:00,3,2022-05-05,Thursday,2022-05-04 19:00:00+00:00,2022-05-04 22:00:00+00:00,2022-05-04 22:00:00+00:00,2022-05-05 02:00:00+00:00,402.93,398.49,4.439999999999998,False,BREAK_BEFORE_K1,0,0,,,False,,,BREAK_BEFORE_K1,2022-05-05 00:00:00+00:00,
120,02:00,3,2022-05-06,Friday,2022-05-05 19:00:00+00:00,2022-05-05 22:00:00+00:00,2022-05-05 22:00:00+00:00,2022-05-06 02:00:00+00:00,378.39,370.0,8.389999999999986,True,,1,0,2022-05-05 23:10:00+00:00,2022-05-05 23:15:00+00:00,True,2022-05-05 23:20:00+00:00,2022-05-05 23:25:00+00:00,H2_ARRIVAL,2022-05-05 23:50:00+00:00,30.0
120,02:00,3,2022-05-07,Saturday,2022-05-06 19:00:00+00:00,2022-05-06 22:00:00+00:00,2022-05-06 22:00:00+00:00,2022-05-07 02:00:00+00:00,382.38,379.03,3.3500000000000227,False,BREAK_BEFORE_K1,0,0,,,False,,,BREAK_BEFORE_K1,2022-05-06 22:10:00+00:00,
120,02:00,3,2022-05-08,Sunday,2022-05-07 19:00:00+00:00,2022-05-07 22:00:00+00:00,2022-05-07 22:00:00+00:00,2022-05-08 02:00:00+00:00,377.77,363.13,14.639999999999986,False,BREAK_BEFORE_K1,0,0,,,False,,,BREAK_BEFORE_K1,2022-05-07 22:45:00+00:00,
120,02:00,3,2022-05-09,Monday,2022-05-08 19:00:00+00:00,2022-05-08 22:00:00+00:00,2022-05-08 22:00:00+00:00,2022-05-09 02:00:00+00:00,359.51,356.41,3.099999999999966,False,OPPOSITE_VISIT_BEFORE_K1,0,1,,,False,,,OPPOSITE_VISIT_BEFORE_K1,2022-05-08 22:00:00+00:00,
120,02:00,3,2022-05-10,Tuesday,2022-05-09 19:00:00+00:00,2022-05-09 22:00:00+00:00,2022-05-09 22:00:00+00:00,2022-05-10 02:00:00+00:00,316.41,300.61,15.800000000000011,False,BREAK_BEFORE_K1,0,0,,,False,,,BREAK_BEFORE_K1,2022-05-09 23:40:00+00:00,
120,02:00,3,2022-05-11,Wednesday,2022-05-10 19:00:00+00:00,2022-05-10 22:00:00+00:00,2022-05-10 22:00:00+00:00,2022-05-11 02:00:00+00:00,326.36,308.58,17.78000000000003,False,OPPOSITE_VISIT_BEFORE_K1,0,1,,,False,,,OPPOSITE_VISIT_BEFORE_K1,2022-05-10 22:00:00+00:00,
120,02:00,3,2022-05-12,Thursday,2022-05-11 19:00:00+00:00,2022-05-11 22:00:00+00:00,2022-05-11 22:00:00+00:00,2022-05-12 02:00:00+00:00,277.82,260.04,17.779999999999973,True,,1,0,2022-05-12 00:25:00+00:00,2022-05-12 00:30:00+00:00,False,,,BREAK_DURING_K1,2022-05-12 00:40:00+00:00,
120,02:00,3,2022-05-13,Friday,2022-05-12 19:00:00+00:00,2022-05-12 22:00:00+00:00,2022-05-12 22:00:00+00:00,2022-05-13 02:00:00+00:00,272.21,262.0,10.20999999999998,False,BREAK_BEFORE_K1,0,0,,,False,,,BREAK_BEFORE_K1,2022-05-13 00:35:00+00:00,
120,02:00,3,2022-05-14,Saturday,2022-05-13 19:00:00+00:00,2022-05-13 22:00:00+00:00,2022-05-13 22:00:00+00:00,2022-05-14 02:00:00+00:00,299.69,293.0,6.689999999999998,True,,1,0,2022-05-13 22:00:00+00:00,2022-05-13 22:05:00+00:00,False,,,BREAK_DURING_K1,2022-05-13 22:10:00+00:00,
120,02:00,3,2022-05-15,Sunday,2022-05-14 19:00:00+00:00,2022-05-14 22:00:00+00:00,2022-05-14 22:00:00+00:00,2022-05-15 02:00:00+00:00,291.74,284.76,6.980000000000018,False,BREAK_BEFORE_K1,0,0,,,False,,,BREAK_BEFORE_K1,2022-05-14 22:45:00+00:00,
120,02:00,3,2022-05-16,Monday,2022-05-15 19:00:00+00:00,2022-05-15 22:00:00+00:00,2022-05-15 22:00:00+00:00,2022-05-16 02:00:00+00:00,309.23,300.58,8.650000000000034,False,BREAK_BEFORE_K1,0,0,,,False,,,BREAK_BEFORE_K1,2022-05-15 22:00:00+00:00,
120,02:00,3,2022-05-17,Tuesday,2022-05-16 19:00:00+00:00,2022-05-16 22:00:00+00:00,2022-05-16 22:00:00+00:00,2022-05-17 02:00:00+00:00,300.96,294.0,6.9599999999999795,True,,1,0,2022-05-16 22:00:00+00:00,2022-05-16 22:05:00+00:00,True,2022-05-16 22:05:00+00:00,2022-05-16 22:10:00+00:00,H2_ARRIVAL,2022-05-16 22:10:00+00:00,5.0
120,02:00,3,2022-05-18,Wednesday,2022-05-17 19:00:00+00:00,2022-05-17 22:00:00+00:00,2022-05-17 22:00:00+00:00,2022-05-18 02:00:00+00:00,305.43,298.9,6.53000000000003,True,,1,0,2022-05-17 22:00:00+00:00,2022-05-17 22:05:00+00:00,False,,,BREAK_DURING_K1,2022-05-17 22:05:00+00:00,
120,02:00,3,2022-05-19,Thursday,2022-05-18 19:00:00+00:00,2022-05-18 22:00:00+00:00,2022-05-18 22:00:00+00:00,2022-05-19 02:00:00+00:00,297.5,290.6,6.899999999999977,False,BREAK_BEFORE_K1,0,0,,,False,,,BREAK_BEFORE_K1,2022-05-18 23:25:00+00:00,
120,02:00,3,2022-05-20,Friday,2022-05-19 19:00:00+00:00,2022-05-19 22:00:00+00:00,2022-05-19 22:00:00+00:00,2022-05-20 02:00:00+00:00,306.82,303.0,3.819999999999993,False,OPPOSITE_VISIT_BEFORE_K1,0,1,,,False,,,OPPOSITE_VISIT_BEFORE_K1,2022-05-19 22:20:00+00:00,
120,02:00,3,2022-05-21,Saturday,2022-05-20 19:00:00+00:00,2022-05-20 22:00:00+00:00,2022-05-20 22:00:00+00:00,2022-05-21 02:00:00+00:00,303.89,297.15,6.740000000000009,False,BREAK_BEFORE_K1,0,0,,,False,,,BREAK_BEFORE_K1,2022-05-20 22:20:00+00:00,
120,02:00,3,2022-05-22,Sunday,2022-05-21 19:00:00+00:00,2022-05-21 22:00:00+00:00,2022-05-21 22:00:00+00:00,2022-05-22 02:00:00+00:00,313.98,310.82,3.160000000000025,False,BREAK_BEFORE_K1,0,0,,,False,,,BREAK_BEFORE_K1,2022-05-22 01:15:00+00:00,
120,02:00,3,2022-05-23,Monday,2022-05-22 19:00:00+00:00,2022-05-22 22:00:00+00:00,2022-05-22 22:00:00+00:00,2022-05-23 02:00:00+00:00,318.62,315.97,2.6499999999999773,False,BREAK_BEFORE_K1,0,0,,,False,,,BREAK_BEFORE_K1,2022-05-22 22:20:00+00:00,
120,02:00,3,2022-05-24,Tuesday,2022-05-23 19:00:00+00:00,2022-05-23 22:00:00+00:00,2022-05-23 22:00:00+00:00,2022-05-24 02:00:00+00:00,330.3,322.23,8.069999999999993,False,BREAK_BEFORE_K1,0,0,,,False,,,BREAK_BEFORE_K1,2022-05-23 22:00:00+00:00,
120,02:00,3,2022-05-25,Wednesday,2022-05-24 19:00:00+00:00,2022-05-24 22:00:00+00:00,2022-05-24 22:00:00+00:00,2022-05-25 02:00:00+00:00,328.9,319.76,9.139999999999986,True,,1,0,2022-05-24 22:00:00+00:00,2022-05-24 22:05:00+00:00,False,,,BREAK_DURING_K1,2022-05-24 22:05:00+00:00,
120,02:00,3,2022-05-26,Thursday,2022-05-25 19:00:00+00:00,2022-05-25 22:00:00+00:00,2022-05-25 22:00:00+00:00,2022-05-26 02:00:00+00:00,329.53,325.24,4.289999999999964,False,OPPOSITE_VISIT_BEFORE_K1,0,1,,,False,,,OPPOSITE_VISIT_BEFORE_K1,2022-05-25 23:50:00+00:00,
120,02:00,3,2022-05-27,Friday,2022-05-26 19:00:00+00:00,2022-05-26 22:00:00+00:00,2022-05-26 22:00:00+00:00,2022-05-27 02:00:00+00:00,312.31,307.46,4.850000000000023,False,BREAK_BEFORE_K1,0,0,,,False,,,BREAK_BEFORE_K1,2022-05-26 22:00:00+00:00,
120,02:00,3,2022-05-28,Saturday,2022-05-27 19:00:00+00:00,2022-05-27 22:00:00+00:00,2022-05-27 22:00:00+00:00,2022-05-28 02:00:00+00:00,303.7,295.63,8.069999999999993,True,,1,0,2022-05-27 22:40:00+00:00,2022-05-27 22:45:00+00:00,True,2022-05-27 22:45:00+00:00,2022-05-27 22:50:00+00:00,H2_ARRIVAL,2022-05-27 22:55:00+00:00,10.0
120,02:00,3,2022-05-29,Sunday,2022-05-28 19:00:00+00:00,2022-05-28 22:00:00+00:00,2022-05-28 22:00:00+00:00,2022-05-29 02:00:00+00:00,309.57,306.12,3.4499999999999886,True,,1,0,2022-05-28 23:40:00+00:00,2022-05-28 23:45:00+00:00,True,2022-05-28 23:50:00+00:00,2022-05-28 23:55:00+00:00,OPPOSITE_BREAK_BEFORE_H2,2022-05-29 00:30:00+00:00,
120,02:00,3,2022-05-30,Monday,2022-05-29 19:00:00+00:00,2022-05-29 22:00:00+00:00,2022-05-29 22:00:00+00:00,2022-05-30 02:00:00+00:00,303.71,301.47,2.2399999999999523,True,,1,0,2022-05-29 22:00:00+00:00,2022-05-29 22:05:00+00:00,False,,,BREAK_DURING_K1,2022-05-29 22:05:00+00:00,
120,02:00,3,2022-05-31,Tuesday,2022-05-30 19:00:00+00:00,2022-05-30 22:00:00+00:00,2022-05-30 22:00:00+00:00,2022-05-31 02:00:00+00:00,323.26,311.78,11.480000000000018,True,,1,0,2022-05-30 23:05:00+00:00,2022-05-30 23:10:00+00:00,False,,,BREAK_DURING_K1,2022-05-30 23:10:00+00:00,
120,02:00,3,2022-06-01,Wednesday,2022-05-31 19:00:00+00:00,2022-05-31 22:00:00+00:00,2022-05-31 22:00:00+00:00,2022-06-01 02:00:00+00:00,320.15,318.08,2.069999999999993,False,BREAK_BEFORE_K1,0,0,,,False,,,BREAK_BEFORE_K1,2022-05-31 22:20:00+00:00,
120,02:00,3,2022-06-02,Thursday,2022-06-01 19:00:00+00:00,2022-06-01 22:00:00+00:00,2022-06-01 22:00:00+00:00,2022-06-02 02:00:00+00:00,304.0,297.15,6.850000000000023,True,,1,0,2022-06-02 01:45:00+00:00,2022-06-02 01:50:00+00:00,True,2022-06-02 01:50:00+00:00,2022-06-02 01:55:00+00:00,NO_H2_BY_END,,
120,02:00,3,2022-06-03,Friday,2022-06-02 19:00:00+00:00,2022-06-02 22:00:00+00:00,2022-06-02 22:00:00+00:00,2022-06-03 02:00:00+00:00,306.43,303.33,3.1000000000000227,True,,1,0,2022-06-02 22:00:00+00:00,2022-06-02 22:05:00+00:00,False,,,BREAK_DURING_K1,2022-06-02 22:05:00+00:00,
120,02:00,3,2022-06-04,Saturday,2022-06-03 19:00:00+00:00,2022-06-03 22:00:00+00:00,2022-06-03 22:00:00+00:00,2022-06-04 02:00:00+00:00,299.48,295.74,3.740000000000009,False,BREAK_BEFORE_K1,0,0,,,False,,,BREAK_BEFORE_K1,2022-06-04 01:55:00+00:00,
120,02:00,3,2022-06-05,Sunday,2022-06-04 19:00:00+00:00,2022-06-04 22:00:00+00:00,2022-06-04 22:00:00+00:00,2022-06-05 02:00:00+00:00,301.98,299.08,2.900000000000034,True,,1,0,2022-06-04 22:10:00+00:00,2022-06-04 22:15:00+00:00,False,,,BREAK_DURING_K1,2022-06-04 22:15:00+00:00,
120,02:00,3,2022-06-06,Monday,2022-06-05 19:00:00+00:00,2022-06-05 22:00:00+00:00,2022-06-05 22:00:00+00:00,2022-06-06 02:00:00+00:00,302.43,299.57,2.8600000000000136,False,BREAK_BEFORE_K1,0,0,,,False,,,BREAK_BEFORE_K1,2022-06-05 22:30:00+00:00,
120,02:00,3,2022-06-07,Tuesday,2022-06-06 19:00:00+00:00,2022-06-06 22:00:00+00:00,2022-06-06 22:00:00+00:00,2022-06-07 02:00:00+00:00,302.13,286.8,15.329999999999984,False,BREAK_BEFORE_K1,0,0,,,False,,,BREAK_BEFORE_K1,2022-06-07 00:35:00+00:00,
120,02:00,3,2022-06-08,Wednesday,2022-06-07 19:00:00+00:00,2022-06-07 22:00:00+00:00,2022-06-07 22:00:00+00:00,2022-06-08 02:00:00+00:00,295.98,286.9,9.080000000000041,False,BREAK_BEFORE_K1,0,0,,,False,,,BREAK_BEFORE_K1,2022-06-07 22:45:00+00:00,
120,02:00,3,2022-06-09,Thursday,2022-06-08 19:00:00+00:00,2022-06-08 22:00:00+00:00,2022-06-08 22:00:00+00:00,2022-06-09 02:00:00+00:00,289.87,287.08,2.7900000000000205,True,,1,0,2022-06-08 22:10:00+00:00,2022-06-08 22:15:00+00:00,True,2022-06-08 22:15:00+00:00,2022-06-08 22:20:00+00:00,H2_ARRIVAL,2022-06-08 22:25:00+00:00,10.0
120,02:00,3,2022-06-10,Friday,2022-06-09 19:00:00+00:00,2022-06-09 22:00:00+00:00,2022-06-09 22:00:00+00:00,2022-06-10 02:00:00+00:00,290.39,286.5,3.8899999999999864,False,BREAK_BEFORE_K1,0,0,,,False,,,BREAK_BEFORE_K1,2022-06-10 00:15:00+00:00,
120,02:00,3,2022-06-11,Saturday,2022-06-10 19:00:00+00:00,2022-06-10 22:00:00+00:00,2022-06-10 22:00:00+00:00,2022-06-11 02:00:00+00:00,287.61,282.91,4.699999999999989,False,BREAK_BEFORE_K1,0,0,,,False,,,BREAK_BEFORE_K1,2022-06-10 22:15:00+00:00,
120,02:00,3,2022-06-12,Sunday,2022-06-11 19:00:00+00:00,2022-06-11 22:00:00+00:00,2022-06-11 22:00:00+00:00,2022-06-12 02:00:00+00:00,273.77,268.29,5.479999999999961,False,OPPOSITE_VISIT_BEFORE_K1,0,1,,,False,,,OPPOSITE_VISIT_BEFORE_K1,2022-06-11 23:40:00+00:00,
120,02:00,3,2022-06-13,Monday,2022-06-12 19:00:00+00:00,2022-06-12 22:00:00+00:00,2022-06-12 22:00:00+00:00,2022-06-13 02:00:00+00:00,265.46,261.12,4.339999999999975,False,BREAK_BEFORE_K1,0,0,,,False,,,BREAK_BEFORE_K1,2022-06-12 22:00:00+00:00,
120,02:00,3,2022-06-14,Tuesday,2022-06-13 19:00:00+00:00,2022-06-13 22:00:00+00:00,2022-06-13 22:00:00+00:00,2022-06-14 02:00:00+00:00,231.98,223.04,8.939999999999998,False,BREAK_BEFORE_K1,0,0,,,False,,,BREAK_BEFORE_K1,2022-06-13 22:15:00+00:00,
120,02:00,3,2022-06-15,Wednesday,2022-06-14 19:00:00+00:00,2022-06-14 22:00:00+00:00,2022-06-14 22:00:00+00:00,2022-06-15 02:00:00+00:00,222.45,214.28,8.169999999999987,True,,1,0,2022-06-14 23:25:00+00:00,2022-06-14 23:30:00+00:00,False,,,BREAK_DURING_K1,2022-06-14 23:30:00+00:00,
120,02:00,3,2022-06-16,Thursday,2022-06-15 19:00:00+00:00,2022-06-15 22:00:00+00:00,2022-06-15 22:00:00+00:00,2022-06-16 02:00:00+00:00,228.66,218.36,10.299999999999983,False,BREAK_BEFORE_K1,0,0,,,False,,,BREAK_BEFORE_K1,2022-06-15 22:05:00+00:00,
120,02:00,3,2022-06-17,Friday,2022-06-16 19:00:00+00:00,2022-06-16 22:00:00+00:00,2022-06-16 22:00:00+00:00,2022-06-17 02:00:00+00:00,217.16,212.19,4.969999999999999,False,BREAK_BEFORE_K1,0,0,,,False,,,BREAK_BEFORE_K1,2022-06-16 22:45:00+00:00,
120,02:00,3,2022-06-18,Saturday,2022-06-17 19:00:00+00:00,2022-06-17 22:00:00+00:00,2022-06-17 22:00:00+00:00,2022-06-18 02:00:00+00:00,217.28,213.65,3.6299999999999955,False,BREAK_BEFORE_K1,0,0,,,False,,,BREAK_BEFORE_K1,2022-06-18 00:10:00+00:00,
120,02:00,3,2022-06-19,Sunday,2022-06-18 19:00:00+00:00,2022-06-18 22:00:00+00:00,2022-06-18 22:00:00+00:00,2022-06-19 02:00:00+00:00,197.79,182.97,14.819999999999993,False,BREAK_BEFORE_K1,0,0,,,False,,,BREAK_BEFORE_K1,2022-06-18 22:25:00+00:00,
120,02:00,3,2022-06-20,Monday,2022-06-19 19:00:00+00:00,2022-06-19 22:00:00+00:00,2022-06-19 22:00:00+00:00,2022-06-20 02:00:00+00:00,216.56,210.24,6.319999999999993,True,,1,0,2022-06-19 22:25:00+00:00,2022-06-19 22:30:00+00:00,True,2022-06-19 22:30:00+00:00,2022-06-19 22:35:00+00:00,OPPOSITE_BREAK_BEFORE_H2,2022-06-20 01:05:00+00:00,
120,02:00,3,2022-06-21,Tuesday,2022-06-20 19:00:00+00:00,2022-06-20 22:00:00+00:00,2022-06-20 22:00:00+00:00,2022-06-21 02:00:00+00:00,216.62,211.7,4.920000000000016,False,BREAK_BEFORE_K1,0,0,,,False,,,BREAK_BEFORE_K1,2022-06-20 23:30:00+00:00,
120,02:00,3,2022-06-22,Wednesday,2022-06-21 19:00:00+00:00,2022-06-21 22:00:00+00:00,2022-06-21 22:00:00+00:00,2022-06-22 02:00:00+00:00,224.8,218.61,6.189999999999998,False,OPPOSITE_VISIT_BEFORE_K1,0,1,,,False,,,OPPOSITE_VISIT_BEFORE_K1,2022-06-21 23:20:00+00:00,
120,02:00,3,2022-06-23,Thursday,2022-06-22 19:00:00+00:00,2022-06-22 22:00:00+00:00,2022-06-22 22:00:00+00:00,2022-06-23 02:00:00+00:00,217.6,212.72,4.8799999999999955,True,,1,0,2022-06-23 00:15:00+00:00,2022-06-23 00:20:00+00:00,False,,,BREAK_DURING_K1,2022-06-23 00:20:00+00:00,
120,02:00,3,2022-06-24,Friday,2022-06-23 19:00:00+00:00,2022-06-23 22:00:00+00:00,2022-06-23 22:00:00+00:00,2022-06-24 02:00:00+00:00,230.67,222.42,8.25,True,,1,0,2022-06-24 00:15:00+00:00,2022-06-24 00:20:00+00:00,True,2022-06-24 00:25:00+00:00,2022-06-24 00:30:00+00:00,H2_ARRIVAL,2022-06-24 01:15:00+00:00,50.0
120,02:00,3,2022-06-25,Saturday,2022-06-24 19:00:00+00:00,2022-06-24 22:00:00+00:00,2022-06-24 22:00:00+00:00,2022-06-25 02:00:00+00:00,240.81,236.5,4.310000000000002,False,BREAK_BEFORE_K1,0,0,,,False,,,BREAK_BEFORE_K1,2022-06-24 22:00:00+00:00,
120,02:00,3,2022-06-26,Sunday,2022-06-25 19:00:00+00:00,2022-06-25 22:00:00+00:00,2022-06-25 22:00:00+00:00,2022-06-26 02:00:00+00:00,239.61,234.9,4.710000000000008,True,,1,0,2022-06-25 22:00:00+00:00,2022-06-25 22:05:00+00:00,True,2022-06-25 22:05:00+00:00,2022-06-25 22:10:00+00:00,H2_ARRIVAL,2022-06-25 22:30:00+00:00,25.0
120,02:00,3,2022-06-27,Monday,2022-06-26 19:00:00+00:00,2022-06-26 22:00:00+00:00,2022-06-26 22:00:00+00:00,2022-06-27 02:00:00+00:00,240.0,236.11,3.8899999999999864,False,OPPOSITE_VISIT_BEFORE_K1,0,1,,,False,,,OPPOSITE_VISIT_BEFORE_K1,2022-06-26 22:20:00+00:00,
120,02:00,3,2022-06-28,Tuesday,2022-06-27 19:00:00+00:00,2022-06-27 22:00:00+00:00,2022-06-27 22:00:00+00:00,2022-06-28 02:00:00+00:00,234.77,232.94,1.8300000000000125,False,BREAK_BEFORE_K1,0,0,,,False,,,BREAK_BEFORE_K1,2022-06-27 22:10:00+00:00,
120,02:00,3,2022-06-29,Wednesday,2022-06-28 19:00:00+00:00,2022-06-28 22:00:00+00:00,2022-06-28 22:00:00+00:00,2022-06-29 02:00:00+00:00,233.69,231.13,2.5600000000000023,False,BREAK_BEFORE_K1,0,0,,,False,,,BREAK_BEFORE_K1,2022-06-28 22:05:00+00:00,
120,02:00,3,2022-06-30,Thursday,2022-06-29 19:00:00+00:00,2022-06-29 22:00:00+00:00,2022-06-29 22:00:00+00:00,2022-06-30 02:00:00+00:00,222.44,218.3,4.139999999999986,False,OPPOSITE_VISIT_BEFORE_K1,0,1,,,False,,,OPPOSITE_VISIT_BEFORE_K1,2022-06-29 23:50:00+00:00,
120,02:00,3,2022-07-01,Friday,2022-06-30 19:00:00+00:00,2022-06-30 22:00:00+00:00,2022-06-30 22:00:00+00:00,2022-07-01 02:00:00+00:00,213.78,209.62,4.159999999999997,False,BREAK_BEFORE_K1,0,0,,,False,,,BREAK_BEFORE_K1,2022-06-30 22:35:00+00:00,
120,02:00,3,2022-07-02,Saturday,2022-07-01 19:00:00+00:00,2022-07-01 22:00:00+00:00,2022-07-01 22:00:00+00:00,2022-07-02 02:00:00+00:00,220.77,216.18,4.590000000000003,False,BREAK_BEFORE_K1,0,0,,,False,,,BREAK_BEFORE_K1,2022-07-01 23:50:00+00:00,
120,02:00,3,2022-07-03,Sunday,2022-07-02 19:00:00+00:00,2022-07-02 22:00:00+00:00,2022-07-02 22:00:00+00:00,2022-07-03 02:00:00+00:00,219.46,217.23,2.230000000000018,False,BREAK_BEFORE_K1,0,0,,,False,,,BREAK_BEFORE_K1,2022-07-02 22:10:00+00:00,
120,02:00,3,2022-07-04,Monday,2022-07-03 19:00:00+00:00,2022-07-03 22:00:00+00:00,2022-07-03 22:00:00+00:00,2022-07-04 02:00:00+00:00,220.2,216.57,3.6299999999999955,False,NO_K1,0,0,,,False,,,NO_K1,,
120,02:00,3,2022-07-05,Tuesday,2022-07-04 19:00:00+00:00,2022-07-04 22:00:00+00:00,2022-07-04 22:00:00+00:00,2022-07-05 02:00:00+00:00,229.5,226.59,2.9099999999999966,True,,1,0,2022-07-04 22:25:00+00:00,2022-07-04 22:30:00+00:00,False,,,BREAK_DURING_K1,2022-07-04 22:30:00+00:00,
120,02:00,3,2022-07-06,Wednesday,2022-07-05 19:00:00+00:00,2022-07-05 22:00:00+00:00,2022-07-05 22:00:00+00:00,2022-07-06 02:00:00+00:00,233.69,228.55,5.139999999999986,False,BREAK_BEFORE_K1,0,0,,,False,,,BREAK_BEFORE_K1,2022-07-06 00:45:00+00:00,
120,02:00,3,2022-07-07,Thursday,2022-07-06 19:00:00+00:00,2022-07-06 22:00:00+00:00,2022-07-06 22:00:00+00:00,2022-07-07 02:00:00+00:00,239.37,236.91,2.460000000000008,False,BREAK_BEFORE_K1,0,0,,,False,,,BREAK_BEFORE_K1,2022-07-06 22:05:00+00:00,
120,02:00,3,2022-07-08,Friday,2022-07-07 19:00:00+00:00,2022-07-07 22:00:00+00:00,2022-07-07 22:00:00+00:00,2022-07-08 02:00:00+00:00,243.71,241.2,2.5100000000000193,False,BREAK_BEFORE_K1,0,0,,,False,,,BREAK_BEFORE_K1,2022-07-07 22:25:00+00:00,
120,02:00,3,2022-07-09,Saturday,2022-07-08 19:00:00+00:00,2022-07-08 22:00:00+00:00,2022-07-08 22:00:00+00:00,2022-07-09 02:00:00+00:00,243.6,240.74,2.859999999999985,True,,1,0,2022-07-08 23:25:00+00:00,2022-07-08 23:30:00+00:00,True,2022-07-08 23:30:00+00:00,2022-07-08 23:35:00+00:00,OPPOSITE_BREAK_BEFORE_H2,2022-07-08 23:55:00+00:00,
120,02:00,3,2022-07-10,Sunday,2022-07-09 19:00:00+00:00,2022-07-09 22:00:00+00:00,2022-07-09 22:00:00+00:00,2022-07-10 02:00:00+00:00,243.81,241.87,1.9399999999999977,True,,1,0,2022-07-09 22:00:00+00:00,2022-07-09 22:05:00+00:00,False,,,BREAK_DURING_K1,2022-07-09 22:05:00+00:00,
120,02:00,3,2022-07-11,Monday,2022-07-10 19:00:00+00:00,2022-07-10 22:00:00+00:00,2022-07-10 22:00:00+00:00,2022-07-11 02:00:00+00:00,235.65,232.69,2.960000000000008,False,OPPOSITE_VISIT_BEFORE_K1,0,1,,,False,,,OPPOSITE_VISIT_BEFORE_K1,2022-07-10 22:15:00+00:00,
120,02:00,3,2022-07-12,Tuesday,2022-07-11 19:00:00+00:00,2022-07-11 22:00:00+00:00,2022-07-11 22:00:00+00:00,2022-07-12 02:00:00+00:00,232.33,228.06,4.27000000000001,False,BREAK_BEFORE_K1,0,0,,,False,,,BREAK_BEFORE_K1,2022-07-11 22:00:00+00:00,
120,02:00,3,2022-07-13,Wednesday,2022-07-12 19:00:00+00:00,2022-07-12 22:00:00+00:00,2022-07-12 22:00:00+00:00,2022-07-13 02:00:00+00:00,225.24,221.15,4.090000000000003,False,BREAK_BEFORE_K1,0,0,,,False,,,BREAK_BEFORE_K1,2022-07-12 23:50:00+00:00,
120,02:00,3,2022-07-14,Thursday,2022-07-13 19:00:00+00:00,2022-07-13 22:00:00+00:00,2022-07-13 22:00:00+00:00,2022-07-14 02:00:00+00:00,226.29,224.29,2.0,False,BREAK_BEFORE_K1,0,0,,,False,,,BREAK_BEFORE_K1,2022-07-13 22:00:00+00:00,
120,02:00,3,2022-07-15,Friday,2022-07-14 19:00:00+00:00,2022-07-14 22:00:00+00:00,2022-07-14 22:00:00+00:00,2022-07-15 02:00:00+00:00,239.94,237.22,2.719999999999999,False,OPPOSITE_VISIT_BEFORE_K1,0,1,,,False,,,OPPOSITE_VISIT_BEFORE_K1,2022-07-14 22:05:00+00:00,
120,02:00,3,2022-07-16,Saturday,2022-07-15 19:00:00+00:00,2022-07-15 22:00:00+00:00,2022-07-15 22:00:00+00:00,2022-07-16 02:00:00+00:00,242.6,237.6,5.0,False,OPPOSITE_VISIT_BEFORE_K1,0,1,,,False,,,OPPOSITE_VISIT_BEFORE_K1,2022-07-16 00:00:00+00:00,
120,02:00,3,2022-07-17,Sunday,2022-07-16 19:00:00+00:00,2022-07-16 22:00:00+00:00,2022-07-16 22:00:00+00:00,2022-07-17 02:00:00+00:00,250.39,246.46,3.9299999999999784,True,,1,0,2022-07-16 22:20:00+00:00,2022-07-16 22:25:00+00:00,True,2022-07-16 22:25:00+00:00,2022-07-16 22:30:00+00:00,H2_ARRIVAL,2022-07-16 22:50:00+00:00,25.0
120,02:00,3,2022-07-18,Monday,2022-07-17 19:00:00+00:00,2022-07-17 22:00:00+00:00,2022-07-17 22:00:00+00:00,2022-07-18 02:00:00+00:00,250.75,247.57,3.180000000000007,True,,1,0,2022-07-17 22:00:00+00:00,2022-07-17 22:05:00+00:00,True,2022-07-17 22:05:00+00:00,2022-07-17 22:10:00+00:00,H2_ARRIVAL,2022-07-18 01:10:00+00:00,185.0
120,02:00,3,2022-07-19,Tuesday,2022-07-18 19:00:00+00:00,2022-07-18 22:00:00+00:00,2022-07-18 22:00:00+00:00,2022-07-19 02:00:00+00:00,258.34,254.68,3.659999999999968,False,BREAK_BEFORE_K1,0,0,,,False,,,BREAK_BEFORE_K1,2022-07-18 22:10:00+00:00,
120,02:00,3,2022-07-20,Wednesday,2022-07-19 19:00:00+00:00,2022-07-19 22:00:00+00:00,2022-07-19 22:00:00+00:00,2022-07-20 02:00:00+00:00,274.77,269.7,5.069999999999993,False,BREAK_BEFORE_K1,0,0,,,False,,,BREAK_BEFORE_K1,2022-07-19 22:40:00+00:00,
120,02:00,3,2022-07-21,Thursday,2022-07-20 19:00:00+00:00,2022-07-20 22:00:00+00:00,2022-07-20 22:00:00+00:00,2022-07-21 02:00:00+00:00,267.09,256.74,10.349999999999966,False,OPPOSITE_VISIT_BEFORE_K1,0,1,,,False,,,OPPOSITE_VISIT_BEFORE_K1,2022-07-20 23:15:00+00:00,
120,02:00,3,2022-07-22,Friday,2022-07-21 19:00:00+00:00,2022-07-21 22:00:00+00:00,2022-07-21 22:00:00+00:00,2022-07-22 02:00:00+00:00,265.88,261.61,4.269999999999982,False,BREAK_BEFORE_K1,0,0,,,False,,,BREAK_BEFORE_K1,2022-07-22 00:10:00+00:00,
120,02:00,3,2022-07-23,Saturday,2022-07-22 19:00:00+00:00,2022-07-22 22:00:00+00:00,2022-07-22 22:00:00+00:00,2022-07-23 02:00:00+00:00,266.99,261.07,5.920000000000016,False,OPPOSITE_VISIT_BEFORE_K1,0,1,,,False,,,OPPOSITE_VISIT_BEFORE_K1,2022-07-23 00:05:00+00:00,
120,02:00,3,2022-07-24,Sunday,2022-07-23 19:00:00+00:00,2022-07-23 22:00:00+00:00,2022-07-23 22:00:00+00:00,2022-07-24 02:00:00+00:00,256.38,252.56,3.819999999999993,False,BREAK_BEFORE_K1,0,0,,,False,,,BREAK_BEFORE_K1,2022-07-23 22:20:00+00:00,
120,02:00,3,2022-07-25,Monday,2022-07-24 19:00:00+00:00,2022-07-24 22:00:00+00:00,2022-07-24 22:00:00+00:00,2022-07-25 02:00:00+00:00,264.49,261.61,2.8799999999999955,True,,1,0,2022-07-24 22:00:00+00:00,2022-07-24 22:05:00+00:00,True,2022-07-24 22:05:00+00:00,2022-07-24 22:10:00+00:00,H2_ARRIVAL,2022-07-24 22:10:00+00:00,5.0
120,02:00,3,2022-07-26,Tuesday,2022-07-25 19:00:00+00:00,2022-07-25 22:00:00+00:00,2022-07-25 22:00:00+00:00,2022-07-26 02:00:00+00:00,255.03,249.24,5.789999999999992,False,OPPOSITE_VISIT_BEFORE_K1,0,1,,,False,,,OPPOSITE_VISIT_BEFORE_K1,2022-07-25 23:10:00+00:00,
120,02:00,3,2022-07-27,Wednesday,2022-07-26 19:00:00+00:00,2022-07-26 22:00:00+00:00,2022-07-26 22:00:00+00:00,2022-07-27 02:00:00+00:00,246.33,241.39,4.940000000000026,True,,1,0,2022-07-26 22:15:00+00:00,2022-07-26 22:20:00+00:00,False,,,BREAK_DURING_K1,2022-07-26 22:20:00+00:00,
120,02:00,3,2022-07-28,Thursday,2022-07-27 19:00:00+00:00,2022-07-27 22:00:00+00:00,2022-07-27 22:00:00+00:00,2022-07-28 02:00:00+00:00,269.64,266.7,2.9399999999999977,False,BREAK_BEFORE_K1,0,0,,,False,,,BREAK_BEFORE_K1,2022-07-27 22:05:00+00:00,
120,02:00,3,2022-07-29,Friday,2022-07-28 19:00:00+00:00,2022-07-28 22:00:00+00:00,2022-07-28 22:00:00+00:00,2022-07-29 02:00:00+00:00,280.93,275.05,5.8799999999999955,False,OPPOSITE_VISIT_BEFORE_K1,0,1,,,False,,,OPPOSITE_VISIT_BEFORE_K1,2022-07-29 00:20:00+00:00,
120,02:00,3,2022-07-30,Saturday,2022-07-29 19:00:00+00:00,2022-07-29 22:00:00+00:00,2022-07-29 22:00:00+00:00,2022-07-30 02:00:00+00:00,299.0,293.7,5.300000000000011,True,,1,0,2022-07-29 22:40:00+00:00,2022-07-29 22:45:00+00:00,True,2022-07-29 22:45:00+00:00,2022-07-29 22:50:00+00:00,OPPOSITE_BREAK_BEFORE_H2,2022-07-29 23:50:00+00:00,
120,02:00,3,2022-07-31,Sunday,2022-07-30 19:00:00+00:00,2022-07-30 22:00:00+00:00,2022-07-30 22:00:00+00:00,2022-07-31 02:00:00+00:00,296.77,288.16,8.609999999999957,False,BREAK_BEFORE_K1,0,0,,,False,,,BREAK_BEFORE_K1,2022-07-30 22:00:00+00:00,
120,02:00,3,2022-08-01,Monday,2022-07-31 19:00:00+00:00,2022-07-31 22:00:00+00:00,2022-07-31 22:00:00+00:00,2022-08-01 02:00:00+00:00,292.74,286.4,6.340000000000032,False,BREAK_BEFORE_K1,0,0,,,False,,,BREAK_BEFORE_K1,2022-07-31 22:00:00+00:00,
120,02:00,3,2022-08-02,Tuesday,2022-08-01 19:00:00+00:00,2022-08-01 22:00:00+00:00,2022-08-01 22:00:00+00:00,2022-08-02 02:00:00+00:00,281.98,278.74,3.240000000000009,True,,1,0,2022-08-01 22:40:00+00:00,2022-08-01 22:45:00+00:00,False,,,BREAK_DURING_K1,2022-08-01 22:45:00+00:00,
120,02:00,3,2022-08-03,Wednesday,2022-08-02 19:00:00+00:00,2022-08-02 22:00:00+00:00,2022-08-02 22:00:00+00:00,2022-08-03 02:00:00+00:00,287.8,283.21,4.590000000000032,False,OPPOSITE_VISIT_BEFORE_K1,0,1,,,False,,,OPPOSITE_VISIT_BEFORE_K1,2022-08-02 23:15:00+00:00,
120,02:00,3,2022-08-04,Thursday,2022-08-03 19:00:00+00:00,2022-08-03 22:00:00+00:00,2022-08-03 22:00:00+00:00,2022-08-04 02:00:00+00:00,305.36,300.01,5.350000000000023,False,BREAK_BEFORE_K1,0,0,,,False,,,BREAK_BEFORE_K1,2022-08-03 22:40:00+00:00,
120,02:00,3,2022-08-05,Friday,2022-08-04 19:00:00+00:00,2022-08-04 22:00:00+00:00,2022-08-04 22:00:00+00:00,2022-08-05 02:00:00+00:00,312.69,304.51,8.180000000000007,True,,1,0,2022-08-04 22:40:00+00:00,2022-08-04 22:45:00+00:00,True,2022-08-04 22:50:00+00:00,2022-08-04 22:55:00+00:00,H2_ARRIVAL,2022-08-05 01:45:00+00:00,175.0
120,02:00,3,2022-08-06,Saturday,2022-08-05 19:00:00+00:00,2022-08-05 22:00:00+00:00,2022-08-05 22:00:00+00:00,2022-08-06 02:00:00+00:00,316.51,312.05,4.4599999999999795,True,,1,0,2022-08-05 22:10:00+00:00,2022-08-05 22:15:00+00:00,True,2022-08-05 22:20:00+00:00,2022-08-05 22:25:00+00:00,H2_ARRIVAL,2022-08-05 22:45:00+00:00,25.0
120,02:00,3,2022-08-07,Sunday,2022-08-06 19:00:00+00:00,2022-08-06 22:00:00+00:00,2022-08-06 22:00:00+00:00,2022-08-07 02:00:00+00:00,321.2,317.56,3.6399999999999864,False,BREAK_BEFORE_K1,0,0,,,False,,,BREAK_BEFORE_K1,2022-08-06 22:30:00+00:00,
120,02:00,3,2022-08-08,Monday,2022-08-07 19:00:00+00:00,2022-08-07 22:00:00+00:00,2022-08-07 22:00:00+00:00,2022-08-08 02:00:00+00:00,324.28,321.44,2.839999999999975,False,BREAK_BEFORE_K1,0,0,,,False,,,BREAK_BEFORE_K1,2022-08-07 22:15:00+00:00,
120,02:00,3,2022-08-09,Tuesday,2022-08-08 19:00:00+00:00,2022-08-08 22:00:00+00:00,2022-08-08 22:00:00+00:00,2022-08-09 02:00:00+00:00,329.64,323.1,6.539999999999964,False,BREAK_BEFORE_K1,0,0,,,False,,,BREAK_BEFORE_K1,2022-08-08 22:40:00+00:00,
120,02:00,3,2022-08-10,Wednesday,2022-08-09 19:00:00+00:00,2022-08-09 22:00:00+00:00,2022-08-09 22:00:00+00:00,2022-08-10 02:00:00+00:00,325.9,318.68,7.21999999999997,True,,1,0,2022-08-09 22:00:00+00:00,2022-08-09 22:05:00+00:00,True,2022-08-09 22:05:00+00:00,2022-08-09 22:10:00+00:00,H2_ARRIVAL,2022-08-09 22:55:00+00:00,50.0
120,02:00,3,2022-08-11,Thursday,2022-08-10 19:00:00+00:00,2022-08-10 22:00:00+00:00,2022-08-10 22:00:00+00:00,2022-08-11 02:00:00+00:00,330.49,325.79,4.699999999999989,True,,1,0,2022-08-11 00:20:00+00:00,2022-08-11 00:25:00+00:00,True,2022-08-11 00:25:00+00:00,2022-08-11 00:30:00+00:00,H2_ARRIVAL,2022-08-11 00:35:00+00:00,10.0
120,02:00,3,2022-08-12,Friday,2022-08-11 19:00:00+00:00,2022-08-11 22:00:00+00:00,2022-08-11 22:00:00+00:00,2022-08-12 02:00:00+00:00,327.42,323.88,3.5400000000000205,False,BREAK_BEFORE_K1,0,0,,,False,,,BREAK_BEFORE_K1,2022-08-11 22:50:00+00:00,
120,02:00,3,2022-08-13,Saturday,2022-08-12 19:00:00+00:00,2022-08-12 22:00:00+00:00,2022-08-12 22:00:00+00:00,2022-08-13 02:00:00+00:00,326.0,323.41,2.589999999999975,False,BREAK_BEFORE_K1,0,0,,,False,,,BREAK_BEFORE_K1,2022-08-12 22:00:00+00:00,
120,02:00,3,2022-08-14,Sunday,2022-08-13 19:00:00+00:00,2022-08-13 22:00:00+00:00,2022-08-13 22:00:00+00:00,2022-08-14 02:00:00+00:00,326.85,323.0,3.8500000000000227,False,OPPOSITE_VISIT_BEFORE_K1,0,1,,,False,,,OPPOSITE_VISIT_BEFORE_K1,2022-08-13 23:00:00+00:00,
120,02:00,3,2022-08-15,Monday,2022-08-14 19:00:00+00:00,2022-08-14 22:00:00+00:00,2022-08-14 22:00:00+00:00,2022-08-15 02:00:00+00:00,320.48,318.19,2.2900000000000205,False,BREAK_BEFORE_K1,0,0,,,False,,,BREAK_BEFORE_K1,2022-08-14 22:00:00+00:00,
120,02:00,3,2022-08-16,Tuesday,2022-08-15 19:00:00+00:00,2022-08-15 22:00:00+00:00,2022-08-15 22:00:00+00:00,2022-08-16 02:00:00+00:00,319.91,316.64,3.2700000000000387,False,BREAK_BEFORE_K1,0,0,,,False,,,BREAK_BEFORE_K1,2022-08-15 22:15:00+00:00,
120,02:00,3,2022-08-17,Wednesday,2022-08-16 19:00:00+00:00,2022-08-16 22:00:00+00:00,2022-08-16 22:00:00+00:00,2022-08-17 02:00:00+00:00,317.58,313.06,4.519999999999982,False,BREAK_BEFORE_K1,0,0,,,False,,,BREAK_BEFORE_K1,2022-08-17 00:35:00+00:00,
120,02:00,3,2022-08-18,Thursday,2022-08-17 19:00:00+00:00,2022-08-17 22:00:00+00:00,2022-08-17 22:00:00+00:00,2022-08-18 02:00:00+00:00,310.28,303.5,6.779999999999973,False,BREAK_BEFORE_K1,0,0,,,False,,,BREAK_BEFORE_K1,2022-08-18 00:25:00+00:00,
120,02:00,3,2022-08-19,Friday,2022-08-18 19:00:00+00:00,2022-08-18 22:00:00+00:00,2022-08-18 22:00:00+00:00,2022-08-19 02:00:00+00:00,304.8,302.57,2.230000000000018,False,OPPOSITE_VISIT_BEFORE_K1,0,1,,,False,,,OPPOSITE_VISIT_BEFORE_K1,2022-08-18 22:10:00+00:00,
120,02:00,3,2022-08-20,Saturday,2022-08-19 19:00:00+00:00,2022-08-19 22:00:00+00:00,2022-08-19 22:00:00+00:00,2022-08-20 02:00:00+00:00,287.83,278.68,9.149999999999977,False,BREAK_BEFORE_K1,0,0,,,False,,,BREAK_BEFORE_K1,2022-08-19 22:35:00+00:00,
120,02:00,3,2022-08-21,Sunday,2022-08-20 19:00:00+00:00,2022-08-20 22:00:00+00:00,2022-08-20 22:00:00+00:00,2022-08-21 02:00:00+00:00,283.16,276.55,6.610000000000014,False,BREAK_BEFORE_K1,0,0,,,False,,,BREAK_BEFORE_K1,2022-08-20 22:05:00+00:00,
120,02:00,3,2022-08-22,Monday,2022-08-21 19:00:00+00:00,2022-08-21 22:00:00+00:00,2022-08-21 22:00:00+00:00,2022-08-22 02:00:00+00:00,304.31,297.15,7.160000000000025,False,OPPOSITE_VISIT_BEFORE_K1,0,1,,,False,,,OPPOSITE_VISIT_BEFORE_K1,2022-08-21 22:05:00+00:00,
120,02:00,3,2022-08-23,Tuesday,2022-08-22 19:00:00+00:00,2022-08-22 22:00:00+00:00,2022-08-22 22:00:00+00:00,2022-08-23 02:00:00+00:00,299.5,293.84,5.660000000000025,True,,1,0,2022-08-22 22:10:00+00:00,2022-08-22 22:15:00+00:00,False,,,BREAK_DURING_K1,2022-08-22 22:15:00+00:00,
120,02:00,3,2022-08-24,Wednesday,2022-08-23 19:00:00+00:00,2022-08-23 22:00:00+00:00,2022-08-23 22:00:00+00:00,2022-08-24 02:00:00+00:00,299.5,297.01,2.490000000000009,True,,1,0,2022-08-23 22:05:00+00:00,2022-08-23 22:10:00+00:00,True,2022-08-23 22:10:00+00:00,2022-08-23 22:15:00+00:00,H2_ARRIVAL,2022-08-23 22:30:00+00:00,20.0
120,02:00,3,2022-08-25,Thursday,2022-08-24 19:00:00+00:00,2022-08-24 22:00:00+00:00,2022-08-24 22:00:00+00:00,2022-08-25 02:00:00+00:00,300.17,297.13,3.0400000000000205,False,OPPOSITE_VISIT_BEFORE_K1,0,1,,,False,,,OPPOSITE_VISIT_BEFORE_K1,2022-08-24 22:15:00+00:00,
120,02:00,3,2022-08-26,Friday,2022-08-25 19:00:00+00:00,2022-08-25 22:00:00+00:00,2022-08-25 22:00:00+00:00,2022-08-26 02:00:00+00:00,303.78,300.75,3.0299999999999727,False,OPPOSITE_VISIT_BEFORE_K1,0,1,,,False,,,OPPOSITE_VISIT_BEFORE_K1,2022-08-25 22:50:00+00:00,
120,02:00,3,2022-08-27,Saturday,2022-08-26 19:00:00+00:00,2022-08-26 22:00:00+00:00,2022-08-26 22:00:00+00:00,2022-08-27 02:00:00+00:00,286.23,283.69,2.5400000000000205,False,BREAK_BEFORE_K1,0,0,,,False,,,BREAK_BEFORE_K1,2022-08-26 22:35:00+00:00,
120,02:00,3,2022-08-28,Sunday,2022-08-27 19:00:00+00:00,2022-08-27 22:00:00+00:00,2022-08-27 22:00:00+00:00,2022-08-28 02:00:00+00:00,278.31,272.8,5.509999999999991,False,BREAK_BEFORE_K1,0,0,,,False,,,BREAK_BEFORE_K1,2022-08-28 01:20:00+00:00,
120,02:00,3,2022-08-29,Monday,2022-08-28 19:00:00+00:00,2022-08-28 22:00:00+00:00,2022-08-28 22:00:00+00:00,2022-08-29 02:00:00+00:00,282.94,280.3,2.6399999999999864,False,BREAK_BEFORE_K1,0,0,,,False,,,BREAK_BEFORE_K1,2022-08-28 22:00:00+00:00,
120,02:00,3,2022-08-30,Tuesday,2022-08-29 19:00:00+00:00,2022-08-29 22:00:00+00:00,2022-08-29 22:00:00+00:00,2022-08-30 02:00:00+00:00,284.29,279.85,4.439999999999998,True,,1,0,2022-08-29 22:05:00+00:00,2022-08-29 22:10:00+00:00,True,2022-08-29 22:10:00+00:00,2022-08-29 22:15:00+00:00,H2_ARRIVAL,2022-08-29 23:00:00+00:00,50.0
120,02:00,3,2022-08-31,Wednesday,2022-08-30 19:00:00+00:00,2022-08-30 22:00:00+00:00,2022-08-30 22:00:00+00:00,2022-08-31 02:00:00+00:00,284.58,278.43,6.149999999999977,True,,1,0,2022-08-31 00:25:00+00:00,2022-08-31 00:30:00+00:00,True,2022-08-31 00:35:00+00:00,2022-08-31 00:40:00+00:00,H2_ARRIVAL,2022-08-31 01:35:00+00:00,60.0
120,02:00,3,2022-09-01,Thursday,2022-08-31 19:00:00+00:00,2022-08-31 22:00:00+00:00,2022-08-31 22:00:00+00:00,2022-09-01 02:00:00+00:00,283.3,279.31,3.990000000000009,False,OPPOSITE_VISIT_BEFORE_K1,0,1,,,False,,,OPPOSITE_VISIT_BEFORE_K1,2022-08-31 22:40:00+00:00,
120,02:00,3,2022-09-02,Friday,2022-09-01 19:00:00+00:00,2022-09-01 22:00:00+00:00,2022-09-01 22:00:00+00:00,2022-09-02 02:00:00+00:00,278.47,274.41,4.060000000000002,True,,1,0,2022-09-01 22:05:00+00:00,2022-09-01 22:10:00+00:00,True,2022-09-01 22:10:00+00:00,2022-09-01 22:15:00+00:00,H2_ARRIVAL,2022-09-01 23:35:00+00:00,85.0
120,02:00,3,2022-09-03,Saturday,2022-09-02 19:00:00+00:00,2022-09-02 22:00:00+00:00,2022-09-02 22:00:00+00:00,2022-09-03 02:00:00+00:00,277.43,273.33,4.100000000000023,True,,1,0,2022-09-02 22:50:00+00:00,2022-09-02 22:55:00+00:00,True,2022-09-02 23:00:00+00:00,2022-09-02 23:05:00+00:00,H2_ARRIVAL,2022-09-03 00:05:00+00:00,65.0
120,02:00,3,2022-09-04,Sunday,2022-09-03 19:00:00+00:00,2022-09-03 22:00:00+00:00,2022-09-03 22:00:00+00:00,2022-09-04 02:00:00+00:00,277.99,275.28,2.7100000000000364,False,BREAK_BEFORE_K1,0,0,,,False,,,BREAK_BEFORE_K1,2022-09-04 00:25:00+00:00,
120,02:00,3,2022-09-05,Monday,2022-09-04 19:00:00+00:00,2022-09-04 22:00:00+00:00,2022-09-04 22:00:00+00:00,2022-09-05 02:00:00+00:00,279.12,276.9,2.2200000000000273,False,BREAK_BEFORE_K1,0,0,,,False,,,BREAK_BEFORE_K1,2022-09-05 00:00:00+00:00,
120,02:00,3,2022-09-06,Tuesday,2022-09-05 19:00:00+00:00,2022-09-05 22:00:00+00:00,2022-09-05 22:00:00+00:00,2022-09-06 02:00:00+00:00,275.73,273.42,2.3100000000000023,False,BREAK_BEFORE_K1,0,0,,,False,,,BREAK_BEFORE_K1,2022-09-05 22:30:00+00:00,
120,02:00,3,2022-09-07,Wednesday,2022-09-06 19:00:00+00:00,2022-09-06 22:00:00+00:00,2022-09-06 22:00:00+00:00,2022-09-07 02:00:00+00:00,267.09,260.44,6.649999999999977,False,OPPOSITE_VISIT_BEFORE_K1,0,1,,,False,,,OPPOSITE_VISIT_BEFORE_K1,2022-09-06 23:55:00+00:00,
120,02:00,3,2022-09-08,Thursday,2022-09-07 19:00:00+00:00,2022-09-07 22:00:00+00:00,2022-09-07 22:00:00+00:00,2022-09-08 02:00:00+00:00,280.68,269.32,11.360000000000014,False,NO_K1,0,0,,,False,,,NO_K1,,
120,02:00,3,2022-09-09,Friday,2022-09-08 19:00:00+00:00,2022-09-08 22:00:00+00:00,2022-09-08 22:00:00+00:00,2022-09-09 02:00:00+00:00,281.94,279.2,2.740000000000009,True,,1,0,2022-09-09 01:15:00+00:00,2022-09-09 01:20:00+00:00,True,2022-09-09 01:20:00+00:00,2022-09-09 01:25:00+00:00,NO_H2_BY_END,,
120,02:00,3,2022-09-10,Saturday,2022-09-09 19:00:00+00:00,2022-09-09 22:00:00+00:00,2022-09-09 22:00:00+00:00,2022-09-10 02:00:00+00:00,291.9,289.51,2.3899999999999864,False,OPPOSITE_VISIT_BEFORE_K1,0,1,,,False,,,OPPOSITE_VISIT_BEFORE_K1,2022-09-09 22:00:00+00:00,
120,02:00,3,2022-09-11,Sunday,2022-09-10 19:00:00+00:00,2022-09-10 22:00:00+00:00,2022-09-10 22:00:00+00:00,2022-09-11 02:00:00+00:00,296.63,292.55,4.079999999999984,False,BREAK_BEFORE_K1,0,0,,,False,,,BREAK_BEFORE_K1,2022-09-10 22:20:00+00:00,
120,02:00,3,2022-09-12,Monday,2022-09-11 19:00:00+00:00,2022-09-11 22:00:00+00:00,2022-09-11 22:00:00+00:00,2022-09-12 02:00:00+00:00,295.33,290.51,4.819999999999993,False,OPPOSITE_VISIT_BEFORE_K1,0,1,,,False,,,OPPOSITE_VISIT_BEFORE_K1,2022-09-11 22:00:00+00:00,
120,02:00,3,2022-09-13,Tuesday,2022-09-12 19:00:00+00:00,2022-09-12 22:00:00+00:00,2022-09-12 22:00:00+00:00,2022-09-13 02:00:00+00:00,294.77,291.78,2.990000000000009,False,OPPOSITE_VISIT_BEFORE_K1,0,1,,,False,,,OPPOSITE_VISIT_BEFORE_K1,2022-09-12 22:15:00+00:00,
120,02:00,3,2022-09-14,Wednesday,2022-09-13 19:00:00+00:00,2022-09-13 22:00:00+00:00,2022-09-13 22:00:00+00:00,2022-09-14 02:00:00+00:00,280.82,275.4,5.420000000000016,False,OPPOSITE_VISIT_BEFORE_K1,0,1,,,False,,,OPPOSITE_VISIT_BEFORE_K1,2022-09-13 23:20:00+00:00,
120,02:00,3,2022-09-15,Thursday,2022-09-14 19:00:00+00:00,2022-09-14 22:00:00+00:00,2022-09-14 22:00:00+00:00,2022-09-15 02:00:00+00:00,279.27,275.39,3.8799999999999955,True,,1,0,2022-09-14 22:05:00+00:00,2022-09-14 22:10:00+00:00,True,2022-09-14 22:20:00+00:00,2022-09-14 22:25:00+00:00,H2_ARRIVAL,2022-09-14 22:35:00+00:00,15.0
120,02:00,3,2022-09-16,Friday,2022-09-15 19:00:00+00:00,2022-09-15 22:00:00+00:00,2022-09-15 22:00:00+00:00,2022-09-16 02:00:00+00:00,272.57,270.18,2.3899999999999864,False,OPPOSITE_VISIT_BEFORE_K1,0,1,,,False,,,OPPOSITE_VISIT_BEFORE_K1,2022-09-15 22:15:00+00:00,
120,02:00,3,2022-09-17,Saturday,2022-09-16 19:00:00+00:00,2022-09-16 22:00:00+00:00,2022-09-16 22:00:00+00:00,2022-09-17 02:00:00+00:00,274.35,272.04,2.3100000000000023,True,,1,0,2022-09-16 22:30:00+00:00,2022-09-16 22:35:00+00:00,True,2022-09-16 22:55:00+00:00,2022-09-16 23:00:00+00:00,H2_ARRIVAL,2022-09-16 23:00:00+00:00,5.0
120,02:00,3,2022-09-18,Sunday,2022-09-17 19:00:00+00:00,2022-09-17 22:00:00+00:00,2022-09-17 22:00:00+00:00,2022-09-18 02:00:00+00:00,279.38,277.35,2.0299999999999727,True,,1,0,2022-09-17 23:35:00+00:00,2022-09-17 23:40:00+00:00,True,2022-09-17 23:50:00+00:00,2022-09-17 23:55:00+00:00,OPPOSITE_BREAK_BEFORE_H2,2022-09-18 00:15:00+00:00,
120,02:00,3,2022-09-19,Monday,2022-09-18 19:00:00+00:00,2022-09-18 22:00:00+00:00,2022-09-18 22:00:00+00:00,2022-09-19 02:00:00+00:00,273.38,262.13,11.25,False,NO_K1,0,0,,,False,,,NO_K1,,
120,02:00,3,2022-09-20,Tuesday,2022-09-19 19:00:00+00:00,2022-09-19 22:00:00+00:00,2022-09-19 22:00:00+00:00,2022-09-20 02:00:00+00:00,270.94,266.54,4.399999999999977,False,BREAK_BEFORE_K1,0,0,,,False,,,BREAK_BEFORE_K1,2022-09-19 22:55:00+00:00,
120,02:00,3,2022-09-21,Wednesday,2022-09-20 19:00:00+00:00,2022-09-20 22:00:00+00:00,2022-09-20 22:00:00+00:00,2022-09-21 02:00:00+00:00,268.87,265.65,3.2200000000000273,False,OPPOSITE_VISIT_BEFORE_K1,0,1,,,False,,,OPPOSITE_VISIT_BEFORE_K1,2022-09-20 22:00:00+00:00,
120,02:00,3,2022-09-22,Thursday,2022-09-21 19:00:00+00:00,2022-09-21 22:00:00+00:00,2022-09-21 22:00:00+00:00,2022-09-22 02:00:00+00:00,276.07,262.3,13.769999999999982,False,BREAK_BEFORE_K1,0,0,,,False,,,BREAK_BEFORE_K1,2022-09-21 22:10:00+00:00,
120,02:00,3,2022-09-23,Friday,2022-09-22 19:00:00+00:00,2022-09-22 22:00:00+00:00,2022-09-22 22:00:00+00:00,2022-09-23 02:00:00+00:00,275.55,271.0,4.550000000000011,True,,1,0,2022-09-22 22:35:00+00:00,2022-09-22 22:40:00+00:00,True,2022-09-22 22:40:00+00:00,2022-09-22 22:45:00+00:00,H2_ARRIVAL,2022-09-22 23:05:00+00:00,25.0
120,02:00,3,2022-09-24,Saturday,2022-09-23 19:00:00+00:00,2022-09-23 22:00:00+00:00,2022-09-23 22:00:00+00:00,2022-09-24 02:00:00+00:00,275.15,268.1,7.0499999999999545,True,,1,0,2022-09-23 22:00:00+00:00,2022-09-23 22:05:00+00:00,False,,,BREAK_DURING_K1,2022-09-23 22:10:00+00:00,
120,02:00,3,2022-09-25,Sunday,2022-09-24 19:00:00+00:00,2022-09-24 22:00:00+00:00,2022-09-24 22:00:00+00:00,2022-09-25 02:00:00+00:00,278.36,275.0,3.3600000000000136,False,BREAK_BEFORE_K1,0,0,,,False,,,BREAK_BEFORE_K1,2022-09-24 23:30:00+00:00,
120,02:00,3,2022-09-26,Monday,2022-09-25 19:00:00+00:00,2022-09-25 22:00:00+00:00,2022-09-25 22:00:00+00:00,2022-09-26 02:00:00+00:00,275.87,272.1,3.769999999999982,False,BREAK_BEFORE_K1,0,0,,,False,,,BREAK_BEFORE_K1,2022-09-25 22:00:00+00:00,
120,02:00,3,2022-09-27,Tuesday,2022-09-26 19:00:00+00:00,2022-09-26 22:00:00+00:00,2022-09-26 22:00:00+00:00,2022-09-27 02:00:00+00:00,275.76,273.93,1.829999999999984,False,BREAK_BEFORE_K1,0,0,,,False,,,BREAK_BEFORE_K1,2022-09-26 22:00:00+00:00,
120,02:00,3,2022-09-28,Wednesday,2022-09-27 19:00:00+00:00,2022-09-27 22:00:00+00:00,2022-09-27 22:00:00+00:00,2022-09-28 02:00:00+00:00,272.33,270.39,1.9399999999999977,False,BREAK_BEFORE_K1,0,0,,,False,,,BREAK_BEFORE_K1,2022-09-27 22:15:00+00:00,
120,02:00,3,2022-09-29,Thursday,2022-09-28 19:00:00+00:00,2022-09-28 22:00:00+00:00,2022-09-28 22:00:00+00:00,2022-09-29 02:00:00+00:00,283.68,278.61,5.069999999999993,False,BREAK_BEFORE_K1,0,0,,,False,,,BREAK_BEFORE_K1,2022-09-29 01:30:00+00:00,
120,02:00,3,2022-09-30,Friday,2022-09-29 19:00:00+00:00,2022-09-29 22:00:00+00:00,2022-09-29 22:00:00+00:00,2022-09-30 02:00:00+00:00,283.78,281.67,2.109999999999957,True,,1,0,2022-09-29 22:10:00+00:00,2022-09-29 22:15:00+00:00,True,2022-09-29 22:15:00+00:00,2022-09-29 22:20:00+00:00,H2_ARRIVAL,2022-09-29 23:40:00+00:00,85.0
120,02:00,3,2022-10-01,Saturday,2022-09-30 19:00:00+00:00,2022-09-30 22:00:00+00:00,2022-09-30 22:00:00+00:00,2022-10-01 02:00:00+00:00,286.44,280.72,5.71999999999997,False,OPPOSITE_VISIT_BEFORE_K1,0,1,,,False,,,OPPOSITE_VISIT_BEFORE_K1,2022-09-30 22:00:00+00:00,
120,02:00,3,2022-10-02,Sunday,2022-10-01 19:00:00+00:00,2022-10-01 22:00:00+00:00,2022-10-01 22:00:00+00:00,2022-10-02 02:00:00+00:00,284.37,280.48,3.8899999999999864,False,NO_K1,0,0,,,False,,,NO_K1,,
120,02:00,3,2022-10-03,Monday,2022-10-02 19:00:00+00:00,2022-10-02 22:00:00+00:00,2022-10-02 22:00:00+00:00,2022-10-03 02:00:00+00:00,287.13,284.26,2.8700000000000045,True,,1,0,2022-10-02 22:20:00+00:00,2022-10-02 22:25:00+00:00,True,2022-10-02 22:30:00+00:00,2022-10-02 22:35:00+00:00,OPPOSITE_BREAK_BEFORE_H2,2022-10-02 23:10:00+00:00,
120,02:00,3,2022-10-04,Tuesday,2022-10-03 19:00:00+00:00,2022-10-03 22:00:00+00:00,2022-10-03 22:00:00+00:00,2022-10-04 02:00:00+00:00,287.38,285.5,1.8799999999999955,False,OPPOSITE_VISIT_BEFORE_K1,0,1,,,False,,,OPPOSITE_VISIT_BEFORE_K1,2022-10-03 22:20:00+00:00,
120,02:00,3,2022-10-05,Wednesday,2022-10-04 19:00:00+00:00,2022-10-04 22:00:00+00:00,2022-10-04 22:00:00+00:00,2022-10-05 02:00:00+00:00,298.35,294.77,3.580000000000041,False,BREAK_BEFORE_K1,0,0,,,False,,,BREAK_BEFORE_K1,2022-10-04 22:00:00+00:00,
120,02:00,3,2022-10-06,Thursday,2022-10-05 19:00:00+00:00,2022-10-05 22:00:00+00:00,2022-10-05 22:00:00+00:00,2022-10-06 02:00:00+00:00,294.77,292.06,2.7099999999999795,True,,1,0,2022-10-06 00:10:00+00:00,2022-10-06 00:15:00+00:00,True,2022-10-06 00:20:00+00:00,2022-10-06 00:25:00+00:00,H2_ARRIVAL,2022-10-06 00:30:00+00:00,10.0
120,02:00,3,2022-10-07,Friday,2022-10-06 19:00:00+00:00,2022-10-06 22:00:00+00:00,2022-10-06 22:00:00+00:00,2022-10-07 02:00:00+00:00,293.17,278.0,15.170000000000016,False,NO_K1,0,0,,,False,,,NO_K1,,
120,02:00,3,2022-10-08,Saturday,2022-10-07 19:00:00+00:00,2022-10-07 22:00:00+00:00,2022-10-07 22:00:00+00:00,2022-10-08 02:00:00+00:00,283.61,282.1,1.509999999999991,False,OPPOSITE_VISIT_BEFORE_K1,0,1,,,False,,,OPPOSITE_VISIT_BEFORE_K1,2022-10-07 23:35:00+00:00,
120,02:00,3,2022-10-09,Sunday,2022-10-08 19:00:00+00:00,2022-10-08 22:00:00+00:00,2022-10-08 22:00:00+00:00,2022-10-09 02:00:00+00:00,281.5,275.64,5.860000000000014,False,OPPOSITE_VISIT_BEFORE_K1,0,1,,,False,,,OPPOSITE_VISIT_BEFORE_K1,2022-10-08 22:00:00+00:00,
120,02:00,3,2022-10-10,Monday,2022-10-09 19:00:00+00:00,2022-10-09 22:00:00+00:00,2022-10-09 22:00:00+00:00,2022-10-10 02:00:00+00:00,278.57,276.59,1.9800000000000182,True,,1,0,2022-10-10 00:45:00+00:00,2022-10-10 00:50:00+00:00,False,,,BREAK_DURING_K1,2022-10-10 01:00:00+00:00,
120,02:00,3,2022-10-11,Tuesday,2022-10-10 19:00:00+00:00,2022-10-10 22:00:00+00:00,2022-10-10 22:00:00+00:00,2022-10-11 02:00:00+00:00,275.44,273.7,1.740000000000009,False,BREAK_BEFORE_K1,0,0,,,False,,,BREAK_BEFORE_K1,2022-10-10 22:05:00+00:00,
120,02:00,3,2022-10-12,Wednesday,2022-10-11 19:00:00+00:00,2022-10-11 22:00:00+00:00,2022-10-11 22:00:00+00:00,2022-10-12 02:00:00+00:00,271.12,269.1,2.019999999999982,True,,1,0,2022-10-11 22:50:00+00:00,2022-10-11 22:55:00+00:00,False,,,BREAK_DURING_K1,2022-10-11 23:05:00+00:00,
120,02:00,3,2022-10-13,Thursday,2022-10-12 19:00:00+00:00,2022-10-12 22:00:00+00:00,2022-10-12 22:00:00+00:00,2022-10-13 02:00:00+00:00,271.88,270.49,1.3899999999999864,False,BREAK_BEFORE_K1,0,0,,,False,,,BREAK_BEFORE_K1,2022-10-13 01:00:00+00:00,
120,02:00,3,2022-10-14,Friday,2022-10-13 19:00:00+00:00,2022-10-13 22:00:00+00:00,2022-10-13 22:00:00+00:00,2022-10-14 02:00:00+00:00,273.66,271.11,2.5500000000000114,False,OPPOSITE_VISIT_BEFORE_K1,0,1,,,False,,,OPPOSITE_VISIT_BEFORE_K1,2022-10-13 23:25:00+00:00,
120,02:00,3,2022-10-15,Saturday,2022-10-14 19:00:00+00:00,2022-10-14 22:00:00+00:00,2022-10-14 22:00:00+00:00,2022-10-15 02:00:00+00:00,270.41,267.39,3.0200000000000387,False,NO_K1,0,0,,,False,,,NO_K1,,
120,02:00,3,2022-10-16,Sunday,2022-10-15 19:00:00+00:00,2022-10-15 22:00:00+00:00,2022-10-15 22:00:00+00:00,2022-10-16 02:00:00+00:00,270.04,268.11,1.9300000000000068,False,OPPOSITE_VISIT_BEFORE_K1,0,1,,,False,,,OPPOSITE_VISIT_BEFORE_K1,2022-10-15 22:00:00+00:00,
120,02:00,3,2022-10-17,Monday,2022-10-16 19:00:00+00:00,2022-10-16 22:00:00+00:00,2022-10-16 22:00:00+00:00,2022-10-17 02:00:00+00:00,273.74,270.1,3.6399999999999864,False,NO_K1,0,0,,,False,,,NO_K1,,
120,02:00,3,2022-10-18,Tuesday,2022-10-17 19:00:00+00:00,2022-10-17 22:00:00+00:00,2022-10-17 22:00:00+00:00,2022-10-18 02:00:00+00:00,275.13,274.36,0.7699999999999818,False,BREAK_BEFORE_K1,0,0,,,False,,,BREAK_BEFORE_K1,2022-10-17 22:00:00+00:00,
120,02:00,3,2022-10-19,Wednesday,2022-10-18 19:00:00+00:00,2022-10-18 22:00:00+00:00,2022-10-18 22:00:00+00:00,2022-10-19 02:00:00+00:00,273.98,270.12,3.8600000000000136,False,NO_K1,0,0,,,False,,,NO_K1,,
120,02:00,3,2022-10-20,Thursday,2022-10-19 19:00:00+00:00,2022-10-19 22:00:00+00:00,2022-10-19 22:00:00+00:00,2022-10-20 02:00:00+00:00,273.87,272.38,1.490000000000009,False,OPPOSITE_VISIT_BEFORE_K1,0,1,,,False,,,OPPOSITE_VISIT_BEFORE_K1,2022-10-19 22:30:00+00:00,
120,02:00,3,2022-10-21,Friday,2022-10-20 19:00:00+00:00,2022-10-20 22:00:00+00:00,2022-10-20 22:00:00+00:00,2022-10-21 02:00:00+00:00,269.42,267.1,2.319999999999993,False,BREAK_BEFORE_K1,0,0,,,False,,,BREAK_BEFORE_K1,2022-10-21 00:20:00+00:00,
120,02:00,3,2022-10-22,Saturday,2022-10-21 19:00:00+00:00,2022-10-21 22:00:00+00:00,2022-10-21 22:00:00+00:00,2022-10-22 02:00:00+00:00,271.0,268.77,2.230000000000018,False,BREAK_BEFORE_K1,0,0,,,False,,,BREAK_BEFORE_K1,2022-10-22 01:20:00+00:00,
120,02:00,3,2022-10-23,Sunday,2022-10-22 19:00:00+00:00,2022-10-22 22:00:00+00:00,2022-10-22 22:00:00+00:00,2022-10-23 02:00:00+00:00,271.06,269.54,1.5199999999999818,False,OPPOSITE_VISIT_BEFORE_K1,0,1,,,False,,,OPPOSITE_VISIT_BEFORE_K1,2022-10-23 01:30:00+00:00,
120,02:00,3,2022-10-24,Monday,2022-10-23 19:00:00+00:00,2022-10-23 22:00:00+00:00,2022-10-23 22:00:00+00:00,2022-10-24 02:00:00+00:00,275.69,272.65,3.0400000000000205,True,,1,0,2022-10-23 22:00:00+00:00,2022-10-23 22:05:00+00:00,False,,,BREAK_DURING_K1,2022-10-23 22:10:00+00:00,
120,02:00,3,2022-10-25,Tuesday,2022-10-24 19:00:00+00:00,2022-10-24 22:00:00+00:00,2022-10-24 22:00:00+00:00,2022-10-25 02:00:00+00:00,274.23,272.8,1.4300000000000068,False,BREAK_BEFORE_K1,0,0,,,False,,,BREAK_BEFORE_K1,2022-10-24 22:00:00+00:00,
120,02:00,3,2022-10-26,Wednesday,2022-10-25 19:00:00+00:00,2022-10-25 22:00:00+00:00,2022-10-25 22:00:00+00:00,2022-10-26 02:00:00+00:00,289.75,285.4,4.350000000000023,False,BREAK_BEFORE_K1,0,0,,,False,,,BREAK_BEFORE_K1,2022-10-25 22:10:00+00:00,
120,02:00,3,2022-10-27,Thursday,2022-10-26 19:00:00+00:00,2022-10-26 22:00:00+00:00,2022-10-26 22:00:00+00:00,2022-10-27 02:00:00+00:00,291.87,288.71,3.160000000000025,True,,1,0,2022-10-26 23:10:00+00:00,2022-10-26 23:15:00+00:00,True,2022-10-26 23:15:00+00:00,2022-10-26 23:20:00+00:00,H2_ARRIVAL,2022-10-27 00:15:00+00:00,60.0
120,02:00,3,2022-10-28,Friday,2022-10-27 19:00:00+00:00,2022-10-27 22:00:00+00:00,2022-10-27 22:00:00+00:00,2022-10-28 02:00:00+00:00,289.02,284.42,4.599999999999966,False,NO_K1,0,0,,,False,,,NO_K1,,
120,02:00,3,2022-10-29,Saturday,2022-10-28 19:00:00+00:00,2022-10-28 22:00:00+00:00,2022-10-28 22:00:00+00:00,2022-10-29 02:00:00+00:00,301.08,297.07,4.009999999999991,False,BREAK_BEFORE_K1,0,0,,,False,,,BREAK_BEFORE_K1,2022-10-29 00:20:00+00:00,
120,02:00,3,2022-10-30,Sunday,2022-10-29 19:00:00+00:00,2022-10-29 22:00:00+00:00,2022-10-29 22:00:00+00:00,2022-10-30 02:00:00+00:00,305.89,302.25,3.6399999999999864,False,OPPOSITE_VISIT_BEFORE_K1,0,1,,,False,,,OPPOSITE_VISIT_BEFORE_K1,2022-10-29 22:45:00+00:00,
120,02:00,3,2022-10-31,Monday,2022-10-30 19:00:00+00:00,2022-10-30 22:00:00+00:00,2022-10-30 22:00:00+00:00,2022-10-31 02:00:00+00:00,316.63,311.79,4.839999999999975,False,OPPOSITE_VISIT_BEFORE_K1,0,1,,,False,,,OPPOSITE_VISIT_BEFORE_K1,2022-10-30 22:00:00+00:00,
120,02:00,3,2022-11-01,Tuesday,2022-10-31 19:00:00+00:00,2022-10-31 22:00:00+00:00,2022-10-31 22:00:00+00:00,2022-11-01 02:00:00+00:00,329.94,325.21,4.730000000000018,False,OPPOSITE_VISIT_BEFORE_K1,0,1,,,False,,,OPPOSITE_VISIT_BEFORE_K1,2022-11-01 00:00:00+00:00,
120,02:00,3,2022-11-02,Wednesday,2022-11-01 19:00:00+00:00,2022-11-01 22:00:00+00:00,2022-11-01 22:00:00+00:00,2022-11-02 02:00:00+00:00,326.26,322.68,3.579999999999984,False,OPPOSITE_VISIT_BEFORE_K1,0,1,,,False,,,OPPOSITE_VISIT_BEFORE_K1,2022-11-02 00:10:00+00:00,
120,02:00,3,2022-11-03,Thursday,2022-11-02 19:00:00+00:00,2022-11-02 22:00:00+00:00,2022-11-02 22:00:00+00:00,2022-11-03 02:00:00+00:00,326.71,315.31,11.399999999999977,False,NO_K1,0,0,,,False,,,NO_K1,,
120,02:00,3,2022-11-04,Friday,2022-11-03 19:00:00+00:00,2022-11-03 22:00:00+00:00,2022-11-03 22:00:00+00:00,2022-11-04 02:00:00+00:00,333.77,328.92,4.849999999999966,False,BREAK_BEFORE_K1,0,0,,,False,,,BREAK_BEFORE_K1,2022-11-03 22:25:00+00:00,
120,02:00,3,2022-11-05,Saturday,2022-11-04 19:00:00+00:00,2022-11-04 22:00:00+00:00,2022-11-04 22:00:00+00:00,2022-11-05 02:00:00+00:00,354.86,351.53,3.330000000000041,False,OPPOSITE_VISIT_BEFORE_K1,0,1,,,False,,,OPPOSITE_VISIT_BEFORE_K1,2022-11-04 22:20:00+00:00,
120,02:00,3,2022-11-06,Sunday,2022-11-05 19:00:00+00:00,2022-11-05 22:00:00+00:00,2022-11-05 22:00:00+00:00,2022-11-06 02:00:00+00:00,351.23,348.13,3.1000000000000227,True,,1,0,2022-11-05 22:25:00+00:00,2022-11-05 22:30:00+00:00,False,,,BREAK_DURING_K1,2022-11-05 22:30:00+00:00,
120,02:00,3,2022-11-07,Monday,2022-11-06 19:00:00+00:00,2022-11-06 22:00:00+00:00,2022-11-06 22:00:00+00:00,2022-11-07 02:00:00+00:00,353.48,350.08,3.400000000000034,False,OPPOSITE_VISIT_BEFORE_K1,0,1,,,False,,,OPPOSITE_VISIT_BEFORE_K1,2022-11-06 22:00:00+00:00,
120,02:00,3,2022-11-08,Tuesday,2022-11-07 19:00:00+00:00,2022-11-07 22:00:00+00:00,2022-11-07 22:00:00+00:00,2022-11-08 02:00:00+00:00,344.19,335.39,8.800000000000011,False,BREAK_BEFORE_K1,0,0,,,False,,,BREAK_BEFORE_K1,2022-11-07 22:15:00+00:00,
120,02:00,3,2022-11-09,Wednesday,2022-11-08 19:00:00+00:00,2022-11-08 22:00:00+00:00,2022-11-08 22:00:00+00:00,2022-11-09 02:00:00+00:00,330.54,298.17,32.370000000000005,False,BREAK_BEFORE_K1,0,0,,,False,,,BREAK_BEFORE_K1,2022-11-08 23:35:00+00:00,
120,02:00,3,2022-11-10,Thursday,2022-11-09 19:00:00+00:00,2022-11-09 22:00:00+00:00,2022-11-09 22:00:00+00:00,2022-11-10 02:00:00+00:00,287.06,260.8,26.25999999999999,False,BREAK_BEFORE_K1,0,0,,,False,,,BREAK_BEFORE_K1,2022-11-09 22:05:00+00:00,
120,02:00,3,2022-11-11,Friday,2022-11-10 19:00:00+00:00,2022-11-10 22:00:00+00:00,2022-11-10 22:00:00+00:00,2022-11-11 02:00:00+00:00,308.55,297.21,11.340000000000032,False,OPPOSITE_VISIT_BEFORE_K1,0,1,,,False,,,OPPOSITE_VISIT_BEFORE_K1,2022-11-11 01:45:00+00:00,
120,02:00,3,2022-11-12,Saturday,2022-11-11 19:00:00+00:00,2022-11-11 22:00:00+00:00,2022-11-11 22:00:00+00:00,2022-11-12 02:00:00+00:00,288.77,284.7,4.069999999999993,True,,1,0,2022-11-11 22:40:00+00:00,2022-11-11 22:45:00+00:00,True,2022-11-11 22:45:00+00:00,2022-11-11 22:50:00+00:00,H2_ARRIVAL,2022-11-11 22:50:00+00:00,5.0
120,02:00,3,2022-11-13,Sunday,2022-11-12 19:00:00+00:00,2022-11-12 22:00:00+00:00,2022-11-12 22:00:00+00:00,2022-11-13 02:00:00+00:00,283.3,280.52,2.7800000000000296,False,BREAK_BEFORE_K1,0,0,,,False,,,BREAK_BEFORE_K1,2022-11-13 00:20:00+00:00,
120,02:00,3,2022-11-14,Monday,2022-11-13 19:00:00+00:00,2022-11-13 22:00:00+00:00,2022-11-13 22:00:00+00:00,2022-11-14 02:00:00+00:00,279.18,273.0,6.180000000000007,False,BREAK_BEFORE_K1,0,0,,,False,,,BREAK_BEFORE_K1,2022-11-14 00:20:00+00:00,
120,02:00,3,2022-11-15,Tuesday,2022-11-14 19:00:00+00:00,2022-11-14 22:00:00+00:00,2022-11-14 22:00:00+00:00,2022-11-15 02:00:00+00:00,277.4,271.74,5.659999999999968,True,,1,0,2022-11-14 23:05:00+00:00,2022-11-14 23:10:00+00:00,False,,,BREAK_DURING_K1,2022-11-14 23:15:00+00:00,
120,02:00,3,2022-11-16,Wednesday,2022-11-15 19:00:00+00:00,2022-11-15 22:00:00+00:00,2022-11-15 22:00:00+00:00,2022-11-16 02:00:00+00:00,276.5,272.9,3.6000000000000227,False,BREAK_BEFORE_K1,0,0,,,False,,,BREAK_BEFORE_K1,2022-11-15 23:15:00+00:00,
120,02:00,3,2022-11-17,Thursday,2022-11-16 19:00:00+00:00,2022-11-16 22:00:00+00:00,2022-11-16 22:00:00+00:00,2022-11-17 02:00:00+00:00,271.4,269.48,1.919999999999959,False,BREAK_BEFORE_K1,0,0,,,False,,,BREAK_BEFORE_K1,2022-11-16 22:55:00+00:00,
120,02:00,3,2022-11-18,Friday,2022-11-17 19:00:00+00:00,2022-11-17 22:00:00+00:00,2022-11-17 22:00:00+00:00,2022-11-18 02:00:00+00:00,268.78,267.08,1.6999999999999886,True,,1,0,2022-11-17 23:00:00+00:00,2022-11-17 23:05:00+00:00,True,2022-11-17 23:05:00+00:00,2022-11-17 23:10:00+00:00,H2_ARRIVAL,2022-11-18 00:10:00+00:00,65.0
120,02:00,3,2022-11-19,Saturday,2022-11-18 19:00:00+00:00,2022-11-18 22:00:00+00:00,2022-11-18 22:00:00+00:00,2022-11-19 02:00:00+00:00,274.2,271.86,2.339999999999975,False,BREAK_BEFORE_K1,0,0,,,False,,,BREAK_BEFORE_K1,2022-11-18 22:05:00+00:00,
120,02:00,3,2022-11-20,Sunday,2022-11-19 19:00:00+00:00,2022-11-19 22:00:00+00:00,2022-11-19 22:00:00+00:00,2022-11-20 02:00:00+00:00,272.34,271.06,1.2799999999999727,False,BREAK_BEFORE_K1,0,0,,,False,,,BREAK_BEFORE_K1,2022-11-19 22:00:00+00:00,
120,02:00,3,2022-11-21,Monday,2022-11-20 19:00:00+00:00,2022-11-20 22:00:00+00:00,2022-11-20 22:00:00+00:00,2022-11-21 02:00:00+00:00,269.84,261.36,8.479999999999961,False,OPPOSITE_VISIT_BEFORE_K1,0,1,,,False,,,OPPOSITE_VISIT_BEFORE_K1,2022-11-21 00:05:00+00:00,
120,02:00,3,2022-11-22,Tuesday,2022-11-21 19:00:00+00:00,2022-11-21 22:00:00+00:00,2022-11-21 22:00:00+00:00,2022-11-22 02:00:00+00:00,256.08,249.12,6.9599999999999795,False,BREAK_BEFORE_K1,0,0,,,False,,,BREAK_BEFORE_K1,2022-11-22 00:20:00+00:00,
120,02:00,3,2022-11-23,Wednesday,2022-11-22 19:00:00+00:00,2022-11-22 22:00:00+00:00,2022-11-22 22:00:00+00:00,2022-11-23 02:00:00+00:00,265.59,262.42,3.169999999999959,True,,1,0,2022-11-22 22:00:00+00:00,2022-11-22 22:05:00+00:00,True,2022-11-22 22:15:00+00:00,2022-11-22 22:20:00+00:00,H2_ARRIVAL,2022-11-22 22:20:00+00:00,5.0
120,02:00,3,2022-11-24,Thursday,2022-11-23 19:00:00+00:00,2022-11-23 22:00:00+00:00,2022-11-23 22:00:00+00:00,2022-11-24 02:00:00+00:00,302.16,294.54,7.6200000000000045,False,OPPOSITE_VISIT_BEFORE_K1,0,1,,,False,,,OPPOSITE_VISIT_BEFORE_K1,2022-11-23 22:25:00+00:00,
120,02:00,3,2022-11-25,Friday,2022-11-24 19:00:00+00:00,2022-11-24 22:00:00+00:00,2022-11-24 22:00:00+00:00,2022-11-25 02:00:00+00:00,299.81,297.34,2.4700000000000273,True,,1,0,2022-11-24 22:50:00+00:00,2022-11-24 22:55:00+00:00,False,,,BREAK_DURING_K1,2022-11-24 22:55:00+00:00,
120,02:00,3,2022-11-26,Saturday,2022-11-25 19:00:00+00:00,2022-11-25 22:00:00+00:00,2022-11-25 22:00:00+00:00,2022-11-26 02:00:00+00:00,302.5,299.64,2.8600000000000136,False,BREAK_BEFORE_K1,0,0,,,False,,,BREAK_BEFORE_K1,2022-11-25 22:10:00+00:00,
120,02:00,3,2022-11-27,Sunday,2022-11-26 19:00:00+00:00,2022-11-26 22:00:00+00:00,2022-11-26 22:00:00+00:00,2022-11-27 02:00:00+00:00,313.41,311.01,2.400000000000034,False,BREAK_BEFORE_K1,0,0,,,False,,,BREAK_BEFORE_K1,2022-11-26 22:40:00+00:00,
120,02:00,3,2022-11-28,Monday,2022-11-27 19:00:00+00:00,2022-11-27 22:00:00+00:00,2022-11-27 22:00:00+00:00,2022-11-28 02:00:00+00:00,313.99,309.39,4.600000000000023,True,,1,0,2022-11-27 22:00:00+00:00,2022-11-27 22:05:00+00:00,True,2022-11-27 22:10:00+00:00,2022-11-27 22:15:00+00:00,OPPOSITE_BREAK_BEFORE_H2,2022-11-27 23:20:00+00:00,
120,02:00,3,2022-11-29,Tuesday,2022-11-28 19:00:00+00:00,2022-11-28 22:00:00+00:00,2022-11-28 22:00:00+00:00,2022-11-29 02:00:00+00:00,294.16,291.1,3.0600000000000023,False,BREAK_BEFORE_K1,0,0,,,False,,,BREAK_BEFORE_K1,2022-11-29 00:10:00+00:00,
120,02:00,3,2022-11-30,Wednesday,2022-11-29 19:00:00+00:00,2022-11-29 22:00:00+00:00,2022-11-29 22:00:00+00:00,2022-11-30 02:00:00+00:00,297.27,295.02,2.25,True,,1,0,2022-11-29 23:00:00+00:00,2022-11-29 23:05:00+00:00,True,2022-11-29 23:05:00+00:00,2022-11-29 23:10:00+00:00,H2_ARRIVAL,2022-11-30 00:30:00+00:00,85.0
120,02:00,3,2022-12-01,Thursday,2022-11-30 19:00:00+00:00,2022-11-30 22:00:00+00:00,2022-11-30 22:00:00+00:00,2022-12-01 02:00:00+00:00,301.36,296.81,4.550000000000011,True,,1,0,2022-11-30 23:35:00+00:00,2022-11-30 23:40:00+00:00,False,,,BREAK_DURING_K1,2022-11-30 23:40:00+00:00,
120,02:00,3,2022-12-02,Friday,2022-12-01 19:00:00+00:00,2022-12-01 22:00:00+00:00,2022-12-01 22:00:00+00:00,2022-12-02 02:00:00+00:00,292.66,290.86,1.8000000000000114,True,,1,0,2022-12-01 22:10:00+00:00,2022-12-01 22:15:00+00:00,False,,,BREAK_DURING_K1,2022-12-01 22:15:00+00:00,
120,02:00,3,2022-12-03,Saturday,2022-12-02 19:00:00+00:00,2022-12-02 22:00:00+00:00,2022-12-02 22:00:00+00:00,2022-12-03 02:00:00+00:00,291.75,289.42,2.329999999999984,False,BREAK_BEFORE_K1,0,0,,,False,,,BREAK_BEFORE_K1,2022-12-02 22:25:00+00:00,
120,02:00,3,2022-12-04,Sunday,2022-12-03 19:00:00+00:00,2022-12-03 22:00:00+00:00,2022-12-03 22:00:00+00:00,2022-12-04 02:00:00+00:00,292.57,290.65,1.920000000000016,False,BREAK_BEFORE_K1,0,0,,,False,,,BREAK_BEFORE_K1,2022-12-03 22:30:00+00:00,
120,02:00,3,2022-12-05,Monday,2022-12-04 19:00:00+00:00,2022-12-04 22:00:00+00:00,2022-12-04 22:00:00+00:00,2022-12-05 02:00:00+00:00,291.97,290.98,0.9900000000000091,False,BREAK_BEFORE_K1,0,0,,,False,,,BREAK_BEFORE_K1,2022-12-04 23:30:00+00:00,
120,02:00,3,2022-12-06,Tuesday,2022-12-05 19:00:00+00:00,2022-12-05 22:00:00+00:00,2022-12-05 22:00:00+00:00,2022-12-06 02:00:00+00:00,289.34,286.01,3.329999999999984,False,BREAK_BEFORE_K1,0,0,,,False,,,BREAK_BEFORE_K1,2022-12-06 00:30:00+00:00,
120,02:00,3,2022-12-07,Wednesday,2022-12-06 19:00:00+00:00,2022-12-06 22:00:00+00:00,2022-12-06 22:00:00+00:00,2022-12-07 02:00:00+00:00,289.15,287.43,1.7199999999999704,False,BREAK_BEFORE_K1,0,0,,,False,,,BREAK_BEFORE_K1,2022-12-06 22:20:00+00:00,
120,02:00,3,2022-12-08,Thursday,2022-12-07 19:00:00+00:00,2022-12-07 22:00:00+00:00,2022-12-07 22:00:00+00:00,2022-12-08 02:00:00+00:00,283.96,282.25,1.7099999999999795,False,BREAK_BEFORE_K1,0,0,,,False,,,BREAK_BEFORE_K1,2022-12-07 22:45:00+00:00,
120,02:00,3,2022-12-09,Friday,2022-12-08 19:00:00+00:00,2022-12-08 22:00:00+00:00,2022-12-08 22:00:00+00:00,2022-12-09 02:00:00+00:00,290.99,288.4,2.590000000000032,False,BREAK_BEFORE_K1,0,0,,,False,,,BREAK_BEFORE_K1,2022-12-08 23:40:00+00:00,
120,02:00,3,2022-12-10,Saturday,2022-12-09 19:00:00+00:00,2022-12-09 22:00:00+00:00,2022-12-09 22:00:00+00:00,2022-12-10 02:00:00+00:00,287.96,284.5,3.4599999999999795,False,NO_K1,0,0,,,False,,,NO_K1,,
120,02:00,3,2022-12-11,Sunday,2022-12-10 19:00:00+00:00,2022-12-10 22:00:00+00:00,2022-12-10 22:00:00+00:00,2022-12-11 02:00:00+00:00,288.55,287.6,0.9499999999999886,False,OPPOSITE_VISIT_BEFORE_K1,0,1,,,False,,,OPPOSITE_VISIT_BEFORE_K1,2022-12-10 22:00:00+00:00,
120,02:00,3,2022-12-12,Monday,2022-12-11 19:00:00+00:00,2022-12-11 22:00:00+00:00,2022-12-11 22:00:00+00:00,2022-12-12 02:00:00+00:00,291.49,284.0,7.490000000000009,False,OPPOSITE_VISIT_BEFORE_K1,0,1,,,False,,,OPPOSITE_VISIT_BEFORE_K1,2022-12-11 23:35:00+00:00,
120,02:00,3,2022-12-13,Tuesday,2022-12-12 19:00:00+00:00,2022-12-12 22:00:00+00:00,2022-12-12 22:00:00+00:00,2022-12-13 02:00:00+00:00,277.4,272.95,4.449999999999989,True,,1,0,2022-12-12 23:40:00+00:00,2022-12-12 23:45:00+00:00,True,2022-12-12 23:50:00+00:00,2022-12-12 23:55:00+00:00,NO_H2_BY_END,,
120,02:00,3,2022-12-14,Wednesday,2022-12-13 19:00:00+00:00,2022-12-13 22:00:00+00:00,2022-12-13 22:00:00+00:00,2022-12-14 02:00:00+00:00,273.99,268.07,5.920000000000016,True,,1,0,2022-12-14 00:00:00+00:00,2022-12-14 00:05:00+00:00,True,2022-12-14 00:05:00+00:00,2022-12-14 00:10:00+00:00,H2_ARRIVAL,2022-12-14 00:40:00+00:00,35.0
120,02:00,3,2022-12-15,Thursday,2022-12-14 19:00:00+00:00,2022-12-14 22:00:00+00:00,2022-12-14 22:00:00+00:00,2022-12-15 02:00:00+00:00,272.19,265.0,7.189999999999998,False,BREAK_BEFORE_K1,0,0,,,False,,,BREAK_BEFORE_K1,2022-12-15 01:35:00+00:00,
120,02:00,3,2022-12-16,Friday,2022-12-15 19:00:00+00:00,2022-12-15 22:00:00+00:00,2022-12-15 22:00:00+00:00,2022-12-16 02:00:00+00:00,261.72,257.93,3.7900000000000205,False,BREAK_BEFORE_K1,0,0,,,False,,,BREAK_BEFORE_K1,2022-12-15 22:00:00+00:00,
120,02:00,3,2022-12-17,Saturday,2022-12-16 19:00:00+00:00,2022-12-16 22:00:00+00:00,2022-12-16 22:00:00+00:00,2022-12-17 02:00:00+00:00,246.62,241.36,5.259999999999991,False,BREAK_BEFORE_K1,0,0,,,False,,,BREAK_BEFORE_K1,2022-12-16 22:20:00+00:00,
120,02:00,3,2022-12-18,Sunday,2022-12-17 19:00:00+00:00,2022-12-17 22:00:00+00:00,2022-12-17 22:00:00+00:00,2022-12-18 02:00:00+00:00,237.5,234.65,2.8499999999999943,True,,1,0,2022-12-17 22:15:00+00:00,2022-12-17 22:20:00+00:00,True,2022-12-17 22:20:00+00:00,2022-12-17 22:25:00+00:00,H2_ARRIVAL,2022-12-17 22:30:00+00:00,10.0
120,02:00,3,2022-12-19,Monday,2022-12-18 19:00:00+00:00,2022-12-18 22:00:00+00:00,2022-12-18 22:00:00+00:00,2022-12-19 02:00:00+00:00,250.46,247.62,2.8400000000000034,False,BREAK_BEFORE_K1,0,0,,,False,,,BREAK_BEFORE_K1,2022-12-18 22:15:00+00:00,
120,02:00,3,2022-12-20,Tuesday,2022-12-19 19:00:00+00:00,2022-12-19 22:00:00+00:00,2022-12-19 22:00:00+00:00,2022-12-20 02:00:00+00:00,244.8,240.66,4.140000000000015,False,BREAK_BEFORE_K1,0,0,,,False,,,BREAK_BEFORE_K1,2022-12-19 22:30:00+00:00,
120,02:00,3,2022-12-21,Wednesday,2022-12-20 19:00:00+00:00,2022-12-20 22:00:00+00:00,2022-12-20 22:00:00+00:00,2022-12-21 02:00:00+00:00,251.25,249.19,2.0600000000000023,True,,1,0,2022-12-20 22:10:00+00:00,2022-12-20 22:15:00+00:00,True,2022-12-20 22:15:00+00:00,2022-12-20 22:20:00+00:00,H2_ARRIVAL,2022-12-20 22:45:00+00:00,30.0
120,02:00,3,2022-12-22,Thursday,2022-12-21 19:00:00+00:00,2022-12-21 22:00:00+00:00,2022-12-21 22:00:00+00:00,2022-12-22 02:00:00+00:00,247.91,245.0,2.9099999999999966,False,BREAK_BEFORE_K1,0,0,,,False,,,BREAK_BEFORE_K1,2022-12-22 00:55:00+00:00,
120,02:00,3,2022-12-23,Friday,2022-12-22 19:00:00+00:00,2022-12-22 22:00:00+00:00,2022-12-22 22:00:00+00:00,2022-12-23 02:00:00+00:00,247.0,241.51,5.490000000000009,False,NO_K1,0,0,,,False,,,NO_K1,,
120,02:00,3,2022-12-24,Saturday,2022-12-23 19:00:00+00:00,2022-12-23 22:00:00+00:00,2022-12-23 22:00:00+00:00,2022-12-24 02:00:00+00:00,246.34,245.39,0.950000000000017,False,OPPOSITE_VISIT_BEFORE_K1,0,1,,,False,,,OPPOSITE_VISIT_BEFORE_K1,2022-12-23 22:20:00+00:00,
120,02:00,3,2022-12-25,Sunday,2022-12-24 19:00:00+00:00,2022-12-24 22:00:00+00:00,2022-12-24 22:00:00+00:00,2022-12-25 02:00:00+00:00,244.85,243.83,1.0199999999999818,False,OPPOSITE_VISIT_BEFORE_K1,0,1,,,False,,,OPPOSITE_VISIT_BEFORE_K1,2022-12-24 22:00:00+00:00,
120,02:00,3,2022-12-26,Monday,2022-12-25 19:00:00+00:00,2022-12-25 22:00:00+00:00,2022-12-25 22:00:00+00:00,2022-12-26 02:00:00+00:00,243.66,241.2,2.460000000000008,True,,1,0,2022-12-25 22:05:00+00:00,2022-12-25 22:10:00+00:00,True,2022-12-25 22:10:00+00:00,2022-12-25 22:15:00+00:00,H2_ARRIVAL,2022-12-26 01:45:00+00:00,215.0
120,02:00,3,2022-12-27,Tuesday,2022-12-26 19:00:00+00:00,2022-12-26 22:00:00+00:00,2022-12-26 22:00:00+00:00,2022-12-27 02:00:00+00:00,243.13,242.11,1.0199999999999818,True,,1,0,2022-12-26 23:30:00+00:00,2022-12-26 23:35:00+00:00,False,,,BREAK_DURING_K1,2022-12-26 23:35:00+00:00,
120,02:00,3,2022-12-28,Wednesday,2022-12-27 19:00:00+00:00,2022-12-27 22:00:00+00:00,2022-12-27 22:00:00+00:00,2022-12-28 02:00:00+00:00,246.34,244.63,1.710000000000008,True,,1,0,2022-12-27 22:55:00+00:00,2022-12-27 23:00:00+00:00,True,2022-12-27 23:15:00+00:00,2022-12-27 23:20:00+00:00,H2_ARRIVAL,2022-12-27 23:25:00+00:00,10.0
120,02:00,3,2022-12-29,Thursday,2022-12-28 19:00:00+00:00,2022-12-28 22:00:00+00:00,2022-12-28 22:00:00+00:00,2022-12-29 02:00:00+00:00,244.4,241.89,2.5100000000000193,False,BREAK_BEFORE_K1,0,0,,,False,,,BREAK_BEFORE_K1,2022-12-28 23:55:00+00:00,
120,02:00,3,2022-12-30,Friday,2022-12-29 19:00:00+00:00,2022-12-29 22:00:00+00:00,2022-12-29 22:00:00+00:00,2022-12-30 02:00:00+00:00,246.27,244.46,1.8100000000000023,True,,1,0,2022-12-29 22:35:00+00:00,2022-12-29 22:40:00+00:00,True,2022-12-29 22:40:00+00:00,2022-12-29 22:45:00+00:00,H2_ARRIVAL,2022-12-29 23:15:00+00:00,35.0
120,02:00,3,2022-12-31,Saturday,2022-12-30 19:00:00+00:00,2022-12-30 22:00:00+00:00,2022-12-30 22:00:00+00:00,2022-12-31 02:00:00+00:00,245.72,244.52,1.1999999999999886,False,BREAK_BEFORE_K1,0,0,,,False,,,BREAK_BEFORE_K1,2022-12-30 23:05:00+00:00,
120,02:00,3,2023-01-01,Sunday,2022-12-31 19:00:00+00:00,2022-12-31 22:00:00+00:00,2022-12-31 22:00:00+00:00,2023-01-01 02:00:00+00:00,247.35,246.37,0.9799999999999898,False,OPPOSITE_VISIT_BEFORE_K1,0,1,,,False,,,OPPOSITE_VISIT_BEFORE_K1,2022-12-31 22:40:00+00:00,
120,02:00,3,2023-01-02,Monday,2023-01-01 19:00:00+00:00,2023-01-01 22:00:00+00:00,2023-01-01 22:00:00+00:00,2023-01-02 02:00:00+00:00,245.81,244.72,1.0900000000000034,False,OPPOSITE_VISIT_BEFORE_K1,0,1,,,False,,,OPPOSITE_VISIT_BEFORE_K1,2023-01-01 22:05:00+00:00,
120,02:00,3,2023-01-03,Tuesday,2023-01-02 19:00:00+00:00,2023-01-02 22:00:00+00:00,2023-01-02 22:00:00+00:00,2023-01-03 02:00:00+00:00,247.73,246.08,1.6499999999999773,False,OPPOSITE_VISIT_BEFORE_K1,0,1,,,False,,,OPPOSITE_VISIT_BEFORE_K1,2023-01-02 22:45:00+00:00,
120,02:00,3,2023-01-04,Wednesday,2023-01-03 19:00:00+00:00,2023-01-03 22:00:00+00:00,2023-01-03 22:00:00+00:00,2023-01-04 02:00:00+00:00,245.78,244.71,1.0699999999999932,False,BREAK_BEFORE_K1,0,0,,,False,,,BREAK_BEFORE_K1,2023-01-03 22:00:00+00:00,
120,02:00,3,2023-01-05,Thursday,2023-01-04 19:00:00+00:00,2023-01-04 22:00:00+00:00,2023-01-04 22:00:00+00:00,2023-01-05 02:00:00+00:00,259.9,254.7,5.199999999999989,False,NO_K1,0,0,,,False,,,NO_K1,,
120,02:00,3,2023-01-06,Friday,2023-01-05 19:00:00+00:00,2023-01-05 22:00:00+00:00,2023-01-05 22:00:00+00:00,2023-01-06 02:00:00+00:00,258.22,256.85,1.3700000000000045,False,BREAK_BEFORE_K1,0,0,,,False,,,BREAK_BEFORE_K1,2023-01-05 22:35:00+00:00,
120,02:00,3,2023-01-07,Saturday,2023-01-06 19:00:00+00:00,2023-01-06 22:00:00+00:00,2023-01-06 22:00:00+00:00,2023-01-07 02:00:00+00:00,260.5,258.26,2.240000000000009,False,BREAK_BEFORE_K1,0,0,,,False,,,BREAK_BEFORE_K1,2023-01-07 00:55:00+00:00,
120,02:00,3,2023-01-08,Sunday,2023-01-07 19:00:00+00:00,2023-01-07 22:00:00+00:00,2023-01-07 22:00:00+00:00,2023-01-08 02:00:00+00:00,261.62,260.94,0.6800000000000068,False,OPPOSITE_VISIT_BEFORE_K1,0,1,,,False,,,OPPOSITE_VISIT_BEFORE_K1,2023-01-07 22:00:00+00:00,
120,02:00,3,2023-01-09,Monday,2023-01-08 19:00:00+00:00,2023-01-08 22:00:00+00:00,2023-01-08 22:00:00+00:00,2023-01-09 02:00:00+00:00,271.13,265.09,6.0400000000000205,False,BREAK_BEFORE_K1,0,0,,,False,,,BREAK_BEFORE_K1,2023-01-08 22:50:00+00:00,
120,02:00,3,2023-01-10,Tuesday,2023-01-09 19:00:00+00:00,2023-01-09 22:00:00+00:00,2023-01-09 22:00:00+00:00,2023-01-10 02:00:00+00:00,278.12,271.56,6.560000000000002,False,OPPOSITE_VISIT_BEFORE_K1,0,1,,,False,,,OPPOSITE_VISIT_BEFORE_K1,2023-01-09 22:00:00+00:00,
120,02:00,3,2023-01-11,Wednesday,2023-01-10 19:00:00+00:00,2023-01-10 22:00:00+00:00,2023-01-10 22:00:00+00:00,2023-01-11 02:00:00+00:00,278.65,275.33,3.319999999999993,False,NO_K1,0,0,,,False,,,NO_K1,,
120,02:00,3,2023-01-12,Thursday,2023-01-11 19:00:00+00:00,2023-01-11 22:00:00+00:00,2023-01-11 22:00:00+00:00,2023-01-12 02:00:00+00:00,279.94,277.86,2.079999999999984,True,,1,0,2023-01-11 22:00:00+00:00,2023-01-11 22:05:00+00:00,True,2023-01-11 22:05:00+00:00,2023-01-11 22:10:00+00:00,H2_ARRIVAL,2023-01-11 22:40:00+00:00,35.0
120,02:00,3,2023-01-13,Friday,2023-01-12 19:00:00+00:00,2023-01-12 22:00:00+00:00,2023-01-12 22:00:00+00:00,2023-01-13 02:00:00+00:00,288.67,285.22,3.4499999999999886,False,NO_K1,0,0,,,False,,,NO_K1,,
120,02:00,3,2023-01-14,Saturday,2023-01-13 19:00:00+00:00,2023-01-13 22:00:00+00:00,2023-01-13 22:00:00+00:00,2023-01-14 02:00:00+00:00,294.67,286.7,7.970000000000027,False,BREAK_BEFORE_K1,0,0,,,False,,,BREAK_BEFORE_K1,2023-01-13 22:35:00+00:00,
120,02:00,3,2023-01-15,Sunday,2023-01-14 19:00:00+00:00,2023-01-14 22:00:00+00:00,2023-01-14 22:00:00+00:00,2023-01-15 02:00:00+00:00,304.84,303.06,1.7799999999999727,False,BREAK_BEFORE_K1,0,0,,,False,,,BREAK_BEFORE_K1,2023-01-14 22:35:00+00:00,
120,02:00,3,2023-01-16,Monday,2023-01-15 19:00:00+00:00,2023-01-15 22:00:00+00:00,2023-01-15 22:00:00+00:00,2023-01-16 02:00:00+00:00,302.66,300.23,2.430000000000007,False,BREAK_BEFORE_K1,0,0,,,False,,,BREAK_BEFORE_K1,2023-01-15 22:50:00+00:00,
120,02:00,3,2023-01-17,Tuesday,2023-01-16 19:00:00+00:00,2023-01-16 22:00:00+00:00,2023-01-16 22:00:00+00:00,2023-01-17 02:00:00+00:00,302.55,298.2,4.350000000000023,False,BREAK_BEFORE_K1,0,0,,,False,,,BREAK_BEFORE_K1,2023-01-17 00:00:00+00:00,
120,02:00,3,2023-01-18,Wednesday,2023-01-17 19:00:00+00:00,2023-01-17 22:00:00+00:00,2023-01-17 22:00:00+00:00,2023-01-18 02:00:00+00:00,303.63,301.58,2.0500000000000114,False,BREAK_BEFORE_K1,0,0,,,False,,,BREAK_BEFORE_K1,2023-01-17 22:15:00+00:00,
120,02:00,3,2023-01-19,Thursday,2023-01-18 19:00:00+00:00,2023-01-18 22:00:00+00:00,2023-01-18 22:00:00+00:00,2023-01-19 02:00:00+00:00,294.34,287.51,6.829999999999984,False,OPPOSITE_VISIT_BEFORE_K1,0,1,,,False,,,OPPOSITE_VISIT_BEFORE_K1,2023-01-18 22:15:00+00:00,
120,02:00,3,2023-01-20,Friday,2023-01-19 19:00:00+00:00,2023-01-19 22:00:00+00:00,2023-01-19 22:00:00+00:00,2023-01-20 02:00:00+00:00,295.4,291.95,3.4499999999999886,True,,1,0,2023-01-20 00:05:00+00:00,2023-01-20 00:10:00+00:00,True,2023-01-20 00:10:00+00:00,2023-01-20 00:15:00+00:00,NO_H2_BY_END,,
120,02:00,3,2023-01-21,Saturday,2023-01-20 19:00:00+00:00,2023-01-20 22:00:00+00:00,2023-01-20 22:00:00+00:00,2023-01-21 02:00:00+00:00,303.34,292.26,11.079999999999984,False,BREAK_BEFORE_K1,0,0,,,False,,,BREAK_BEFORE_K1,2023-01-20 22:15:00+00:00,
120,02:00,3,2023-01-22,Sunday,2023-01-21 19:00:00+00:00,2023-01-21 22:00:00+00:00,2023-01-21 22:00:00+00:00,2023-01-22 02:00:00+00:00,305.19,303.33,1.8600000000000136,False,BREAK_BEFORE_K1,0,0,,,False,,,BREAK_BEFORE_K1,2023-01-21 22:25:00+00:00,
120,02:00,3,2023-01-23,Monday,2023-01-22 19:00:00+00:00,2023-01-22 22:00:00+00:00,2023-01-22 22:00:00+00:00,2023-01-23 02:00:00+00:00,307.54,298.5,9.04000000000002,False,NO_K1,0,0,,,False,,,NO_K1,,
120,02:00,3,2023-01-24,Tuesday,2023-01-23 19:00:00+00:00,2023-01-23 22:00:00+00:00,2023-01-23 22:00:00+00:00,2023-01-24 02:00:00+00:00,306.78,303.5,3.2799999999999727,True,,1,0,2023-01-23 22:10:00+00:00,2023-01-23 22:15:00+00:00,True,2023-01-23 22:15:00+00:00,2023-01-23 22:20:00+00:00,H2_ARRIVAL,2023-01-23 22:45:00+00:00,30.0
120,02:00,3,2023-01-25,Wednesday,2023-01-24 19:00:00+00:00,2023-01-24 22:00:00+00:00,2023-01-24 22:00:00+00:00,2023-01-25 02:00:00+00:00,311.36,305.57,5.7900000000000205,False,OPPOSITE_VISIT_BEFORE_K1,0,1,,,False,,,OPPOSITE_VISIT_BEFORE_K1,2023-01-24 22:00:00+00:00,
120,02:00,3,2023-01-26,Thursday,2023-01-25 19:00:00+00:00,2023-01-25 22:00:00+00:00,2023-01-25 22:00:00+00:00,2023-01-26 02:00:00+00:00,310.29,301.19,9.100000000000023,False,BREAK_BEFORE_K1,0,0,,,False,,,BREAK_BEFORE_K1,2023-01-25 22:00:00+00:00,
120,02:00,3,2023-01-27,Friday,2023-01-26 19:00:00+00:00,2023-01-26 22:00:00+00:00,2023-01-26 22:00:00+00:00,2023-01-27 02:00:00+00:00,307.1,303.57,3.5300000000000296,False,BREAK_BEFORE_K1,0,0,,,False,,,BREAK_BEFORE_K1,2023-01-27 00:15:00+00:00,
120,02:00,3,2023-01-28,Saturday,2023-01-27 19:00:00+00:00,2023-01-27 22:00:00+00:00,2023-01-27 22:00:00+00:00,2023-01-28 02:00:00+00:00,310.73,305.29,5.439999999999998,False,NO_K1,0,0,,,False,,,NO_K1,,
120,02:00,3,2023-01-29,Sunday,2023-01-28 19:00:00+00:00,2023-01-28 22:00:00+00:00,2023-01-28 22:00:00+00:00,2023-01-29 02:00:00+00:00,306.89,304.08,2.8100000000000023,True,,1,0,2023-01-29 00:30:00+00:00,2023-01-29 00:35:00+00:00,False,,,BREAK_DURING_K1,2023-01-29 00:35:00+00:00,
120,02:00,3,2023-01-30,Monday,2023-01-29 19:00:00+00:00,2023-01-29 22:00:00+00:00,2023-01-29 22:00:00+00:00,2023-01-30 02:00:00+00:00,320.71,315.0,5.7099999999999795,False,BREAK_BEFORE_K1,0,0,,,False,,,BREAK_BEFORE_K1,2023-01-30 00:45:00+00:00,
120,02:00,3,2023-01-31,Tuesday,2023-01-30 19:00:00+00:00,2023-01-30 22:00:00+00:00,2023-01-30 22:00:00+00:00,2023-01-31 02:00:00+00:00,308.67,300.88,7.7900000000000205,False,BREAK_BEFORE_K1,0,0,,,False,,,BREAK_BEFORE_K1,2023-01-31 01:10:00+00:00,
120,02:00,3,2023-02-01,Wednesday,2023-01-31 19:00:00+00:00,2023-01-31 22:00:00+00:00,2023-01-31 22:00:00+00:00,2023-02-01 02:00:00+00:00,314.12,309.3,4.819999999999993,False,OPPOSITE_VISIT_BEFORE_K1,0,1,,,False,,,OPPOSITE_VISIT_BEFORE_K1,2023-01-31 22:30:00+00:00,
120,02:00,3,2023-02-02,Thursday,2023-02-01 19:00:00+00:00,2023-02-01 22:00:00+00:00,2023-02-01 22:00:00+00:00,2023-02-02 02:00:00+00:00,319.58,306.77,12.810000000000002,False,BREAK_BEFORE_K1,0,0,,,False,,,BREAK_BEFORE_K1,2023-02-02 00:40:00+00:00,
120,02:00,3,2023-02-03,Friday,2023-02-02 19:00:00+00:00,2023-02-02 22:00:00+00:00,2023-02-02 22:00:00+00:00,2023-02-03 02:00:00+00:00,331.72,322.16,9.560000000000002,False,OPPOSITE_VISIT_BEFORE_K1,0,1,,,False,,,OPPOSITE_VISIT_BEFORE_K1,2023-02-02 22:00:00+00:00,
120,02:00,3,2023-02-04,Saturday,2023-02-03 19:00:00+00:00,2023-02-03 22:00:00+00:00,2023-02-03 22:00:00+00:00,2023-02-04 02:00:00+00:00,332.5,328.43,4.069999999999993,False,OPPOSITE_VISIT_BEFORE_K1,0,1,,,False,,,OPPOSITE_VISIT_BEFORE_K1,2023-02-03 22:10:00+00:00,
120,02:00,3,2023-02-05,Sunday,2023-02-04 19:00:00+00:00,2023-02-04 22:00:00+00:00,2023-02-04 22:00:00+00:00,2023-02-05 02:00:00+00:00,331.6,329.55,2.0500000000000114,True,,1,0,2023-02-04 22:35:00+00:00,2023-02-04 22:40:00+00:00,True,2023-02-04 22:40:00+00:00,2023-02-04 22:45:00+00:00,H2_ARRIVAL,2023-02-04 23:00:00+00:00,20.0
120,02:00,3,2023-02-06,Monday,2023-02-05 19:00:00+00:00,2023-02-05 22:00:00+00:00,2023-02-05 22:00:00+00:00,2023-02-06 02:00:00+00:00,327.5,324.41,3.089999999999975,False,BREAK_BEFORE_K1,0,0,,,False,,,BREAK_BEFORE_K1,2023-02-05 22:30:00+00:00,
120,02:00,3,2023-02-07,Tuesday,2023-02-06 19:00:00+00:00,2023-02-06 22:00:00+00:00,2023-02-06 22:00:00+00:00,2023-02-07 02:00:00+00:00,330.0,327.78,2.2200000000000273,False,OPPOSITE_VISIT_BEFORE_K1,0,1,,,False,,,OPPOSITE_VISIT_BEFORE_K1,2023-02-06 22:05:00+00:00,
120,02:00,3,2023-02-08,Wednesday,2023-02-07 19:00:00+00:00,2023-02-07 22:00:00+00:00,2023-02-07 22:00:00+00:00,2023-02-08 02:00:00+00:00,332.94,327.68,5.259999999999991,False,BREAK_BEFORE_K1,0,0,,,False,,,BREAK_BEFORE_K1,2023-02-07 22:45:00+00:00,
120,02:00,3,2023-02-09,Thursday,2023-02-08 19:00:00+00:00,2023-02-08 22:00:00+00:00,2023-02-08 22:00:00+00:00,2023-02-09 02:00:00+00:00,328.05,325.01,3.0400000000000205,True,,1,0,2023-02-08 22:25:00+00:00,2023-02-08 22:30:00+00:00,False,,,BREAK_DURING_K1,2023-02-08 22:30:00+00:00,
120,02:00,3,2023-02-10,Friday,2023-02-09 19:00:00+00:00,2023-02-09 22:00:00+00:00,2023-02-09 22:00:00+00:00,2023-02-10 02:00:00+00:00,316.54,302.0,14.54000000000002,False,BREAK_BEFORE_K1,0,0,,,False,,,BREAK_BEFORE_K1,2023-02-09 22:50:00+00:00,
120,02:00,3,2023-02-11,Saturday,2023-02-10 19:00:00+00:00,2023-02-10 22:00:00+00:00,2023-02-10 22:00:00+00:00,2023-02-11 02:00:00+00:00,308.56,304.14,4.420000000000016,False,NO_K1,0,0,,,False,,,NO_K1,,
120,02:00,3,2023-02-12,Sunday,2023-02-11 19:00:00+00:00,2023-02-11 22:00:00+00:00,2023-02-11 22:00:00+00:00,2023-02-12 02:00:00+00:00,310.98,307.48,3.5,True,,1,0,2023-02-11 22:40:00+00:00,2023-02-11 22:45:00+00:00,True,2023-02-11 22:50:00+00:00,2023-02-11 22:55:00+00:00,H2_ARRIVAL,2023-02-11 23:25:00+00:00,35.0
120,02:00,3,2023-02-13,Monday,2023-02-12 19:00:00+00:00,2023-02-12 22:00:00+00:00,2023-02-12 22:00:00+00:00,2023-02-13 02:00:00+00:00,320.18,314.4,5.78000000000003,False,BREAK_BEFORE_K1,0,0,,,False,,,BREAK_BEFORE_K1,2023-02-12 22:05:00+00:00,
120,02:00,3,2023-02-14,Tuesday,2023-02-13 19:00:00+00:00,2023-02-13 22:00:00+00:00,2023-02-13 22:00:00+00:00,2023-02-14 02:00:00+00:00,290.7,287.07,3.6299999999999955,True,,1,0,2023-02-13 22:25:00+00:00,2023-02-13 22:30:00+00:00,False,,,BREAK_DURING_K1,2023-02-13 22:30:00+00:00,
120,02:00,3,2023-02-15,Wednesday,2023-02-14 19:00:00+00:00,2023-02-14 22:00:00+00:00,2023-02-14 22:00:00+00:00,2023-02-15 02:00:00+00:00,298.4,296.0,2.3999999999999773,False,OPPOSITE_VISIT_BEFORE_K1,0,1,,,False,,,OPPOSITE_VISIT_BEFORE_K1,2023-02-14 22:20:00+00:00,
120,02:00,3,2023-02-16,Thursday,2023-02-15 19:00:00+00:00,2023-02-15 22:00:00+00:00,2023-02-15 22:00:00+00:00,2023-02-16 02:00:00+00:00,317.28,303.3,13.979999999999961,True,,1,0,2023-02-15 22:35:00+00:00,2023-02-15 22:40:00+00:00,True,2023-02-15 22:40:00+00:00,2023-02-15 22:45:00+00:00,H2_ARRIVAL,2023-02-15 23:10:00+00:00,30.0
120,02:00,3,2023-02-17,Friday,2023-02-16 19:00:00+00:00,2023-02-16 22:00:00+00:00,2023-02-16 22:00:00+00:00,2023-02-17 02:00:00+00:00,321.87,310.06,11.810000000000002,False,BREAK_BEFORE_K1,0,0,,,False,,,BREAK_BEFORE_K1,2023-02-16 22:20:00+00:00,
120,02:00,3,2023-02-18,Saturday,2023-02-17 19:00:00+00:00,2023-02-17 22:00:00+00:00,2023-02-17 22:00:00+00:00,2023-02-18 02:00:00+00:00,317.0,311.16,5.839999999999975,False,BREAK_BEFORE_K1,0,0,,,False,,,BREAK_BEFORE_K1,2023-02-17 22:05:00+00:00,
120,02:00,3,2023-02-19,Sunday,2023-02-18 19:00:00+00:00,2023-02-18 22:00:00+00:00,2023-02-18 22:00:00+00:00,2023-02-19 02:00:00+00:00,316.99,313.73,3.259999999999991,True,,1,0,2023-02-19 00:00:00+00:00,2023-02-19 00:05:00+00:00,True,2023-02-19 00:05:00+00:00,2023-02-19 00:10:00+00:00,H2_ARRIVAL,2023-02-19 00:45:00+00:00,40.0
120,02:00,3,2023-02-20,Monday,2023-02-19 19:00:00+00:00,2023-02-19 22:00:00+00:00,2023-02-19 22:00:00+00:00,2023-02-20 02:00:00+00:00,313.6,310.0,3.6000000000000227,True,,1,0,2023-02-19 22:10:00+00:00,2023-02-19 22:15:00+00:00,True,2023-02-19 22:15:00+00:00,2023-02-19 22:20:00+00:00,H2_ARRIVAL,2023-02-20 00:30:00+00:00,135.0
120,02:00,3,2023-02-21,Tuesday,2023-02-20 19:00:00+00:00,2023-02-20 22:00:00+00:00,2023-02-20 22:00:00+00:00,2023-02-21 02:00:00+00:00,315.08,313.0,2.079999999999984,False,OPPOSITE_VISIT_BEFORE_K1,0,1,,,False,,,OPPOSITE_VISIT_BEFORE_K1,2023-02-20 22:40:00+00:00,
120,02:00,3,2023-02-22,Wednesday,2023-02-21 19:00:00+00:00,2023-02-21 22:00:00+00:00,2023-02-21 22:00:00+00:00,2023-02-22 02:00:00+00:00,314.02,309.03,4.990000000000009,False,OPPOSITE_VISIT_BEFORE_K1,0,1,,,False,,,OPPOSITE_VISIT_BEFORE_K1,2023-02-22 00:45:00+00:00,
120,02:00,3,2023-02-23,Thursday,2023-02-22 19:00:00+00:00,2023-02-22 22:00:00+00:00,2023-02-22 22:00:00+00:00,2023-02-23 02:00:00+00:00,308.59,305.4,3.1899999999999977,True,,1,0,2023-02-22 22:25:00+00:00,2023-02-22 22:30:00+00:00,False,,,BREAK_DURING_K1,2023-02-22 22:30:00+00:00,
120,02:00,3,2023-02-24,Friday,2023-02-23 19:00:00+00:00,2023-02-23 22:00:00+00:00,2023-02-23 22:00:00+00:00,2023-02-24 02:00:00+00:00,309.88,307.15,2.730000000000018,False,OPPOSITE_VISIT_BEFORE_K1,0,1,,,False,,,OPPOSITE_VISIT_BEFORE_K1,2023-02-23 22:10:00+00:00,
120,02:00,3,2023-02-25,Saturday,2023-02-24 19:00:00+00:00,2023-02-24 22:00:00+00:00,2023-02-24 22:00:00+00:00,2023-02-25 02:00:00+00:00,303.9,298.19,5.7099999999999795,False,NO_K1,0,0,,,False,,,NO_K1,,
120,02:00,3,2023-02-26,Sunday,2023-02-25 19:00:00+00:00,2023-02-25 22:00:00+00:00,2023-02-25 22:00:00+00:00,2023-02-26 02:00:00+00:00,301.37,295.07,6.300000000000011,True,,1,0,2023-02-25 22:50:00+00:00,2023-02-25 22:55:00+00:00,True,2023-02-25 22:55:00+00:00,2023-02-25 23:00:00+00:00,H2_ARRIVAL,2023-02-25 23:00:00+00:00,5.0
120,02:00,3,2023-02-27,Monday,2023-02-26 19:00:00+00:00,2023-02-26 22:00:00+00:00,2023-02-26 22:00:00+00:00,2023-02-27 02:00:00+00:00,309.8,307.07,2.730000000000018,False,BREAK_BEFORE_K1,0,0,,,False,,,BREAK_BEFORE_K1,2023-02-26 22:30:00+00:00,
120,02:00,3,2023-02-28,Tuesday,2023-02-27 19:00:00+00:00,2023-02-27 22:00:00+00:00,2023-02-27 22:00:00+00:00,2023-02-28 02:00:00+00:00,304.28,301.22,3.0599999999999454,True,,1,0,2023-02-27 22:00:00+00:00,2023-02-27 22:05:00+00:00,True,2023-02-27 22:05:00+00:00,2023-02-27 22:10:00+00:00,H2_ARRIVAL,2023-02-27 22:10:00+00:00,5.0
120,02:00,3,2023-03-01,Wednesday,2023-02-28 19:00:00+00:00,2023-02-28 22:00:00+00:00,2023-02-28 22:00:00+00:00,2023-03-01 02:00:00+00:00,303.14,299.52,3.6200000000000045,False,NO_K1,0,0,,,False,,,NO_K1,,
120,02:00,3,2023-03-02,Thursday,2023-03-01 19:00:00+00:00,2023-03-01 22:00:00+00:00,2023-03-01 22:00:00+00:00,2023-03-02 02:00:00+00:00,302.64,300.44,2.1999999999999886,False,BREAK_BEFORE_K1,0,0,,,False,,,BREAK_BEFORE_K1,2023-03-01 23:45:00+00:00,
120,02:00,3,2023-03-03,Friday,2023-03-02 19:00:00+00:00,2023-03-02 22:00:00+00:00,2023-03-02 22:00:00+00:00,2023-03-03 02:00:00+00:00,300.68,298.68,2.0,False,OPPOSITE_VISIT_BEFORE_K1,0,1,,,False,,,OPPOSITE_VISIT_BEFORE_K1,2023-03-03 00:30:00+00:00,
120,02:00,3,2023-03-04,Saturday,2023-03-03 19:00:00+00:00,2023-03-03 22:00:00+00:00,2023-03-03 22:00:00+00:00,2023-03-04 02:00:00+00:00,289.8,287.23,2.569999999999993,False,BREAK_BEFORE_K1,0,0,,,False,,,BREAK_BEFORE_K1,2023-03-03 23:40:00+00:00,
120,02:00,3,2023-03-05,Sunday,2023-03-04 19:00:00+00:00,2023-03-04 22:00:00+00:00,2023-03-04 22:00:00+00:00,2023-03-05 02:00:00+00:00,290.08,285.51,4.569999999999993,False,BREAK_BEFORE_K1,0,0,,,False,,,BREAK_BEFORE_K1,2023-03-05 01:15:00+00:00,
120,02:00,3,2023-03-06,Monday,2023-03-05 19:00:00+00:00,2023-03-05 22:00:00+00:00,2023-03-05 22:00:00+00:00,2023-03-06 02:00:00+00:00,290.51,288.66,1.849999999999966,False,BREAK_BEFORE_K1,0,0,,,False,,,BREAK_BEFORE_K1,2023-03-05 22:30:00+00:00,
120,02:00,3,2023-03-07,Tuesday,2023-03-06 19:00:00+00:00,2023-03-06 22:00:00+00:00,2023-03-06 22:00:00+00:00,2023-03-07 02:00:00+00:00,288.75,286.37,2.3799999999999955,False,BREAK_BEFORE_K1,0,0,,,False,,,BREAK_BEFORE_K1,2023-03-07 01:20:00+00:00,
120,02:00,3,2023-03-08,Wednesday,2023-03-07 19:00:00+00:00,2023-03-07 22:00:00+00:00,2023-03-07 22:00:00+00:00,2023-03-08 02:00:00+00:00,288.34,286.0,2.339999999999975,False,BREAK_BEFORE_K1,0,0,,,False,,,BREAK_BEFORE_K1,2023-03-07 22:05:00+00:00,
120,02:00,3,2023-03-09,Thursday,2023-03-08 19:00:00+00:00,2023-03-08 22:00:00+00:00,2023-03-08 22:00:00+00:00,2023-03-09 02:00:00+00:00,291.95,289.1,2.849999999999966,False,OPPOSITE_VISIT_BEFORE_K1,0,1,,,False,,,OPPOSITE_VISIT_BEFORE_K1,2023-03-08 22:25:00+00:00,
120,02:00,3,2023-03-10,Friday,2023-03-09 19:00:00+00:00,2023-03-09 22:00:00+00:00,2023-03-09 22:00:00+00:00,2023-03-10 02:00:00+00:00,284.01,270.82,13.189999999999998,False,NO_K1,0,0,,,False,,,NO_K1,,
120,02:00,3,2023-03-11,Saturday,2023-03-10 19:00:00+00:00,2023-03-10 22:00:00+00:00,2023-03-10 22:00:00+00:00,2023-03-11 02:00:00+00:00,277.62,274.51,3.1100000000000136,True,,1,0,2023-03-10 23:10:00+00:00,2023-03-10 23:15:00+00:00,False,,,BREAK_DURING_K1,2023-03-10 23:15:00+00:00,
120,02:00,3,2023-03-12,Sunday,2023-03-11 19:00:00+00:00,2023-03-11 22:00:00+00:00,2023-03-11 22:00:00+00:00,2023-03-12 02:00:00+00:00,274.83,271.76,3.069999999999993,True,,1,0,2023-03-11 22:10:00+00:00,2023-03-11 22:15:00+00:00,False,,,BREAK_DURING_K1,2023-03-11 22:15:00+00:00,
120,02:00,3,2023-03-13,Monday,2023-03-12 19:00:00+00:00,2023-03-12 22:00:00+00:00,2023-03-12 22:00:00+00:00,2023-03-13 02:00:00+00:00,281.75,277.41,4.339999999999975,False,BREAK_BEFORE_K1,0,0,,,False,,,BREAK_BEFORE_K1,2023-03-12 22:15:00+00:00,
120,02:00,3,2023-03-14,Tuesday,2023-03-13 19:00:00+00:00,2023-03-13 22:00:00+00:00,2023-03-13 22:00:00+00:00,2023-03-14 02:00:00+00:00,308.8,306.12,2.680000000000007,True,,1,0,2023-03-13 22:00:00+00:00,2023-03-13 22:05:00+00:00,False,,,BREAK_DURING_K1,2023-03-13 22:05:00+00:00,
120,02:00,3,2023-03-15,Wednesday,2023-03-14 19:00:00+00:00,2023-03-14 22:00:00+00:00,2023-03-14 22:00:00+00:00,2023-03-15 02:00:00+00:00,313.55,304.49,9.060000000000002,False,NO_K1,0,0,,,False,,,NO_K1,,
120,02:00,3,2023-03-16,Thursday,2023-03-15 19:00:00+00:00,2023-03-15 22:00:00+00:00,2023-03-15 22:00:00+00:00,2023-03-16 02:00:00+00:00,307.66,304.09,3.57000000000005,False,BREAK_BEFORE_K1,0,0,,,False,,,BREAK_BEFORE_K1,2023-03-15 22:00:00+00:00,
120,02:00,3,2023-03-17,Friday,2023-03-16 19:00:00+00:00,2023-03-16 22:00:00+00:00,2023-03-16 22:00:00+00:00,2023-03-17 02:00:00+00:00,331.76,325.84,5.920000000000016,True,,1,0,2023-03-16 22:10:00+00:00,2023-03-16 22:15:00+00:00,True,2023-03-16 22:20:00+00:00,2023-03-16 22:25:00+00:00,OPPOSITE_BREAK_BEFORE_H2,2023-03-17 00:35:00+00:00,
120,02:00,3,2023-03-18,Saturday,2023-03-17 19:00:00+00:00,2023-03-17 22:00:00+00:00,2023-03-17 22:00:00+00:00,2023-03-18 02:00:00+00:00,336.68,331.6,5.079999999999984,True,,1,0,2023-03-17 22:05:00+00:00,2023-03-17 22:10:00+00:00,False,,,BREAK_DURING_K1,2023-03-17 22:25:00+00:00,
120,02:00,3,2023-03-19,Sunday,2023-03-18 19:00:00+00:00,2023-03-18 22:00:00+00:00,2023-03-18 22:00:00+00:00,2023-03-19 02:00:00+00:00,337.33,333.87,3.4599999999999795,False,BREAK_BEFORE_K1,0,0,,,False,,,BREAK_BEFORE_K1,2023-03-18 22:35:00+00:00,
120,02:00,3,2023-03-20,Monday,2023-03-19 19:00:00+00:00,2023-03-19 22:00:00+00:00,2023-03-19 22:00:00+00:00,2023-03-20 02:00:00+00:00,340.21,334.0,6.2099999999999795,False,OPPOSITE_VISIT_BEFORE_K1,0,1,,,False,,,OPPOSITE_VISIT_BEFORE_K1,2023-03-20 00:05:00+00:00,
120,02:00,3,2023-03-21,Tuesday,2023-03-20 19:00:00+00:00,2023-03-20 22:00:00+00:00,2023-03-20 22:00:00+00:00,2023-03-21 02:00:00+00:00,338.14,331.91,6.229999999999961,False,BREAK_BEFORE_K1,0,0,,,False,,,BREAK_BEFORE_K1,2023-03-20 23:40:00+00:00,
120,02:00,3,2023-03-22,Wednesday,2023-03-21 19:00:00+00:00,2023-03-21 22:00:00+00:00,2023-03-21 22:00:00+00:00,2023-03-22 02:00:00+00:00,337.62,334.32,3.3000000000000114,False,OPPOSITE_VISIT_BEFORE_K1,0,1,,,False,,,OPPOSITE_VISIT_BEFORE_K1,2023-03-21 22:35:00+00:00,
120,02:00,3,2023-03-23,Thursday,2023-03-22 19:00:00+00:00,2023-03-22 22:00:00+00:00,2023-03-22 22:00:00+00:00,2023-03-23 02:00:00+00:00,326.95,316.0,10.949999999999989,False,NO_K1,0,0,,,False,,,NO_K1,,
120,02:00,3,2023-03-24,Friday,2023-03-23 19:00:00+00:00,2023-03-23 22:00:00+00:00,2023-03-23 22:00:00+00:00,2023-03-24 02:00:00+00:00,329.99,326.4,3.590000000000032,False,NO_K1,0,0,,,False,,,NO_K1,,
120,02:00,3,2023-03-25,Saturday,2023-03-24 19:00:00+00:00,2023-03-24 22:00:00+00:00,2023-03-24 22:00:00+00:00,2023-03-25 02:00:00+00:00,322.78,318.3,4.479999999999961,True,,1,0,2023-03-25 00:45:00+00:00,2023-03-25 00:50:00+00:00,False,,,BREAK_DURING_K1,2023-03-25 00:55:00+00:00,
120,02:00,3,2023-03-26,Sunday,2023-03-25 19:00:00+00:00,2023-03-25 22:00:00+00:00,2023-03-25 22:00:00+00:00,2023-03-26 02:00:00+00:00,322.37,318.86,3.509999999999991,False,BREAK_BEFORE_K1,0,0,,,False,,,BREAK_BEFORE_K1,2023-03-25 22:10:00+00:00,
120,02:00,3,2023-03-27,Monday,2023-03-26 19:00:00+00:00,2023-03-26 22:00:00+00:00,2023-03-26 22:00:00+00:00,2023-03-27 02:00:00+00:00,328.0,326.0,2.0,False,BREAK_BEFORE_K1,0,0,,,False,,,BREAK_BEFORE_K1,2023-03-26 22:10:00+00:00,
120,02:00,3,2023-03-28,Tuesday,2023-03-27 19:00:00+00:00,2023-03-27 22:00:00+00:00,2023-03-27 22:00:00+00:00,2023-03-28 02:00:00+00:00,308.86,305.46,3.400000000000034,True,,1,0,2023-03-27 22:30:00+00:00,2023-03-27 22:35:00+00:00,True,2023-03-27 22:35:00+00:00,2023-03-27 22:40:00+00:00,H2_ARRIVAL,2023-03-27 23:30:00+00:00,55.0
120,02:00,3,2023-03-29,Wednesday,2023-03-28 19:00:00+00:00,2023-03-28 22:00:00+00:00,2023-03-28 22:00:00+00:00,2023-03-29 02:00:00+00:00,315.85,312.17,3.680000000000007,False,OPPOSITE_VISIT_BEFORE_K1,0,1,,,False,,,OPPOSITE_VISIT_BEFORE_K1,2023-03-28 22:00:00+00:00,
120,02:00,3,2023-03-30,Thursday,2023-03-29 19:00:00+00:00,2023-03-29 22:00:00+00:00,2023-03-29 22:00:00+00:00,2023-03-30 02:00:00+00:00,316.45,314.04,2.409999999999968,False,BREAK_BEFORE_K1,0,0,,,False,,,BREAK_BEFORE_K1,2023-03-29 22:00:00+00:00,
120,02:00,3,2023-03-31,Friday,2023-03-30 19:00:00+00:00,2023-03-30 22:00:00+00:00,2023-03-30 22:00:00+00:00,2023-03-31 02:00:00+00:00,317.17,314.86,2.3100000000000023,True,,1,0,2023-03-31 00:25:00+00:00,2023-03-31 00:30:00+00:00,True,2023-03-31 00:30:00+00:00,2023-03-31 00:35:00+00:00,H2_ARRIVAL,2023-03-31 01:00:00+00:00,30.0
120,02:00,3,2023-04-01,Saturday,2023-03-31 19:00:00+00:00,2023-03-31 22:00:00+00:00,2023-03-31 22:00:00+00:00,2023-04-01 02:00:00+00:00,317.29,314.79,2.5,True,,1,0,2023-03-31 22:35:00+00:00,2023-03-31 22:40:00+00:00,True,2023-03-31 22:45:00+00:00,2023-03-31 22:50:00+00:00,H2_ARRIVAL,2023-04-01 00:20:00+00:00,95.0
120,02:00,3,2023-04-02,Sunday,2023-04-01 19:00:00+00:00,2023-04-01 22:00:00+00:00,2023-04-01 22:00:00+00:00,2023-04-02 02:00:00+00:00,315.33,313.86,1.4699999999999704,True,,1,0,2023-04-01 22:35:00+00:00,2023-04-01 22:40:00+00:00,False,,,BREAK_DURING_K1,2023-04-01 22:40:00+00:00,
120,02:00,3,2023-04-03,Monday,2023-04-02 19:00:00+00:00,2023-04-02 22:00:00+00:00,2023-04-02 22:00:00+00:00,2023-04-03 02:00:00+00:00,313.16,310.36,2.8000000000000114,False,BREAK_BEFORE_K1,0,0,,,False,,,BREAK_BEFORE_K1,2023-04-02 23:20:00+00:00,
120,02:00,3,2023-04-04,Tuesday,2023-04-03 19:00:00+00:00,2023-04-03 22:00:00+00:00,2023-04-03 22:00:00+00:00,2023-04-04 02:00:00+00:00,312.0,297.43,14.569999999999993,False,NO_K1,0,0,,,False,,,NO_K1,,
120,02:00,3,2023-04-05,Wednesday,2023-04-04 19:00:00+00:00,2023-04-04 22:00:00+00:00,2023-04-04 22:00:00+00:00,2023-04-05 02:00:00+00:00,311.75,310.53,1.2200000000000273,False,OPPOSITE_VISIT_BEFORE_K1,0,1,,,False,,,OPPOSITE_VISIT_BEFORE_K1,2023-04-04 23:15:00+00:00,
120,02:00,3,2023-04-06,Thursday,2023-04-05 19:00:00+00:00,2023-04-05 22:00:00+00:00,2023-04-05 22:00:00+00:00,2023-04-06 02:00:00+00:00,314.59,311.85,2.7399999999999523,False,BREAK_BEFORE_K1,0,0,,,False,,,BREAK_BEFORE_K1,2023-04-05 22:05:00+00:00,
120,02:00,3,2023-04-07,Friday,2023-04-06 19:00:00+00:00,2023-04-06 22:00:00+00:00,2023-04-06 22:00:00+00:00,2023-04-07 02:00:00+00:00,312.93,311.78,1.150000000000034,False,OPPOSITE_VISIT_BEFORE_K1,0,1,,,False,,,OPPOSITE_VISIT_BEFORE_K1,2023-04-06 22:10:00+00:00,
120,02:00,3,2023-04-08,Saturday,2023-04-07 19:00:00+00:00,2023-04-07 22:00:00+00:00,2023-04-07 22:00:00+00:00,2023-04-08 02:00:00+00:00,311.02,310.3,0.7199999999999704,True,,1,0,2023-04-07 22:40:00+00:00,2023-04-07 22:45:00+00:00,False,,,BREAK_DURING_K1,2023-04-07 22:45:00+00:00,
120,02:00,3,2023-04-09,Sunday,2023-04-08 19:00:00+00:00,2023-04-08 22:00:00+00:00,2023-04-08 22:00:00+00:00,2023-04-09 02:00:00+00:00,310.95,310.0,0.9499999999999886,False,OPPOSITE_VISIT_BEFORE_K1,0,1,,,False,,,OPPOSITE_VISIT_BEFORE_K1,2023-04-08 22:25:00+00:00,
120,02:00,3,2023-04-10,Monday,2023-04-09 19:00:00+00:00,2023-04-09 22:00:00+00:00,2023-04-09 22:00:00+00:00,2023-04-10 02:00:00+00:00,312.49,311.3,1.1899999999999977,False,BREAK_BEFORE_K1,0,0,,,False,,,BREAK_BEFORE_K1,2023-04-09 22:00:00+00:00,
120,02:00,3,2023-04-11,Tuesday,2023-04-10 19:00:00+00:00,2023-04-10 22:00:00+00:00,2023-04-10 22:00:00+00:00,2023-04-11 02:00:00+00:00,314.06,312.53,1.5300000000000296,False,BREAK_BEFORE_K1,0,0,,,False,,,BREAK_BEFORE_K1,2023-04-10 22:00:00+00:00,
120,02:00,3,2023-04-12,Wednesday,2023-04-11 19:00:00+00:00,2023-04-11 22:00:00+00:00,2023-04-11 22:00:00+00:00,2023-04-12 02:00:00+00:00,327.48,324.18,3.3000000000000114,False,BREAK_BEFORE_K1,0,0,,,False,,,BREAK_BEFORE_K1,2023-04-11 23:00:00+00:00,
120,02:00,3,2023-04-13,Thursday,2023-04-12 19:00:00+00:00,2023-04-12 22:00:00+00:00,2023-04-12 22:00:00+00:00,2023-04-13 02:00:00+00:00,320.3,318.0,2.3000000000000114,True,,1,0,2023-04-12 22:25:00+00:00,2023-04-12 22:30:00+00:00,True,2023-04-12 22:30:00+00:00,2023-04-12 22:35:00+00:00,H2_ARRIVAL,2023-04-12 23:15:00+00:00,45.0
120,02:00,3,2023-04-14,Friday,2023-04-13 19:00:00+00:00,2023-04-13 22:00:00+00:00,2023-04-13 22:00:00+00:00,2023-04-14 02:00:00+00:00,325.0,323.65,1.3500000000000227,True,,1,0,2023-04-13 22:35:00+00:00,2023-04-13 22:40:00+00:00,True,2023-04-13 22:40:00+00:00,2023-04-13 22:45:00+00:00,H2_ARRIVAL,2023-04-14 00:00:00+00:00,80.0
120,02:00,3,2023-04-15,Saturday,2023-04-14 19:00:00+00:00,2023-04-14 22:00:00+00:00,2023-04-14 22:00:00+00:00,2023-04-15 02:00:00+00:00,330.42,326.94,3.480000000000018,False,NO_K1,0,0,,,False,,,NO_K1,,
120,02:00,3,2023-04-16,Sunday,2023-04-15 19:00:00+00:00,2023-04-15 22:00:00+00:00,2023-04-15 22:00:00+00:00,2023-04-16 02:00:00+00:00,332.99,331.29,1.6999999999999886,False,BREAK_BEFORE_K1,0,0,,,False,,,BREAK_BEFORE_K1,2023-04-15 22:05:00+00:00,
120,02:00,3,2023-04-17,Monday,2023-04-16 19:00:00+00:00,2023-04-16 22:00:00+00:00,2023-04-16 22:00:00+00:00,2023-04-17 02:00:00+00:00,350.39,346.43,3.9599999999999795,False,BREAK_BEFORE_K1,0,0,,,False,,,BREAK_BEFORE_K1,2023-04-17 00:25:00+00:00,
120,02:00,3,2023-04-18,Tuesday,2023-04-17 19:00:00+00:00,2023-04-17 22:00:00+00:00,2023-04-17 22:00:00+00:00,2023-04-18 02:00:00+00:00,343.16,339.79,3.3700000000000045,False,BREAK_BEFORE_K1,0,0,,,False,,,BREAK_BEFORE_K1,2023-04-17 23:35:00+00:00,
120,02:00,3,2023-04-19,Wednesday,2023-04-18 19:00:00+00:00,2023-04-18 22:00:00+00:00,2023-04-18 22:00:00+00:00,2023-04-19 02:00:00+00:00,343.27,340.82,2.4499999999999886,False,BREAK_BEFORE_K1,0,0,,,False,,,BREAK_BEFORE_K1,2023-04-18 23:30:00+00:00,
120,02:00,3,2023-04-20,Thursday,2023-04-19 19:00:00+00:00,2023-04-19 22:00:00+00:00,2023-04-19 22:00:00+00:00,2023-04-20 02:00:00+00:00,325.92,320.66,5.259999999999991,False,OPPOSITE_VISIT_BEFORE_K1,0,1,,,False,,,OPPOSITE_VISIT_BEFORE_K1,2023-04-19 23:20:00+00:00,
120,02:00,3,2023-04-21,Friday,2023-04-20 19:00:00+00:00,2023-04-20 22:00:00+00:00,2023-04-20 22:00:00+00:00,2023-04-21 02:00:00+00:00,318.51,315.14,3.3700000000000045,False,BREAK_BEFORE_K1,0,0,,,False,,,BREAK_BEFORE_K1,2023-04-20 22:05:00+00:00,
120,02:00,3,2023-04-22,Saturday,2023-04-21 19:00:00+00:00,2023-04-21 22:00:00+00:00,2023-04-21 22:00:00+00:00,2023-04-22 02:00:00+00:00,325.18,316.45,8.730000000000018,False,NO_K1,0,0,,,False,,,NO_K1,,
120,02:00,3,2023-04-23,Sunday,2023-04-22 19:00:00+00:00,2023-04-22 22:00:00+00:00,2023-04-22 22:00:00+00:00,2023-04-23 02:00:00+00:00,331.71,329.02,2.6899999999999977,True,,1,0,2023-04-22 22:05:00+00:00,2023-04-22 22:10:00+00:00,False,,,BREAK_DURING_K1,2023-04-22 22:10:00+00:00,
120,02:00,3,2023-04-24,Monday,2023-04-23 19:00:00+00:00,2023-04-23 22:00:00+00:00,2023-04-23 22:00:00+00:00,2023-04-24 02:00:00+00:00,329.87,327.01,2.8600000000000136,False,BREAK_BEFORE_K1,0,0,,,False,,,BREAK_BEFORE_K1,2023-04-23 22:35:00+00:00,
120,02:00,3,2023-04-25,Tuesday,2023-04-24 19:00:00+00:00,2023-04-24 22:00:00+00:00,2023-04-24 22:00:00+00:00,2023-04-25 02:00:00+00:00,332.32,330.56,1.759999999999991,False,BREAK_BEFORE_K1,0,0,,,False,,,BREAK_BEFORE_K1,2023-04-24 23:45:00+00:00,
120,02:00,3,2023-04-26,Wednesday,2023-04-25 19:00:00+00:00,2023-04-25 22:00:00+00:00,2023-04-25 22:00:00+00:00,2023-04-26 02:00:00+00:00,337.12,331.72,5.399999999999977,True,,1,0,2023-04-25 22:00:00+00:00,2023-04-25 22:05:00+00:00,True,2023-04-25 22:10:00+00:00,2023-04-25 22:15:00+00:00,H2_ARRIVAL,2023-04-25 22:45:00+00:00,35.0
120,02:00,3,2023-04-27,Thursday,2023-04-26 19:00:00+00:00,2023-04-26 22:00:00+00:00,2023-04-26 22:00:00+00:00,2023-04-27 02:00:00+00:00,340.6,321.63,18.970000000000027,False,NO_K1,0,0,,,False,,,NO_K1,,
120,02:00,3,2023-04-28,Friday,2023-04-27 19:00:00+00:00,2023-04-27 22:00:00+00:00,2023-04-27 22:00:00+00:00,2023-04-28 02:00:00+00:00,335.65,333.01,2.6399999999999864,False,BREAK_BEFORE_K1,0,0,,,False,,,BREAK_BEFORE_K1,2023-04-27 22:45:00+00:00,
120,02:00,3,2023-04-29,Saturday,2023-04-28 19:00:00+00:00,2023-04-28 22:00:00+00:00,2023-04-28 22:00:00+00:00,2023-04-29 02:00:00+00:00,324.68,322.41,2.269999999999982,False,BREAK_BEFORE_K1,0,0,,,False,,,BREAK_BEFORE_K1,2023-04-29 01:00:00+00:00,
120,02:00,3,2023-04-30,Sunday,2023-04-29 19:00:00+00:00,2023-04-29 22:00:00+00:00,2023-04-29 22:00:00+00:00,2023-04-30 02:00:00+00:00,322.87,321.32,1.5500000000000114,False,OPPOSITE_VISIT_BEFORE_K1,0,1,,,False,,,OPPOSITE_VISIT_BEFORE_K1,2023-04-30 00:05:00+00:00,
120,02:00,3,2023-05-01,Monday,2023-04-30 19:00:00+00:00,2023-04-30 22:00:00+00:00,2023-04-30 22:00:00+00:00,2023-05-01 02:00:00+00:00,337.5,332.16,5.339999999999975,True,,1,0,2023-04-30 23:10:00+00:00,2023-04-30 23:15:00+00:00,True,2023-04-30 23:20:00+00:00,2023-04-30 23:25:00+00:00,H2_ARRIVAL,2023-05-01 00:20:00+00:00,60.0
120,02:00,3,2023-05-02,Tuesday,2023-05-01 19:00:00+00:00,2023-05-01 22:00:00+00:00,2023-05-01 22:00:00+00:00,2023-05-02 02:00:00+00:00,328.34,325.34,3.0,False,BREAK_BEFORE_K1,0,0,,,False,,,BREAK_BEFORE_K1,2023-05-01 22:40:00+00:00,
120,02:00,3,2023-05-03,Wednesday,2023-05-02 19:00:00+00:00,2023-05-02 22:00:00+00:00,2023-05-02 22:00:00+00:00,2023-05-03 02:00:00+00:00,325.59,321.15,4.439999999999998,False,OPPOSITE_VISIT_BEFORE_K1,0,1,,,False,,,OPPOSITE_VISIT_BEFORE_K1,2023-05-02 22:00:00+00:00,
120,02:00,3,2023-05-04,Thursday,2023-05-03 19:00:00+00:00,2023-05-03 22:00:00+00:00,2023-05-03 22:00:00+00:00,2023-05-04 02:00:00+00:00,326.68,322.65,4.03000000000003,True,,1,0,2023-05-03 22:10:00+00:00,2023-05-03 22:15:00+00:00,False,,,BREAK_DURING_K1,2023-05-03 22:15:00+00:00,
120,02:00,3,2023-05-05,Friday,2023-05-04 19:00:00+00:00,2023-05-04 22:00:00+00:00,2023-05-04 22:00:00+00:00,2023-05-05 02:00:00+00:00,324.43,323.2,1.2300000000000182,False,OPPOSITE_VISIT_BEFORE_K1,0,1,,,False,,,OPPOSITE_VISIT_BEFORE_K1,2023-05-04 22:00:00+00:00,
120,02:00,3,2023-05-06,Saturday,2023-05-05 19:00:00+00:00,2023-05-05 22:00:00+00:00,2023-05-05 22:00:00+00:00,2023-05-06 02:00:00+00:00,327.84,324.49,3.349999999999966,False,BREAK_BEFORE_K1,0,0,,,False,,,BREAK_BEFORE_K1,2023-05-06 00:35:00+00:00,
120,02:00,3,2023-05-07,Sunday,2023-05-06 19:00:00+00:00,2023-05-06 22:00:00+00:00,2023-05-06 22:00:00+00:00,2023-05-07 02:00:00+00:00,323.64,321.47,2.169999999999959,False,BREAK_BEFORE_K1,0,0,,,False,,,BREAK_BEFORE_K1,2023-05-07 00:25:00+00:00,
120,02:00,3,2023-05-08,Monday,2023-05-07 19:00:00+00:00,2023-05-07 22:00:00+00:00,2023-05-07 22:00:00+00:00,2023-05-08 02:00:00+00:00,323.93,322.46,1.4700000000000273,False,BREAK_BEFORE_K1,0,0,,,False,,,BREAK_BEFORE_K1,2023-05-07 22:05:00+00:00,
120,02:00,3,2023-05-09,Tuesday,2023-05-08 19:00:00+00:00,2023-05-08 22:00:00+00:00,2023-05-08 22:00:00+00:00,2023-05-09 02:00:00+00:00,313.28,311.04,2.2399999999999523,False,BREAK_BEFORE_K1,0,0,,,False,,,BREAK_BEFORE_K1,2023-05-08 23:20:00+00:00,
120,02:00,3,2023-05-10,Wednesday,2023-05-09 19:00:00+00:00,2023-05-09 22:00:00+00:00,2023-05-09 22:00:00+00:00,2023-05-10 02:00:00+00:00,313.05,311.22,1.829999999999984,False,BREAK_BEFORE_K1,0,0,,,False,,,BREAK_BEFORE_K1,2023-05-09 22:30:00+00:00,
120,02:00,3,2023-05-11,Thursday,2023-05-10 19:00:00+00:00,2023-05-10 22:00:00+00:00,2023-05-10 22:00:00+00:00,2023-05-11 02:00:00+00:00,316.56,311.87,4.689999999999998,False,NO_K1,0,0,,,False,,,NO_K1,,
120,02:00,3,2023-05-12,Friday,2023-05-11 19:00:00+00:00,2023-05-11 22:00:00+00:00,2023-05-11 22:00:00+00:00,2023-05-12 02:00:00+00:00,306.94,304.63,2.3100000000000023,False,BREAK_BEFORE_K1,0,0,,,False,,,BREAK_BEFORE_K1,2023-05-11 22:00:00+00:00,
120,02:00,3,2023-05-13,Saturday,2023-05-12 19:00:00+00:00,2023-05-12 22:00:00+00:00,2023-05-12 22:00:00+00:00,2023-05-13 02:00:00+00:00,308.04,301.2,6.840000000000032,False,BREAK_BEFORE_K1,0,0,,,False,,,BREAK_BEFORE_K1,2023-05-12 22:10:00+00:00,
120,02:00,3,2023-05-14,Sunday,2023-05-13 19:00:00+00:00,2023-05-13 22:00:00+00:00,2023-05-13 22:00:00+00:00,2023-05-14 02:00:00+00:00,311.6,308.97,2.6299999999999955,False,BREAK_BEFORE_K1,0,0,,,False,,,BREAK_BEFORE_K1,2023-05-13 23:00:00+00:00,
120,02:00,3,2023-05-15,Monday,2023-05-14 19:00:00+00:00,2023-05-14 22:00:00+00:00,2023-05-14 22:00:00+00:00,2023-05-15 02:00:00+00:00,311.72,310.55,1.170000000000016,True,,1,0,2023-05-14 22:20:00+00:00,2023-05-14 22:25:00+00:00,False,,,BREAK_DURING_K1,2023-05-14 22:30:00+00:00,
120,02:00,3,2023-05-16,Tuesday,2023-05-15 19:00:00+00:00,2023-05-15 22:00:00+00:00,2023-05-15 22:00:00+00:00,2023-05-16 02:00:00+00:00,314.15,312.9,1.25,False,BREAK_BEFORE_K1,0,0,,,False,,,BREAK_BEFORE_K1,2023-05-16 00:40:00+00:00,
120,02:00,3,2023-05-17,Wednesday,2023-05-16 19:00:00+00:00,2023-05-16 22:00:00+00:00,2023-05-16 22:00:00+00:00,2023-05-17 02:00:00+00:00,311.47,309.67,1.8000000000000114,False,BREAK_BEFORE_K1,0,0,,,False,,,BREAK_BEFORE_K1,2023-05-16 22:00:00+00:00,
120,02:00,3,2023-05-18,Thursday,2023-05-17 19:00:00+00:00,2023-05-17 22:00:00+00:00,2023-05-17 22:00:00+00:00,2023-05-18 02:00:00+00:00,314.41,311.75,2.660000000000025,False,NO_K1,0,0,,,False,,,NO_K1,,
120,02:00,3,2023-05-19,Friday,2023-05-18 19:00:00+00:00,2023-05-18 22:00:00+00:00,2023-05-18 22:00:00+00:00,2023-05-19 02:00:00+00:00,310.37,306.72,3.6499999999999773,False,BREAK_BEFORE_K1,0,0,,,False,,,BREAK_BEFORE_K1,2023-05-18 22:05:00+00:00,
120,02:00,3,2023-05-20,Saturday,2023-05-19 19:00:00+00:00,2023-05-19 22:00:00+00:00,2023-05-19 22:00:00+00:00,2023-05-20 02:00:00+00:00,308.87,307.65,1.2200000000000273,False,BREAK_BEFORE_K1,0,0,,,False,,,BREAK_BEFORE_K1,2023-05-19 23:20:00+00:00,
120,02:00,3,2023-05-21,Sunday,2023-05-20 19:00:00+00:00,2023-05-20 22:00:00+00:00,2023-05-20 22:00:00+00:00,2023-05-21 02:00:00+00:00,311.58,310.0,1.579999999999984,True,,1,0,2023-05-21 00:50:00+00:00,2023-05-21 00:55:00+00:00,True,2023-05-21 00:55:00+00:00,2023-05-21 01:00:00+00:00,NO_H2_BY_END,,
120,02:00,3,2023-05-22,Monday,2023-05-21 19:00:00+00:00,2023-05-21 22:00:00+00:00,2023-05-21 22:00:00+00:00,2023-05-22 02:00:00+00:00,308.9,305.55,3.349999999999966,False,OPPOSITE_VISIT_BEFORE_K1,0,1,,,False,,,OPPOSITE_VISIT_BEFORE_K1,2023-05-22 00:30:00+00:00,
120,02:00,3,2023-05-23,Tuesday,2023-05-22 19:00:00+00:00,2023-05-22 22:00:00+00:00,2023-05-22 22:00:00+00:00,2023-05-23 02:00:00+00:00,310.77,309.7,1.0699999999999932,False,BREAK_BEFORE_K1,0,0,,,False,,,BREAK_BEFORE_K1,2023-05-22 22:20:00+00:00,
120,02:00,3,2023-05-24,Wednesday,2023-05-23 19:00:00+00:00,2023-05-23 22:00:00+00:00,2023-05-23 22:00:00+00:00,2023-05-24 02:00:00+00:00,313.92,312.32,1.6000000000000227,False,NO_K1,0,0,,,False,,,NO_K1,,
120,02:00,3,2023-05-25,Thursday,2023-05-24 19:00:00+00:00,2023-05-24 22:00:00+00:00,2023-05-24 22:00:00+00:00,2023-05-25 02:00:00+00:00,306.62,304.91,1.7099999999999795,False,BREAK_BEFORE_K1,0,0,,,False,,,BREAK_BEFORE_K1,2023-05-25 00:40:00+00:00,
120,02:00,3,2023-05-26,Friday,2023-05-25 19:00:00+00:00,2023-05-25 22:00:00+00:00,2023-05-25 22:00:00+00:00,2023-05-26 02:00:00+00:00,305.94,304.06,1.8799999999999955,False,OPPOSITE_VISIT_BEFORE_K1,0,1,,,False,,,OPPOSITE_VISIT_BEFORE_K1,2023-05-26 00:45:00+00:00,
120,02:00,3,2023-05-27,Saturday,2023-05-26 19:00:00+00:00,2023-05-26 22:00:00+00:00,2023-05-26 22:00:00+00:00,2023-05-27 02:00:00+00:00,307.45,306.61,0.839999999999975,False,OPPOSITE_VISIT_BEFORE_K1,0,1,,,False,,,OPPOSITE_VISIT_BEFORE_K1,2023-05-27 00:00:00+00:00,
120,02:00,3,2023-05-28,Sunday,2023-05-27 19:00:00+00:00,2023-05-27 22:00:00+00:00,2023-05-27 22:00:00+00:00,2023-05-28 02:00:00+00:00,306.22,304.75,1.4700000000000273,False,BREAK_BEFORE_K1,0,0,,,False,,,BREAK_BEFORE_K1,2023-05-27 22:00:00+00:00,
120,02:00,3,2023-05-29,Monday,2023-05-28 19:00:00+00:00,2023-05-28 22:00:00+00:00,2023-05-28 22:00:00+00:00,2023-05-29 02:00:00+00:00,312.1,308.91,3.1899999999999977,False,BREAK_BEFORE_K1,0,0,,,False,,,BREAK_BEFORE_K1,2023-05-28 22:00:00+00:00,
120,02:00,3,2023-05-30,Tuesday,2023-05-29 19:00:00+00:00,2023-05-29 22:00:00+00:00,2023-05-29 22:00:00+00:00,2023-05-30 02:00:00+00:00,312.87,311.02,1.8500000000000227,False,OPPOSITE_VISIT_BEFORE_K1,0,1,,,False,,,OPPOSITE_VISIT_BEFORE_K1,2023-05-29 22:00:00+00:00,
120,02:00,3,2023-05-31,Wednesday,2023-05-30 19:00:00+00:00,2023-05-30 22:00:00+00:00,2023-05-30 22:00:00+00:00,2023-05-31 02:00:00+00:00,313.34,312.13,1.2099999999999795,False,OPPOSITE_VISIT_BEFORE_K1,0,1,,,False,,,OPPOSITE_VISIT_BEFORE_K1,2023-05-30 22:15:00+00:00,
120,02:00,3,2023-06-01,Thursday,2023-05-31 19:00:00+00:00,2023-05-31 22:00:00+00:00,2023-05-31 22:00:00+00:00,2023-06-01 02:00:00+00:00,306.56,305.35,1.2099999999999795,True,,1,0,2023-05-31 23:25:00+00:00,2023-05-31 23:30:00+00:00,False,,,BREAK_DURING_K1,2023-05-31 23:30:00+00:00,
120,02:00,3,2023-06-02,Friday,2023-06-01 19:00:00+00:00,2023-06-01 22:00:00+00:00,2023-06-01 22:00:00+00:00,2023-06-02 02:00:00+00:00,305.75,303.52,2.230000000000018,True,,1,0,2023-06-01 22:00:00+00:00,2023-06-01 22:05:00+00:00,False,,,BREAK_DURING_K1,2023-06-01 22:10:00+00:00,
120,02:00,3,2023-06-03,Saturday,2023-06-02 19:00:00+00:00,2023-06-02 22:00:00+00:00,2023-06-02 22:00:00+00:00,2023-06-03 02:00:00+00:00,308.5,307.03,1.4700000000000273,False,OPPOSITE_VISIT_BEFORE_K1,0,1,,,False,,,OPPOSITE_VISIT_BEFORE_K1,2023-06-03 00:00:00+00:00,
120,02:00,3,2023-06-04,Sunday,2023-06-03 19:00:00+00:00,2023-06-03 22:00:00+00:00,2023-06-03 22:00:00+00:00,2023-06-04 02:00:00+00:00,306.73,305.61,1.1200000000000045,False,BREAK_BEFORE_K1,0,0,,,False,,,BREAK_BEFORE_K1,2023-06-03 23:45:00+00:00,
120,02:00,3,2023-06-05,Monday,2023-06-04 19:00:00+00:00,2023-06-04 22:00:00+00:00,2023-06-04 22:00:00+00:00,2023-06-05 02:00:00+00:00,306.76,305.8,0.9599999999999795,False,OPPOSITE_VISIT_BEFORE_K1,0,1,,,False,,,OPPOSITE_VISIT_BEFORE_K1,2023-06-04 22:00:00+00:00,
120,02:00,3,2023-06-06,Tuesday,2023-06-05 19:00:00+00:00,2023-06-05 22:00:00+00:00,2023-06-05 22:00:00+00:00,2023-06-06 02:00:00+00:00,277.39,271.88,5.509999999999991,False,BREAK_BEFORE_K1,0,0,,,False,,,BREAK_BEFORE_K1,2023-06-06 00:10:00+00:00,
120,02:00,3,2023-06-07,Wednesday,2023-06-06 19:00:00+00:00,2023-06-06 22:00:00+00:00,2023-06-06 22:00:00+00:00,2023-06-07 02:00:00+00:00,285.87,280.47,5.399999999999977,False,OPPOSITE_VISIT_BEFORE_K1,0,1,,,False,,,OPPOSITE_VISIT_BEFORE_K1,2023-06-06 22:30:00+00:00,
120,02:00,3,2023-06-08,Thursday,2023-06-07 19:00:00+00:00,2023-06-07 22:00:00+00:00,2023-06-07 22:00:00+00:00,2023-06-08 02:00:00+00:00,261.38,257.25,4.1299999999999955,False,BREAK_BEFORE_K1,0,0,,,False,,,BREAK_BEFORE_K1,2023-06-08 01:10:00+00:00,
120,02:00,3,2023-06-09,Friday,2023-06-08 19:00:00+00:00,2023-06-08 22:00:00+00:00,2023-06-08 22:00:00+00:00,2023-06-09 02:00:00+00:00,265.26,262.6,2.659999999999968,False,OPPOSITE_VISIT_BEFORE_K1,0,1,,,False,,,OPPOSITE_VISIT_BEFORE_K1,2023-06-08 23:10:00+00:00,
120,02:00,3,2023-06-10,Saturday,2023-06-09 19:00:00+00:00,2023-06-09 22:00:00+00:00,2023-06-09 22:00:00+00:00,2023-06-10 02:00:00+00:00,262.5,259.12,3.3799999999999955,False,OPPOSITE_VISIT_BEFORE_K1,0,1,,,False,,,OPPOSITE_VISIT_BEFORE_K1,2023-06-10 00:50:00+00:00,
120,02:00,3,2023-06-11,Sunday,2023-06-10 19:00:00+00:00,2023-06-10 22:00:00+00:00,2023-06-10 22:00:00+00:00,2023-06-11 02:00:00+00:00,238.89,236.42,2.469999999999999,False,BREAK_BEFORE_K1,0,0,,,False,,,BREAK_BEFORE_K1,2023-06-10 22:15:00+00:00,
120,02:00,3,2023-06-12,Monday,2023-06-11 19:00:00+00:00,2023-06-11 22:00:00+00:00,2023-06-11 22:00:00+00:00,2023-06-12 02:00:00+00:00,238.46,236.15,2.3100000000000023,False,BREAK_BEFORE_K1,0,0,,,False,,,BREAK_BEFORE_K1,2023-06-11 22:40:00+00:00,
120,02:00,3,2023-06-13,Tuesday,2023-06-12 19:00:00+00:00,2023-06-12 22:00:00+00:00,2023-06-12 22:00:00+00:00,2023-06-13 02:00:00+00:00,231.89,228.11,3.7799999999999727,False,BREAK_BEFORE_K1,0,0,,,False,,,BREAK_BEFORE_K1,2023-06-12 22:00:00+00:00,
120,02:00,3,2023-06-14,Wednesday,2023-06-13 19:00:00+00:00,2023-06-13 22:00:00+00:00,2023-06-13 22:00:00+00:00,2023-06-14 02:00:00+00:00,245.0,236.63,8.370000000000005,True,,1,0,2023-06-14 00:00:00+00:00,2023-06-14 00:05:00+00:00,False,,,BREAK_DURING_K1,2023-06-14 00:05:00+00:00,
120,02:00,3,2023-06-15,Thursday,2023-06-14 19:00:00+00:00,2023-06-14 22:00:00+00:00,2023-06-14 22:00:00+00:00,2023-06-15 02:00:00+00:00,246.85,232.32,14.530000000000001,False,NO_K1,0,0,,,False,,,NO_K1,,
120,02:00,3,2023-06-16,Friday,2023-06-15 19:00:00+00:00,2023-06-15 22:00:00+00:00,2023-06-15 22:00:00+00:00,2023-06-16 02:00:00+00:00,238.97,234.45,4.52000000000001,False,NO_K1,0,0,,,False,,,NO_K1,,
120,02:00,3,2023-06-17,Saturday,2023-06-16 19:00:00+00:00,2023-06-16 22:00:00+00:00,2023-06-16 22:00:00+00:00,2023-06-17 02:00:00+00:00,240.65,238.51,2.140000000000015,False,OPPOSITE_VISIT_BEFORE_K1,0,1,,,False,,,OPPOSITE_VISIT_BEFORE_K1,2023-06-16 22:50:00+00:00,
120,02:00,3,2023-06-18,Sunday,2023-06-17 19:00:00+00:00,2023-06-17 22:00:00+00:00,2023-06-17 22:00:00+00:00,2023-06-18 02:00:00+00:00,246.1,244.27,1.829999999999984,True,,1,0,2023-06-17 22:10:00+00:00,2023-06-17 22:15:00+00:00,True,2023-06-17 22:15:00+00:00,2023-06-17 22:20:00+00:00,OPPOSITE_BREAK_BEFORE_H2,2023-06-18 00:15:00+00:00,
120,02:00,3,2023-06-19,Monday,2023-06-18 19:00:00+00:00,2023-06-18 22:00:00+00:00,2023-06-18 22:00:00+00:00,2023-06-19 02:00:00+00:00,246.68,242.9,3.780000000000001,False,OPPOSITE_VISIT_BEFORE_K1,0,1,,,False,,,OPPOSITE_VISIT_BEFORE_K1,2023-06-18 22:15:00+00:00,
120,02:00,3,2023-06-20,Tuesday,2023-06-19 19:00:00+00:00,2023-06-19 22:00:00+00:00,2023-06-19 22:00:00+00:00,2023-06-20 02:00:00+00:00,243.17,239.52,3.6499999999999773,False,BREAK_BEFORE_K1,0,0,,,False,,,BREAK_BEFORE_K1,2023-06-19 22:25:00+00:00,
120,02:00,3,2023-06-21,Wednesday,2023-06-20 19:00:00+00:00,2023-06-20 22:00:00+00:00,2023-06-20 22:00:00+00:00,2023-06-21 02:00:00+00:00,245.86,242.14,3.7200000000000273,False,BREAK_BEFORE_K1,0,0,,,False,,,BREAK_BEFORE_K1,2023-06-20 23:15:00+00:00,
120,02:00,3,2023-06-22,Thursday,2023-06-21 19:00:00+00:00,2023-06-21 22:00:00+00:00,2023-06-21 22:00:00+00:00,2023-06-22 02:00:00+00:00,250.13,247.29,2.8400000000000034,False,BREAK_BEFORE_K1,0,0,,,False,,,BREAK_BEFORE_K1,2023-06-21 23:00:00+00:00,
120,02:00,3,2023-06-23,Friday,2023-06-22 19:00:00+00:00,2023-06-22 22:00:00+00:00,2023-06-22 22:00:00+00:00,2023-06-23 02:00:00+00:00,245.24,242.23,3.0100000000000193,False,OPPOSITE_VISIT_BEFORE_K1,0,1,,,False,,,OPPOSITE_VISIT_BEFORE_K1,2023-06-22 22:05:00+00:00,
120,02:00,3,2023-06-24,Saturday,2023-06-23 19:00:00+00:00,2023-06-23 22:00:00+00:00,2023-06-23 22:00:00+00:00,2023-06-24 02:00:00+00:00,247.5,244.29,3.210000000000008,False,BREAK_BEFORE_K1,0,0,,,False,,,BREAK_BEFORE_K1,2023-06-23 22:00:00+00:00,
120,02:00,3,2023-06-25,Sunday,2023-06-24 19:00:00+00:00,2023-06-24 22:00:00+00:00,2023-06-24 22:00:00+00:00,2023-06-25 02:00:00+00:00,237.46,233.61,3.8499999999999943,True,,1,0,2023-06-25 01:40:00+00:00,2023-06-25 01:45:00+00:00,True,2023-06-25 01:45:00+00:00,2023-06-25 01:50:00+00:00,H2_ARRIVAL,2023-06-25 01:50:00+00:00,5.0
120,02:00,3,2023-06-26,Monday,2023-06-25 19:00:00+00:00,2023-06-25 22:00:00+00:00,2023-06-25 22:00:00+00:00,2023-06-26 02:00:00+00:00,238.9,236.78,2.1200000000000045,False,BREAK_BEFORE_K1,0,0,,,False,,,BREAK_BEFORE_K1,2023-06-25 22:20:00+00:00,
120,02:00,3,2023-06-27,Tuesday,2023-06-26 19:00:00+00:00,2023-06-26 22:00:00+00:00,2023-06-26 22:00:00+00:00,2023-06-27 02:00:00+00:00,236.96,234.2,2.7600000000000193,False,OPPOSITE_VISIT_BEFORE_K1,0,1,,,False,,,OPPOSITE_VISIT_BEFORE_K1,2023-06-26 22:00:00+00:00,
120,02:00,3,2023-06-28,Wednesday,2023-06-27 19:00:00+00:00,2023-06-27 22:00:00+00:00,2023-06-27 22:00:00+00:00,2023-06-28 02:00:00+00:00,239.3,238.15,1.1500000000000057,False,OPPOSITE_VISIT_BEFORE_K1,0,1,,,False,,,OPPOSITE_VISIT_BEFORE_K1,2023-06-27 22:25:00+00:00,
120,02:00,3,2023-06-29,Thursday,2023-06-28 19:00:00+00:00,2023-06-28 22:00:00+00:00,2023-06-28 22:00:00+00:00,2023-06-29 02:00:00+00:00,233.15,221.2,11.950000000000017,False,NO_K1,0,0,,,False,,,NO_K1,,
120,02:00,3,2023-06-30,Friday,2023-06-29 19:00:00+00:00,2023-06-29 22:00:00+00:00,2023-06-29 22:00:00+00:00,2023-06-30 02:00:00+00:00,234.05,232.2,1.8500000000000227,True,,1,0,2023-06-30 00:25:00+00:00,2023-06-30 00:30:00+00:00,False,,,BREAK_DURING_K1,2023-06-30 00:30:00+00:00,
120,02:00,3,2023-07-01,Saturday,2023-06-30 19:00:00+00:00,2023-06-30 22:00:00+00:00,2023-06-30 22:00:00+00:00,2023-07-01 02:00:00+00:00,241.52,239.82,1.700000000000017,False,BREAK_BEFORE_K1,0,0,,,False,,,BREAK_BEFORE_K1,2023-07-01 00:20:00+00:00,
120,02:00,3,2023-07-02,Sunday,2023-07-01 19:00:00+00:00,2023-07-01 22:00:00+00:00,2023-07-01 22:00:00+00:00,2023-07-02 02:00:00+00:00,249.54,246.34,3.1999999999999886,False,OPPOSITE_VISIT_BEFORE_K1,0,1,,,False,,,OPPOSITE_VISIT_BEFORE_K1,2023-07-02 01:45:00+00:00,
120,02:00,3,2023-07-03,Monday,2023-07-02 19:00:00+00:00,2023-07-02 22:00:00+00:00,2023-07-02 22:00:00+00:00,2023-07-03 02:00:00+00:00,245.9,244.31,1.5900000000000034,True,,1,0,2023-07-02 22:00:00+00:00,2023-07-02 22:05:00+00:00,False,,,BREAK_DURING_K1,2023-07-02 22:05:00+00:00,
120,02:00,3,2023-07-04,Tuesday,2023-07-03 19:00:00+00:00,2023-07-03 22:00:00+00:00,2023-07-03 22:00:00+00:00,2023-07-04 02:00:00+00:00,248.6,245.1,3.5,False,NO_K1,0,0,,,False,,,NO_K1,,
120,02:00,3,2023-07-05,Wednesday,2023-07-04 19:00:00+00:00,2023-07-04 22:00:00+00:00,2023-07-04 22:00:00+00:00,2023-07-05 02:00:00+00:00,242.62,240.15,2.469999999999999,False,BREAK_BEFORE_K1,0,0,,,False,,,BREAK_BEFORE_K1,2023-07-04 22:05:00+00:00,
120,02:00,3,2023-07-06,Thursday,2023-07-05 19:00:00+00:00,2023-07-05 22:00:00+00:00,2023-07-05 22:00:00+00:00,2023-07-06 02:00:00+00:00,239.67,237.98,1.6899999999999977,False,OPPOSITE_VISIT_BEFORE_K1,0,1,,,False,,,OPPOSITE_VISIT_BEFORE_K1,2023-07-05 23:10:00+00:00,
120,02:00,3,2023-07-07,Friday,2023-07-06 19:00:00+00:00,2023-07-06 22:00:00+00:00,2023-07-06 22:00:00+00:00,2023-07-07 02:00:00+00:00,238.85,233.22,5.6299999999999955,False,BREAK_BEFORE_K1,0,0,,,False,,,BREAK_BEFORE_K1,2023-07-06 22:50:00+00:00,
120,02:00,3,2023-07-08,Saturday,2023-07-07 19:00:00+00:00,2023-07-07 22:00:00+00:00,2023-07-07 22:00:00+00:00,2023-07-08 02:00:00+00:00,235.48,233.85,1.6299999999999955,True,,1,0,2023-07-07 22:25:00+00:00,2023-07-07 22:30:00+00:00,True,2023-07-07 22:35:00+00:00,2023-07-07 22:40:00+00:00,H2_ARRIVAL,2023-07-07 22:50:00+00:00,15.0
120,02:00,3,2023-07-09,Sunday,2023-07-08 19:00:00+00:00,2023-07-08 22:00:00+00:00,2023-07-08 22:00:00+00:00,2023-07-09 02:00:00+00:00,235.7,233.53,2.1699999999999875,True,,1,0,2023-07-08 22:10:00+00:00,2023-07-08 22:15:00+00:00,True,2023-07-08 22:20:00+00:00,2023-07-08 22:25:00+00:00,H2_ARRIVAL,2023-07-08 22:35:00+00:00,15.0
120,02:00,3,2023-07-10,Monday,2023-07-09 19:00:00+00:00,2023-07-09 22:00:00+00:00,2023-07-09 22:00:00+00:00,2023-07-10 02:00:00+00:00,234.78,233.75,1.0300000000000011,False,BREAK_BEFORE_K1,0,0,,,False,,,BREAK_BEFORE_K1,2023-07-09 22:00:00+00:00,
120,02:00,3,2023-07-11,Tuesday,2023-07-10 19:00:00+00:00,2023-07-10 22:00:00+00:00,2023-07-10 22:00:00+00:00,2023-07-11 02:00:00+00:00,246.29,244.08,2.2099999999999795,False,BREAK_BEFORE_K1,0,0,,,False,,,BREAK_BEFORE_K1,2023-07-10 22:00:00+00:00,
120,02:00,3,2023-07-12,Wednesday,2023-07-11 19:00:00+00:00,2023-07-11 22:00:00+00:00,2023-07-11 22:00:00+00:00,2023-07-12 02:00:00+00:00,247.96,246.6,1.3600000000000136,False,BREAK_BEFORE_K1,0,0,,,False,,,BREAK_BEFORE_K1,2023-07-11 22:05:00+00:00,
120,02:00,3,2023-07-13,Thursday,2023-07-12 19:00:00+00:00,2023-07-12 22:00:00+00:00,2023-07-12 22:00:00+00:00,2023-07-13 02:00:00+00:00,243.66,242.12,1.539999999999992,True,,1,0,2023-07-12 23:30:00+00:00,2023-07-12 23:35:00+00:00,False,,,BREAK_DURING_K1,2023-07-12 23:35:00+00:00,
120,02:00,3,2023-07-14,Friday,2023-07-13 19:00:00+00:00,2023-07-13 22:00:00+00:00,2023-07-13 22:00:00+00:00,2023-07-14 02:00:00+00:00,254.74,250.44,4.300000000000011,True,,1,0,2023-07-13 23:30:00+00:00,2023-07-13 23:35:00+00:00,False,,,BREAK_DURING_K1,2023-07-13 23:35:00+00:00,
120,02:00,3,2023-07-15,Saturday,2023-07-14 19:00:00+00:00,2023-07-14 22:00:00+00:00,2023-07-14 22:00:00+00:00,2023-07-15 02:00:00+00:00,246.57,242.93,3.6399999999999864,False,BREAK_BEFORE_K1,0,0,,,False,,,BREAK_BEFORE_K1,2023-07-14 23:20:00+00:00,
120,02:00,3,2023-07-16,Sunday,2023-07-15 19:00:00+00:00,2023-07-15 22:00:00+00:00,2023-07-15 22:00:00+00:00,2023-07-16 02:00:00+00:00,251.74,249.63,2.1100000000000136,False,OPPOSITE_VISIT_BEFORE_K1,0,1,,,False,,,OPPOSITE_VISIT_BEFORE_K1,2023-07-15 22:00:00+00:00,
120,02:00,3,2023-07-17,Monday,2023-07-16 19:00:00+00:00,2023-07-16 22:00:00+00:00,2023-07-16 22:00:00+00:00,2023-07-17 02:00:00+00:00,244.88,243.0,1.8799999999999955,False,OPPOSITE_VISIT_BEFORE_K1,0,1,,,False,,,OPPOSITE_VISIT_BEFORE_K1,2023-07-16 23:20:00+00:00,
120,02:00,3,2023-07-18,Tuesday,2023-07-17 19:00:00+00:00,2023-07-17 22:00:00+00:00,2023-07-17 22:00:00+00:00,2023-07-18 02:00:00+00:00,244.52,240.46,4.060000000000002,False,BREAK_BEFORE_K1,0,0,,,False,,,BREAK_BEFORE_K1,2023-07-17 22:25:00+00:00,
120,02:00,3,2023-07-19,Wednesday,2023-07-18 19:00:00+00:00,2023-07-18 22:00:00+00:00,2023-07-18 22:00:00+00:00,2023-07-19 02:00:00+00:00,241.45,239.23,2.219999999999999,False,BREAK_BEFORE_K1,0,0,,,False,,,BREAK_BEFORE_K1,2023-07-19 00:30:00+00:00,
120,02:00,3,2023-07-20,Thursday,2023-07-19 19:00:00+00:00,2023-07-19 22:00:00+00:00,2023-07-19 22:00:00+00:00,2023-07-20 02:00:00+00:00,243.0,240.27,2.7299999999999898,False,NO_K1,0,0,,,False,,,NO_K1,,
120,02:00,3,2023-07-21,Friday,2023-07-20 19:00:00+00:00,2023-07-20 22:00:00+00:00,2023-07-20 22:00:00+00:00,2023-07-21 02:00:00+00:00,243.55,240.69,2.8600000000000136,True,,1,0,2023-07-21 01:10:00+00:00,2023-07-21 01:15:00+00:00,False,,,BREAK_DURING_K1,2023-07-21 01:15:00+00:00,
120,02:00,3,2023-07-22,Saturday,2023-07-21 19:00:00+00:00,2023-07-21 22:00:00+00:00,2023-07-21 22:00:00+00:00,2023-07-22 02:00:00+00:00,244.58,242.8,1.7800000000000011,False,BREAK_BEFORE_K1,0,0,,,False,,,BREAK_BEFORE_K1,2023-07-22 00:35:00+00:00,
120,02:00,3,2023-07-23,Sunday,2023-07-22 19:00:00+00:00,2023-07-22 22:00:00+00:00,2023-07-22 22:00:00+00:00,2023-07-23 02:00:00+00:00,242.82,241.86,0.9599999999999795,False,OPPOSITE_VISIT_BEFORE_K1,0,1,,,False,,,OPPOSITE_VISIT_BEFORE_K1,2023-07-22 22:25:00+00:00,
120,02:00,3,2023-07-24,Monday,2023-07-23 19:00:00+00:00,2023-07-23 22:00:00+00:00,2023-07-23 22:00:00+00:00,2023-07-24 02:00:00+00:00,243.82,241.68,2.1399999999999864,False,NO_K1,0,0,,,False,,,NO_K1,,
120,02:00,3,2023-07-25,Tuesday,2023-07-24 19:00:00+00:00,2023-07-24 22:00:00+00:00,2023-07-24 22:00:00+00:00,2023-07-25 02:00:00+00:00,239.12,237.66,1.460000000000008,True,,1,0,2023-07-24 22:00:00+00:00,2023-07-24 22:05:00+00:00,True,2023-07-24 22:05:00+00:00,2023-07-24 22:10:00+00:00,H2_ARRIVAL,2023-07-24 22:10:00+00:00,5.0
120,02:00,3,2023-07-26,Wednesday,2023-07-25 19:00:00+00:00,2023-07-25 22:00:00+00:00,2023-07-25 22:00:00+00:00,2023-07-26 02:00:00+00:00,238.1,236.95,1.1500000000000057,True,,1,0,2023-07-25 22:10:00+00:00,2023-07-25 22:15:00+00:00,True,2023-07-25 22:15:00+00:00,2023-07-25 22:20:00+00:00,H2_ARRIVAL,2023-07-25 22:40:00+00:00,25.0
120,02:00,3,2023-07-27,Thursday,2023-07-26 19:00:00+00:00,2023-07-26 22:00:00+00:00,2023-07-26 22:00:00+00:00,2023-07-27 02:00:00+00:00,240.65,237.3,3.3499999999999943,False,NO_K1,0,0,,,False,,,NO_K1,,
120,02:00,3,2023-07-28,Friday,2023-07-27 19:00:00+00:00,2023-07-27 22:00:00+00:00,2023-07-27 22:00:00+00:00,2023-07-28 02:00:00+00:00,240.95,239.46,1.4899999999999807,True,,1,0,2023-07-28 00:30:00+00:00,2023-07-28 00:35:00+00:00,False,,,BREAK_DURING_K1,2023-07-28 00:40:00+00:00,
120,02:00,3,2023-07-29,Saturday,2023-07-28 19:00:00+00:00,2023-07-28 22:00:00+00:00,2023-07-28 22:00:00+00:00,2023-07-29 02:00:00+00:00,243.11,241.89,1.2200000000000273,False,OPPOSITE_VISIT_BEFORE_K1,0,1,,,False,,,OPPOSITE_VISIT_BEFORE_K1,2023-07-29 00:00:00+00:00,
120,02:00,3,2023-07-30,Sunday,2023-07-29 19:00:00+00:00,2023-07-29 22:00:00+00:00,2023-07-29 22:00:00+00:00,2023-07-30 02:00:00+00:00,242.72,241.82,0.9000000000000057,False,BREAK_BEFORE_K1,0,0,,,False,,,BREAK_BEFORE_K1,2023-07-29 23:40:00+00:00,
120,02:00,3,2023-07-31,Monday,2023-07-30 19:00:00+00:00,2023-07-30 22:00:00+00:00,2023-07-30 22:00:00+00:00,2023-07-31 02:00:00+00:00,243.63,240.39,3.240000000000009,False,BREAK_BEFORE_K1,0,0,,,False,,,BREAK_BEFORE_K1,2023-07-31 00:55:00+00:00,
120,02:00,3,2023-08-01,Tuesday,2023-07-31 19:00:00+00:00,2023-07-31 22:00:00+00:00,2023-07-31 22:00:00+00:00,2023-08-01 02:00:00+00:00,242.03,240.57,1.460000000000008,True,,1,0,2023-08-01 00:40:00+00:00,2023-08-01 00:45:00+00:00,True,2023-08-01 00:50:00+00:00,2023-08-01 00:55:00+00:00,H2_ARRIVAL,2023-08-01 00:55:00+00:00,5.0
120,02:00,3,2023-08-02,Wednesday,2023-08-01 19:00:00+00:00,2023-08-01 22:00:00+00:00,2023-08-01 22:00:00+00:00,2023-08-02 02:00:00+00:00,247.34,245.44,1.9000000000000057,True,,1,0,2023-08-01 23:30:00+00:00,2023-08-01 23:35:00+00:00,True,2023-08-01 23:45:00+00:00,2023-08-01 23:50:00+00:00,H2_ARRIVAL,2023-08-01 23:50:00+00:00,5.0
120,02:00,3,2023-08-03,Thursday,2023-08-02 19:00:00+00:00,2023-08-02 22:00:00+00:00,2023-08-02 22:00:00+00:00,2023-08-03 02:00:00+00:00,242.25,240.53,1.7199999999999989,True,,1,0,2023-08-02 22:10:00+00:00,2023-08-02 22:15:00+00:00,True,2023-08-02 22:15:00+00:00,2023-08-02 22:20:00+00:00,OPPOSITE_BREAK_BEFORE_H2,2023-08-02 23:50:00+00:00,
120,02:00,3,2023-08-04,Friday,2023-08-03 19:00:00+00:00,2023-08-03 22:00:00+00:00,2023-08-03 22:00:00+00:00,2023-08-04 02:00:00+00:00,241.74,240.58,1.1599999999999966,False,BREAK_BEFORE_K1,0,0,,,False,,,BREAK_BEFORE_K1,2023-08-03 22:05:00+00:00,
120,02:00,3,2023-08-05,Saturday,2023-08-04 19:00:00+00:00,2023-08-04 22:00:00+00:00,2023-08-04 22:00:00+00:00,2023-08-05 02:00:00+00:00,241.96,240.11,1.8499999999999943,True,,1,0,2023-08-05 00:05:00+00:00,2023-08-05 00:10:00+00:00,True,2023-08-05 00:20:00+00:00,2023-08-05 00:25:00+00:00,H2_ARRIVAL,2023-08-05 00:35:00+00:00,15.0
120,02:00,3,2023-08-06,Sunday,2023-08-05 19:00:00+00:00,2023-08-05 22:00:00+00:00,2023-08-05 22:00:00+00:00,2023-08-06 02:00:00+00:00,243.37,242.68,0.6899999999999977,True,,1,0,2023-08-06 00:00:00+00:00,2023-08-06 00:05:00+00:00,False,,,BREAK_DURING_K1,2023-08-06 00:15:00+00:00,
120,02:00,3,2023-08-07,Monday,2023-08-06 19:00:00+00:00,2023-08-06 22:00:00+00:00,2023-08-06 22:00:00+00:00,2023-08-07 02:00:00+00:00,244.04,242.84,1.1999999999999886,False,OPPOSITE_VISIT_BEFORE_K1,0,1,,,False,,,OPPOSITE_VISIT_BEFORE_K1,2023-08-06 22:00:00+00:00,
120,02:00,3,2023-08-08,Tuesday,2023-08-07 19:00:00+00:00,2023-08-07 22:00:00+00:00,2023-08-07 22:00:00+00:00,2023-08-08 02:00:00+00:00,242.08,240.87,1.210000000000008,True,,1,0,2023-08-08 00:05:00+00:00,2023-08-08 00:10:00+00:00,True,2023-08-08 00:10:00+00:00,2023-08-08 00:15:00+00:00,H2_ARRIVAL,2023-08-08 00:50:00+00:00,40.0
120,02:00,3,2023-08-09,Wednesday,2023-08-08 19:00:00+00:00,2023-08-08 22:00:00+00:00,2023-08-08 22:00:00+00:00,2023-08-09 02:00:00+00:00,247.38,245.74,1.6399999999999864,False,BREAK_BEFORE_K1,0,0,,,False,,,BREAK_BEFORE_K1,2023-08-08 22:05:00+00:00,
120,02:00,3,2023-08-10,Thursday,2023-08-09 19:00:00+00:00,2023-08-09 22:00:00+00:00,2023-08-09 22:00:00+00:00,2023-08-10 02:00:00+00:00,243.69,242.75,0.9399999999999977,True,,1,0,2023-08-09 22:10:00+00:00,2023-08-09 22:15:00+00:00,True,2023-08-09 22:20:00+00:00,2023-08-09 22:25:00+00:00,H2_ARRIVAL,2023-08-09 22:50:00+00:00,30.0
120,02:00,3,2023-08-11,Friday,2023-08-10 19:00:00+00:00,2023-08-10 22:00:00+00:00,2023-08-10 22:00:00+00:00,2023-08-11 02:00:00+00:00,241.19,240.34,0.8499999999999943,False,BREAK_BEFORE_K1,0,0,,,False,,,BREAK_BEFORE_K1,2023-08-10 22:30:00+00:00,
120,02:00,3,2023-08-12,Saturday,2023-08-11 19:00:00+00:00,2023-08-11 22:00:00+00:00,2023-08-11 22:00:00+00:00,2023-08-12 02:00:00+00:00,239.24,238.67,0.5700000000000216,True,,1,0,2023-08-11 23:20:00+00:00,2023-08-11 23:25:00+00:00,False,,,BREAK_DURING_K1,2023-08-11 23:25:00+00:00,
120,02:00,3,2023-08-13,Sunday,2023-08-12 19:00:00+00:00,2023-08-12 22:00:00+00:00,2023-08-12 22:00:00+00:00,2023-08-13 02:00:00+00:00,240.62,239.71,0.9099999999999966,False,NO_K1,0,0,,,False,,,NO_K1,,
120,02:00,3,2023-08-14,Monday,2023-08-13 19:00:00+00:00,2023-08-13 22:00:00+00:00,2023-08-13 22:00:00+00:00,2023-08-14 02:00:00+00:00,241.75,240.46,1.289999999999992,False,OPPOSITE_VISIT_BEFORE_K1,0,1,,,False,,,OPPOSITE_VISIT_BEFORE_K1,2023-08-13 22:00:00+00:00,
120,02:00,3,2023-08-15,Tuesday,2023-08-14 19:00:00+00:00,2023-08-14 22:00:00+00:00,2023-08-14 22:00:00+00:00,2023-08-15 02:00:00+00:00,240.7,239.7,1.0,False,NO_K1,0,0,,,False,,,NO_K1,,
120,02:00,3,2023-08-16,Wednesday,2023-08-15 19:00:00+00:00,2023-08-15 22:00:00+00:00,2023-08-15 22:00:00+00:00,2023-08-16 02:00:00+00:00,238.94,232.21,6.72999999999999,False,NO_K1,0,0,,,False,,,NO_K1,,
120,02:00,3,2023-08-17,Thursday,2023-08-16 19:00:00+00:00,2023-08-16 22:00:00+00:00,2023-08-16 22:00:00+00:00,2023-08-17 02:00:00+00:00,234.67,230.1,4.569999999999993,False,BREAK_BEFORE_K1,0,0,,,False,,,BREAK_BEFORE_K1,2023-08-17 00:40:00+00:00,
120,02:00,3,2023-08-18,Friday,2023-08-17 19:00:00+00:00,2023-08-17 22:00:00+00:00,2023-08-17 22:00:00+00:00,2023-08-18 02:00:00+00:00,226.64,204.43,22.20999999999998,False,NO_K1,0,0,,,False,,,NO_K1,,
120,02:00,3,2023-08-19,Saturday,2023-08-18 19:00:00+00:00,2023-08-18 22:00:00+00:00,2023-08-18 22:00:00+00:00,2023-08-19 02:00:00+00:00,217.15,215.54,1.6100000000000136,False,BREAK_BEFORE_K1,0,0,,,False,,,BREAK_BEFORE_K1,2023-08-19 01:35:00+00:00,
120,02:00,3,2023-08-20,Sunday,2023-08-19 19:00:00+00:00,2023-08-19 22:00:00+00:00,2023-08-19 22:00:00+00:00,2023-08-20 02:00:00+00:00,217.6,215.5,2.0999999999999943,False,NO_K1,0,0,,,False,,,NO_K1,,
120,02:00,3,2023-08-21,Monday,2023-08-20 19:00:00+00:00,2023-08-20 22:00:00+00:00,2023-08-20 22:00:00+00:00,2023-08-21 02:00:00+00:00,218.0,216.63,1.3700000000000045,False,BREAK_BEFORE_K1,0,0,,,False,,,BREAK_BEFORE_K1,2023-08-20 23:00:00+00:00,
120,02:00,3,2023-08-22,Tuesday,2023-08-21 19:00:00+00:00,2023-08-21 22:00:00+00:00,2023-08-21 22:00:00+00:00,2023-08-22 02:00:00+00:00,212.12,209.5,2.6200000000000045,False,NO_K1,0,0,,,False,,,NO_K1,,
120,02:00,3,2023-08-23,Wednesday,2023-08-22 19:00:00+00:00,2023-08-22 22:00:00+00:00,2023-08-22 22:00:00+00:00,2023-08-23 02:00:00+00:00,209.76,204.06,5.699999999999989,False,BREAK_BEFORE_K1,0,0,,,False,,,BREAK_BEFORE_K1,2023-08-22 23:10:00+00:00,
120,02:00,3,2023-08-24,Thursday,2023-08-23 19:00:00+00:00,2023-08-23 22:00:00+00:00,2023-08-23 22:00:00+00:00,2023-08-24 02:00:00+00:00,218.63,214.54,4.090000000000003,False,NO_K1,0,0,,,False,,,NO_K1,,
120,02:00,3,2023-08-25,Friday,2023-08-24 19:00:00+00:00,2023-08-24 22:00:00+00:00,2023-08-24 22:00:00+00:00,2023-08-25 02:00:00+00:00,217.61,215.4,2.210000000000008,True,,1,0,2023-08-24 22:30:00+00:00,2023-08-24 22:35:00+00:00,True,2023-08-24 22:40:00+00:00,2023-08-24 22:45:00+00:00,H2_ARRIVAL,2023-08-24 22:50:00+00:00,10.0
120,02:00,3,2023-08-26,Saturday,2023-08-25 19:00:00+00:00,2023-08-25 22:00:00+00:00,2023-08-25 22:00:00+00:00,2023-08-26 02:00:00+00:00,218.36,216.96,1.4000000000000057,True,,1,0,2023-08-25 22:10:00+00:00,2023-08-25 22:15:00+00:00,True,2023-08-25 22:15:00+00:00,2023-08-25 22:20:00+00:00,H2_ARRIVAL,2023-08-25 23:50:00+00:00,95.0
120,02:00,3,2023-08-27,Sunday,2023-08-26 19:00:00+00:00,2023-08-26 22:00:00+00:00,2023-08-26 22:00:00+00:00,2023-08-27 02:00:00+00:00,216.77,216.2,0.5700000000000216,False,BREAK_BEFORE_K1,0,0,,,False,,,BREAK_BEFORE_K1,2023-08-26 23:10:00+00:00,
120,02:00,3,2023-08-28,Monday,2023-08-27 19:00:00+00:00,2023-08-27 22:00:00+00:00,2023-08-27 22:00:00+00:00,2023-08-28 02:00:00+00:00,219.08,217.64,1.4400000000000261,False,OPPOSITE_VISIT_BEFORE_K1,0,1,,,False,,,OPPOSITE_VISIT_BEFORE_K1,2023-08-27 22:00:00+00:00,
120,02:00,3,2023-08-29,Tuesday,2023-08-28 19:00:00+00:00,2023-08-28 22:00:00+00:00,2023-08-28 22:00:00+00:00,2023-08-29 02:00:00+00:00,218.88,217.28,1.5999999999999943,False,BREAK_BEFORE_K1,0,0,,,False,,,BREAK_BEFORE_K1,2023-08-28 23:15:00+00:00,
120,02:00,3,2023-08-30,Wednesday,2023-08-29 19:00:00+00:00,2023-08-29 22:00:00+00:00,2023-08-29 22:00:00+00:00,2023-08-30 02:00:00+00:00,228.31,225.79,2.5200000000000102,False,OPPOSITE_VISIT_BEFORE_K1,0,1,,,False,,,OPPOSITE_VISIT_BEFORE_K1,2023-08-30 00:25:00+00:00,
120,02:00,3,2023-08-31,Thursday,2023-08-30 19:00:00+00:00,2023-08-30 22:00:00+00:00,2023-08-30 22:00:00+00:00,2023-08-31 02:00:00+00:00,223.82,222.63,1.1899999999999977,True,,1,0,2023-08-30 23:15:00+00:00,2023-08-30 23:20:00+00:00,False,,,BREAK_DURING_K1,2023-08-30 23:20:00+00:00,
120,02:00,3,2023-09-01,Friday,2023-08-31 19:00:00+00:00,2023-08-31 22:00:00+00:00,2023-08-31 22:00:00+00:00,2023-09-01 02:00:00+00:00,217.74,213.91,3.8300000000000125,True,,1,0,2023-09-01 00:15:00+00:00,2023-09-01 00:20:00+00:00,False,,,BREAK_DURING_K1,2023-09-01 00:20:00+00:00,
120,02:00,3,2023-09-02,Saturday,2023-09-01 19:00:00+00:00,2023-09-01 22:00:00+00:00,2023-09-01 22:00:00+00:00,2023-09-02 02:00:00+00:00,215.03,212.2,2.8300000000000125,True,,1,0,2023-09-02 01:15:00+00:00,2023-09-02 01:20:00+00:00,True,2023-09-02 01:20:00+00:00,2023-09-02 01:25:00+00:00,H2_ARRIVAL,2023-09-02 01:40:00+00:00,20.0
120,02:00,3,2023-09-03,Sunday,2023-09-02 19:00:00+00:00,2023-09-02 22:00:00+00:00,2023-09-02 22:00:00+00:00,2023-09-03 02:00:00+00:00,214.24,213.17,1.0700000000000216,False,BREAK_BEFORE_K1,0,0,,,False,,,BREAK_BEFORE_K1,2023-09-02 23:20:00+00:00,
120,02:00,3,2023-09-04,Monday,2023-09-03 19:00:00+00:00,2023-09-03 22:00:00+00:00,2023-09-03 22:00:00+00:00,2023-09-04 02:00:00+00:00,214.82,213.87,0.9499999999999886,False,NO_K1,0,0,,,False,,,NO_K1,,
120,02:00,3,2023-09-05,Tuesday,2023-09-04 19:00:00+00:00,2023-09-04 22:00:00+00:00,2023-09-04 22:00:00+00:00,2023-09-05 02:00:00+00:00,215.86,213.73,2.130000000000024,False,OPPOSITE_VISIT_BEFORE_K1,0,1,,,False,,,OPPOSITE_VISIT_BEFORE_K1,2023-09-04 22:00:00+00:00,
120,02:00,3,2023-09-06,Wednesday,2023-09-05 19:00:00+00:00,2023-09-05 22:00:00+00:00,2023-09-05 22:00:00+00:00,2023-09-06 02:00:00+00:00,215.38,214.11,1.2699999999999818,False,OPPOSITE_VISIT_BEFORE_K1,0,1,,,False,,,OPPOSITE_VISIT_BEFORE_K1,2023-09-05 22:00:00+00:00,
120,02:00,3,2023-09-07,Thursday,2023-09-06 19:00:00+00:00,2023-09-06 22:00:00+00:00,2023-09-06 22:00:00+00:00,2023-09-07 02:00:00+00:00,215.22,214.29,0.9300000000000068,True,,1,0,2023-09-06 23:10:00+00:00,2023-09-06 23:15:00+00:00,False,,,BREAK_DURING_K1,2023-09-06 23:15:00+00:00,
120,02:00,3,2023-09-08,Friday,2023-09-07 19:00:00+00:00,2023-09-07 22:00:00+00:00,2023-09-07 22:00:00+00:00,2023-09-08 02:00:00+00:00,217.9,214.44,3.460000000000008,True,,1,0,2023-09-08 00:45:00+00:00,2023-09-08 00:50:00+00:00,False,,,BREAK_DURING_K1,2023-09-08 00:50:00+00:00,
120,02:00,3,2023-09-09,Saturday,2023-09-08 19:00:00+00:00,2023-09-08 22:00:00+00:00,2023-09-08 22:00:00+00:00,2023-09-09 02:00:00+00:00,214.45,213.4,1.049999999999983,True,,1,0,2023-09-08 23:00:00+00:00,2023-09-08 23:05:00+00:00,True,2023-09-08 23:05:00+00:00,2023-09-08 23:10:00+00:00,H2_ARRIVAL,2023-09-08 23:10:00+00:00,5.0
120,02:00,3,2023-09-10,Sunday,2023-09-09 19:00:00+00:00,2023-09-09 22:00:00+00:00,2023-09-09 22:00:00+00:00,2023-09-10 02:00:00+00:00,214.89,214.42,0.46999999999999886,False,BREAK_BEFORE_K1,0,0,,,False,,,BREAK_BEFORE_K1,2023-09-09 22:05:00+00:00,
120,02:00,3,2023-09-11,Monday,2023-09-10 19:00:00+00:00,2023-09-10 22:00:00+00:00,2023-09-10 22:00:00+00:00,2023-09-11 02:00:00+00:00,213.69,211.1,2.5900000000000034,True,,1,0,2023-09-10 22:30:00+00:00,2023-09-10 22:35:00+00:00,True,2023-09-10 22:40:00+00:00,2023-09-10 22:45:00+00:00,NO_H2_BY_END,,
120,02:00,3,2023-09-12,Tuesday,2023-09-11 19:00:00+00:00,2023-09-11 22:00:00+00:00,2023-09-11 22:00:00+00:00,2023-09-12 02:00:00+00:00,206.88,203.75,3.1299999999999955,False,NO_K1,0,0,,,False,,,NO_K1,,
120,02:00,3,2023-09-13,Wednesday,2023-09-12 19:00:00+00:00,2023-09-12 22:00:00+00:00,2023-09-12 22:00:00+00:00,2023-09-13 02:00:00+00:00,213.63,211.8,1.829999999999984,False,BREAK_BEFORE_K1,0,0,,,False,,,BREAK_BEFORE_K1,2023-09-12 22:55:00+00:00,
120,02:00,3,2023-09-14,Thursday,2023-09-13 19:00:00+00:00,2023-09-13 22:00:00+00:00,2023-09-13 22:00:00+00:00,2023-09-14 02:00:00+00:00,212.75,211.16,1.5900000000000034,False,BREAK_BEFORE_K1,0,0,,,False,,,BREAK_BEFORE_K1,2023-09-13 22:05:00+00:00,
120,02:00,3,2023-09-15,Friday,2023-09-14 19:00:00+00:00,2023-09-14 22:00:00+00:00,2023-09-14 22:00:00+00:00,2023-09-15 02:00:00+00:00,212.97,211.6,1.3700000000000045,False,OPPOSITE_VISIT_BEFORE_K1,0,1,,,False,,,OPPOSITE_VISIT_BEFORE_K1,2023-09-15 01:05:00+00:00,
120,02:00,3,2023-09-16,Saturday,2023-09-15 19:00:00+00:00,2023-09-15 22:00:00+00:00,2023-09-15 22:00:00+00:00,2023-09-16 02:00:00+00:00,213.35,211.62,1.7299999999999898,True,,1,0,2023-09-15 22:15:00+00:00,2023-09-15 22:20:00+00:00,True,2023-09-15 22:25:00+00:00,2023-09-15 22:30:00+00:00,H2_ARRIVAL,2023-09-15 22:30:00+00:00,5.0
120,02:00,3,2023-09-17,Sunday,2023-09-16 19:00:00+00:00,2023-09-16 22:00:00+00:00,2023-09-16 22:00:00+00:00,2023-09-17 02:00:00+00:00,214.92,214.06,0.8599999999999852,True,,1,0,2023-09-16 22:35:00+00:00,2023-09-16 22:40:00+00:00,True,2023-09-16 22:50:00+00:00,2023-09-16 22:55:00+00:00,H2_ARRIVAL,2023-09-16 22:55:00+00:00,5.0
120,02:00,3,2023-09-18,Monday,2023-09-17 19:00:00+00:00,2023-09-17 22:00:00+00:00,2023-09-17 22:00:00+00:00,2023-09-18 02:00:00+00:00,216.49,214.97,1.5200000000000102,True,,1,0,2023-09-18 00:05:00+00:00,2023-09-18 00:10:00+00:00,True,2023-09-18 00:20:00+00:00,2023-09-18 00:25:00+00:00,H2_ARRIVAL,2023-09-18 01:10:00+00:00,50.0
120,02:00,3,2023-09-19,Tuesday,2023-09-18 19:00:00+00:00,2023-09-18 22:00:00+00:00,2023-09-18 22:00:00+00:00,2023-09-19 02:00:00+00:00,217.21,215.12,2.0900000000000034,False,NO_K1,0,0,,,False,,,NO_K1,,
120,02:00,3,2023-09-20,Wednesday,2023-09-19 19:00:00+00:00,2023-09-19 22:00:00+00:00,2023-09-19 22:00:00+00:00,2023-09-20 02:00:00+00:00,217.44,216.24,1.1999999999999886,True,,1,0,2023-09-19 23:20:00+00:00,2023-09-19 23:25:00+00:00,True,2023-09-19 23:25:00+00:00,2023-09-19 23:30:00+00:00,H2_ARRIVAL,2023-09-20 01:40:00+00:00,135.0
120,02:00,3,2023-09-21,Thursday,2023-09-20 19:00:00+00:00,2023-09-20 22:00:00+00:00,2023-09-20 22:00:00+00:00,2023-09-21 02:00:00+00:00,216.32,212.78,3.539999999999992,True,,1,0,2023-09-20 22:35:00+00:00,2023-09-20 22:40:00+00:00,True,2023-09-20 22:40:00+00:00,2023-09-20 22:45:00+00:00,NO_H2_BY_END,,
120,02:00,3,2023-09-22,Friday,2023-09-21 19:00:00+00:00,2023-09-21 22:00:00+00:00,2023-09-21 22:00:00+00:00,2023-09-22 02:00:00+00:00,210.96,209.93,1.0300000000000011,False,BREAK_BEFORE_K1,0,0,,,False,,,BREAK_BEFORE_K1,2023-09-21 23:05:00+00:00,
120,02:00,3,2023-09-23,Saturday,2023-09-22 19:00:00+00:00,2023-09-22 22:00:00+00:00,2023-09-22 22:00:00+00:00,2023-09-23 02:00:00+00:00,211.29,210.18,1.1099999999999852,True,,1,0,2023-09-22 22:05:00+00:00,2023-09-22 22:10:00+00:00,True,2023-09-22 22:10:00+00:00,2023-09-22 22:15:00+00:00,H2_ARRIVAL,2023-09-22 22:15:00+00:00,5.0
120,02:00,3,2023-09-24,Sunday,2023-09-23 19:00:00+00:00,2023-09-23 22:00:00+00:00,2023-09-23 22:00:00+00:00,2023-09-24 02:00:00+00:00,210.88,210.34,0.539999999999992,False,BREAK_BEFORE_K1,0,0,,,False,,,BREAK_BEFORE_K1,2023-09-23 22:30:00+00:00,
120,02:00,3,2023-09-25,Monday,2023-09-24 19:00:00+00:00,2023-09-24 22:00:00+00:00,2023-09-24 22:00:00+00:00,2023-09-25 02:00:00+00:00,210.6,208.55,2.049999999999983,False,BREAK_BEFORE_K1,0,0,,,False,,,BREAK_BEFORE_K1,2023-09-24 23:25:00+00:00,
120,02:00,3,2023-09-26,Tuesday,2023-09-25 19:00:00+00:00,2023-09-25 22:00:00+00:00,2023-09-25 22:00:00+00:00,2023-09-26 02:00:00+00:00,210.69,209.57,1.1200000000000045,False,BREAK_BEFORE_K1,0,0,,,False,,,BREAK_BEFORE_K1,2023-09-26 01:50:00+00:00,
120,02:00,3,2023-09-27,Wednesday,2023-09-26 19:00:00+00:00,2023-09-26 22:00:00+00:00,2023-09-26 22:00:00+00:00,2023-09-27 02:00:00+00:00,212.56,210.73,1.8300000000000125,True,,1,0,2023-09-26 23:35:00+00:00,2023-09-26 23:40:00+00:00,False,,,BREAK_DURING_K1,2023-09-26 23:40:00+00:00,
120,02:00,3,2023-09-28,Thursday,2023-09-27 19:00:00+00:00,2023-09-27 22:00:00+00:00,2023-09-27 22:00:00+00:00,2023-09-28 02:00:00+00:00,212.16,211.19,0.9699999999999989,True,,1,0,2023-09-27 23:35:00+00:00,2023-09-27 23:40:00+00:00,False,,,BREAK_DURING_K1,2023-09-27 23:40:00+00:00,
120,02:00,3,2023-09-29,Friday,2023-09-28 19:00:00+00:00,2023-09-28 22:00:00+00:00,2023-09-28 22:00:00+00:00,2023-09-29 02:00:00+00:00,215.77,214.49,1.2800000000000011,True,,1,0,2023-09-29 00:30:00+00:00,2023-09-29 00:35:00+00:00,True,2023-09-29 00:35:00+00:00,2023-09-29 00:40:00+00:00,NO_H2_BY_END,,
120,02:00,3,2023-09-30,Saturday,2023-09-29 19:00:00+00:00,2023-09-29 22:00:00+00:00,2023-09-29 22:00:00+00:00,2023-09-30 02:00:00+00:00,216.12,215.18,0.9399999999999977,False,OPPOSITE_VISIT_BEFORE_K1,0,1,,,False,,,OPPOSITE_VISIT_BEFORE_K1,2023-09-29 22:00:00+00:00,
120,02:00,3,2023-10-01,Sunday,2023-09-30 19:00:00+00:00,2023-09-30 22:00:00+00:00,2023-09-30 22:00:00+00:00,2023-10-01 02:00:00+00:00,216.0,215.0,1.0,False,OPPOSITE_VISIT_BEFORE_K1,0,1,,,False,,,OPPOSITE_VISIT_BEFORE_K1,2023-09-30 22:45:00+00:00,
120,02:00,3,2023-10-02,Monday,2023-10-01 19:00:00+00:00,2023-10-01 22:00:00+00:00,2023-10-01 22:00:00+00:00,2023-10-02 02:00:00+00:00,214.55,213.62,0.9300000000000068,False,BREAK_BEFORE_K1,0,0,,,False,,,BREAK_BEFORE_K1,2023-10-01 22:10:00+00:00,
120,02:00,3,2023-10-03,Tuesday,2023-10-02 19:00:00+00:00,2023-10-02 22:00:00+00:00,2023-10-02 22:00:00+00:00,2023-10-03 02:00:00+00:00,215.22,213.19,2.030000000000001,True,,1,0,2023-10-03 01:25:00+00:00,2023-10-03 01:30:00+00:00,False,,,BREAK_DURING_K1,2023-10-03 01:35:00+00:00,
120,02:00,3,2023-10-04,Wednesday,2023-10-03 19:00:00+00:00,2023-10-03 22:00:00+00:00,2023-10-03 22:00:00+00:00,2023-10-04 02:00:00+00:00,213.71,212.34,1.3700000000000045,True,,1,0,2023-10-03 23:00:00+00:00,2023-10-03 23:05:00+00:00,True,2023-10-03 23:15:00+00:00,2023-10-03 23:20:00+00:00,H2_ARRIVAL,2023-10-03 23:45:00+00:00,30.0
120,02:00,3,2023-10-05,Thursday,2023-10-04 19:00:00+00:00,2023-10-04 22:00:00+00:00,2023-10-04 22:00:00+00:00,2023-10-05 02:00:00+00:00,213.72,212.36,1.3599999999999852,False,BREAK_BEFORE_K1,0,0,,,False,,,BREAK_BEFORE_K1,2023-10-04 23:00:00+00:00,
120,02:00,3,2023-10-06,Friday,2023-10-05 19:00:00+00:00,2023-10-05 22:00:00+00:00,2023-10-05 22:00:00+00:00,2023-10-06 02:00:00+00:00,211.3,210.51,0.7900000000000205,True,,1,0,2023-10-05 22:25:00+00:00,2023-10-05 22:30:00+00:00,True,2023-10-05 22:30:00+00:00,2023-10-05 22:35:00+00:00,H2_ARRIVAL,2023-10-05 22:45:00+00:00,15.0
120,02:00,3,2023-10-07,Saturday,2023-10-06 19:00:00+00:00,2023-10-06 22:00:00+00:00,2023-10-06 22:00:00+00:00,2023-10-07 02:00:00+00:00,214.69,213.26,1.4300000000000068,False,OPPOSITE_VISIT_BEFORE_K1,0,1,,,False,,,OPPOSITE_VISIT_BEFORE_K1,2023-10-06 23:30:00+00:00,
120,02:00,3,2023-10-08,Sunday,2023-10-07 19:00:00+00:00,2023-10-07 22:00:00+00:00,2023-10-07 22:00:00+00:00,2023-10-08 02:00:00+00:00,212.31,211.63,0.6800000000000068,False,BREAK_BEFORE_K1,0,0,,,False,,,BREAK_BEFORE_K1,2023-10-07 22:40:00+00:00,
120,02:00,3,2023-10-09,Monday,2023-10-08 19:00:00+00:00,2023-10-08 22:00:00+00:00,2023-10-08 22:00:00+00:00,2023-10-09 02:00:00+00:00,212.14,211.48,0.6599999999999966,False,OPPOSITE_VISIT_BEFORE_K1,0,1,,,False,,,OPPOSITE_VISIT_BEFORE_K1,2023-10-08 22:00:00+00:00,
120,02:00,3,2023-10-10,Tuesday,2023-10-09 19:00:00+00:00,2023-10-09 22:00:00+00:00,2023-10-09 22:00:00+00:00,2023-10-10 02:00:00+00:00,206.59,205.14,1.450000000000017,True,,1,0,2023-10-09 22:20:00+00:00,2023-10-09 22:25:00+00:00,True,2023-10-09 22:25:00+00:00,2023-10-09 22:30:00+00:00,H2_ARRIVAL,2023-10-09 22:30:00+00:00,5.0
120,02:00,3,2023-10-11,Wednesday,2023-10-10 19:00:00+00:00,2023-10-10 22:00:00+00:00,2023-10-10 22:00:00+00:00,2023-10-11 02:00:00+00:00,209.3,207.13,2.170000000000016,False,NO_K1,0,0,,,False,,,NO_K1,,
120,02:00,3,2023-10-12,Thursday,2023-10-11 19:00:00+00:00,2023-10-11 22:00:00+00:00,2023-10-11 22:00:00+00:00,2023-10-12 02:00:00+00:00,206.46,205.66,0.8000000000000114,True,,1,0,2023-10-11 22:10:00+00:00,2023-10-11 22:15:00+00:00,True,2023-10-11 22:15:00+00:00,2023-10-11 22:20:00+00:00,H2_ARRIVAL,2023-10-11 22:20:00+00:00,5.0
120,02:00,3,2023-10-13,Friday,2023-10-12 19:00:00+00:00,2023-10-12 22:00:00+00:00,2023-10-12 22:00:00+00:00,2023-10-13 02:00:00+00:00,205.89,204.84,1.049999999999983,True,,1,0,2023-10-13 00:25:00+00:00,2023-10-13 00:30:00+00:00,False,,,BREAK_DURING_K1,2023-10-13 00:30:00+00:00,
120,02:00,3,2023-10-14,Saturday,2023-10-13 19:00:00+00:00,2023-10-13 22:00:00+00:00,2023-10-13 22:00:00+00:00,2023-10-14 02:00:00+00:00,208.43,205.25,3.180000000000007,False,NO_K1,0,0,,,False,,,NO_K1,,
120,02:00,3,2023-10-15,Sunday,2023-10-14 19:00:00+00:00,2023-10-14 22:00:00+00:00,2023-10-14 22:00:00+00:00,2023-10-15 02:00:00+00:00,206.97,206.14,0.8300000000000125,True,,1,0,2023-10-15 00:00:00+00:00,2023-10-15 00:05:00+00:00,False,,,BREAK_DURING_K1,2023-10-15 00:10:00+00:00,
120,02:00,3,2023-10-16,Monday,2023-10-15 19:00:00+00:00,2023-10-15 22:00:00+00:00,2023-10-15 22:00:00+00:00,2023-10-16 02:00:00+00:00,210.5,209.25,1.25,False,OPPOSITE_VISIT_BEFORE_K1,0,1,,,False,,,OPPOSITE_VISIT_BEFORE_K1,2023-10-15 22:45:00+00:00,
120,02:00,3,2023-10-17,Tuesday,2023-10-16 19:00:00+00:00,2023-10-16 22:00:00+00:00,2023-10-16 22:00:00+00:00,2023-10-17 02:00:00+00:00,215.36,213.57,1.7900000000000205,True,,1,0,2023-10-16 22:45:00+00:00,2023-10-16 22:50:00+00:00,False,,,BREAK_DURING_K1,2023-10-16 23:10:00+00:00,
120,02:00,3,2023-10-18,Wednesday,2023-10-17 19:00:00+00:00,2023-10-17 22:00:00+00:00,2023-10-17 22:00:00+00:00,2023-10-18 02:00:00+00:00,211.8,210.77,1.0300000000000011,True,,1,0,2023-10-17 23:55:00+00:00,2023-10-18 00:00:00+00:00,True,2023-10-18 00:00:00+00:00,2023-10-18 00:05:00+00:00,NO_H2_BY_END,,
120,02:00,3,2023-10-19,Thursday,2023-10-18 19:00:00+00:00,2023-10-18 22:00:00+00:00,2023-10-18 22:00:00+00:00,2023-10-19 02:00:00+00:00,211.12,210.0,1.1200000000000045,False,BREAK_BEFORE_K1,0,0,,,False,,,BREAK_BEFORE_K1,2023-10-19 01:40:00+00:00,
120,02:00,3,2023-10-20,Friday,2023-10-19 19:00:00+00:00,2023-10-19 22:00:00+00:00,2023-10-19 22:00:00+00:00,2023-10-20 02:00:00+00:00,210.99,210.14,0.8500000000000227,True,,1,0,2023-10-19 23:40:00+00:00,2023-10-19 23:45:00+00:00,False,,,BREAK_DURING_K1,2023-10-19 23:45:00+00:00,
120,02:00,3,2023-10-21,Saturday,2023-10-20 19:00:00+00:00,2023-10-20 22:00:00+00:00,2023-10-20 22:00:00+00:00,2023-10-21 02:00:00+00:00,213.17,212.51,0.6599999999999966,False,OPPOSITE_VISIT_BEFORE_K1,0,1,,,False,,,OPPOSITE_VISIT_BEFORE_K1,2023-10-20 22:55:00+00:00,
120,02:00,3,2023-10-22,Sunday,2023-10-21 19:00:00+00:00,2023-10-21 22:00:00+00:00,2023-10-21 22:00:00+00:00,2023-10-22 02:00:00+00:00,215.99,214.36,1.6299999999999955,False,OPPOSITE_VISIT_BEFORE_K1,0,1,,,False,,,OPPOSITE_VISIT_BEFORE_K1,2023-10-21 23:30:00+00:00,
120,02:00,3,2023-10-23,Monday,2023-10-22 19:00:00+00:00,2023-10-22 22:00:00+00:00,2023-10-22 22:00:00+00:00,2023-10-23 02:00:00+00:00,215.79,214.91,0.8799999999999955,False,BREAK_BEFORE_K1,0,0,,,False,,,BREAK_BEFORE_K1,2023-10-22 22:35:00+00:00,
120,02:00,3,2023-10-24,Tuesday,2023-10-23 19:00:00+00:00,2023-10-23 22:00:00+00:00,2023-10-23 22:00:00+00:00,2023-10-24 02:00:00+00:00,224.83,220.92,3.910000000000025,False,BREAK_BEFORE_K1,0,0,,,False,,,BREAK_BEFORE_K1,2023-10-23 22:20:00+00:00,
120,02:00,3,2023-10-25,Wednesday,2023-10-24 19:00:00+00:00,2023-10-24 22:00:00+00:00,2023-10-24 22:00:00+00:00,2023-10-25 02:00:00+00:00,226.2,223.57,2.6299999999999955,True,,1,0,2023-10-24 22:10:00+00:00,2023-10-24 22:15:00+00:00,False,,,BREAK_DURING_K1,2023-10-24 22:20:00+00:00,
120,02:00,3,2023-10-26,Thursday,2023-10-25 19:00:00+00:00,2023-10-25 22:00:00+00:00,2023-10-25 22:00:00+00:00,2023-10-26 02:00:00+00:00,224.3,222.42,1.8800000000000239,False,BREAK_BEFORE_K1,0,0,,,False,,,BREAK_BEFORE_K1,2023-10-25 23:00:00+00:00,
120,02:00,3,2023-10-27,Friday,2023-10-26 19:00:00+00:00,2023-10-26 22:00:00+00:00,2023-10-26 22:00:00+00:00,2023-10-27 02:00:00+00:00,223.53,221.64,1.8900000000000148,True,,1,0,2023-10-26 22:00:00+00:00,2023-10-26 22:05:00+00:00,True,2023-10-26 22:05:00+00:00,2023-10-26 22:10:00+00:00,H2_ARRIVAL,2023-10-26 22:10:00+00:00,5.0
120,02:00,3,2023-10-28,Saturday,2023-10-27 19:00:00+00:00,2023-10-27 22:00:00+00:00,2023-10-27 22:00:00+00:00,2023-10-28 02:00:00+00:00,224.98,222.85,2.1299999999999955,True,,1,0,2023-10-27 22:00:00+00:00,2023-10-27 22:05:00+00:00,True,2023-10-27 22:05:00+00:00,2023-10-27 22:10:00+00:00,H2_ARRIVAL,2023-10-28 00:20:00+00:00,135.0
120,02:00,3,2023-10-29,Sunday,2023-10-28 19:00:00+00:00,2023-10-28 22:00:00+00:00,2023-10-28 22:00:00+00:00,2023-10-29 02:00:00+00:00,226.5,225.15,1.3499999999999943,True,,1,0,2023-10-28 22:00:00+00:00,2023-10-28 22:05:00+00:00,True,2023-10-28 22:10:00+00:00,2023-10-28 22:15:00+00:00,OPPOSITE_BREAK_BEFORE_H2,2023-10-29 01:10:00+00:00,
120,02:00,3,2023-10-30,Monday,2023-10-29 19:00:00+00:00,2023-10-29 22:00:00+00:00,2023-10-29 22:00:00+00:00,2023-10-30 02:00:00+00:00,228.0,226.37,1.6299999999999955,True,,1,0,2023-10-29 22:30:00+00:00,2023-10-29 22:35:00+00:00,False,,,BREAK_DURING_K1,2023-10-29 22:35:00+00:00,
120,02:00,3,2023-10-31,Tuesday,2023-10-30 19:00:00+00:00,2023-10-30 22:00:00+00:00,2023-10-30 22:00:00+00:00,2023-10-31 02:00:00+00:00,229.22,227.37,1.8499999999999943,False,BREAK_BEFORE_K1,0,0,,,False,,,BREAK_BEFORE_K1,2023-10-31 00:40:00+00:00,
120,02:00,3,2023-11-01,Wednesday,2023-10-31 19:00:00+00:00,2023-10-31 22:00:00+00:00,2023-10-31 22:00:00+00:00,2023-11-01 02:00:00+00:00,226.7,225.41,1.289999999999992,False,BREAK_BEFORE_K1,0,0,,,False,,,BREAK_BEFORE_K1,2023-11-01 00:15:00+00:00,
120,02:00,3,2023-11-02,Thursday,2023-11-01 19:00:00+00:00,2023-11-01 22:00:00+00:00,2023-11-01 22:00:00+00:00,2023-11-02 02:00:00+00:00,230.15,225.88,4.27000000000001,True,,1,0,2023-11-02 01:00:00+00:00,2023-11-02 01:05:00+00:00,True,2023-11-02 01:05:00+00:00,2023-11-02 01:10:00+00:00,H2_ARRIVAL,2023-11-02 01:10:00+00:00,5.0
120,02:00,3,2023-11-03,Friday,2023-11-02 19:00:00+00:00,2023-11-02 22:00:00+00:00,2023-11-02 22:00:00+00:00,2023-11-03 02:00:00+00:00,233.17,230.81,2.359999999999985,False,OPPOSITE_VISIT_BEFORE_K1,0,1,,,False,,,OPPOSITE_VISIT_BEFORE_K1,2023-11-02 22:40:00+00:00,
120,02:00,3,2023-11-04,Saturday,2023-11-03 19:00:00+00:00,2023-11-03 22:00:00+00:00,2023-11-03 22:00:00+00:00,2023-11-04 02:00:00+00:00,230.43,228.4,2.030000000000001,True,,1,0,2023-11-03 23:00:00+00:00,2023-11-03 23:05:00+00:00,False,,,BREAK_DURING_K1,2023-11-03 23:05:00+00:00,
120,02:00,3,2023-11-05,Sunday,2023-11-04 19:00:00+00:00,2023-11-04 22:00:00+00:00,2023-11-04 22:00:00+00:00,2023-11-05 02:00:00+00:00,236.99,235.8,1.1899999999999977,True,,1,0,2023-11-04 22:05:00+00:00,2023-11-04 22:10:00+00:00,True,2023-11-04 22:10:00+00:00,2023-11-04 22:15:00+00:00,H2_ARRIVAL,2023-11-04 22:30:00+00:00,20.0
120,02:00,3,2023-11-06,Monday,2023-11-05 19:00:00+00:00,2023-11-05 22:00:00+00:00,2023-11-05 22:00:00+00:00,2023-11-06 02:00:00+00:00,244.77,240.62,4.150000000000006,False,BREAK_BEFORE_K1,0,0,,,False,,,BREAK_BEFORE_K1,2023-11-05 23:00:00+00:00,
120,02:00,3,2023-11-07,Tuesday,2023-11-06 19:00:00+00:00,2023-11-06 22:00:00+00:00,2023-11-06 22:00:00+00:00,2023-11-07 02:00:00+00:00,255.37,251.38,3.990000000000009,False,BREAK_BEFORE_K1,0,0,,,False,,,BREAK_BEFORE_K1,2023-11-06 23:05:00+00:00,
120,02:00,3,2023-11-08,Wednesday,2023-11-07 19:00:00+00:00,2023-11-07 22:00:00+00:00,2023-11-07 22:00:00+00:00,2023-11-08 02:00:00+00:00,249.88,245.82,4.060000000000002,False,OPPOSITE_VISIT_BEFORE_K1,0,1,,,False,,,OPPOSITE_VISIT_BEFORE_K1,2023-11-07 22:35:00+00:00,
120,02:00,3,2023-11-09,Thursday,2023-11-08 19:00:00+00:00,2023-11-08 22:00:00+00:00,2023-11-08 22:00:00+00:00,2023-11-09 02:00:00+00:00,249.67,245.13,4.539999999999992,False,NO_K1,0,0,,,False,,,NO_K1,,
120,02:00,3,2023-11-10,Friday,2023-11-09 19:00:00+00:00,2023-11-09 22:00:00+00:00,2023-11-09 22:00:00+00:00,2023-11-10 02:00:00+00:00,248.8,242.83,5.969999999999999,True,,1,0,2023-11-09 22:15:00+00:00,2023-11-09 22:20:00+00:00,True,2023-11-09 22:20:00+00:00,2023-11-09 22:25:00+00:00,H2_ARRIVAL,2023-11-09 23:05:00+00:00,45.0
120,02:00,3,2023-11-11,Saturday,2023-11-10 19:00:00+00:00,2023-11-10 22:00:00+00:00,2023-11-10 22:00:00+00:00,2023-11-11 02:00:00+00:00,252.45,250.06,2.3899999999999864,True,,1,0,2023-11-10 22:05:00+00:00,2023-11-10 22:10:00+00:00,True,2023-11-10 22:10:00+00:00,2023-11-10 22:15:00+00:00,H2_ARRIVAL,2023-11-10 22:20:00+00:00,10.0
120,02:00,3,2023-11-12,Sunday,2023-11-11 19:00:00+00:00,2023-11-11 22:00:00+00:00,2023-11-11 22:00:00+00:00,2023-11-12 02:00:00+00:00,254.48,250.63,3.8499999999999943,False,BREAK_BEFORE_K1,0,0,,,False,,,BREAK_BEFORE_K1,2023-11-11 22:05:00+00:00,
120,02:00,3,2023-11-13,Monday,2023-11-12 19:00:00+00:00,2023-11-12 22:00:00+00:00,2023-11-12 22:00:00+00:00,2023-11-13 02:00:00+00:00,249.29,247.43,1.8599999999999852,False,BREAK_BEFORE_K1,0,0,,,False,,,BREAK_BEFORE_K1,2023-11-12 23:20:00+00:00,
120,02:00,3,2023-11-14,Tuesday,2023-11-13 19:00:00+00:00,2023-11-13 22:00:00+00:00,2023-11-13 22:00:00+00:00,2023-11-14 02:00:00+00:00,246.53,240.22,6.310000000000002,False,BREAK_BEFORE_K1,0,0,,,False,,,BREAK_BEFORE_K1,2023-11-14 00:05:00+00:00,
120,02:00,3,2023-11-15,Wednesday,2023-11-14 19:00:00+00:00,2023-11-14 22:00:00+00:00,2023-11-14 22:00:00+00:00,2023-11-15 02:00:00+00:00,242.06,236.53,5.530000000000001,True,,1,0,2023-11-14 22:00:00+00:00,2023-11-14 22:05:00+00:00,False,,,BREAK_DURING_K1,2023-11-14 22:05:00+00:00,
120,02:00,3,2023-11-16,Thursday,2023-11-15 19:00:00+00:00,2023-11-15 22:00:00+00:00,2023-11-15 22:00:00+00:00,2023-11-16 02:00:00+00:00,254.7,250.88,3.819999999999993,False,BREAK_BEFORE_K1,0,0,,,False,,,BREAK_BEFORE_K1,2023-11-16 00:45:00+00:00,
120,02:00,3,2023-11-17,Friday,2023-11-16 19:00:00+00:00,2023-11-16 22:00:00+00:00,2023-11-16 22:00:00+00:00,2023-11-17 02:00:00+00:00,244.84,240.1,4.740000000000009,True,,1,0,2023-11-17 00:55:00+00:00,2023-11-17 01:00:00+00:00,False,,,BREAK_DURING_K1,2023-11-17 01:05:00+00:00,
120,02:00,3,2023-11-18,Saturday,2023-11-17 19:00:00+00:00,2023-11-17 22:00:00+00:00,2023-11-17 22:00:00+00:00,2023-11-18 02:00:00+00:00,244.49,242.83,1.6599999999999966,True,,1,0,2023-11-17 22:25:00+00:00,2023-11-17 22:30:00+00:00,False,,,BREAK_DURING_K1,2023-11-17 22:30:00+00:00,
120,02:00,3,2023-11-19,Sunday,2023-11-18 19:00:00+00:00,2023-11-18 22:00:00+00:00,2023-11-18 22:00:00+00:00,2023-11-19 02:00:00+00:00,245.38,244.27,1.1099999999999852,False,BREAK_BEFORE_K1,0,0,,,False,,,BREAK_BEFORE_K1,2023-11-18 22:10:00+00:00,
120,02:00,3,2023-11-20,Monday,2023-11-19 19:00:00+00:00,2023-11-19 22:00:00+00:00,2023-11-19 22:00:00+00:00,2023-11-20 02:00:00+00:00,246.19,244.75,1.4399999999999977,False,BREAK_BEFORE_K1,0,0,,,False,,,BREAK_BEFORE_K1,2023-11-19 22:30:00+00:00,
120,02:00,3,2023-11-21,Tuesday,2023-11-20 19:00:00+00:00,2023-11-20 22:00:00+00:00,2023-11-20 22:00:00+00:00,2023-11-21 02:00:00+00:00,259.98,250.85,9.130000000000024,False,BREAK_BEFORE_K1,0,0,,,False,,,BREAK_BEFORE_K1,2023-11-21 00:55:00+00:00,
120,02:00,3,2023-11-22,Wednesday,2023-11-21 19:00:00+00:00,2023-11-21 22:00:00+00:00,2023-11-21 22:00:00+00:00,2023-11-22 02:00:00+00:00,248.4,238.09,10.310000000000002,False,BREAK_BEFORE_K1,0,0,,,False,,,BREAK_BEFORE_K1,2023-11-21 22:10:00+00:00,
120,02:00,3,2023-11-23,Thursday,2023-11-22 19:00:00+00:00,2023-11-22 22:00:00+00:00,2023-11-22 22:00:00+00:00,2023-11-23 02:00:00+00:00,238.39,234.36,4.029999999999973,True,,1,0,2023-11-22 22:05:00+00:00,2023-11-22 22:10:00+00:00,True,2023-11-22 22:15:00+00:00,2023-11-22 22:20:00+00:00,H2_ARRIVAL,2023-11-23 01:25:00+00:00,190.0
120,02:00,3,2023-11-24,Friday,2023-11-23 19:00:00+00:00,2023-11-23 22:00:00+00:00,2023-11-23 22:00:00+00:00,2023-11-24 02:00:00+00:00,234.58,232.39,2.190000000000026,False,BREAK_BEFORE_K1,0,0,,,False,,,BREAK_BEFORE_K1,2023-11-24 00:20:00+00:00,
120,02:00,3,2023-11-25,Saturday,2023-11-24 19:00:00+00:00,2023-11-24 22:00:00+00:00,2023-11-24 22:00:00+00:00,2023-11-25 02:00:00+00:00,233.6,232.12,1.4799999999999898,False,BREAK_BEFORE_K1,0,0,,,False,,,BREAK_BEFORE_K1,2023-11-24 22:10:00+00:00,
120,02:00,3,2023-11-26,Sunday,2023-11-25 19:00:00+00:00,2023-11-25 22:00:00+00:00,2023-11-25 22:00:00+00:00,2023-11-26 02:00:00+00:00,233.99,233.14,0.8500000000000227,False,BREAK_BEFORE_K1,0,0,,,False,,,BREAK_BEFORE_K1,2023-11-25 23:45:00+00:00,
120,02:00,3,2023-11-27,Monday,2023-11-26 19:00:00+00:00,2023-11-26 22:00:00+00:00,2023-11-26 22:00:00+00:00,2023-11-27 02:00:00+00:00,232.97,230.27,2.6999999999999886,True,,1,0,2023-11-27 00:40:00+00:00,2023-11-27 00:45:00+00:00,True,2023-11-27 00:50:00+00:00,2023-11-27 00:55:00+00:00,H2_ARRIVAL,2023-11-27 01:05:00+00:00,15.0
120,02:00,3,2023-11-28,Tuesday,2023-11-27 19:00:00+00:00,2023-11-27 22:00:00+00:00,2023-11-27 22:00:00+00:00,2023-11-28 02:00:00+00:00,226.68,223.53,3.1500000000000057,False,BREAK_BEFORE_K1,0,0,,,False,,,BREAK_BEFORE_K1,2023-11-27 22:55:00+00:00,
120,02:00,3,2023-11-29,Wednesday,2023-11-28 19:00:00+00:00,2023-11-28 22:00:00+00:00,2023-11-28 22:00:00+00:00,2023-11-29 02:00:00+00:00,231.45,229.96,1.4899999999999807,False,BREAK_BEFORE_K1,0,0,,,False,,,BREAK_BEFORE_K1,2023-11-28 22:50:00+00:00,
120,02:00,3,2023-11-30,Thursday,2023-11-29 19:00:00+00:00,2023-11-29 22:00:00+00:00,2023-11-29 22:00:00+00:00,2023-11-30 02:00:00+00:00,228.16,226.68,1.4799999999999898,False,OPPOSITE_VISIT_BEFORE_K1,0,1,,,False,,,OPPOSITE_VISIT_BEFORE_K1,2023-11-30 01:05:00+00:00,
120,02:00,3,2023-12-01,Friday,2023-11-30 19:00:00+00:00,2023-11-30 22:00:00+00:00,2023-11-30 22:00:00+00:00,2023-12-01 02:00:00+00:00,227.93,227.3,0.6299999999999955,False,BREAK_BEFORE_K1,0,0,,,False,,,BREAK_BEFORE_K1,2023-11-30 22:05:00+00:00,
120,02:00,3,2023-12-02,Saturday,2023-12-01 19:00:00+00:00,2023-12-01 22:00:00+00:00,2023-12-01 22:00:00+00:00,2023-12-02 02:00:00+00:00,229.15,228.22,0.9300000000000068,False,NO_K1,0,0,,,False,,,NO_K1,,
120,02:00,3,2023-12-03,Sunday,2023-12-02 19:00:00+00:00,2023-12-02 22:00:00+00:00,2023-12-02 22:00:00+00:00,2023-12-03 02:00:00+00:00,230.57,228.21,2.359999999999985,False,BREAK_BEFORE_K1,0,0,,,False,,,BREAK_BEFORE_K1,2023-12-03 00:45:00+00:00,
120,02:00,3,2023-12-04,Monday,2023-12-03 19:00:00+00:00,2023-12-03 22:00:00+00:00,2023-12-03 22:00:00+00:00,2023-12-04 02:00:00+00:00,227.55,226.62,0.9300000000000068,False,BREAK_BEFORE_K1,0,0,,,False,,,BREAK_BEFORE_K1,2023-12-03 22:00:00+00:00,
120,02:00,3,2023-12-05,Tuesday,2023-12-04 19:00:00+00:00,2023-12-04 22:00:00+00:00,2023-12-04 22:00:00+00:00,2023-12-05 02:00:00+00:00,232.21,230.68,1.5300000000000011,False,BREAK_BEFORE_K1,0,0,,,False,,,BREAK_BEFORE_K1,2023-12-04 22:10:00+00:00,
120,02:00,3,2023-12-06,Wednesday,2023-12-05 19:00:00+00:00,2023-12-05 22:00:00+00:00,2023-12-05 22:00:00+00:00,2023-12-06 02:00:00+00:00,232.34,230.25,2.0900000000000034,True,,1,0,2023-12-06 00:40:00+00:00,2023-12-06 00:45:00+00:00,True,2023-12-06 00:45:00+00:00,2023-12-06 00:50:00+00:00,H2_ARRIVAL,2023-12-06 00:50:00+00:00,5.0
120,02:00,3,2023-12-07,Thursday,2023-12-06 19:00:00+00:00,2023-12-06 22:00:00+00:00,2023-12-06 22:00:00+00:00,2023-12-07 02:00:00+00:00,233.05,229.01,4.0400000000000205,False,NO_K1,0,0,,,False,,,NO_K1,,
120,02:00,3,2023-12-08,Friday,2023-12-07 19:00:00+00:00,2023-12-07 22:00:00+00:00,2023-12-07 22:00:00+00:00,2023-12-08 02:00:00+00:00,233.0,230.2,2.8000000000000114,True,,1,0,2023-12-07 22:00:00+00:00,2023-12-07 22:05:00+00:00,False,,,BREAK_DURING_K1,2023-12-07 22:10:00+00:00,
120,02:00,3,2023-12-09,Saturday,2023-12-08 19:00:00+00:00,2023-12-08 22:00:00+00:00,2023-12-08 22:00:00+00:00,2023-12-09 02:00:00+00:00,240.22,237.02,3.1999999999999886,False,BREAK_BEFORE_K1,0,0,,,False,,,BREAK_BEFORE_K1,2023-12-09 00:05:00+00:00,
120,02:00,3,2023-12-10,Sunday,2023-12-09 19:00:00+00:00,2023-12-09 22:00:00+00:00,2023-12-09 22:00:00+00:00,2023-12-10 02:00:00+00:00,240.4,238.42,1.9800000000000182,False,BREAK_BEFORE_K1,0,0,,,False,,,BREAK_BEFORE_K1,2023-12-09 23:20:00+00:00,
120,02:00,3,2023-12-11,Monday,2023-12-10 19:00:00+00:00,2023-12-10 22:00:00+00:00,2023-12-10 22:00:00+00:00,2023-12-11 02:00:00+00:00,241.08,239.56,1.5200000000000102,False,OPPOSITE_VISIT_BEFORE_K1,0,1,,,False,,,OPPOSITE_VISIT_BEFORE_K1,2023-12-10 22:00:00+00:00,
120,02:00,3,2023-12-12,Tuesday,2023-12-11 19:00:00+00:00,2023-12-11 22:00:00+00:00,2023-12-11 22:00:00+00:00,2023-12-12 02:00:00+00:00,243.65,236.88,6.77000000000001,False,BREAK_BEFORE_K1,0,0,,,False,,,BREAK_BEFORE_K1,2023-12-11 22:15:00+00:00,
120,02:00,3,2023-12-13,Wednesday,2023-12-12 19:00:00+00:00,2023-12-12 22:00:00+00:00,2023-12-12 22:00:00+00:00,2023-12-13 02:00:00+00:00,255.71,252.6,3.1100000000000136,False,BREAK_BEFORE_K1,0,0,,,False,,,BREAK_BEFORE_K1,2023-12-12 22:00:00+00:00,
120,02:00,3,2023-12-14,Thursday,2023-12-13 19:00:00+00:00,2023-12-13 22:00:00+00:00,2023-12-13 22:00:00+00:00,2023-12-14 02:00:00+00:00,254.44,250.5,3.9399999999999977,False,BREAK_BEFORE_K1,0,0,,,False,,,BREAK_BEFORE_K1,2023-12-13 22:00:00+00:00,
120,02:00,3,2023-12-15,Friday,2023-12-14 19:00:00+00:00,2023-12-14 22:00:00+00:00,2023-12-14 22:00:00+00:00,2023-12-15 02:00:00+00:00,252.84,251.13,1.710000000000008,True,,1,0,2023-12-14 22:05:00+00:00,2023-12-14 22:10:00+00:00,False,,,BREAK_DURING_K1,2023-12-14 22:10:00+00:00,
120,02:00,3,2023-12-16,Saturday,2023-12-15 19:00:00+00:00,2023-12-15 22:00:00+00:00,2023-12-15 22:00:00+00:00,2023-12-16 02:00:00+00:00,247.79,246.16,1.6299999999999955,False,OPPOSITE_VISIT_BEFORE_K1,0,1,,,False,,,OPPOSITE_VISIT_BEFORE_K1,2023-12-15 22:10:00+00:00,
120,02:00,3,2023-12-17,Sunday,2023-12-16 19:00:00+00:00,2023-12-16 22:00:00+00:00,2023-12-16 22:00:00+00:00,2023-12-17 02:00:00+00:00,245.56,243.69,1.8700000000000045,False,BREAK_BEFORE_K1,0,0,,,False,,,BREAK_BEFORE_K1,2023-12-16 23:45:00+00:00,
120,02:00,3,2023-12-18,Monday,2023-12-17 19:00:00+00:00,2023-12-17 22:00:00+00:00,2023-12-17 22:00:00+00:00,2023-12-18 02:00:00+00:00,243.5,242.3,1.1999999999999886,False,OPPOSITE_VISIT_BEFORE_K1,0,1,,,False,,,OPPOSITE_VISIT_BEFORE_K1,2023-12-17 22:00:00+00:00,
120,02:00,3,2023-12-19,Tuesday,2023-12-18 19:00:00+00:00,2023-12-18 22:00:00+00:00,2023-12-18 22:00:00+00:00,2023-12-19 02:00:00+00:00,241.39,237.75,3.6399999999999864,True,,1,0,2023-12-18 23:05:00+00:00,2023-12-18 23:10:00+00:00,False,,,BREAK_DURING_K1,2023-12-18 23:10:00+00:00,
120,02:00,3,2023-12-20,Wednesday,2023-12-19 19:00:00+00:00,2023-12-19 22:00:00+00:00,2023-12-19 22:00:00+00:00,2023-12-20 02:00:00+00:00,254.41,251.8,2.609999999999985,False,OPPOSITE_VISIT_BEFORE_K1,0,1,,,False,,,OPPOSITE_VISIT_BEFORE_K1,2023-12-19 22:25:00+00:00,
120,02:00,3,2023-12-21,Thursday,2023-12-20 19:00:00+00:00,2023-12-20 22:00:00+00:00,2023-12-20 22:00:00+00:00,2023-12-21 02:00:00+00:00,260.33,255.0,5.329999999999984,False,NO_K1,0,0,,,False,,,NO_K1,,
120,02:00,3,2023-12-22,Friday,2023-12-21 19:00:00+00:00,2023-12-21 22:00:00+00:00,2023-12-21 22:00:00+00:00,2023-12-22 02:00:00+00:00,271.24,268.79,2.4499999999999886,True,,1,0,2023-12-21 22:00:00+00:00,2023-12-21 22:05:00+00:00,False,,,BREAK_DURING_K1,2023-12-21 22:05:00+00:00,
120,02:00,3,2023-12-23,Saturday,2023-12-22 19:00:00+00:00,2023-12-22 22:00:00+00:00,2023-12-22 22:00:00+00:00,2023-12-23 02:00:00+00:00,272.47,269.38,3.090000000000032,True,,1,0,2023-12-22 22:20:00+00:00,2023-12-22 22:25:00+00:00,False,,,BREAK_DURING_K1,2023-12-22 22:25:00+00:00,
120,02:00,3,2023-12-24,Sunday,2023-12-23 19:00:00+00:00,2023-12-23 22:00:00+00:00,2023-12-23 22:00:00+00:00,2023-12-24 02:00:00+00:00,271.02,269.16,1.8599999999999568,True,,1,0,2023-12-23 22:10:00+00:00,2023-12-23 22:15:00+00:00,False,,,BREAK_DURING_K1,2023-12-23 22:20:00+00:00,
120,02:00,3,2023-12-25,Monday,2023-12-24 19:00:00+00:00,2023-12-24 22:00:00+00:00,2023-12-24 22:00:00+00:00,2023-12-25 02:00:00+00:00,269.06,265.89,3.170000000000016,False,BREAK_BEFORE_K1,0,0,,,False,,,BREAK_BEFORE_K1,2023-12-24 22:10:00+00:00,
120,02:00,3,2023-12-26,Tuesday,2023-12-25 19:00:00+00:00,2023-12-25 22:00:00+00:00,2023-12-25 22:00:00+00:00,2023-12-26 02:00:00+00:00,266.69,263.72,2.9699999999999704,False,BREAK_BEFORE_K1,0,0,,,False,,,BREAK_BEFORE_K1,2023-12-25 22:20:00+00:00,
120,02:00,3,2023-12-27,Wednesday,2023-12-26 19:00:00+00:00,2023-12-26 22:00:00+00:00,2023-12-26 22:00:00+00:00,2023-12-27 02:00:00+00:00,297.35,294.22,3.1299999999999955,False,OPPOSITE_VISIT_BEFORE_K1,0,1,,,False,,,OPPOSITE_VISIT_BEFORE_K1,2023-12-26 22:50:00+00:00,
120,02:00,3,2023-12-28,Thursday,2023-12-27 19:00:00+00:00,2023-12-27 22:00:00+00:00,2023-12-27 22:00:00+00:00,2023-12-28 02:00:00+00:00,315.54,310.13,5.410000000000025,False,BREAK_BEFORE_K1,0,0,,,False,,,BREAK_BEFORE_K1,2023-12-27 22:30:00+00:00,
120,02:00,3,2023-12-29,Friday,2023-12-28 19:00:00+00:00,2023-12-28 22:00:00+00:00,2023-12-28 22:00:00+00:00,2023-12-29 02:00:00+00:00,333.0,320.7,12.300000000000011,False,BREAK_BEFORE_K1,0,0,,,False,,,BREAK_BEFORE_K1,2023-12-29 00:30:00+00:00,
120,02:00,3,2023-12-30,Saturday,2023-12-29 19:00:00+00:00,2023-12-29 22:00:00+00:00,2023-12-29 22:00:00+00:00,2023-12-30 02:00:00+00:00,313.78,310.8,2.9799999999999613,False,BREAK_BEFORE_K1,0,0,,,False,,,BREAK_BEFORE_K1,2023-12-29 22:05:00+00:00,
120,02:00,3,2023-12-31,Sunday,2023-12-30 19:00:00+00:00,2023-12-30 22:00:00+00:00,2023-12-30 22:00:00+00:00,2023-12-31 02:00:00+00:00,316.4,313.95,2.4499999999999886,False,OPPOSITE_VISIT_BEFORE_K1,0,1,,,False,,,OPPOSITE_VISIT_BEFORE_K1,2023-12-30 22:50:00+00:00,
120,02:00,3,2024-01-01,Monday,2023-12-31 19:00:00+00:00,2023-12-31 22:00:00+00:00,2023-12-31 22:00:00+00:00,2024-01-01 02:00:00+00:00,316.24,308.01,8.230000000000018,False,OPPOSITE_VISIT_BEFORE_K1,0,1,,,False,,,OPPOSITE_VISIT_BEFORE_K1,2023-12-31 22:50:00+00:00,
120,02:00,3,2024-01-02,Tuesday,2024-01-01 19:00:00+00:00,2024-01-01 22:00:00+00:00,2024-01-01 22:00:00+00:00,2024-01-02 02:00:00+00:00,313.33,310.55,2.7799999999999727,True,,1,0,2024-01-01 22:55:00+00:00,2024-01-01 23:00:00+00:00,False,,,BREAK_DURING_K1,2024-01-01 23:00:00+00:00,
120,02:00,3,2024-01-03,Wednesday,2024-01-02 19:00:00+00:00,2024-01-02 22:00:00+00:00,2024-01-02 22:00:00+00:00,2024-01-03 02:00:00+00:00,311.81,308.18,3.6299999999999955,True,,1,0,2024-01-02 22:20:00+00:00,2024-01-02 22:25:00+00:00,True,2024-01-02 22:25:00+00:00,2024-01-02 22:30:00+00:00,H2_ARRIVAL,2024-01-02 22:50:00+00:00,25.0
120,02:00,3,2024-01-04,Thursday,2024-01-03 19:00:00+00:00,2024-01-03 22:00:00+00:00,2024-01-03 22:00:00+00:00,2024-01-04 02:00:00+00:00,318.5,311.76,6.740000000000009,False,OPPOSITE_VISIT_BEFORE_K1,0,1,,,False,,,OPPOSITE_VISIT_BEFORE_K1,2024-01-04 01:15:00+00:00,
120,02:00,3,2024-01-05,Friday,2024-01-04 19:00:00+00:00,2024-01-04 22:00:00+00:00,2024-01-04 22:00:00+00:00,2024-01-05 02:00:00+00:00,321.09,317.0,4.089999999999975,False,BREAK_BEFORE_K1,0,0,,,False,,,BREAK_BEFORE_K1,2024-01-04 22:10:00+00:00,
120,02:00,3,2024-01-06,Saturday,2024-01-05 19:00:00+00:00,2024-01-05 22:00:00+00:00,2024-01-05 22:00:00+00:00,2024-01-06 02:00:00+00:00,315.8,312.59,3.2100000000000364,True,,1,0,2024-01-05 22:00:00+00:00,2024-01-05 22:05:00+00:00,True,2024-01-05 22:10:00+00:00,2024-01-05 22:15:00+00:00,H2_ARRIVAL,2024-01-05 22:15:00+00:00,5.0
120,02:00,3,2024-01-07,Sunday,2024-01-06 19:00:00+00:00,2024-01-06 22:00:00+00:00,2024-01-06 22:00:00+00:00,2024-01-07 02:00:00+00:00,306.95,304.36,2.589999999999975,False,BREAK_BEFORE_K1,0,0,,,False,,,BREAK_BEFORE_K1,2024-01-06 22:15:00+00:00,
120,02:00,3,2024-01-08,Monday,2024-01-07 19:00:00+00:00,2024-01-07 22:00:00+00:00,2024-01-07 22:00:00+00:00,2024-01-08 02:00:00+00:00,306.53,304.61,1.919999999999959,False,OPPOSITE_VISIT_BEFORE_K1,0,1,,,False,,,OPPOSITE_VISIT_BEFORE_K1,2024-01-07 22:00:00+00:00,
120,02:00,3,2024-01-09,Tuesday,2024-01-08 19:00:00+00:00,2024-01-08 22:00:00+00:00,2024-01-08 22:00:00+00:00,2024-01-09 02:00:00+00:00,307.67,304.4,3.2700000000000387,False,OPPOSITE_VISIT_BEFORE_K1,0,1,,,False,,,OPPOSITE_VISIT_BEFORE_K1,2024-01-08 23:40:00+00:00,
120,02:00,3,2024-01-10,Wednesday,2024-01-09 19:00:00+00:00,2024-01-09 22:00:00+00:00,2024-01-09 22:00:00+00:00,2024-01-10 02:00:00+00:00,302.74,295.85,6.889999999999986,True,,1,0,2024-01-10 00:25:00+00:00,2024-01-10 00:30:00+00:00,False,,,BREAK_DURING_K1,2024-01-10 00:30:00+00:00,
120,02:00,3,2024-01-11,Thursday,2024-01-10 19:00:00+00:00,2024-01-10 22:00:00+00:00,2024-01-10 22:00:00+00:00,2024-01-11 02:00:00+00:00,303.15,291.0,12.149999999999977,True,,1,0,2024-01-10 22:00:00+00:00,2024-01-10 22:05:00+00:00,False,,,BREAK_DURING_K1,2024-01-10 22:05:00+00:00,
120,02:00,3,2024-01-12,Friday,2024-01-11 19:00:00+00:00,2024-01-11 22:00:00+00:00,2024-01-11 22:00:00+00:00,2024-01-12 02:00:00+00:00,310.32,306.5,3.819999999999993,False,OPPOSITE_VISIT_BEFORE_K1,0,1,,,False,,,OPPOSITE_VISIT_BEFORE_K1,2024-01-11 22:30:00+00:00,
120,02:00,3,2024-01-13,Saturday,2024-01-12 19:00:00+00:00,2024-01-12 22:00:00+00:00,2024-01-12 22:00:00+00:00,2024-01-13 02:00:00+00:00,302.55,296.0,6.550000000000011,False,BREAK_BEFORE_K1,0,0,,,False,,,BREAK_BEFORE_K1,2024-01-12 22:00:00+00:00,
120,02:00,3,2024-01-14,Sunday,2024-01-13 19:00:00+00:00,2024-01-13 22:00:00+00:00,2024-01-13 22:00:00+00:00,2024-01-14 02:00:00+00:00,303.27,301.28,1.990000000000009,False,BREAK_BEFORE_K1,0,0,,,False,,,BREAK_BEFORE_K1,2024-01-14 00:25:00+00:00,
120,02:00,3,2024-01-15,Monday,2024-01-14 19:00:00+00:00,2024-01-14 22:00:00+00:00,2024-01-14 22:00:00+00:00,2024-01-15 02:00:00+00:00,306.39,301.48,4.909999999999968,False,OPPOSITE_VISIT_BEFORE_K1,0,1,,,False,,,OPPOSITE_VISIT_BEFORE_K1,2024-01-14 23:15:00+00:00,
120,02:00,3,2024-01-16,Tuesday,2024-01-15 19:00:00+00:00,2024-01-15 22:00:00+00:00,2024-01-15 22:00:00+00:00,2024-01-16 02:00:00+00:00,318.68,314.61,4.069999999999993,False,BREAK_BEFORE_K1,0,0,,,False,,,BREAK_BEFORE_K1,2024-01-15 22:10:00+00:00,
120,02:00,3,2024-01-17,Wednesday,2024-01-16 19:00:00+00:00,2024-01-16 22:00:00+00:00,2024-01-16 22:00:00+00:00,2024-01-17 02:00:00+00:00,316.99,313.22,3.769999999999982,False,NO_K1,0,0,,,False,,,NO_K1,,
120,02:00,3,2024-01-18,Thursday,2024-01-17 19:00:00+00:00,2024-01-17 22:00:00+00:00,2024-01-17 22:00:00+00:00,2024-01-18 02:00:00+00:00,309.92,307.34,2.580000000000041,False,BREAK_BEFORE_K1,0,0,,,False,,,BREAK_BEFORE_K1,2024-01-17 22:20:00+00:00,
120,02:00,3,2024-01-19,Friday,2024-01-18 19:00:00+00:00,2024-01-18 22:00:00+00:00,2024-01-18 22:00:00+00:00,2024-01-19 02:00:00+00:00,312.17,307.35,4.819999999999993,True,,1,0,2024-01-18 22:00:00+00:00,2024-01-18 22:05:00+00:00,True,2024-01-18 22:10:00+00:00,2024-01-18 22:15:00+00:00,H2_ARRIVAL,2024-01-18 22:50:00+00:00,40.0
120,02:00,3,2024-01-20,Saturday,2024-01-19 19:00:00+00:00,2024-01-19 22:00:00+00:00,2024-01-19 22:00:00+00:00,2024-01-20 02:00:00+00:00,313.84,310.44,3.3999999999999773,False,BREAK_BEFORE_K1,0,0,,,False,,,BREAK_BEFORE_K1,2024-01-19 23:40:00+00:00,
120,02:00,3,2024-01-21,Sunday,2024-01-20 19:00:00+00:00,2024-01-20 22:00:00+00:00,2024-01-20 22:00:00+00:00,2024-01-21 02:00:00+00:00,316.9,313.86,3.0399999999999636,True,,1,0,2024-01-20 23:15:00+00:00,2024-01-20 23:20:00+00:00,True,2024-01-20 23:30:00+00:00,2024-01-20 23:35:00+00:00,H2_ARRIVAL,2024-01-20 23:55:00+00:00,25.0
120,02:00,3,2024-01-22,Monday,2024-01-21 19:00:00+00:00,2024-01-21 22:00:00+00:00,2024-01-21 22:00:00+00:00,2024-01-22 02:00:00+00:00,321.58,318.84,2.740000000000009,False,BREAK_BEFORE_K1,0,0,,,False,,,BREAK_BEFORE_K1,2024-01-21 23:15:00+00:00,
120,02:00,3,2024-01-23,Tuesday,2024-01-22 19:00:00+00:00,2024-01-22 22:00:00+00:00,2024-01-22 22:00:00+00:00,2024-01-23 02:00:00+00:00,311.2,303.3,7.899999999999977,False,NO_K1,0,0,,,False,,,NO_K1,,
120,02:00,3,2024-01-24,Wednesday,2024-01-23 19:00:00+00:00,2024-01-23 22:00:00+00:00,2024-01-23 22:00:00+00:00,2024-01-24 02:00:00+00:00,296.68,291.99,4.689999999999998,False,BREAK_BEFORE_K1,0,0,,,False,,,BREAK_BEFORE_K1,2024-01-23 22:30:00+00:00,
120,02:00,3,2024-01-25,Thursday,2024-01-24 19:00:00+00:00,2024-01-24 22:00:00+00:00,2024-01-24 22:00:00+00:00,2024-01-25 02:00:00+00:00,293.3,290.63,2.670000000000016,False,BREAK_BEFORE_K1,0,0,,,False,,,BREAK_BEFORE_K1,2024-01-24 23:05:00+00:00,
120,02:00,3,2024-01-26,Friday,2024-01-25 19:00:00+00:00,2024-01-25 22:00:00+00:00,2024-01-25 22:00:00+00:00,2024-01-26 02:00:00+00:00,292.84,290.37,2.4699999999999704,True,,1,0,2024-01-26 01:20:00+00:00,2024-01-26 01:25:00+00:00,False,,,BREAK_DURING_K1,2024-01-26 01:25:00+00:00,
120,02:00,3,2024-01-27,Saturday,2024-01-26 19:00:00+00:00,2024-01-26 22:00:00+00:00,2024-01-26 22:00:00+00:00,2024-01-27 02:00:00+00:00,302.84,301.13,1.7099999999999795,False,BREAK_BEFORE_K1,0,0,,,False,,,BREAK_BEFORE_K1,2024-01-27 00:25:00+00:00,
120,02:00,3,2024-01-28,Sunday,2024-01-27 19:00:00+00:00,2024-01-27 22:00:00+00:00,2024-01-27 22:00:00+00:00,2024-01-28 02:00:00+00:00,306.66,304.89,1.7700000000000387,False,OPPOSITE_VISIT_BEFORE_K1,0,1,,,False,,,OPPOSITE_VISIT_BEFORE_K1,2024-01-28 00:25:00+00:00,
120,02:00,3,2024-01-29,Monday,2024-01-28 19:00:00+00:00,2024-01-28 22:00:00+00:00,2024-01-28 22:00:00+00:00,2024-01-29 02:00:00+00:00,305.78,303.11,2.669999999999959,True,,1,0,2024-01-29 00:35:00+00:00,2024-01-29 00:40:00+00:00,True,2024-01-29 00:45:00+00:00,2024-01-29 00:50:00+00:00,H2_ARRIVAL,2024-01-29 01:00:00+00:00,15.0
120,02:00,3,2024-01-30,Tuesday,2024-01-29 19:00:00+00:00,2024-01-29 22:00:00+00:00,2024-01-29 22:00:00+00:00,2024-01-30 02:00:00+00:00,310.66,309.69,0.9700000000000273,True,,1,0,2024-01-29 22:35:00+00:00,2024-01-29 22:40:00+00:00,True,2024-01-29 22:45:00+00:00,2024-01-29 22:50:00+00:00,H2_ARRIVAL,2024-01-29 23:35:00+00:00,50.0
120,02:00,3,2024-01-31,Wednesday,2024-01-30 19:00:00+00:00,2024-01-30 22:00:00+00:00,2024-01-30 22:00:00+00:00,2024-01-31 02:00:00+00:00,310.92,309.04,1.8799999999999955,False,BREAK_BEFORE_K1,0,0,,,False,,,BREAK_BEFORE_K1,2024-01-30 23:20:00+00:00,
120,02:00,3,2024-02-01,Thursday,2024-01-31 19:00:00+00:00,2024-01-31 22:00:00+00:00,2024-01-31 22:00:00+00:00,2024-02-01 02:00:00+00:00,305.51,298.46,7.050000000000011,False,BREAK_BEFORE_K1,0,0,,,False,,,BREAK_BEFORE_K1,2024-02-01 01:15:00+00:00,
120,02:00,3,2024-02-02,Friday,2024-02-01 19:00:00+00:00,2024-02-01 22:00:00+00:00,2024-02-01 22:00:00+00:00,2024-02-02 02:00:00+00:00,301.2,299.44,1.759999999999991,False,BREAK_BEFORE_K1,0,0,,,False,,,BREAK_BEFORE_K1,2024-02-01 22:50:00+00:00,
120,02:00,3,2024-02-03,Saturday,2024-02-02 19:00:00+00:00,2024-02-02 22:00:00+00:00,2024-02-02 22:00:00+00:00,2024-02-03 02:00:00+00:00,300.99,300.02,0.9700000000000273,False,BREAK_BEFORE_K1,0,0,,,False,,,BREAK_BEFORE_K1,2024-02-02 22:15:00+00:00,
120,02:00,3,2024-02-04,Sunday,2024-02-03 19:00:00+00:00,2024-02-03 22:00:00+00:00,2024-02-03 22:00:00+00:00,2024-02-04 02:00:00+00:00,300.61,299.76,0.8500000000000227,True,,1,0,2024-02-03 22:25:00+00:00,2024-02-03 22:30:00+00:00,True,2024-02-03 22:35:00+00:00,2024-02-03 22:40:00+00:00,OPPOSITE_BREAK_BEFORE_H2,2024-02-03 23:20:00+00:00,
120,02:00,3,2024-02-05,Monday,2024-02-04 19:00:00+00:00,2024-02-04 22:00:00+00:00,2024-02-04 22:00:00+00:00,2024-02-05 02:00:00+00:00,307.59,303.96,3.6299999999999955,True,,1,0,2024-02-04 22:15:00+00:00,2024-02-04 22:20:00+00:00,True,2024-02-04 22:25:00+00:00,2024-02-04 22:30:00+00:00,OPPOSITE_BREAK_BEFORE_H2,2024-02-05 01:05:00+00:00,
120,02:00,3,2024-02-06,Tuesday,2024-02-05 19:00:00+00:00,2024-02-05 22:00:00+00:00,2024-02-05 22:00:00+00:00,2024-02-06 02:00:00+00:00,301.91,300.1,1.8100000000000023,False,OPPOSITE_VISIT_BEFORE_K1,0,1,,,False,,,OPPOSITE_VISIT_BEFORE_K1,2024-02-05 22:25:00+00:00,
120,02:00,3,2024-02-07,Wednesday,2024-02-06 19:00:00+00:00,2024-02-06 22:00:00+00:00,2024-02-06 22:00:00+00:00,2024-02-07 02:00:00+00:00,303.62,302.86,0.7599999999999909,False,OPPOSITE_VISIT_BEFORE_K1,0,1,,,False,,,OPPOSITE_VISIT_BEFORE_K1,2024-02-06 22:00:00+00:00,
120,02:00,3,2024-02-08,Thursday,2024-02-07 19:00:00+00:00,2024-02-07 22:00:00+00:00,2024-02-07 22:00:00+00:00,2024-02-08 02:00:00+00:00,308.55,306.34,2.2100000000000364,True,,1,0,2024-02-07 22:20:00+00:00,2024-02-07 22:25:00+00:00,False,,,BREAK_DURING_K1,2024-02-07 22:30:00+00:00,
120,02:00,3,2024-02-09,Friday,2024-02-08 19:00:00+00:00,2024-02-08 22:00:00+00:00,2024-02-08 22:00:00+00:00,2024-02-09 02:00:00+00:00,318.52,316.49,2.0299999999999727,True,,1,0,2024-02-08 22:25:00+00:00,2024-02-08 22:30:00+00:00,True,2024-02-08 22:35:00+00:00,2024-02-08 22:40:00+00:00,H2_ARRIVAL,2024-02-08 22:40:00+00:00,5.0
120,02:00,3,2024-02-10,Saturday,2024-02-09 19:00:00+00:00,2024-02-09 22:00:00+00:00,2024-02-09 22:00:00+00:00,2024-02-10 02:00:00+00:00,323.64,321.21,2.430000000000007,True,,1,0,2024-02-09 22:00:00+00:00,2024-02-09 22:05:00+00:00,True,2024-02-09 22:05:00+00:00,2024-02-09 22:10:00+00:00,H2_ARRIVAL,2024-02-09 22:10:00+00:00,5.0
120,02:00,3,2024-02-11,Sunday,2024-02-10 19:00:00+00:00,2024-02-10 22:00:00+00:00,2024-02-10 22:00:00+00:00,2024-02-11 02:00:00+00:00,323.4,321.0,2.3999999999999773,True,,1,0,2024-02-10 23:00:00+00:00,2024-02-10 23:05:00+00:00,True,2024-02-10 23:05:00+00:00,2024-02-10 23:10:00+00:00,NO_H2_BY_END,,
120,02:00,3,2024-02-12,Monday,2024-02-11 19:00:00+00:00,2024-02-11 22:00:00+00:00,2024-02-11 22:00:00+00:00,2024-02-12 02:00:00+00:00,321.86,319.61,2.25,False,NO_K1,0,0,,,False,,,NO_K1,,
120,02:00,3,2024-02-13,Tuesday,2024-02-12 19:00:00+00:00,2024-02-12 22:00:00+00:00,2024-02-12 22:00:00+00:00,2024-02-13 02:00:00+00:00,330.54,323.83,6.710000000000036,False,NO_K1,0,0,,,False,,,NO_K1,,
120,02:00,3,2024-02-14,Wednesday,2024-02-13 19:00:00+00:00,2024-02-13 22:00:00+00:00,2024-02-13 22:00:00+00:00,2024-02-14 02:00:00+00:00,324.37,321.92,2.4499999999999886,True,,1,0,2024-02-13 23:05:00+00:00,2024-02-13 23:10:00+00:00,True,2024-02-13 23:10:00+00:00,2024-02-13 23:15:00+00:00,H2_ARRIVAL,2024-02-13 23:20:00+00:00,10.0
120,02:00,3,2024-02-15,Thursday,2024-02-14 19:00:00+00:00,2024-02-14 22:00:00+00:00,2024-02-14 22:00:00+00:00,2024-02-15 02:00:00+00:00,333.78,331.38,2.3999999999999773,True,,1,0,2024-02-14 22:00:00+00:00,2024-02-14 22:05:00+00:00,True,2024-02-14 22:05:00+00:00,2024-02-14 22:10:00+00:00,H2_ARRIVAL,2024-02-14 22:10:00+00:00,5.0
120,02:00,3,2024-02-16,Friday,2024-02-15 19:00:00+00:00,2024-02-15 22:00:00+00:00,2024-02-15 22:00:00+00:00,2024-02-16 02:00:00+00:00,356.14,348.91,7.229999999999961,False,BREAK_BEFORE_K1,0,0,,,False,,,BREAK_BEFORE_K1,2024-02-16 01:35:00+00:00,
120,02:00,3,2024-02-17,Saturday,2024-02-16 19:00:00+00:00,2024-02-16 22:00:00+00:00,2024-02-16 22:00:00+00:00,2024-02-17 02:00:00+00:00,359.06,353.9,5.160000000000025,False,BREAK_BEFORE_K1,0,0,,,False,,,BREAK_BEFORE_K1,2024-02-16 22:00:00+00:00,
120,02:00,3,2024-02-18,Sunday,2024-02-17 19:00:00+00:00,2024-02-17 22:00:00+00:00,2024-02-17 22:00:00+00:00,2024-02-18 02:00:00+00:00,354.55,351.53,3.0200000000000387,False,OPPOSITE_VISIT_BEFORE_K1,0,1,,,False,,,OPPOSITE_VISIT_BEFORE_K1,2024-02-17 22:40:00+00:00,
120,02:00,3,2024-02-19,Monday,2024-02-18 19:00:00+00:00,2024-02-18 22:00:00+00:00,2024-02-18 22:00:00+00:00,2024-02-19 02:00:00+00:00,352.11,349.32,2.7900000000000205,False,BREAK_BEFORE_K1,0,0,,,False,,,BREAK_BEFORE_K1,2024-02-18 22:10:00+00:00,
120,02:00,3,2024-02-20,Tuesday,2024-02-19 19:00:00+00:00,2024-02-19 22:00:00+00:00,2024-02-19 22:00:00+00:00,2024-02-20 02:00:00+00:00,353.88,351.78,2.1000000000000227,False,BREAK_BEFORE_K1,0,0,,,False,,,BREAK_BEFORE_K1,2024-02-19 22:00:00+00:00,
120,02:00,3,2024-02-21,Wednesday,2024-02-20 19:00:00+00:00,2024-02-20 22:00:00+00:00,2024-02-20 22:00:00+00:00,2024-02-21 02:00:00+00:00,354.95,349.92,5.029999999999973,False,BREAK_BEFORE_K1,0,0,,,False,,,BREAK_BEFORE_K1,2024-02-20 22:55:00+00:00,
120,02:00,3,2024-02-22,Thursday,2024-02-21 19:00:00+00:00,2024-02-21 22:00:00+00:00,2024-02-21 22:00:00+00:00,2024-02-22 02:00:00+00:00,376.0,365.8,10.199999999999989,False,BREAK_BEFORE_K1,0,0,,,False,,,BREAK_BEFORE_K1,2024-02-21 23:30:00+00:00,
120,02:00,3,2024-02-23,Friday,2024-02-22 19:00:00+00:00,2024-02-22 22:00:00+00:00,2024-02-22 22:00:00+00:00,2024-02-23 02:00:00+00:00,387.21,380.75,6.4599999999999795,False,BREAK_BEFORE_K1,0,0,,,False,,,BREAK_BEFORE_K1,2024-02-22 22:25:00+00:00,
120,02:00,3,2024-02-24,Saturday,2024-02-23 19:00:00+00:00,2024-02-23 22:00:00+00:00,2024-02-23 22:00:00+00:00,2024-02-24 02:00:00+00:00,377.72,373.54,4.180000000000007,False,BREAK_BEFORE_K1,0,0,,,False,,,BREAK_BEFORE_K1,2024-02-23 22:40:00+00:00,
120,02:00,3,2024-02-25,Sunday,2024-02-24 19:00:00+00:00,2024-02-24 22:00:00+00:00,2024-02-24 22:00:00+00:00,2024-02-25 02:00:00+00:00,382.44,380.91,1.5299999999999727,False,BREAK_BEFORE_K1,0,0,,,False,,,BREAK_BEFORE_K1,2024-02-25 00:15:00+00:00,
120,02:00,3,2024-02-26,Monday,2024-02-25 19:00:00+00:00,2024-02-25 22:00:00+00:00,2024-02-25 22:00:00+00:00,2024-02-26 02:00:00+00:00,391.03,385.47,5.559999999999945,False,BREAK_BEFORE_K1,0,0,,,False,,,BREAK_BEFORE_K1,2024-02-26 01:40:00+00:00,
120,02:00,3,2024-02-27,Tuesday,2024-02-26 19:00:00+00:00,2024-02-26 22:00:00+00:00,2024-02-26 22:00:00+00:00,2024-02-27 02:00:00+00:00,405.0,395.13,9.870000000000005,False,NO_K1,0,0,,,False,,,NO_K1,,
120,02:00,3,2024-02-28,Wednesday,2024-02-27 19:00:00+00:00,2024-02-27 22:00:00+00:00,2024-02-27 22:00:00+00:00,2024-02-28 02:00:00+00:00,396.4,393.66,2.7399999999999523,False,NO_K1,0,0,,,False,,,NO_K1,,
120,02:00,3,2024-02-29,Thursday,2024-02-28 19:00:00+00:00,2024-02-28 22:00:00+00:00,2024-02-28 22:00:00+00:00,2024-02-29 02:00:00+00:00,410.56,404.7,5.860000000000014,False,BREAK_BEFORE_K1,0,0,,,False,,,BREAK_BEFORE_K1,2024-02-28 22:05:00+00:00,
120,02:00,3,2024-03-01,Friday,2024-02-29 19:00:00+00:00,2024-02-29 22:00:00+00:00,2024-02-29 22:00:00+00:00,2024-03-01 02:00:00+00:00,407.53,397.97,9.559999999999945,False,OPPOSITE_VISIT_BEFORE_K1,0,1,,,False,,,OPPOSITE_VISIT_BEFORE_K1,2024-02-29 22:20:00+00:00,
120,02:00,3,2024-03-02,Saturday,2024-03-01 19:00:00+00:00,2024-03-01 22:00:00+00:00,2024-03-01 22:00:00+00:00,2024-03-02 02:00:00+00:00,408.33,406.15,2.180000000000007,False,OPPOSITE_VISIT_BEFORE_K1,0,1,,,False,,,OPPOSITE_VISIT_BEFORE_K1,2024-03-01 22:55:00+00:00,
120,02:00,3,2024-03-03,Sunday,2024-03-02 19:00:00+00:00,2024-03-02 22:00:00+00:00,2024-03-02 22:00:00+00:00,2024-03-03 02:00:00+00:00,410.24,407.44,2.8000000000000114,False,BREAK_BEFORE_K1,0,0,,,False,,,BREAK_BEFORE_K1,2024-03-02 23:05:00+00:00,
120,02:00,3,2024-03-04,Monday,2024-03-03 19:00:00+00:00,2024-03-03 22:00:00+00:00,2024-03-03 22:00:00+00:00,2024-03-04 02:00:00+00:00,417.07,413.23,3.839999999999975,True,,1,0,2024-03-03 22:30:00+00:00,2024-03-03 22:35:00+00:00,True,2024-03-03 22:35:00+00:00,2024-03-03 22:40:00+00:00,H2_ARRIVAL,2024-03-04 00:30:00+00:00,115.0
120,02:00,3,2024-03-05,Tuesday,2024-03-04 19:00:00+00:00,2024-03-04 22:00:00+00:00,2024-03-04 22:00:00+00:00,2024-03-05 02:00:00+00:00,417.29,413.88,3.410000000000025,True,,1,0,2024-03-04 22:00:00+00:00,2024-03-04 22:05:00+00:00,True,2024-03-04 22:05:00+00:00,2024-03-04 22:10:00+00:00,H2_ARRIVAL,2024-03-04 22:15:00+00:00,10.0
120,02:00,3,2024-03-06,Wednesday,2024-03-05 19:00:00+00:00,2024-03-05 22:00:00+00:00,2024-03-05 22:00:00+00:00,2024-03-06 02:00:00+00:00,405.56,352.01,53.55000000000001,False,NO_K1,0,0,,,False,,,NO_K1,,
120,02:00,3,2024-03-07,Thursday,2024-03-06 19:00:00+00:00,2024-03-06 22:00:00+00:00,2024-03-06 22:00:00+00:00,2024-03-07 02:00:00+00:00,428.59,423.55,5.039999999999964,True,,1,0,2024-03-06 22:15:00+00:00,2024-03-06 22:20:00+00:00,False,,,BREAK_DURING_K1,2024-03-06 22:20:00+00:00,
120,02:00,3,2024-03-08,Friday,2024-03-07 19:00:00+00:00,2024-03-07 22:00:00+00:00,2024-03-07 22:00:00+00:00,2024-03-08 02:00:00+00:00,473.99,462.45,11.54000000000002,False,BREAK_BEFORE_K1,0,0,,,False,,,BREAK_BEFORE_K1,2024-03-07 23:10:00+00:00,
120,02:00,3,2024-03-09,Saturday,2024-03-08 19:00:00+00:00,2024-03-08 22:00:00+00:00,2024-03-08 22:00:00+00:00,2024-03-09 02:00:00+00:00,486.99,477.93,9.060000000000002,False,OPPOSITE_VISIT_BEFORE_K1,0,1,,,False,,,OPPOSITE_VISIT_BEFORE_K1,2024-03-08 22:00:00+00:00,
120,02:00,3,2024-03-10,Sunday,2024-03-09 19:00:00+00:00,2024-03-09 22:00:00+00:00,2024-03-09 22:00:00+00:00,2024-03-10 02:00:00+00:00,487.43,481.35,6.079999999999984,True,,1,0,2024-03-09 22:05:00+00:00,2024-03-09 22:10:00+00:00,False,,,BREAK_DURING_K1,2024-03-09 22:10:00+00:00,
120,02:00,3,2024-03-11,Monday,2024-03-10 19:00:00+00:00,2024-03-10 22:00:00+00:00,2024-03-10 22:00:00+00:00,2024-03-11 02:00:00+00:00,532.19,525.15,7.040000000000077,False,BREAK_BEFORE_K1,0,0,,,False,,,BREAK_BEFORE_K1,2024-03-10 22:15:00+00:00,
120,02:00,3,2024-03-12,Tuesday,2024-03-11 19:00:00+00:00,2024-03-11 22:00:00+00:00,2024-03-11 22:00:00+00:00,2024-03-12 02:00:00+00:00,522.5,517.38,5.1200000000000045,False,BREAK_BEFORE_K1,0,0,,,False,,,BREAK_BEFORE_K1,2024-03-11 22:20:00+00:00,
120,02:00,3,2024-03-13,Wednesday,2024-03-12 19:00:00+00:00,2024-03-12 22:00:00+00:00,2024-03-12 22:00:00+00:00,2024-03-13 02:00:00+00:00,546.32,532.65,13.670000000000073,False,OPPOSITE_VISIT_BEFORE_K1,0,1,,,False,,,OPPOSITE_VISIT_BEFORE_K1,2024-03-13 01:00:00+00:00,
120,02:00,3,2024-03-14,Thursday,2024-03-13 19:00:00+00:00,2024-03-13 22:00:00+00:00,2024-03-13 22:00:00+00:00,2024-03-14 02:00:00+00:00,599.8,592.03,7.769999999999982,True,,1,0,2024-03-13 22:05:00+00:00,2024-03-13 22:10:00+00:00,False,,,BREAK_DURING_K1,2024-03-13 22:15:00+00:00,
120,02:00,3,2024-03-15,Friday,2024-03-14 19:00:00+00:00,2024-03-14 22:00:00+00:00,2024-03-14 22:00:00+00:00,2024-03-15 02:00:00+00:00,600.86,565.55,35.31000000000006,False,BREAK_BEFORE_K1,0,0,,,False,,,BREAK_BEFORE_K1,2024-03-14 22:00:00+00:00,
120,02:00,3,2024-03-16,Saturday,2024-03-15 19:00:00+00:00,2024-03-15 22:00:00+00:00,2024-03-15 22:00:00+00:00,2024-03-16 02:00:00+00:00,614.39,582.1,32.289999999999964,False,BREAK_BEFORE_K1,0,0,,,False,,,BREAK_BEFORE_K1,2024-03-15 23:20:00+00:00,
120,02:00,3,2024-03-17,Sunday,2024-03-16 19:00:00+00:00,2024-03-16 22:00:00+00:00,2024-03-16 22:00:00+00:00,2024-03-17 02:00:00+00:00,592.24,579.26,12.980000000000018,False,BREAK_BEFORE_K1,0,0,,,False,,,BREAK_BEFORE_K1,2024-03-16 23:10:00+00:00,
120,02:00,3,2024-03-18,Monday,2024-03-17 19:00:00+00:00,2024-03-17 22:00:00+00:00,2024-03-17 22:00:00+00:00,2024-03-18 02:00:00+00:00,584.2,572.59,11.610000000000014,False,BREAK_BEFORE_K1,0,0,,,False,,,BREAK_BEFORE_K1,2024-03-17 23:05:00+00:00,
120,02:00,3,2024-03-19,Tuesday,2024-03-18 19:00:00+00:00,2024-03-18 22:00:00+00:00,2024-03-18 22:00:00+00:00,2024-03-19 02:00:00+00:00,557.99,545.39,12.600000000000023,False,BREAK_BEFORE_K1,0,0,,,False,,,BREAK_BEFORE_K1,2024-03-18 23:20:00+00:00,
120,02:00,3,2024-03-20,Wednesday,2024-03-19 19:00:00+00:00,2024-03-19 22:00:00+00:00,2024-03-19 22:00:00+00:00,2024-03-20 02:00:00+00:00,536.78,516.49,20.289999999999964,False,BREAK_BEFORE_K1,0,0,,,False,,,BREAK_BEFORE_K1,2024-03-19 22:10:00+00:00,
120,02:00,3,2024-03-21,Thursday,2024-03-20 19:00:00+00:00,2024-03-20 22:00:00+00:00,2024-03-20 22:00:00+00:00,2024-03-21 02:00:00+00:00,556.41,534.95,21.459999999999923,False,BREAK_BEFORE_K1,0,0,,,False,,,BREAK_BEFORE_K1,2024-03-20 22:00:00+00:00,
120,02:00,3,2024-03-22,Friday,2024-03-21 19:00:00+00:00,2024-03-21 22:00:00+00:00,2024-03-21 22:00:00+00:00,2024-03-22 02:00:00+00:00,558.72,546.74,11.980000000000018,True,,1,0,2024-03-21 22:05:00+00:00,2024-03-21 22:10:00+00:00,True,2024-03-21 22:10:00+00:00,2024-03-21 22:15:00+00:00,H2_ARRIVAL,2024-03-22 00:15:00+00:00,125.0
120,02:00,3,2024-03-23,Saturday,2024-03-22 19:00:00+00:00,2024-03-22 22:00:00+00:00,2024-03-22 22:00:00+00:00,2024-03-23 02:00:00+00:00,552.8,534.5,18.299999999999955,False,BREAK_BEFORE_K1,0,0,,,False,,,BREAK_BEFORE_K1,2024-03-22 23:55:00+00:00,
120,02:00,3,2024-03-24,Sunday,2024-03-23 19:00:00+00:00,2024-03-23 22:00:00+00:00,2024-03-23 22:00:00+00:00,2024-03-24 02:00:00+00:00,562.9,558.34,4.559999999999945,False,BREAK_BEFORE_K1,0,0,,,False,,,BREAK_BEFORE_K1,2024-03-23 22:40:00+00:00,
120,02:00,3,2024-03-25,Monday,2024-03-24 19:00:00+00:00,2024-03-24 22:00:00+00:00,2024-03-24 22:00:00+00:00,2024-03-25 02:00:00+00:00,570.04,562.73,7.309999999999945,True,,1,0,2024-03-24 22:00:00+00:00,2024-03-24 22:05:00+00:00,False,,,BREAK_DURING_K1,2024-03-24 22:05:00+00:00,
120,02:00,3,2024-03-26,Tuesday,2024-03-25 19:00:00+00:00,2024-03-25 22:00:00+00:00,2024-03-25 22:00:00+00:00,2024-03-26 02:00:00+00:00,596.18,585.06,11.120000000000005,False,NO_K1,0,0,,,False,,,NO_K1,,
120,02:00,3,2024-03-27,Wednesday,2024-03-26 19:00:00+00:00,2024-03-26 22:00:00+00:00,2024-03-26 22:00:00+00:00,2024-03-27 02:00:00+00:00,580.58,573.54,7.040000000000077,False,BREAK_BEFORE_K1,0,0,,,False,,,BREAK_BEFORE_K1,2024-03-26 22:55:00+00:00,
120,02:00,3,2024-03-28,Thursday,2024-03-27 19:00:00+00:00,2024-03-27 22:00:00+00:00,2024-03-27 22:00:00+00:00,2024-03-28 02:00:00+00:00,574.1,566.23,7.8700000000000045,True,,1,0,2024-03-27 22:05:00+00:00,2024-03-27 22:10:00+00:00,True,2024-03-27 22:10:00+00:00,2024-03-27 22:15:00+00:00,H2_ARRIVAL,2024-03-27 22:20:00+00:00,10.0
120,02:00,3,2024-03-29,Friday,2024-03-28 19:00:00+00:00,2024-03-28 22:00:00+00:00,2024-03-28 22:00:00+00:00,2024-03-29 02:00:00+00:00,583.87,581.0,2.8700000000000045,False,BREAK_BEFORE_K1,0,0,,,False,,,BREAK_BEFORE_K1,2024-03-28 22:00:00+00:00,
120,02:00,3,2024-03-30,Saturday,2024-03-29 19:00:00+00:00,2024-03-29 22:00:00+00:00,2024-03-29 22:00:00+00:00,2024-03-30 02:00:00+00:00,615.29,609.39,5.899999999999977,True,,1,0,2024-03-29 22:00:00+00:00,2024-03-29 22:05:00+00:00,False,,,BREAK_DURING_K1,2024-03-29 22:05:00+00:00,
120,02:00,3,2024-03-31,Sunday,2024-03-30 19:00:00+00:00,2024-03-30 22:00:00+00:00,2024-03-30 22:00:00+00:00,2024-03-31 02:00:00+00:00,608.6,601.58,7.019999999999982,False,BREAK_BEFORE_K1,0,0,,,False,,,BREAK_BEFORE_K1,2024-03-30 23:25:00+00:00,
120,02:00,3,2024-04-01,Monday,2024-03-31 19:00:00+00:00,2024-03-31 22:00:00+00:00,2024-03-31 22:00:00+00:00,2024-04-01 02:00:00+00:00,608.12,603.34,4.779999999999973,False,BREAK_BEFORE_K1,0,0,,,False,,,BREAK_BEFORE_K1,2024-04-01 01:35:00+00:00,
120,02:00,3,2024-04-02,Tuesday,2024-04-01 19:00:00+00:00,2024-04-01 22:00:00+00:00,2024-04-01 22:00:00+00:00,2024-04-02 02:00:00+00:00,581.79,574.45,7.339999999999918,False,OPPOSITE_VISIT_BEFORE_K1,0,1,,,False,,,OPPOSITE_VISIT_BEFORE_K1,2024-04-02 00:30:00+00:00,
120,02:00,3,2024-04-03,Wednesday,2024-04-02 19:00:00+00:00,2024-04-02 22:00:00+00:00,2024-04-02 22:00:00+00:00,2024-04-03 02:00:00+00:00,560.42,553.72,6.699999999999932,False,BREAK_BEFORE_K1,0,0,,,False,,,BREAK_BEFORE_K1,2024-04-02 23:30:00+00:00,
120,02:00,3,2024-04-04,Thursday,2024-04-03 19:00:00+00:00,2024-04-03 22:00:00+00:00,2024-04-03 22:00:00+00:00,2024-04-04 02:00:00+00:00,561.17,552.28,8.889999999999986,False,BREAK_BEFORE_K1,0,0,,,False,,,BREAK_BEFORE_K1,2024-04-03 22:00:00+00:00,
120,02:00,3,2024-04-05,Friday,2024-04-04 19:00:00+00:00,2024-04-04 22:00:00+00:00,2024-04-04 22:00:00+00:00,2024-04-05 02:00:00+00:00,595.38,581.03,14.350000000000023,False,OPPOSITE_VISIT_BEFORE_K1,0,1,,,False,,,OPPOSITE_VISIT_BEFORE_K1,2024-04-04 22:45:00+00:00,
120,02:00,3,2024-04-06,Saturday,2024-04-05 19:00:00+00:00,2024-04-05 22:00:00+00:00,2024-04-05 22:00:00+00:00,2024-04-06 02:00:00+00:00,583.78,579.6,4.17999999999995,False,OPPOSITE_VISIT_BEFORE_K1,0,1,,,False,,,OPPOSITE_VISIT_BEFORE_K1,2024-04-05 22:00:00+00:00,
120,02:00,3,2024-04-07,Sunday,2024-04-06 19:00:00+00:00,2024-04-06 22:00:00+00:00,2024-04-06 22:00:00+00:00,2024-04-07 02:00:00+00:00,585.51,582.32,3.189999999999941,False,BREAK_BEFORE_K1,0,0,,,False,,,BREAK_BEFORE_K1,2024-04-06 22:25:00+00:00,
120,02:00,3,2024-04-08,Monday,2024-04-07 19:00:00+00:00,2024-04-07 22:00:00+00:00,2024-04-07 22:00:00+00:00,2024-04-08 02:00:00+00:00,582.84,577.44,5.399999999999977,False,BREAK_BEFORE_K1,0,0,,,False,,,BREAK_BEFORE_K1,2024-04-07 23:10:00+00:00,
120,02:00,3,2024-04-09,Tuesday,2024-04-08 19:00:00+00:00,2024-04-08 22:00:00+00:00,2024-04-08 22:00:00+00:00,2024-04-09 02:00:00+00:00,590.96,587.8,3.160000000000082,False,BREAK_BEFORE_K1,0,0,,,False,,,BREAK_BEFORE_K1,2024-04-08 22:25:00+00:00,
120,02:00,3,2024-04-10,Wednesday,2024-04-09 19:00:00+00:00,2024-04-09 22:00:00+00:00,2024-04-09 22:00:00+00:00,2024-04-10 02:00:00+00:00,582.5,578.67,3.830000000000041,False,BREAK_BEFORE_K1,0,0,,,False,,,BREAK_BEFORE_K1,2024-04-09 22:15:00+00:00,
120,02:00,3,2024-04-11,Thursday,2024-04-10 19:00:00+00:00,2024-04-10 22:00:00+00:00,2024-04-10 22:00:00+00:00,2024-04-11 02:00:00+00:00,608.3,603.33,4.969999999999914,False,BREAK_BEFORE_K1,0,0,,,False,,,BREAK_BEFORE_K1,2024-04-10 22:00:00+00:00,
120,02:00,3,2024-04-12,Friday,2024-04-11 19:00:00+00:00,2024-04-11 22:00:00+00:00,2024-04-11 22:00:00+00:00,2024-04-12 02:00:00+00:00,607.73,602.11,5.6200000000000045,False,BREAK_BEFORE_K1,0,0,,,False,,,BREAK_BEFORE_K1,2024-04-12 00:40:00+00:00,
120,02:00,3,2024-04-13,Saturday,2024-04-12 19:00:00+00:00,2024-04-12 22:00:00+00:00,2024-04-12 22:00:00+00:00,2024-04-13 02:00:00+00:00,598.2,579.5,18.700000000000045,True,,1,0,2024-04-12 22:10:00+00:00,2024-04-12 22:15:00+00:00,True,2024-04-12 22:15:00+00:00,2024-04-12 22:20:00+00:00,OPPOSITE_BREAK_BEFORE_H2,2024-04-13 01:40:00+00:00,
120,02:00,3,2024-04-14,Sunday,2024-04-13 19:00:00+00:00,2024-04-13 22:00:00+00:00,2024-04-13 22:00:00+00:00,2024-04-14 02:00:00+00:00,582.0,489.0,93.0,False,NO_K1,0,0,,,False,,,NO_K1,,
120,02:00,3,2024-04-15,Monday,2024-04-14 19:00:00+00:00,2024-04-14 22:00:00+00:00,2024-04-14 22:00:00+00:00,2024-04-15 02:00:00+00:00,553.4,546.14,7.259999999999991,False,BREAK_BEFORE_K1,0,0,,,False,,,BREAK_BEFORE_K1,2024-04-14 22:00:00+00:00,
120,02:00,3,2024-04-16,Tuesday,2024-04-15 19:00:00+00:00,2024-04-15 22:00:00+00:00,2024-04-15 22:00:00+00:00,2024-04-16 02:00:00+00:00,558.32,543.62,14.700000000000045,False,NO_K1,0,0,,,False,,,NO_K1,,
120,02:00,3,2024-04-17,Wednesday,2024-04-16 19:00:00+00:00,2024-04-16 22:00:00+00:00,2024-04-16 22:00:00+00:00,2024-04-17 02:00:00+00:00,544.0,533.3,10.700000000000045,False,NO_K1,0,0,,,False,,,NO_K1,,
120,02:00,3,2024-04-18,Thursday,2024-04-17 19:00:00+00:00,2024-04-17 22:00:00+00:00,2024-04-17 22:00:00+00:00,2024-04-18 02:00:00+00:00,540.42,529.8,10.620000000000005,False,BREAK_BEFORE_K1,0,0,,,False,,,BREAK_BEFORE_K1,2024-04-18 00:20:00+00:00,
120,02:00,3,2024-04-19,Friday,2024-04-18 19:00:00+00:00,2024-04-18 22:00:00+00:00,2024-04-18 22:00:00+00:00,2024-04-19 02:00:00+00:00,551.86,547.56,4.300000000000068,False,BREAK_BEFORE_K1,0,0,,,False,,,BREAK_BEFORE_K1,2024-04-18 22:35:00+00:00,
120,02:00,3,2024-04-20,Saturday,2024-04-19 19:00:00+00:00,2024-04-19 22:00:00+00:00,2024-04-19 22:00:00+00:00,2024-04-20 02:00:00+00:00,561.0,557.1,3.8999999999999773,True,,1,0,2024-04-19 22:05:00+00:00,2024-04-19 22:10:00+00:00,False,,,BREAK_DURING_K1,2024-04-19 22:10:00+00:00,
120,02:00,3,2024-04-21,Sunday,2024-04-20 19:00:00+00:00,2024-04-20 22:00:00+00:00,2024-04-20 22:00:00+00:00,2024-04-21 02:00:00+00:00,574.0,569.27,4.730000000000018,False,BREAK_BEFORE_K1,0,0,,,False,,,BREAK_BEFORE_K1,2024-04-20 22:10:00+00:00,
120,02:00,3,2024-04-22,Monday,2024-04-21 19:00:00+00:00,2024-04-21 22:00:00+00:00,2024-04-21 22:00:00+00:00,2024-04-22 02:00:00+00:00,579.53,573.43,6.100000000000023,False,BREAK_BEFORE_K1,0,0,,,False,,,BREAK_BEFORE_K1,2024-04-21 22:05:00+00:00,
120,02:00,3,2024-04-23,Tuesday,2024-04-22 19:00:00+00:00,2024-04-22 22:00:00+00:00,2024-04-22 22:00:00+00:00,2024-04-23 02:00:00+00:00,598.41,593.64,4.769999999999982,False,BREAK_BEFORE_K1,0,0,,,False,,,BREAK_BEFORE_K1,2024-04-22 22:05:00+00:00,
120,02:00,3,2024-04-24,Wednesday,2024-04-23 19:00:00+00:00,2024-04-23 22:00:00+00:00,2024-04-23 22:00:00+00:00,2024-04-24 02:00:00+00:00,609.5,604.48,5.019999999999982,False,BREAK_BEFORE_K1,0,0,,,False,,,BREAK_BEFORE_K1,2024-04-24 00:15:00+00:00,
120,02:00,3,2024-04-25,Thursday,2024-04-24 19:00:00+00:00,2024-04-24 22:00:00+00:00,2024-04-24 22:00:00+00:00,2024-04-25 02:00:00+00:00,612.7,592.29,20.410000000000082,False,NO_K1,0,0,,,False,,,NO_K1,,
120,02:00,3,2024-04-26,Friday,2024-04-25 19:00:00+00:00,2024-04-25 22:00:00+00:00,2024-04-25 22:00:00+00:00,2024-04-26 02:00:00+00:00,617.31,611.99,5.319999999999936,False,OPPOSITE_VISIT_BEFORE_K1,0,1,,,False,,,OPPOSITE_VISIT_BEFORE_K1,2024-04-26 00:15:00+00:00,
120,02:00,3,2024-04-27,Saturday,2024-04-26 19:00:00+00:00,2024-04-26 22:00:00+00:00,2024-04-26 22:00:00+00:00,2024-04-27 02:00:00+00:00,604.0,600.3,3.7000000000000455,False,BREAK_BEFORE_K1,0,0,,,False,,,BREAK_BEFORE_K1,2024-04-26 22:10:00+00:00,
120,02:00,3,2024-04-28,Sunday,2024-04-27 19:00:00+00:00,2024-04-27 22:00:00+00:00,2024-04-27 22:00:00+00:00,2024-04-28 02:00:00+00:00,595.72,591.88,3.840000000000032,True,,1,0,2024-04-27 23:30:00+00:00,2024-04-27 23:35:00+00:00,False,,,BREAK_DURING_K1,2024-04-27 23:45:00+00:00,
120,02:00,3,2024-04-29,Monday,2024-04-28 19:00:00+00:00,2024-04-28 22:00:00+00:00,2024-04-28 22:00:00+00:00,2024-04-29 02:00:00+00:00,606.59,603.06,3.5300000000000864,False,BREAK_BEFORE_K1,0,0,,,False,,,BREAK_BEFORE_K1,2024-04-28 22:10:00+00:00,
120,02:00,3,2024-04-30,Tuesday,2024-04-29 19:00:00+00:00,2024-04-29 22:00:00+00:00,2024-04-29 22:00:00+00:00,2024-04-30 02:00:00+00:00,593.59,588.31,5.280000000000086,False,BREAK_BEFORE_K1,0,0,,,False,,,BREAK_BEFORE_K1,2024-04-29 22:30:00+00:00,
120,02:00,3,2024-05-01,Wednesday,2024-04-30 19:00:00+00:00,2024-04-30 22:00:00+00:00,2024-04-30 22:00:00+00:00,2024-05-01 02:00:00+00:00,579.99,562.16,17.83000000000004,True,,1,0,2024-04-30 22:05:00+00:00,2024-04-30 22:10:00+00:00,False,,,BREAK_DURING_K1,2024-04-30 22:10:00+00:00,
120,02:00,3,2024-05-02,Thursday,2024-05-01 19:00:00+00:00,2024-05-01 22:00:00+00:00,2024-05-01 22:00:00+00:00,2024-05-02 02:00:00+00:00,564.03,547.34,16.68999999999994,False,BREAK_BEFORE_K1,0,0,,,False,,,BREAK_BEFORE_K1,2024-05-02 01:50:00+00:00,
120,02:00,3,2024-05-03,Friday,2024-05-02 19:00:00+00:00,2024-05-02 22:00:00+00:00,2024-05-02 22:00:00+00:00,2024-05-03 02:00:00+00:00,563.33,557.91,5.420000000000073,True,,1,0,2024-05-02 22:15:00+00:00,2024-05-02 22:20:00+00:00,True,2024-05-02 22:20:00+00:00,2024-05-02 22:25:00+00:00,H2_ARRIVAL,2024-05-02 22:25:00+00:00,5.0
120,02:00,3,2024-05-04,Saturday,2024-05-03 19:00:00+00:00,2024-05-03 22:00:00+00:00,2024-05-03 22:00:00+00:00,2024-05-04 02:00:00+00:00,589.83,577.46,12.370000000000005,False,NO_K1,0,0,,,False,,,NO_K1,,
120,02:00,3,2024-05-05,Sunday,2024-05-04 19:00:00+00:00,2024-05-04 22:00:00+00:00,2024-05-04 22:00:00+00:00,2024-05-05 02:00:00+00:00,591.37,582.71,8.659999999999968,False,OPPOSITE_VISIT_BEFORE_K1,0,1,,,False,,,OPPOSITE_VISIT_BEFORE_K1,2024-05-05 00:35:00+00:00,
120,02:00,3,2024-05-06,Monday,2024-05-05 19:00:00+00:00,2024-05-05 22:00:00+00:00,2024-05-05 22:00:00+00:00,2024-05-06 02:00:00+00:00,593.76,589.66,4.100000000000023,False,OPPOSITE_VISIT_BEFORE_K1,0,1,,,False,,,OPPOSITE_VISIT_BEFORE_K1,2024-05-05 22:00:00+00:00,
120,02:00,3,2024-05-07,Tuesday,2024-05-06 19:00:00+00:00,2024-05-06 22:00:00+00:00,2024-05-06 22:00:00+00:00,2024-05-07 02:00:00+00:00,593.3,585.21,8.089999999999918,False,NO_K1,0,0,,,False,,,NO_K1,,
120,02:00,3,2024-05-08,Wednesday,2024-05-07 19:00:00+00:00,2024-05-07 22:00:00+00:00,2024-05-07 22:00:00+00:00,2024-05-08 02:00:00+00:00,589.63,579.84,9.789999999999964,False,OPPOSITE_VISIT_BEFORE_K1,0,1,,,False,,,OPPOSITE_VISIT_BEFORE_K1,2024-05-07 22:05:00+00:00,
120,02:00,3,2024-05-09,Thursday,2024-05-08 19:00:00+00:00,2024-05-08 22:00:00+00:00,2024-05-08 22:00:00+00:00,2024-05-09 02:00:00+00:00,589.88,579.06,10.82000000000005,False,BREAK_BEFORE_K1,0,0,,,False,,,BREAK_BEFORE_K1,2024-05-09 00:05:00+00:00,
120,02:00,3,2024-05-10,Friday,2024-05-09 19:00:00+00:00,2024-05-09 22:00:00+00:00,2024-05-09 22:00:00+00:00,2024-05-10 02:00:00+00:00,597.85,593.57,4.279999999999973,False,BREAK_BEFORE_K1,0,0,,,False,,,BREAK_BEFORE_K1,2024-05-09 22:45:00+00:00,
120,02:00,3,2024-05-11,Saturday,2024-05-10 19:00:00+00:00,2024-05-10 22:00:00+00:00,2024-05-10 22:00:00+00:00,2024-05-11 02:00:00+00:00,587.3,583.14,4.159999999999968,True,,1,0,2024-05-10 22:05:00+00:00,2024-05-10 22:10:00+00:00,True,2024-05-10 22:10:00+00:00,2024-05-10 22:15:00+00:00,H2_ARRIVAL,2024-05-10 22:15:00+00:00,5.0
120,02:00,3,2024-05-12,Sunday,2024-05-11 19:00:00+00:00,2024-05-11 22:00:00+00:00,2024-05-11 22:00:00+00:00,2024-05-12 02:00:00+00:00,594.43,591.93,2.5,False,OPPOSITE_VISIT_BEFORE_K1,0,1,,,False,,,OPPOSITE_VISIT_BEFORE_K1,2024-05-11 23:30:00+00:00,
120,02:00,3,2024-05-13,Monday,2024-05-12 19:00:00+00:00,2024-05-12 22:00:00+00:00,2024-05-12 22:00:00+00:00,2024-05-13 02:00:00+00:00,598.0,593.14,4.860000000000014,False,OPPOSITE_VISIT_BEFORE_K1,0,1,,,False,,,OPPOSITE_VISIT_BEFORE_K1,2024-05-12 22:15:00+00:00,
120,02:00,3,2024-05-14,Tuesday,2024-05-13 19:00:00+00:00,2024-05-13 22:00:00+00:00,2024-05-13 22:00:00+00:00,2024-05-14 02:00:00+00:00,595.2,591.37,3.830000000000041,False,OPPOSITE_VISIT_BEFORE_K1,0,1,,,False,,,OPPOSITE_VISIT_BEFORE_K1,2024-05-13 22:25:00+00:00,
120,02:00,3,2024-05-15,Wednesday,2024-05-14 19:00:00+00:00,2024-05-14 22:00:00+00:00,2024-05-14 22:00:00+00:00,2024-05-15 02:00:00+00:00,568.85,565.33,3.519999999999982,False,BREAK_BEFORE_K1,0,0,,,False,,,BREAK_BEFORE_K1,2024-05-14 22:10:00+00:00,
120,02:00,3,2024-05-16,Thursday,2024-05-15 19:00:00+00:00,2024-05-15 22:00:00+00:00,2024-05-15 22:00:00+00:00,2024-05-16 02:00:00+00:00,586.4,583.26,3.1399999999999864,False,OPPOSITE_VISIT_BEFORE_K1,0,1,,,False,,,OPPOSITE_VISIT_BEFORE_K1,2024-05-15 23:00:00+00:00,
120,02:00,3,2024-05-17,Friday,2024-05-16 19:00:00+00:00,2024-05-16 22:00:00+00:00,2024-05-16 22:00:00+00:00,2024-05-17 02:00:00+00:00,569.77,566.17,3.6000000000000227,False,OPPOSITE_VISIT_BEFORE_K1,0,1,,,False,,,OPPOSITE_VISIT_BEFORE_K1,2024-05-16 22:15:00+00:00,
120,02:00,3,2024-05-18,Saturday,2024-05-17 19:00:00+00:00,2024-05-17 22:00:00+00:00,2024-05-17 22:00:00+00:00,2024-05-18 02:00:00+00:00,579.96,578.06,1.900000000000091,False,BREAK_BEFORE_K1,0,0,,,False,,,BREAK_BEFORE_K1,2024-05-17 22:10:00+00:00,
120,02:00,3,2024-05-19,Sunday,2024-05-18 19:00:00+00:00,2024-05-18 22:00:00+00:00,2024-05-18 22:00:00+00:00,2024-05-19 02:00:00+00:00,578.0,576.5,1.5,True,,1,0,2024-05-18 22:00:00+00:00,2024-05-18 22:05:00+00:00,True,2024-05-18 22:10:00+00:00,2024-05-18 22:15:00+00:00,H2_ARRIVAL,2024-05-18 22:45:00+00:00,35.0
120,02:00,3,2024-05-20,Monday,2024-05-19 19:00:00+00:00,2024-05-19 22:00:00+00:00,2024-05-19 22:00:00+00:00,2024-05-20 02:00:00+00:00,575.92,571.0,4.919999999999959,False,OPPOSITE_VISIT_BEFORE_K1,0,1,,,False,,,OPPOSITE_VISIT_BEFORE_K1,2024-05-20 01:30:00+00:00,
120,02:00,3,2024-05-21,Tuesday,2024-05-20 19:00:00+00:00,2024-05-20 22:00:00+00:00,2024-05-20 22:00:00+00:00,2024-05-21 02:00:00+00:00,594.72,577.35,17.370000000000005,True,,1,0,2024-05-20 22:00:00+00:00,2024-05-20 22:05:00+00:00,True,2024-05-20 22:05:00+00:00,2024-05-20 22:10:00+00:00,H2_ARRIVAL,2024-05-20 23:15:00+00:00,70.0
120,02:00,3,2024-05-22,Wednesday,2024-05-21 19:00:00+00:00,2024-05-21 22:00:00+00:00,2024-05-21 22:00:00+00:00,2024-05-22 02:00:00+00:00,616.21,608.01,8.200000000000045,True,,1,0,2024-05-21 22:15:00+00:00,2024-05-21 22:20:00+00:00,False,,,BREAK_DURING_K1,2024-05-21 22:20:00+00:00,
120,02:00,3,2024-05-23,Thursday,2024-05-22 19:00:00+00:00,2024-05-22 22:00:00+00:00,2024-05-22 22:00:00+00:00,2024-05-23 02:00:00+00:00,617.24,611.54,5.7000000000000455,False,BREAK_BEFORE_K1,0,0,,,False,,,BREAK_BEFORE_K1,2024-05-23 00:35:00+00:00,
120,02:00,3,2024-05-24,Friday,2024-05-23 19:00:00+00:00,2024-05-23 22:00:00+00:00,2024-05-23 22:00:00+00:00,2024-05-24 02:00:00+00:00,601.62,577.73,23.889999999999986,True,,1,0,2024-05-24 00:35:00+00:00,2024-05-24 00:40:00+00:00,False,,,BREAK_DURING_K1,2024-05-24 00:40:00+00:00,
120,02:00,3,2024-05-25,Saturday,2024-05-24 19:00:00+00:00,2024-05-24 22:00:00+00:00,2024-05-24 22:00:00+00:00,2024-05-25 02:00:00+00:00,602.64,600.36,2.2799999999999727,True,,1,0,2024-05-24 22:15:00+00:00,2024-05-24 22:20:00+00:00,True,2024-05-24 22:20:00+00:00,2024-05-24 22:25:00+00:00,OPPOSITE_BREAK_BEFORE_H2,2024-05-25 00:00:00+00:00,
120,02:00,3,2024-05-26,Sunday,2024-05-25 19:00:00+00:00,2024-05-25 22:00:00+00:00,2024-05-25 22:00:00+00:00,2024-05-26 02:00:00+00:00,603.18,600.85,2.3299999999999272,False,OPPOSITE_VISIT_BEFORE_K1,0,1,,,False,,,OPPOSITE_VISIT_BEFORE_K1,2024-05-25 22:25:00+00:00,
120,02:00,3,2024-05-27,Monday,2024-05-26 19:00:00+00:00,2024-05-26 22:00:00+00:00,2024-05-26 22:00:00+00:00,2024-05-27 02:00:00+00:00,602.09,598.2,3.8899999999999864,False,BREAK_BEFORE_K1,0,0,,,False,,,BREAK_BEFORE_K1,2024-05-27 01:35:00+00:00,
120,02:00,3,2024-05-28,Tuesday,2024-05-27 19:00:00+00:00,2024-05-27 22:00:00+00:00,2024-05-27 22:00:00+00:00,2024-05-28 02:00:00+00:00,610.16,600.77,9.389999999999986,False,OPPOSITE_VISIT_BEFORE_K1,0,1,,,False,,,OPPOSITE_VISIT_BEFORE_K1,2024-05-28 01:50:00+00:00,
120,02:00,3,2024-05-29,Wednesday,2024-05-28 19:00:00+00:00,2024-05-28 22:00:00+00:00,2024-05-28 22:00:00+00:00,2024-05-29 02:00:00+00:00,603.26,599.13,4.1299999999999955,True,,1,0,2024-05-28 22:05:00+00:00,2024-05-28 22:10:00+00:00,True,2024-05-28 22:10:00+00:00,2024-05-28 22:15:00+00:00,H2_ARRIVAL,2024-05-28 22:20:00+00:00,10.0
120,02:00,3,2024-05-30,Thursday,2024-05-29 19:00:00+00:00,2024-05-29 22:00:00+00:00,2024-05-29 22:00:00+00:00,2024-05-30 02:00:00+00:00,597.53,593.86,3.669999999999959,True,,1,0,2024-05-29 22:25:00+00:00,2024-05-29 22:30:00+00:00,True,2024-05-29 22:35:00+00:00,2024-05-29 22:40:00+00:00,NO_H2_BY_END,,
120,02:00,3,2024-05-31,Friday,2024-05-30 19:00:00+00:00,2024-05-30 22:00:00+00:00,2024-05-30 22:00:00+00:00,2024-05-31 02:00:00+00:00,600.47,591.51,8.960000000000036,False,NO_K1,0,0,,,False,,,NO_K1,,
120,02:00,3,2024-06-01,Saturday,2024-05-31 19:00:00+00:00,2024-05-31 22:00:00+00:00,2024-05-31 22:00:00+00:00,2024-06-01 02:00:00+00:00,596.34,593.19,3.1499999999999773,False,BREAK_BEFORE_K1,0,0,,,False,,,BREAK_BEFORE_K1,2024-05-31 23:25:00+00:00,
120,02:00,3,2024-06-02,Sunday,2024-06-01 19:00:00+00:00,2024-06-01 22:00:00+00:00,2024-06-01 22:00:00+00:00,2024-06-02 02:00:00+00:00,609.0,596.78,12.220000000000027,False,NO_K1,0,0,,,False,,,NO_K1,,
120,02:00,3,2024-06-03,Monday,2024-06-02 19:00:00+00:00,2024-06-02 22:00:00+00:00,2024-06-02 22:00:00+00:00,2024-06-03 02:00:00+00:00,603.24,597.62,5.6200000000000045,True,,1,0,2024-06-02 23:05:00+00:00,2024-06-02 23:10:00+00:00,False,,,BREAK_DURING_K1,2024-06-02 23:10:00+00:00,
120,02:00,3,2024-06-04,Tuesday,2024-06-03 19:00:00+00:00,2024-06-03 22:00:00+00:00,2024-06-03 22:00:00+00:00,2024-06-04 02:00:00+00:00,627.27,623.02,4.25,False,BREAK_BEFORE_K1,0,0,,,False,,,BREAK_BEFORE_K1,2024-06-03 22:30:00+00:00,
120,02:00,3,2024-06-05,Wednesday,2024-06-04 19:00:00+00:00,2024-06-04 22:00:00+00:00,2024-06-04 22:00:00+00:00,2024-06-05 02:00:00+00:00,675.88,665.03,10.850000000000023,True,,1,0,2024-06-04 22:00:00+00:00,2024-06-04 22:05:00+00:00,False,,,BREAK_DURING_K1,2024-06-04 22:05:00+00:00,
120,02:00,3,2024-06-06,Thursday,2024-06-05 19:00:00+00:00,2024-06-05 22:00:00+00:00,2024-06-05 22:00:00+00:00,2024-06-06 02:00:00+00:00,697.59,688.35,9.240000000000009,False,BREAK_BEFORE_K1,0,0,,,False,,,BREAK_BEFORE_K1,2024-06-05 23:05:00+00:00,
120,02:00,3,2024-06-07,Friday,2024-06-06 19:00:00+00:00,2024-06-06 22:00:00+00:00,2024-06-06 22:00:00+00:00,2024-06-07 02:00:00+00:00,711.22,700.37,10.850000000000023,False,BREAK_BEFORE_K1,0,0,,,False,,,BREAK_BEFORE_K1,2024-06-06 22:55:00+00:00,
120,02:00,3,2024-06-08,Saturday,2024-06-07 19:00:00+00:00,2024-06-07 22:00:00+00:00,2024-06-07 22:00:00+00:00,2024-06-08 02:00:00+00:00,685.55,675.78,9.769999999999982,True,,1,0,2024-06-07 22:45:00+00:00,2024-06-07 22:50:00+00:00,True,2024-06-07 22:50:00+00:00,2024-06-07 22:55:00+00:00,H2_ARRIVAL,2024-06-08 01:45:00+00:00,175.0
120,02:00,3,2024-06-09,Sunday,2024-06-08 19:00:00+00:00,2024-06-08 22:00:00+00:00,2024-06-08 22:00:00+00:00,2024-06-09 02:00:00+00:00,687.6,683.77,3.830000000000041,False,BREAK_BEFORE_K1,0,0,,,False,,,BREAK_BEFORE_K1,2024-06-08 22:20:00+00:00,
120,02:00,3,2024-06-10,Monday,2024-06-09 19:00:00+00:00,2024-06-09 22:00:00+00:00,2024-06-09 22:00:00+00:00,2024-06-10 02:00:00+00:00,678.68,670.15,8.529999999999973,False,NO_K1,0,0,,,False,,,NO_K1,,
120,02:00,3,2024-06-11,Tuesday,2024-06-10 19:00:00+00:00,2024-06-10 22:00:00+00:00,2024-06-10 22:00:00+00:00,2024-06-11 02:00:00+00:00,652.26,613.48,38.77999999999997,False,NO_K1,0,0,,,False,,,NO_K1,,
120,02:00,3,2024-06-12,Wednesday,2024-06-11 19:00:00+00:00,2024-06-11 22:00:00+00:00,2024-06-11 22:00:00+00:00,2024-06-12 02:00:00+00:00,609.9,604.25,5.649999999999977,False,BREAK_BEFORE_K1,0,0,,,False,,,BREAK_BEFORE_K1,2024-06-11 22:35:00+00:00,
120,02:00,3,2024-06-13,Thursday,2024-06-12 19:00:00+00:00,2024-06-12 22:00:00+00:00,2024-06-12 22:00:00+00:00,2024-06-13 02:00:00+00:00,625.75,609.5,16.25,False,NO_K1,0,0,,,False,,,NO_K1,,
120,02:00,3,2024-06-14,Friday,2024-06-13 19:00:00+00:00,2024-06-13 22:00:00+00:00,2024-06-13 22:00:00+00:00,2024-06-14 02:00:00+00:00,605.72,597.0,8.720000000000027,False,OPPOSITE_VISIT_BEFORE_K1,0,1,,,False,,,OPPOSITE_VISIT_BEFORE_K1,2024-06-14 00:20:00+00:00,
120,02:00,3,2024-06-15,Saturday,2024-06-14 19:00:00+00:00,2024-06-14 22:00:00+00:00,2024-06-14 22:00:00+00:00,2024-06-15 02:00:00+00:00,604.99,593.68,11.31000000000006,False,BREAK_BEFORE_K1,0,0,,,False,,,BREAK_BEFORE_K1,2024-06-15 00:40:00+00:00,
120,02:00,3,2024-06-16,Sunday,2024-06-15 19:00:00+00:00,2024-06-15 22:00:00+00:00,2024-06-15 22:00:00+00:00,2024-06-16 02:00:00+00:00,607.5,604.02,3.480000000000018,False,BREAK_BEFORE_K1,0,0,,,False,,,BREAK_BEFORE_K1,2024-06-15 22:55:00+00:00,
120,02:00,3,2024-06-17,Monday,2024-06-16 19:00:00+00:00,2024-06-16 22:00:00+00:00,2024-06-16 22:00:00+00:00,2024-06-17 02:00:00+00:00,609.69,607.74,1.9500000000000455,False,BREAK_BEFORE_K1,0,0,,,False,,,BREAK_BEFORE_K1,2024-06-16 22:05:00+00:00,
120,02:00,3,2024-06-18,Tuesday,2024-06-17 19:00:00+00:00,2024-06-17 22:00:00+00:00,2024-06-17 22:00:00+00:00,2024-06-18 02:00:00+00:00,610.19,604.08,6.110000000000014,False,OPPOSITE_VISIT_BEFORE_K1,0,1,,,False,,,OPPOSITE_VISIT_BEFORE_K1,2024-06-17 23:40:00+00:00,
120,02:00,3,2024-06-19,Wednesday,2024-06-18 19:00:00+00:00,2024-06-18 22:00:00+00:00,2024-06-18 22:00:00+00:00,2024-06-19 02:00:00+00:00,589.25,575.67,13.580000000000041,True,,1,0,2024-06-18 22:40:00+00:00,2024-06-18 22:45:00+00:00,True,2024-06-18 22:45:00+00:00,2024-06-18 22:50:00+00:00,H2_ARRIVAL,2024-06-18 22:55:00+00:00,10.0
120,02:00,3,2024-06-20,Thursday,2024-06-19 19:00:00+00:00,2024-06-19 22:00:00+00:00,2024-06-19 22:00:00+00:00,2024-06-20 02:00:00+00:00,602.4,597.22,5.17999999999995,False,OPPOSITE_VISIT_BEFORE_K1,0,1,,,False,,,OPPOSITE_VISIT_BEFORE_K1,2024-06-19 23:40:00+00:00,
120,02:00,3,2024-06-21,Friday,2024-06-20 19:00:00+00:00,2024-06-20 22:00:00+00:00,2024-06-20 22:00:00+00:00,2024-06-21 02:00:00+00:00,593.86,591.11,2.75,False,BREAK_BEFORE_K1,0,0,,,False,,,BREAK_BEFORE_K1,2024-06-20 22:35:00+00:00,
120,02:00,3,2024-06-22,Saturday,2024-06-21 19:00:00+00:00,2024-06-21 22:00:00+00:00,2024-06-21 22:00:00+00:00,2024-06-22 02:00:00+00:00,587.43,584.33,3.099999999999909,True,,1,0,2024-06-21 22:15:00+00:00,2024-06-21 22:20:00+00:00,False,,,BREAK_DURING_K1,2024-06-21 22:20:00+00:00,
120,02:00,3,2024-06-23,Sunday,2024-06-22 19:00:00+00:00,2024-06-22 22:00:00+00:00,2024-06-22 22:00:00+00:00,2024-06-23 02:00:00+00:00,588.99,585.69,3.2999999999999545,False,BREAK_BEFORE_K1,0,0,,,False,,,BREAK_BEFORE_K1,2024-06-22 22:25:00+00:00,
120,02:00,3,2024-06-24,Monday,2024-06-23 19:00:00+00:00,2024-06-23 22:00:00+00:00,2024-06-23 22:00:00+00:00,2024-06-24 02:00:00+00:00,585.78,579.14,6.639999999999986,False,OPPOSITE_VISIT_BEFORE_K1,0,1,,,False,,,OPPOSITE_VISIT_BEFORE_K1,2024-06-23 22:30:00+00:00,
120,02:00,3,2024-06-25,Tuesday,2024-06-24 19:00:00+00:00,2024-06-24 22:00:00+00:00,2024-06-24 22:00:00+00:00,2024-06-25 02:00:00+00:00,565.03,550.55,14.480000000000018,False,BREAK_BEFORE_K1,0,0,,,False,,,BREAK_BEFORE_K1,2024-06-24 22:00:00+00:00,
120,02:00,3,2024-06-26,Wednesday,2024-06-25 19:00:00+00:00,2024-06-25 22:00:00+00:00,2024-06-25 22:00:00+00:00,2024-06-26 02:00:00+00:00,579.93,576.52,3.409999999999968,False,BREAK_BEFORE_K1,0,0,,,False,,,BREAK_BEFORE_K1,2024-06-25 22:40:00+00:00,
120,02:00,3,2024-06-27,Thursday,2024-06-26 19:00:00+00:00,2024-06-26 22:00:00+00:00,2024-06-26 22:00:00+00:00,2024-06-27 02:00:00+00:00,576.0,570.01,5.990000000000009,False,NO_K1,0,0,,,False,,,NO_K1,,
120,02:00,3,2024-06-28,Friday,2024-06-27 19:00:00+00:00,2024-06-27 22:00:00+00:00,2024-06-27 22:00:00+00:00,2024-06-28 02:00:00+00:00,581.6,579.13,2.4700000000000273,False,BREAK_BEFORE_K1,0,0,,,False,,,BREAK_BEFORE_K1,2024-06-27 23:45:00+00:00,
120,02:00,3,2024-06-29,Saturday,2024-06-28 19:00:00+00:00,2024-06-28 22:00:00+00:00,2024-06-28 22:00:00+00:00,2024-06-29 02:00:00+00:00,572.69,566.58,6.110000000000014,False,BREAK_BEFORE_K1,0,0,,,False,,,BREAK_BEFORE_K1,2024-06-28 22:10:00+00:00,
120,02:00,3,2024-06-30,Sunday,2024-06-29 19:00:00+00:00,2024-06-29 22:00:00+00:00,2024-06-29 22:00:00+00:00,2024-06-30 02:00:00+00:00,572.79,570.39,2.3999999999999773,False,BREAK_BEFORE_K1,0,0,,,False,,,BREAK_BEFORE_K1,2024-06-29 22:15:00+00:00,
120,02:00,3,2024-07-01,Monday,2024-06-30 19:00:00+00:00,2024-06-30 22:00:00+00:00,2024-06-30 22:00:00+00:00,2024-07-01 02:00:00+00:00,580.93,578.01,2.919999999999959,False,BREAK_BEFORE_K1,0,0,,,False,,,BREAK_BEFORE_K1,2024-06-30 22:25:00+00:00,
120,02:00,3,2024-07-02,Tuesday,2024-07-01 19:00:00+00:00,2024-07-01 22:00:00+00:00,2024-07-01 22:00:00+00:00,2024-07-02 02:00:00+00:00,583.39,580.03,3.3600000000000136,False,BREAK_BEFORE_K1,0,0,,,False,,,BREAK_BEFORE_K1,2024-07-01 22:10:00+00:00,
120,02:00,3,2024-07-03,Wednesday,2024-07-02 19:00:00+00:00,2024-07-02 22:00:00+00:00,2024-07-02 22:00:00+00:00,2024-07-03 02:00:00+00:00,580.76,577.57,3.189999999999941,False,BREAK_BEFORE_K1,0,0,,,False,,,BREAK_BEFORE_K1,2024-07-02 23:05:00+00:00,
120,02:00,3,2024-07-04,Thursday,2024-07-03 19:00:00+00:00,2024-07-03 22:00:00+00:00,2024-07-03 22:00:00+00:00,2024-07-04 02:00:00+00:00,558.16,550.05,8.110000000000014,True,,1,0,2024-07-03 22:00:00+00:00,2024-07-03 22:05:00+00:00,True,2024-07-03 22:05:00+00:00,2024-07-03 22:10:00+00:00,H2_ARRIVAL,2024-07-03 22:45:00+00:00,40.0
120,02:00,3,2024-07-05,Friday,2024-07-04 19:00:00+00:00,2024-07-04 22:00:00+00:00,2024-07-04 22:00:00+00:00,2024-07-05 02:00:00+00:00,528.37,522.5,5.8700000000000045,False,BREAK_BEFORE_K1,0,0,,,False,,,BREAK_BEFORE_K1,2024-07-04 22:00:00+00:00,
120,02:00,3,2024-07-06,Saturday,2024-07-05 19:00:00+00:00,2024-07-05 22:00:00+00:00,2024-07-05 22:00:00+00:00,2024-07-06 02:00:00+00:00,498.91,494.23,4.680000000000007,False,BREAK_BEFORE_K1,0,0,,,False,,,BREAK_BEFORE_K1,2024-07-05 22:00:00+00:00,
120,02:00,3,2024-07-07,Sunday,2024-07-06 19:00:00+00:00,2024-07-06 22:00:00+00:00,2024-07-06 22:00:00+00:00,2024-07-07 02:00:00+00:00,529.3,523.6,5.699999999999932,False,BREAK_BEFORE_K1,0,0,,,False,,,BREAK_BEFORE_K1,2024-07-06 23:15:00+00:00,
120,02:00,3,2024-07-08,Monday,2024-07-07 19:00:00+00:00,2024-07-07 22:00:00+00:00,2024-07-07 22:00:00+00:00,2024-07-08 02:00:00+00:00,502.35,491.26,11.090000000000032,False,BREAK_BEFORE_K1,0,0,,,False,,,BREAK_BEFORE_K1,2024-07-07 23:40:00+00:00,
120,02:00,3,2024-07-09,Tuesday,2024-07-08 19:00:00+00:00,2024-07-08 22:00:00+00:00,2024-07-08 22:00:00+00:00,2024-07-09 02:00:00+00:00,511.29,505.13,6.160000000000025,True,,1,0,2024-07-08 22:10:00+00:00,2024-07-08 22:15:00+00:00,True,2024-07-08 22:15:00+00:00,2024-07-08 22:20:00+00:00,H2_ARRIVAL,2024-07-08 22:20:00+00:00,5.0
120,02:00,3,2024-07-10,Wednesday,2024-07-09 19:00:00+00:00,2024-07-09 22:00:00+00:00,2024-07-09 22:00:00+00:00,2024-07-10 02:00:00+00:00,518.87,515.36,3.509999999999991,False,BREAK_BEFORE_K1,0,0,,,False,,,BREAK_BEFORE_K1,2024-07-09 22:00:00+00:00,
120,02:00,3,2024-07-11,Thursday,2024-07-10 19:00:00+00:00,2024-07-10 22:00:00+00:00,2024-07-10 22:00:00+00:00,2024-07-11 02:00:00+00:00,524.39,520.85,3.5399999999999636,True,,1,0,2024-07-10 23:30:00+00:00,2024-07-10 23:35:00+00:00,False,,,BREAK_DURING_K1,2024-07-10 23:35:00+00:00,
120,02:00,3,2024-07-12,Friday,2024-07-11 19:00:00+00:00,2024-07-11 22:00:00+00:00,2024-07-11 22:00:00+00:00,2024-07-12 02:00:00+00:00,529.31,523.16,6.149999999999977,False,OPPOSITE_VISIT_BEFORE_K1,0,1,,,False,,,OPPOSITE_VISIT_BEFORE_K1,2024-07-11 22:15:00+00:00,
120,02:00,3,2024-07-13,Saturday,2024-07-12 19:00:00+00:00,2024-07-12 22:00:00+00:00,2024-07-12 22:00:00+00:00,2024-07-13 02:00:00+00:00,536.93,527.19,9.739999999999895,False,NO_K1,0,0,,,False,,,NO_K1,,
120,02:00,3,2024-07-14,Sunday,2024-07-13 19:00:00+00:00,2024-07-13 22:00:00+00:00,2024-07-13 22:00:00+00:00,2024-07-14 02:00:00+00:00,530.5,528.74,1.759999999999991,False,BREAK_BEFORE_K1,0,0,,,False,,,BREAK_BEFORE_K1,2024-07-13 22:15:00+00:00,
120,02:00,3,2024-07-15,Monday,2024-07-14 19:00:00+00:00,2024-07-14 22:00:00+00:00,2024-07-14 22:00:00+00:00,2024-07-15 02:00:00+00:00,544.69,535.95,8.740000000000009,True,,1,0,2024-07-14 22:00:00+00:00,2024-07-14 22:05:00+00:00,False,,,BREAK_DURING_K1,2024-07-14 22:05:00+00:00,
120,02:00,3,2024-07-16,Tuesday,2024-07-15 19:00:00+00:00,2024-07-15 22:00:00+00:00,2024-07-15 22:00:00+00:00,2024-07-16 02:00:00+00:00,579.59,575.4,4.190000000000055,False,BREAK_BEFORE_K1,0,0,,,False,,,BREAK_BEFORE_K1,2024-07-15 22:10:00+00:00,
120,02:00,3,2024-07-17,Wednesday,2024-07-16 19:00:00+00:00,2024-07-16 22:00:00+00:00,2024-07-16 22:00:00+00:00,2024-07-17 02:00:00+00:00,578.88,573.63,5.25,False,BREAK_BEFORE_K1,0,0,,,False,,,BREAK_BEFORE_K1,2024-07-16 22:05:00+00:00,
120,02:00,3,2024-07-18,Thursday,2024-07-17 19:00:00+00:00,2024-07-17 22:00:00+00:00,2024-07-17 22:00:00+00:00,2024-07-18 02:00:00+00:00,573.72,568.24,5.480000000000018,False,BREAK_BEFORE_K1,0,0,,,False,,,BREAK_BEFORE_K1,2024-07-17 22:15:00+00:00,
120,02:00,3,2024-07-19,Friday,2024-07-18 19:00:00+00:00,2024-07-18 22:00:00+00:00,2024-07-18 22:00:00+00:00,2024-07-19 02:00:00+00:00,570.88,565.1,5.779999999999973,False,BREAK_BEFORE_K1,0,0,,,False,,,BREAK_BEFORE_K1,2024-07-18 22:15:00+00:00,
120,02:00,3,2024-07-20,Saturday,2024-07-19 19:00:00+00:00,2024-07-19 22:00:00+00:00,2024-07-19 22:00:00+00:00,2024-07-20 02:00:00+00:00,597.49,591.18,6.310000000000059,False,OPPOSITE_VISIT_BEFORE_K1,0,1,,,False,,,OPPOSITE_VISIT_BEFORE_K1,2024-07-20 00:20:00+00:00,
120,02:00,3,2024-07-21,Sunday,2024-07-20 19:00:00+00:00,2024-07-20 22:00:00+00:00,2024-07-20 22:00:00+00:00,2024-07-21 02:00:00+00:00,598.15,593.78,4.3700000000000045,False,OPPOSITE_VISIT_BEFORE_K1,0,1,,,False,,,OPPOSITE_VISIT_BEFORE_K1,2024-07-20 22:25:00+00:00,
120,02:00,3,2024-07-22,Monday,2024-07-21 19:00:00+00:00,2024-07-21 22:00:00+00:00,2024-07-21 22:00:00+00:00,2024-07-22 02:00:00+00:00,603.3,590.69,12.6099999999999,False,BREAK_BEFORE_K1,0,0,,,False,,,BREAK_BEFORE_K1,2024-07-21 22:00:00+00:00,
120,02:00,3,2024-07-23,Tuesday,2024-07-22 19:00:00+00:00,2024-07-22 22:00:00+00:00,2024-07-22 22:00:00+00:00,2024-07-23 02:00:00+00:00,596.72,589.75,6.970000000000027,False,OPPOSITE_VISIT_BEFORE_K1,0,1,,,False,,,OPPOSITE_VISIT_BEFORE_K1,2024-07-22 22:10:00+00:00,
120,02:00,3,2024-07-24,Wednesday,2024-07-23 19:00:00+00:00,2024-07-23 22:00:00+00:00,2024-07-23 22:00:00+00:00,2024-07-24 02:00:00+00:00,584.97,580.65,4.32000000000005,False,OPPOSITE_VISIT_BEFORE_K1,0,1,,,False,,,OPPOSITE_VISIT_BEFORE_K1,2024-07-23 22:00:00+00:00,
120,02:00,3,2024-07-25,Thursday,2024-07-24 19:00:00+00:00,2024-07-24 22:00:00+00:00,2024-07-24 22:00:00+00:00,2024-07-25 02:00:00+00:00,582.21,570.0,12.210000000000036,False,BREAK_BEFORE_K1,0,0,,,False,,,BREAK_BEFORE_K1,2024-07-25 01:05:00+00:00,
120,02:00,3,2024-07-26,Friday,2024-07-25 19:00:00+00:00,2024-07-25 22:00:00+00:00,2024-07-25 22:00:00+00:00,2024-07-26 02:00:00+00:00,572.99,560.89,12.100000000000023,True,,1,0,2024-07-25 22:05:00+00:00,2024-07-25 22:10:00+00:00,True,2024-07-25 22:10:00+00:00,2024-07-25 22:15:00+00:00,H2_ARRIVAL,2024-07-25 22:30:00+00:00,20.0
120,02:00,3,2024-07-27,Saturday,2024-07-26 19:00:00+00:00,2024-07-26 22:00:00+00:00,2024-07-26 22:00:00+00:00,2024-07-27 02:00:00+00:00,582.44,578.76,3.6800000000000637,False,BREAK_BEFORE_K1,0,0,,,False,,,BREAK_BEFORE_K1,2024-07-26 22:20:00+00:00,
120,02:00,3,2024-07-28,Sunday,2024-07-27 19:00:00+00:00,2024-07-27 22:00:00+00:00,2024-07-27 22:00:00+00:00,2024-07-28 02:00:00+00:00,585.12,573.04,12.080000000000041,False,BREAK_BEFORE_K1,0,0,,,False,,,BREAK_BEFORE_K1,2024-07-27 22:15:00+00:00,
120,02:00,3,2024-07-29,Monday,2024-07-28 19:00:00+00:00,2024-07-28 22:00:00+00:00,2024-07-28 22:00:00+00:00,2024-07-29 02:00:00+00:00,584.95,581.32,3.6299999999999955,True,,1,0,2024-07-28 23:20:00+00:00,2024-07-28 23:25:00+00:00,False,,,BREAK_DURING_K1,2024-07-28 23:25:00+00:00,
120,02:00,3,2024-07-30,Tuesday,2024-07-29 19:00:00+00:00,2024-07-29 22:00:00+00:00,2024-07-29 22:00:00+00:00,2024-07-30 02:00:00+00:00,579.31,576.07,3.2399999999998954,True,,1,0,2024-07-29 22:00:00+00:00,2024-07-29 22:05:00+00:00,False,,,BREAK_DURING_K1,2024-07-29 22:05:00+00:00,
120,02:00,3,2024-07-31,Wednesday,2024-07-30 19:00:00+00:00,2024-07-30 22:00:00+00:00,2024-07-30 22:00:00+00:00,2024-07-31 02:00:00+00:00,578.2,570.08,8.120000000000005,False,BREAK_BEFORE_K1,0,0,,,False,,,BREAK_BEFORE_K1,2024-07-30 22:00:00+00:00,
120,02:00,3,2024-08-01,Thursday,2024-07-31 19:00:00+00:00,2024-07-31 22:00:00+00:00,2024-07-31 22:00:00+00:00,2024-08-01 02:00:00+00:00,590.26,575.17,15.090000000000032,False,BREAK_BEFORE_K1,0,0,,,False,,,BREAK_BEFORE_K1,2024-08-01 00:45:00+00:00,
120,02:00,3,2024-08-02,Friday,2024-08-01 19:00:00+00:00,2024-08-01 22:00:00+00:00,2024-08-01 22:00:00+00:00,2024-08-02 02:00:00+00:00,574.66,556.04,18.620000000000005,False,BREAK_BEFORE_K1,0,0,,,False,,,BREAK_BEFORE_K1,2024-08-01 22:05:00+00:00,
120,02:00,3,2024-08-03,Saturday,2024-08-02 19:00:00+00:00,2024-08-02 22:00:00+00:00,2024-08-02 22:00:00+00:00,2024-08-03 02:00:00+00:00,558.33,545.18,13.150000000000091,False,BREAK_BEFORE_K1,0,0,,,False,,,BREAK_BEFORE_K1,2024-08-02 22:30:00+00:00,
120,02:00,3,2024-08-04,Sunday,2024-08-03 19:00:00+00:00,2024-08-03 22:00:00+00:00,2024-08-03 22:00:00+00:00,2024-08-04 02:00:00+00:00,528.72,521.36,7.360000000000014,False,BREAK_BEFORE_K1,0,0,,,False,,,BREAK_BEFORE_K1,2024-08-03 22:05:00+00:00,
120,02:00,3,2024-08-05,Monday,2024-08-04 19:00:00+00:00,2024-08-04 22:00:00+00:00,2024-08-04 22:00:00+00:00,2024-08-05 02:00:00+00:00,511.65,500.51,11.139999999999986,False,BREAK_BEFORE_K1,0,0,,,False,,,BREAK_BEFORE_K1,2024-08-04 23:15:00+00:00,
120,02:00,3,2024-08-06,Tuesday,2024-08-05 19:00:00+00:00,2024-08-05 22:00:00+00:00,2024-08-05 22:00:00+00:00,2024-08-06 02:00:00+00:00,469.59,450.74,18.849999999999966,True,,1,0,2024-08-05 22:20:00+00:00,2024-08-05 22:25:00+00:00,False,,,BREAK_DURING_K1,2024-08-05 22:25:00+00:00,
120,02:00,3,2024-08-07,Wednesday,2024-08-06 19:00:00+00:00,2024-08-06 22:00:00+00:00,2024-08-06 22:00:00+00:00,2024-08-07 02:00:00+00:00,490.58,483.75,6.829999999999984,False,BREAK_BEFORE_K1,0,0,,,False,,,BREAK_BEFORE_K1,2024-08-06 22:05:00+00:00,
120,02:00,3,2024-08-08,Thursday,2024-08-07 19:00:00+00:00,2024-08-07 22:00:00+00:00,2024-08-07 22:00:00+00:00,2024-08-08 02:00:00+00:00,478.08,468.77,9.310000000000002,False,BREAK_BEFORE_K1,0,0,,,False,,,BREAK_BEFORE_K1,2024-08-08 00:35:00+00:00,
120,02:00,3,2024-08-09,Friday,2024-08-08 19:00:00+00:00,2024-08-08 22:00:00+00:00,2024-08-08 22:00:00+00:00,2024-08-09 02:00:00+00:00,513.82,501.63,12.190000000000055,True,,1,0,2024-08-08 22:00:00+00:00,2024-08-08 22:05:00+00:00,True,2024-08-08 22:05:00+00:00,2024-08-08 22:10:00+00:00,H2_ARRIVAL,2024-08-08 22:30:00+00:00,25.0
120,02:00,3,2024-08-10,Saturday,2024-08-09 19:00:00+00:00,2024-08-09 22:00:00+00:00,2024-08-09 22:00:00+00:00,2024-08-10 02:00:00+00:00,508.85,504.27,4.580000000000041,True,,1,0,2024-08-09 22:00:00+00:00,2024-08-09 22:05:00+00:00,True,2024-08-09 22:05:00+00:00,2024-08-09 22:10:00+00:00,H2_ARRIVAL,2024-08-09 22:30:00+00:00,25.0
120,02:00,3,2024-08-11,Sunday,2024-08-10 19:00:00+00:00,2024-08-10 22:00:00+00:00,2024-08-10 22:00:00+00:00,2024-08-11 02:00:00+00:00,525.02,521.5,3.519999999999982,True,,1,0,2024-08-11 00:15:00+00:00,2024-08-11 00:20:00+00:00,False,,,BREAK_DURING_K1,2024-08-11 00:20:00+00:00,
120,02:00,3,2024-08-12,Monday,2024-08-11 19:00:00+00:00,2024-08-11 22:00:00+00:00,2024-08-11 22:00:00+00:00,2024-08-12 02:00:00+00:00,519.17,503.39,15.779999999999973,False,OPPOSITE_VISIT_BEFORE_K1,0,1,,,False,,,OPPOSITE_VISIT_BEFORE_K1,2024-08-11 22:30:00+00:00,
120,02:00,3,2024-08-13,Tuesday,2024-08-12 19:00:00+00:00,2024-08-12 22:00:00+00:00,2024-08-12 22:00:00+00:00,2024-08-13 02:00:00+00:00,517.01,508.55,8.45999999999998,False,BREAK_BEFORE_K1,0,0,,,False,,,BREAK_BEFORE_K1,2024-08-12 23:10:00+00:00,
120,02:00,3,2024-08-14,Wednesday,2024-08-13 19:00:00+00:00,2024-08-13 22:00:00+00:00,2024-08-13 22:00:00+00:00,2024-08-14 02:00:00+00:00,525.67,518.8,6.8700000000000045,True,,1,0,2024-08-13 22:00:00+00:00,2024-08-13 22:05:00+00:00,True,2024-08-13 22:05:00+00:00,2024-08-13 22:10:00+00:00,H2_ARRIVAL,2024-08-14 00:55:00+00:00,170.0
120,02:00,3,2024-08-15,Thursday,2024-08-14 19:00:00+00:00,2024-08-14 22:00:00+00:00,2024-08-14 22:00:00+00:00,2024-08-15 02:00:00+00:00,525.85,522.46,3.3899999999999864,False,BREAK_BEFORE_K1,0,0,,,False,,,BREAK_BEFORE_K1,2024-08-14 22:00:00+00:00,
120,02:00,3,2024-08-16,Friday,2024-08-15 19:00:00+00:00,2024-08-15 22:00:00+00:00,2024-08-15 22:00:00+00:00,2024-08-16 02:00:00+00:00,519.06,509.88,9.17999999999995,True,,1,0,2024-08-15 22:00:00+00:00,2024-08-15 22:05:00+00:00,True,2024-08-15 22:05:00+00:00,2024-08-15 22:10:00+00:00,H2_ARRIVAL,2024-08-15 22:20:00+00:00,15.0
120,02:00,3,2024-08-17,Saturday,2024-08-16 19:00:00+00:00,2024-08-16 22:00:00+00:00,2024-08-16 22:00:00+00:00,2024-08-17 02:00:00+00:00,522.96,519.2,3.759999999999991,False,BREAK_BEFORE_K1,0,0,,,False,,,BREAK_BEFORE_K1,2024-08-16 23:05:00+00:00,
120,02:00,3,2024-08-18,Sunday,2024-08-17 19:00:00+00:00,2024-08-17 22:00:00+00:00,2024-08-17 22:00:00+00:00,2024-08-18 02:00:00+00:00,547.9,538.17,9.730000000000018,False,BREAK_BEFORE_K1,0,0,,,False,,,BREAK_BEFORE_K1,2024-08-18 01:05:00+00:00,
120,02:00,3,2024-08-19,Monday,2024-08-18 19:00:00+00:00,2024-08-18 22:00:00+00:00,2024-08-18 22:00:00+00:00,2024-08-19 02:00:00+00:00,538.4,535.02,3.3799999999999955,False,BREAK_BEFORE_K1,0,0,,,False,,,BREAK_BEFORE_K1,2024-08-18 23:20:00+00:00,
120,02:00,3,2024-08-20,Tuesday,2024-08-19 19:00:00+00:00,2024-08-19 22:00:00+00:00,2024-08-19 22:00:00+00:00,2024-08-20 02:00:00+00:00,557.33,550.7,6.6299999999999955,True,,1,0,2024-08-19 22:10:00+00:00,2024-08-19 22:15:00+00:00,False,,,BREAK_DURING_K1,2024-08-19 22:30:00+00:00,
120,02:00,3,2024-08-21,Wednesday,2024-08-20 19:00:00+00:00,2024-08-20 22:00:00+00:00,2024-08-20 22:00:00+00:00,2024-08-21 02:00:00+00:00,573.58,567.9,5.680000000000064,False,BREAK_BEFORE_K1,0,0,,,False,,,BREAK_BEFORE_K1,2024-08-20 22:05:00+00:00,
120,02:00,3,2024-08-22,Thursday,2024-08-21 19:00:00+00:00,2024-08-21 22:00:00+00:00,2024-08-21 22:00:00+00:00,2024-08-22 02:00:00+00:00,574.76,563.03,11.730000000000018,False,NO_K1,0,0,,,False,,,NO_K1,,
120,02:00,3,2024-08-23,Friday,2024-08-22 19:00:00+00:00,2024-08-22 22:00:00+00:00,2024-08-22 22:00:00+00:00,2024-08-23 02:00:00+00:00,586.63,580.14,6.490000000000009,False,BREAK_BEFORE_K1,0,0,,,False,,,BREAK_BEFORE_K1,2024-08-23 00:10:00+00:00,
120,02:00,3,2024-08-24,Saturday,2024-08-23 19:00:00+00:00,2024-08-23 22:00:00+00:00,2024-08-23 22:00:00+00:00,2024-08-24 02:00:00+00:00,596.3,581.72,14.579999999999927,False,BREAK_BEFORE_K1,0,0,,,False,,,BREAK_BEFORE_K1,2024-08-23 22:00:00+00:00,
120,02:00,3,2024-08-25,Sunday,2024-08-24 19:00:00+00:00,2024-08-24 22:00:00+00:00,2024-08-24 22:00:00+00:00,2024-08-25 02:00:00+00:00,591.57,576.6,14.970000000000027,False,BREAK_BEFORE_K1,0,0,,,False,,,BREAK_BEFORE_K1,2024-08-24 22:10:00+00:00,
120,02:00,3,2024-08-26,Monday,2024-08-25 19:00:00+00:00,2024-08-25 22:00:00+00:00,2024-08-25 22:00:00+00:00,2024-08-26 02:00:00+00:00,578.33,574.0,4.330000000000041,True,,1,0,2024-08-25 23:05:00+00:00,2024-08-25 23:10:00+00:00,False,,,BREAK_DURING_K1,2024-08-25 23:10:00+00:00,
120,02:00,3,2024-08-27,Tuesday,2024-08-26 19:00:00+00:00,2024-08-26 22:00:00+00:00,2024-08-26 22:00:00+00:00,2024-08-27 02:00:00+00:00,557.64,546.41,11.230000000000018,False,NO_K1,0,0,,,False,,,NO_K1,,
120,02:00,3,2024-08-28,Wednesday,2024-08-27 19:00:00+00:00,2024-08-27 22:00:00+00:00,2024-08-27 22:00:00+00:00,2024-08-28 02:00:00+00:00,551.2,532.0,19.200000000000045,False,BREAK_BEFORE_K1,0,0,,,False,,,BREAK_BEFORE_K1,2024-08-27 22:10:00+00:00,
120,02:00,3,2024-08-29,Thursday,2024-08-28 19:00:00+00:00,2024-08-28 22:00:00+00:00,2024-08-28 22:00:00+00:00,2024-08-29 02:00:00+00:00,540.4,531.81,8.590000000000032,True,,1,0,2024-08-29 00:20:00+00:00,2024-08-29 00:25:00+00:00,True,2024-08-29 00:25:00+00:00,2024-08-29 00:30:00+00:00,H2_ARRIVAL,2024-08-29 01:00:00+00:00,35.0
120,02:00,3,2024-08-30,Friday,2024-08-29 19:00:00+00:00,2024-08-29 22:00:00+00:00,2024-08-29 22:00:00+00:00,2024-08-30 02:00:00+00:00,537.47,530.42,7.050000000000068,False,NO_K1,0,0,,,False,,,NO_K1,,
120,02:00,3,2024-08-31,Saturday,2024-08-30 19:00:00+00:00,2024-08-30 22:00:00+00:00,2024-08-30 22:00:00+00:00,2024-08-31 02:00:00+00:00,535.94,530.82,5.1200000000000045,False,BREAK_BEFORE_K1,0,0,,,False,,,BREAK_BEFORE_K1,2024-08-30 22:15:00+00:00,
120,02:00,3,2024-09-01,Sunday,2024-08-31 19:00:00+00:00,2024-08-31 22:00:00+00:00,2024-08-31 22:00:00+00:00,2024-09-01 02:00:00+00:00,534.57,531.08,3.490000000000009,False,BREAK_BEFORE_K1,0,0,,,False,,,BREAK_BEFORE_K1,2024-09-01 00:30:00+00:00,
120,02:00,3,2024-09-02,Monday,2024-09-01 19:00:00+00:00,2024-09-01 22:00:00+00:00,2024-09-01 22:00:00+00:00,2024-09-02 02:00:00+00:00,523.25,517.82,5.42999999999995,False,OPPOSITE_VISIT_BEFORE_K1,0,1,,,False,,,OPPOSITE_VISIT_BEFORE_K1,2024-09-01 22:00:00+00:00,
120,02:00,3,2024-09-03,Tuesday,2024-09-02 19:00:00+00:00,2024-09-02 22:00:00+00:00,2024-09-02 22:00:00+00:00,2024-09-03 02:00:00+00:00,530.6,520.61,9.990000000000009,False,BREAK_BEFORE_K1,0,0,,,False,,,BREAK_BEFORE_K1,2024-09-03 01:05:00+00:00,
120,02:00,3,2024-09-04,Wednesday,2024-09-03 19:00:00+00:00,2024-09-03 22:00:00+00:00,2024-09-03 22:00:00+00:00,2024-09-04 02:00:00+00:00,526.24,522.45,3.7899999999999636,False,BREAK_BEFORE_K1,0,0,,,False,,,BREAK_BEFORE_K1,2024-09-03 23:05:00+00:00,
120,02:00,3,2024-09-05,Thursday,2024-09-04 19:00:00+00:00,2024-09-04 22:00:00+00:00,2024-09-04 22:00:00+00:00,2024-09-05 02:00:00+00:00,511.81,506.02,5.7900000000000205,True,,1,0,2024-09-04 22:00:00+00:00,2024-09-04 22:05:00+00:00,False,,,BREAK_DURING_K1,2024-09-04 22:05:00+00:00,
120,02:00,3,2024-09-06,Friday,2024-09-05 19:00:00+00:00,2024-09-05 22:00:00+00:00,2024-09-05 22:00:00+00:00,2024-09-06 02:00:00+00:00,503.04,497.62,5.420000000000016,False,BREAK_BEFORE_K1,0,0,,,False,,,BREAK_BEFORE_K1,2024-09-06 00:00:00+00:00,
120,02:00,3,2024-09-07,Saturday,2024-09-06 19:00:00+00:00,2024-09-06 22:00:00+00:00,2024-09-06 22:00:00+00:00,2024-09-07 02:00:00+00:00,485.06,471.0,14.060000000000002,True,,1,0,2024-09-06 22:25:00+00:00,2024-09-06 22:30:00+00:00,True,2024-09-06 22:30:00+00:00,2024-09-06 22:35:00+00:00,H2_ARRIVAL,2024-09-06 22:35:00+00:00,5.0
120,02:00,3,2024-09-08,Sunday,2024-09-07 19:00:00+00:00,2024-09-07 22:00:00+00:00,2024-09-07 22:00:00+00:00,2024-09-08 02:00:00+00:00,496.72,491.34,5.380000000000052,False,OPPOSITE_VISIT_BEFORE_K1,0,1,,,False,,,OPPOSITE_VISIT_BEFORE_K1,2024-09-07 22:00:00+00:00,
120,02:00,3,2024-09-09,Monday,2024-09-08 19:00:00+00:00,2024-09-08 22:00:00+00:00,2024-09-08 22:00:00+00:00,2024-09-09 02:00:00+00:00,499.33,494.72,4.609999999999957,False,BREAK_BEFORE_K1,0,0,,,False,,,BREAK_BEFORE_K1,2024-09-08 22:00:00+00:00,
120,02:00,3,2024-09-10,Tuesday,2024-09-09 19:00:00+00:00,2024-09-09 22:00:00+00:00,2024-09-09 22:00:00+00:00,2024-09-10 02:00:00+00:00,527.61,516.7,10.909999999999968,False,BREAK_BEFORE_K1,0,0,,,False,,,BREAK_BEFORE_K1,2024-09-10 00:10:00+00:00,
120,02:00,3,2024-09-11,Wednesday,2024-09-10 19:00:00+00:00,2024-09-10 22:00:00+00:00,2024-09-10 22:00:00+00:00,2024-09-11 02:00:00+00:00,522.84,517.74,5.100000000000023,False,OPPOSITE_VISIT_BEFORE_K1,0,1,,,False,,,OPPOSITE_VISIT_BEFORE_K1,2024-09-10 23:35:00+00:00,
120,02:00,3,2024-09-12,Thursday,2024-09-11 19:00:00+00:00,2024-09-11 22:00:00+00:00,2024-09-11 22:00:00+00:00,2024-09-12 02:00:00+00:00,534.78,529.16,5.6200000000000045,False,OPPOSITE_VISIT_BEFORE_K1,0,1,,,False,,,OPPOSITE_VISIT_BEFORE_K1,2024-09-11 22:15:00+00:00,
120,02:00,3,2024-09-13,Friday,2024-09-12 19:00:00+00:00,2024-09-12 22:00:00+00:00,2024-09-12 22:00:00+00:00,2024-09-13 02:00:00+00:00,542.98,538.58,4.399999999999977,False,OPPOSITE_VISIT_BEFORE_K1,0,1,,,False,,,OPPOSITE_VISIT_BEFORE_K1,2024-09-12 22:00:00+00:00,
120,02:00,3,2024-09-14,Saturday,2024-09-13 19:00:00+00:00,2024-09-13 22:00:00+00:00,2024-09-13 22:00:00+00:00,2024-09-14 02:00:00+00:00,559.61,553.12,6.490000000000009,False,NO_K1,0,0,,,False,,,NO_K1,,
120,02:00,3,2024-09-15,Sunday,2024-09-14 19:00:00+00:00,2024-09-14 22:00:00+00:00,2024-09-14 22:00:00+00:00,2024-09-15 02:00:00+00:00,553.3,550.25,3.0499999999999545,True,,1,0,2024-09-14 23:00:00+00:00,2024-09-14 23:05:00+00:00,False,,,BREAK_DURING_K1,2024-09-14 23:05:00+00:00,
120,02:00,3,2024-09-16,Monday,2024-09-15 19:00:00+00:00,2024-09-15 22:00:00+00:00,2024-09-15 22:00:00+00:00,2024-09-16 02:00:00+00:00,560.74,555.62,5.1200000000000045,False,OPPOSITE_VISIT_BEFORE_K1,0,1,,,False,,,OPPOSITE_VISIT_BEFORE_K1,2024-09-15 23:10:00+00:00,
120,02:00,3,2024-09-17,Tuesday,2024-09-16 19:00:00+00:00,2024-09-16 22:00:00+00:00,2024-09-16 22:00:00+00:00,2024-09-17 02:00:00+00:00,534.05,526.5,7.5499999999999545,True,,1,0,2024-09-16 23:40:00+00:00,2024-09-16 23:45:00+00:00,False,,,BREAK_DURING_K1,2024-09-16 23:45:00+00:00,
120,02:00,3,2024-09-18,Wednesday,2024-09-17 19:00:00+00:00,2024-09-17 22:00:00+00:00,2024-09-17 22:00:00+00:00,2024-09-18 02:00:00+00:00,547.96,541.38,6.580000000000041,True,,1,0,2024-09-18 01:30:00+00:00,2024-09-18 01:35:00+00:00,True,2024-09-18 01:35:00+00:00,2024-09-18 01:40:00+00:00,NO_H2_BY_END,,
120,02:00,3,2024-09-19,Thursday,2024-09-18 19:00:00+00:00,2024-09-18 22:00:00+00:00,2024-09-18 22:00:00+00:00,2024-09-19 02:00:00+00:00,549.27,540.86,8.409999999999968,False,BREAK_BEFORE_K1,0,0,,,False,,,BREAK_BEFORE_K1,2024-09-18 22:25:00+00:00,
120,02:00,3,2024-09-20,Friday,2024-09-19 19:00:00+00:00,2024-09-19 22:00:00+00:00,2024-09-19 22:00:00+00:00,2024-09-20 02:00:00+00:00,568.32,562.32,6.0,False,OPPOSITE_VISIT_BEFORE_K1,0,1,,,False,,,OPPOSITE_VISIT_BEFORE_K1,2024-09-19 22:10:00+00:00,
120,02:00,3,2024-09-21,Saturday,2024-09-20 19:00:00+00:00,2024-09-20 22:00:00+00:00,2024-09-20 22:00:00+00:00,2024-09-21 02:00:00+00:00,570.24,565.98,4.259999999999991,False,BREAK_BEFORE_K1,0,0,,,False,,,BREAK_BEFORE_K1,2024-09-21 00:20:00+00:00,
120,02:00,3,2024-09-22,Sunday,2024-09-21 19:00:00+00:00,2024-09-21 22:00:00+00:00,2024-09-21 22:00:00+00:00,2024-09-22 02:00:00+00:00,586.09,583.67,2.4200000000000728,True,,1,0,2024-09-21 22:05:00+00:00,2024-09-21 22:10:00+00:00,False,,,BREAK_DURING_K1,2024-09-21 22:20:00+00:00,
120,02:00,3,2024-09-23,Monday,2024-09-22 19:00:00+00:00,2024-09-22 22:00:00+00:00,2024-09-22 22:00:00+00:00,2024-09-23 02:00:00+00:00,595.08,580.2,14.879999999999995,False,BREAK_BEFORE_K1,0,0,,,False,,,BREAK_BEFORE_K1,2024-09-22 22:00:00+00:00,
120,02:00,3,2024-09-24,Tuesday,2024-09-23 19:00:00+00:00,2024-09-23 22:00:00+00:00,2024-09-23 22:00:00+00:00,2024-09-24 02:00:00+00:00,616.69,607.84,8.850000000000023,False,OPPOSITE_VISIT_BEFORE_K1,0,1,,,False,,,OPPOSITE_VISIT_BEFORE_K1,2024-09-23 22:25:00+00:00,
120,02:00,3,2024-09-25,Wednesday,2024-09-24 19:00:00+00:00,2024-09-24 22:00:00+00:00,2024-09-24 22:00:00+00:00,2024-09-25 02:00:00+00:00,612.2,606.51,5.690000000000055,False,BREAK_BEFORE_K1,0,0,,,False,,,BREAK_BEFORE_K1,2024-09-24 22:25:00+00:00,
120,02:00,3,2024-09-26,Thursday,2024-09-25 19:00:00+00:00,2024-09-25 22:00:00+00:00,2024-09-25 22:00:00+00:00,2024-09-26 02:00:00+00:00,591.71,586.5,5.210000000000036,False,OPPOSITE_VISIT_BEFORE_K1,0,1,,,False,,,OPPOSITE_VISIT_BEFORE_K1,2024-09-25 22:05:00+00:00,
120,02:00,3,2024-09-27,Friday,2024-09-26 19:00:00+00:00,2024-09-26 22:00:00+00:00,2024-09-26 22:00:00+00:00,2024-09-27 02:00:00+00:00,597.44,591.33,6.110000000000014,False,BREAK_BEFORE_K1,0,0,,,False,,,BREAK_BEFORE_K1,2024-09-26 22:00:00+00:00,
120,02:00,3,2024-09-28,Saturday,2024-09-27 19:00:00+00:00,2024-09-27 22:00:00+00:00,2024-09-27 22:00:00+00:00,2024-09-28 02:00:00+00:00,611.9,604.31,7.590000000000032,False,NO_K1,0,0,,,False,,,NO_K1,,
120,02:00,3,2024-09-29,Sunday,2024-09-28 19:00:00+00:00,2024-09-28 22:00:00+00:00,2024-09-28 22:00:00+00:00,2024-09-29 02:00:00+00:00,601.63,595.76,5.8700000000000045,True,,1,0,2024-09-28 23:50:00+00:00,2024-09-28 23:55:00+00:00,True,2024-09-29 00:00:00+00:00,2024-09-29 00:05:00+00:00,H2_ARRIVAL,2024-09-29 00:05:00+00:00,5.0
120,02:00,3,2024-09-30,Monday,2024-09-29 19:00:00+00:00,2024-09-29 22:00:00+00:00,2024-09-29 22:00:00+00:00,2024-09-30 02:00:00+00:00,601.67,597.99,3.67999999999995,False,OPPOSITE_VISIT_BEFORE_K1,0,1,,,False,,,OPPOSITE_VISIT_BEFORE_K1,2024-09-29 22:15:00+00:00,
120,02:00,3,2024-10-01,Tuesday,2024-09-30 19:00:00+00:00,2024-09-30 22:00:00+00:00,2024-09-30 22:00:00+00:00,2024-10-01 02:00:00+00:00,575.82,571.24,4.580000000000041,False,OPPOSITE_VISIT_BEFORE_K1,0,1,,,False,,,OPPOSITE_VISIT_BEFORE_K1,2024-09-30 22:25:00+00:00,
120,02:00,3,2024-10-02,Wednesday,2024-10-01 19:00:00+00:00,2024-10-01 22:00:00+00:00,2024-10-01 22:00:00+00:00,2024-10-02 02:00:00+00:00,551.99,536.11,15.879999999999995,False,BREAK_BEFORE_K1,0,0,,,False,,,BREAK_BEFORE_K1,2024-10-02 01:25:00+00:00,
120,02:00,3,2024-10-03,Thursday,2024-10-02 19:00:00+00:00,2024-10-02 22:00:00+00:00,2024-10-02 22:00:00+00:00,2024-10-03 02:00:00+00:00,545.9,534.4,11.5,False,BREAK_BEFORE_K1,0,0,,,False,,,BREAK_BEFORE_K1,2024-10-03 01:00:00+00:00,
120,02:00,3,2024-10-04,Friday,2024-10-03 19:00:00+00:00,2024-10-03 22:00:00+00:00,2024-10-03 22:00:00+00:00,2024-10-04 02:00:00+00:00,546.45,540.99,5.460000000000036,False,BREAK_BEFORE_K1,0,0,,,False,,,BREAK_BEFORE_K1,2024-10-04 01:20:00+00:00,
120,02:00,3,2024-10-05,Saturday,2024-10-04 19:00:00+00:00,2024-10-04 22:00:00+00:00,2024-10-04 22:00:00+00:00,2024-10-05 02:00:00+00:00,557.97,555.3,2.6700000000000728,False,OPPOSITE_VISIT_BEFORE_K1,0,1,,,False,,,OPPOSITE_VISIT_BEFORE_K1,2024-10-04 22:05:00+00:00,
120,02:00,3,2024-10-06,Sunday,2024-10-05 19:00:00+00:00,2024-10-05 22:00:00+00:00,2024-10-05 22:00:00+00:00,2024-10-06 02:00:00+00:00,562.83,558.0,4.830000000000041,True,,1,0,2024-10-05 22:15:00+00:00,2024-10-05 22:20:00+00:00,False,,,BREAK_DURING_K1,2024-10-05 22:20:00+00:00,
120,02:00,3,2024-10-07,Monday,2024-10-06 19:00:00+00:00,2024-10-06 22:00:00+00:00,2024-10-06 22:00:00+00:00,2024-10-07 02:00:00+00:00,567.95,563.25,4.7000000000000455,False,BREAK_BEFORE_K1,0,0,,,False,,,BREAK_BEFORE_K1,2024-10-06 23:00:00+00:00,
120,02:00,3,2024-10-08,Tuesday,2024-10-07 19:00:00+00:00,2024-10-07 22:00:00+00:00,2024-10-07 22:00:00+00:00,2024-10-08 02:00:00+00:00,573.88,567.98,5.899999999999977,True,,1,0,2024-10-07 22:15:00+00:00,2024-10-07 22:20:00+00:00,False,,,BREAK_DURING_K1,2024-10-07 22:20:00+00:00,
120,02:00,3,2024-10-09,Wednesday,2024-10-08 19:00:00+00:00,2024-10-08 22:00:00+00:00,2024-10-08 22:00:00+00:00,2024-10-09 02:00:00+00:00,586.8,578.08,8.719999999999914,False,BREAK_BEFORE_K1,0,0,,,False,,,BREAK_BEFORE_K1,2024-10-09 00:35:00+00:00,
120,02:00,3,2024-10-10,Thursday,2024-10-09 19:00:00+00:00,2024-10-09 22:00:00+00:00,2024-10-09 22:00:00+00:00,2024-10-10 02:00:00+00:00,575.37,565.85,9.519999999999982,False,NO_K1,0,0,,,False,,,NO_K1,,
120,02:00,3,2024-10-11,Friday,2024-10-10 19:00:00+00:00,2024-10-10 22:00:00+00:00,2024-10-10 22:00:00+00:00,2024-10-11 02:00:00+00:00,561.73,556.54,5.190000000000055,True,,1,0,2024-10-10 22:45:00+00:00,2024-10-10 22:50:00+00:00,True,2024-10-10 22:50:00+00:00,2024-10-10 22:55:00+00:00,H2_ARRIVAL,2024-10-10 23:20:00+00:00,30.0
120,02:00,3,2024-10-12,Saturday,2024-10-11 19:00:00+00:00,2024-10-11 22:00:00+00:00,2024-10-11 22:00:00+00:00,2024-10-12 02:00:00+00:00,577.48,572.23,5.25,False,NO_K1,0,0,,,False,,,NO_K1,,
120,02:00,3,2024-10-13,Sunday,2024-10-12 19:00:00+00:00,2024-10-12 22:00:00+00:00,2024-10-12 22:00:00+00:00,2024-10-13 02:00:00+00:00,578.16,576.04,2.1200000000000045,True,,1,0,2024-10-12 23:05:00+00:00,2024-10-12 23:10:00+00:00,True,2024-10-12 23:15:00+00:00,2024-10-12 23:20:00+00:00,H2_ARRIVAL,2024-10-13 00:30:00+00:00,75.0
120,02:00,3,2024-10-14,Monday,2024-10-13 19:00:00+00:00,2024-10-13 22:00:00+00:00,2024-10-13 22:00:00+00:00,2024-10-14 02:00:00+00:00,571.82,568.08,3.740000000000009,False,BREAK_BEFORE_K1,0,0,,,False,,,BREAK_BEFORE_K1,2024-10-13 22:00:00+00:00,
120,02:00,3,2024-10-15,Tuesday,2024-10-14 19:00:00+00:00,2024-10-14 22:00:00+00:00,2024-10-14 22:00:00+00:00,2024-10-15 02:00:00+00:00,590.33,587.44,2.8899999999999864,False,BREAK_BEFORE_K1,0,0,,,False,,,BREAK_BEFORE_K1,2024-10-14 22:55:00+00:00,
120,02:00,3,2024-10-16,Wednesday,2024-10-15 19:00:00+00:00,2024-10-15 22:00:00+00:00,2024-10-15 22:00:00+00:00,2024-10-16 02:00:00+00:00,595.69,587.32,8.370000000000005,False,BREAK_BEFORE_K1,0,0,,,False,,,BREAK_BEFORE_K1,2024-10-16 01:20:00+00:00,
120,02:00,3,2024-10-17,Thursday,2024-10-16 19:00:00+00:00,2024-10-16 22:00:00+00:00,2024-10-16 22:00:00+00:00,2024-10-17 02:00:00+00:00,605.84,600.2,5.639999999999986,False,OPPOSITE_VISIT_BEFORE_K1,0,1,,,False,,,OPPOSITE_VISIT_BEFORE_K1,2024-10-17 00:15:00+00:00,
120,02:00,3,2024-10-18,Friday,2024-10-17 19:00:00+00:00,2024-10-17 22:00:00+00:00,2024-10-17 22:00:00+00:00,2024-10-18 02:00:00+00:00,591.0,586.77,4.230000000000018,False,BREAK_BEFORE_K1,0,0,,,False,,,BREAK_BEFORE_K1,2024-10-17 22:05:00+00:00,
120,02:00,3,2024-10-19,Saturday,2024-10-18 19:00:00+00:00,2024-10-18 22:00:00+00:00,2024-10-18 22:00:00+00:00,2024-10-19 02:00:00+00:00,602.0,597.75,4.25,False,NO_K1,0,0,,,False,,,NO_K1,,
120,02:00,3,2024-10-20,Sunday,2024-10-19 19:00:00+00:00,2024-10-19 22:00:00+00:00,2024-10-19 22:00:00+00:00,2024-10-20 02:00:00+00:00,597.75,596.2,1.5499999999999545,False,BREAK_BEFORE_K1,0,0,,,False,,,BREAK_BEFORE_K1,2024-10-19 22:00:00+00:00,
120,02:00,3,2024-10-21,Monday,2024-10-20 19:00:00+00:00,2024-10-20 22:00:00+00:00,2024-10-20 22:00:00+00:00,2024-10-21 02:00:00+00:00,600.8,597.9,2.8999999999999773,False,BREAK_BEFORE_K1,0,0,,,False,,,BREAK_BEFORE_K1,2024-10-20 22:00:00+00:00,
120,02:00,3,2024-10-22,Tuesday,2024-10-21 19:00:00+00:00,2024-10-21 22:00:00+00:00,2024-10-21 22:00:00+00:00,2024-10-22 02:00:00+00:00,600.94,596.86,4.080000000000041,True,,1,0,2024-10-21 22:10:00+00:00,2024-10-21 22:15:00+00:00,True,2024-10-21 22:15:00+00:00,2024-10-21 22:20:00+00:00,H2_ARRIVAL,2024-10-21 22:20:00+00:00,5.0
120,02:00,3,2024-10-23,Wednesday,2024-10-22 19:00:00+00:00,2024-10-22 22:00:00+00:00,2024-10-22 22:00:00+00:00,2024-10-23 02:00:00+00:00,595.63,593.05,2.580000000000041,False,BREAK_BEFORE_K1,0,0,,,False,,,BREAK_BEFORE_K1,2024-10-22 22:00:00+00:00,
120,02:00,3,2024-10-24,Thursday,2024-10-23 19:00:00+00:00,2024-10-23 22:00:00+00:00,2024-10-23 22:00:00+00:00,2024-10-24 02:00:00+00:00,584.53,577.87,6.659999999999968,True,,1,0,2024-10-23 23:05:00+00:00,2024-10-23 23:10:00+00:00,False,,,BREAK_DURING_K1,2024-10-23 23:10:00+00:00,
120,02:00,3,2024-10-25,Friday,2024-10-24 19:00:00+00:00,2024-10-24 22:00:00+00:00,2024-10-24 22:00:00+00:00,2024-10-25 02:00:00+00:00,598.23,591.96,6.269999999999982,False,NO_K1,0,0,,,False,,,NO_K1,,
120,02:00,3,2024-10-26,Saturday,2024-10-25 19:00:00+00:00,2024-10-25 22:00:00+00:00,2024-10-25 22:00:00+00:00,2024-10-26 02:00:00+00:00,586.49,582.48,4.009999999999991,False,BREAK_BEFORE_K1,0,0,,,False,,,BREAK_BEFORE_K1,2024-10-25 22:00:00+00:00,
120,02:00,3,2024-10-27,Sunday,2024-10-26 19:00:00+00:00,2024-10-26 22:00:00+00:00,2024-10-26 22:00:00+00:00,2024-10-27 02:00:00+00:00,587.1,583.43,3.6700000000000728,False,BREAK_BEFORE_K1,0,0,,,False,,,BREAK_BEFORE_K1,2024-10-26 22:15:00+00:00,
120,02:00,3,2024-10-28,Monday,2024-10-27 19:00:00+00:00,2024-10-27 22:00:00+00:00,2024-10-27 22:00:00+00:00,2024-10-28 02:00:00+00:00,590.0,585.5,4.5,False,BREAK_BEFORE_K1,0,0,,,False,,,BREAK_BEFORE_K1,2024-10-27 22:00:00+00:00,
120,02:00,3,2024-10-29,Tuesday,2024-10-28 19:00:00+00:00,2024-10-28 22:00:00+00:00,2024-10-28 22:00:00+00:00,2024-10-29 02:00:00+00:00,602.42,592.03,10.389999999999986,True,,1,0,2024-10-28 22:00:00+00:00,2024-10-28 22:05:00+00:00,False,,,BREAK_DURING_K1,2024-10-28 22:05:00+00:00,
120,02:00,3,2024-10-30,Wednesday,2024-10-29 19:00:00+00:00,2024-10-29 22:00:00+00:00,2024-10-29 22:00:00+00:00,2024-10-30 02:00:00+00:00,612.0,600.69,11.309999999999945,False,OPPOSITE_VISIT_BEFORE_K1,0,1,,,False,,,OPPOSITE_VISIT_BEFORE_K1,2024-10-30 01:00:00+00:00,
120,02:00,3,2024-10-31,Thursday,2024-10-30 19:00:00+00:00,2024-10-30 22:00:00+00:00,2024-10-30 22:00:00+00:00,2024-10-31 02:00:00+00:00,600.84,595.02,5.82000000000005,False,BREAK_BEFORE_K1,0,0,,,False,,,BREAK_BEFORE_K1,2024-10-31 00:50:00+00:00,
120,02:00,3,2024-11-01,Friday,2024-10-31 19:00:00+00:00,2024-10-31 22:00:00+00:00,2024-10-31 22:00:00+00:00,2024-11-01 02:00:00+00:00,576.96,571.14,5.82000000000005,True,,1,0,2024-10-31 22:55:00+00:00,2024-10-31 23:00:00+00:00,True,2024-10-31 23:05:00+00:00,2024-10-31 23:10:00+00:00,H2_ARRIVAL,2024-10-31 23:10:00+00:00,5.0
120,02:00,3,2024-11-02,Saturday,2024-11-01 19:00:00+00:00,2024-11-01 22:00:00+00:00,2024-11-01 22:00:00+00:00,2024-11-02 02:00:00+00:00,573.59,567.52,6.07000000000005,False,BREAK_BEFORE_K1,0,0,,,False,,,BREAK_BEFORE_K1,2024-11-02 00:20:00+00:00,
120,02:00,3,2024-11-03,Sunday,2024-11-02 19:00:00+00:00,2024-11-02 22:00:00+00:00,2024-11-02 22:00:00+00:00,2024-11-03 02:00:00+00:00,570.64,567.62,3.019999999999982,False,BREAK_BEFORE_K1,0,0,,,False,,,BREAK_BEFORE_K1,2024-11-02 23:00:00+00:00,
120,02:00,3,2024-11-04,Monday,2024-11-03 19:00:00+00:00,2024-11-03 22:00:00+00:00,2024-11-03 22:00:00+00:00,2024-11-04 02:00:00+00:00,560.0,549.71,10.289999999999964,False,BREAK_BEFORE_K1,0,0,,,False,,,BREAK_BEFORE_K1,2024-11-03 22:05:00+00:00,
120,02:00,3,2024-11-05,Tuesday,2024-11-04 19:00:00+00:00,2024-11-04 22:00:00+00:00,2024-11-04 22:00:00+00:00,2024-11-05 02:00:00+00:00,554.83,543.22,11.610000000000014,False,BREAK_BEFORE_K1,0,0,,,False,,,BREAK_BEFORE_K1,2024-11-05 00:45:00+00:00,
120,02:00,3,2024-11-06,Wednesday,2024-11-05 19:00:00+00:00,2024-11-05 22:00:00+00:00,2024-11-05 22:00:00+00:00,2024-11-06 02:00:00+00:00,569.11,559.03,10.080000000000041,False,BREAK_BEFORE_K1,0,0,,,False,,,BREAK_BEFORE_K1,2024-11-06 00:30:00+00:00,
120,02:00,3,2024-11-07,Thursday,2024-11-06 19:00:00+00:00,2024-11-06 22:00:00+00:00,2024-11-06 22:00:00+00:00,2024-11-07 02:00:00+00:00,590.96,586.09,4.8700000000000045,False,BREAK_BEFORE_K1,0,0,,,False,,,BREAK_BEFORE_K1,2024-11-06 22:00:00+00:00,
120,02:00,3,2024-11-08,Friday,2024-11-07 19:00:00+00:00,2024-11-07 22:00:00+00:00,2024-11-07 22:00:00+00:00,2024-11-08 02:00:00+00:00,603.17,596.03,7.139999999999986,True,,1,0,2024-11-08 00:10:00+00:00,2024-11-08 00:15:00+00:00,False,,,BREAK_DURING_K1,2024-11-08 00:15:00+00:00,
120,02:00,3,2024-11-09,Saturday,2024-11-08 19:00:00+00:00,2024-11-08 22:00:00+00:00,2024-11-08 22:00:00+00:00,2024-11-09 02:00:00+00:00,599.29,593.13,6.159999999999968,False,BREAK_BEFORE_K1,0,0,,,False,,,BREAK_BEFORE_K1,2024-11-09 00:10:00+00:00,
120,02:00,3,2024-11-10,Sunday,2024-11-09 19:00:00+00:00,2024-11-09 22:00:00+00:00,2024-11-09 22:00:00+00:00,2024-11-10 02:00:00+00:00,621.21,614.19,7.019999999999982,False,BREAK_BEFORE_K1,0,0,,,False,,,BREAK_BEFORE_K1,2024-11-09 22:20:00+00:00,
120,02:00,3,2024-11-11,Monday,2024-11-10 19:00:00+00:00,2024-11-10 22:00:00+00:00,2024-11-10 22:00:00+00:00,2024-11-11 02:00:00+00:00,639.73,612.02,27.710000000000036,False,BREAK_BEFORE_K1,0,0,,,False,,,BREAK_BEFORE_K1,2024-11-11 00:50:00+00:00,
120,02:00,3,2024-11-12,Tuesday,2024-11-11 19:00:00+00:00,2024-11-11 22:00:00+00:00,2024-11-11 22:00:00+00:00,2024-11-12 02:00:00+00:00,643.4,633.06,10.340000000000032,False,BREAK_BEFORE_K1,0,0,,,False,,,BREAK_BEFORE_K1,2024-11-11 22:10:00+00:00,
120,02:00,3,2024-11-13,Wednesday,2024-11-12 19:00:00+00:00,2024-11-12 22:00:00+00:00,2024-11-12 22:00:00+00:00,2024-11-13 02:00:00+00:00,633.09,622.83,10.259999999999991,False,BREAK_BEFORE_K1,0,0,,,False,,,BREAK_BEFORE_K1,2024-11-12 22:35:00+00:00,
120,02:00,3,2024-11-14,Thursday,2024-11-13 19:00:00+00:00,2024-11-13 22:00:00+00:00,2024-11-13 22:00:00+00:00,2024-11-14 02:00:00+00:00,629.32,605.0,24.32000000000005,False,NO_K1,0,0,,,False,,,NO_K1,,
120,02:00,3,2024-11-15,Friday,2024-11-14 19:00:00+00:00,2024-11-14 22:00:00+00:00,2024-11-14 22:00:00+00:00,2024-11-15 02:00:00+00:00,639.26,632.68,6.580000000000041,False,BREAK_BEFORE_K1,0,0,,,False,,,BREAK_BEFORE_K1,2024-11-14 22:30:00+00:00,
120,02:00,3,2024-11-16,Saturday,2024-11-15 19:00:00+00:00,2024-11-15 22:00:00+00:00,2024-11-15 22:00:00+00:00,2024-11-16 02:00:00+00:00,619.63,610.75,8.879999999999995,True,,1,0,2024-11-15 22:30:00+00:00,2024-11-15 22:35:00+00:00,False,,,BREAK_DURING_K1,2024-11-15 22:35:00+00:00,
120,02:00,3,2024-11-17,Sunday,2024-11-16 19:00:00+00:00,2024-11-16 22:00:00+00:00,2024-11-16 22:00:00+00:00,2024-11-17 02:00:00+00:00,630.99,624.55,6.440000000000055,False,OPPOSITE_VISIT_BEFORE_K1,0,1,,,False,,,OPPOSITE_VISIT_BEFORE_K1,2024-11-16 22:50:00+00:00,
120,02:00,3,2024-11-18,Monday,2024-11-17 19:00:00+00:00,2024-11-17 22:00:00+00:00,2024-11-17 22:00:00+00:00,2024-11-18 02:00:00+00:00,622.05,614.37,7.67999999999995,False,BREAK_BEFORE_K1,0,0,,,False,,,BREAK_BEFORE_K1,2024-11-17 22:00:00+00:00,
120,02:00,3,2024-11-19,Tuesday,2024-11-18 19:00:00+00:00,2024-11-18 22:00:00+00:00,2024-11-18 22:00:00+00:00,2024-11-19 02:00:00+00:00,622.54,612.83,9.709999999999923,False,NO_K1,0,0,,,False,,,NO_K1,,
120,02:00,3,2024-11-20,Wednesday,2024-11-19 19:00:00+00:00,2024-11-19 22:00:00+00:00,2024-11-19 22:00:00+00:00,2024-11-20 02:00:00+00:00,619.81,606.52,13.289999999999964,False,OPPOSITE_VISIT_BEFORE_K1,0,1,,,False,,,OPPOSITE_VISIT_BEFORE_K1,2024-11-19 22:30:00+00:00,
120,02:00,3,2024-11-21,Thursday,2024-11-20 19:00:00+00:00,2024-11-20 22:00:00+00:00,2024-11-20 22:00:00+00:00,2024-11-21 02:00:00+00:00,611.57,600.25,11.32000000000005,False,BREAK_BEFORE_K1,0,0,,,False,,,BREAK_BEFORE_K1,2024-11-20 22:00:00+00:00,
120,02:00,3,2024-11-22,Friday,2024-11-21 19:00:00+00:00,2024-11-21 22:00:00+00:00,2024-11-21 22:00:00+00:00,2024-11-22 02:00:00+00:00,626.08,619.73,6.350000000000023,False,BREAK_BEFORE_K1,0,0,,,False,,,BREAK_BEFORE_K1,2024-11-22 00:20:00+00:00,
120,02:00,3,2024-11-23,Saturday,2024-11-22 19:00:00+00:00,2024-11-22 22:00:00+00:00,2024-11-22 22:00:00+00:00,2024-11-23 02:00:00+00:00,629.7,618.76,10.940000000000055,True,,1,0,2024-11-22 22:00:00+00:00,2024-11-22 22:05:00+00:00,True,2024-11-22 22:05:00+00:00,2024-11-22 22:10:00+00:00,H2_ARRIVAL,2024-11-22 22:50:00+00:00,45.0
120,02:00,3,2024-11-24,Sunday,2024-11-23 19:00:00+00:00,2024-11-23 22:00:00+00:00,2024-11-23 22:00:00+00:00,2024-11-24 02:00:00+00:00,659.25,642.65,16.600000000000023,False,BREAK_BEFORE_K1,0,0,,,False,,,BREAK_BEFORE_K1,2024-11-24 00:45:00+00:00,
120,02:00,3,2024-11-25,Monday,2024-11-24 19:00:00+00:00,2024-11-24 22:00:00+00:00,2024-11-24 22:00:00+00:00,2024-11-25 02:00:00+00:00,658.61,648.88,9.730000000000018,False,BREAK_BEFORE_K1,0,0,,,False,,,BREAK_BEFORE_K1,2024-11-24 22:00:00+00:00,
120,02:00,3,2024-11-26,Tuesday,2024-11-25 19:00:00+00:00,2024-11-25 22:00:00+00:00,2024-11-25 22:00:00+00:00,2024-11-26 02:00:00+00:00,647.57,634.41,13.160000000000082,False,OPPOSITE_VISIT_BEFORE_K1,0,1,,,False,,,OPPOSITE_VISIT_BEFORE_K1,2024-11-25 22:20:00+00:00,
120,02:00,3,2024-11-27,Wednesday,2024-11-26 19:00:00+00:00,2024-11-26 22:00:00+00:00,2024-11-26 22:00:00+00:00,2024-11-27 02:00:00+00:00,615.74,603.33,12.409999999999968,False,BREAK_BEFORE_K1,0,0,,,False,,,BREAK_BEFORE_K1,2024-11-26 22:05:00+00:00,
120,02:00,3,2024-11-28,Thursday,2024-11-27 19:00:00+00:00,2024-11-27 22:00:00+00:00,2024-11-27 22:00:00+00:00,2024-11-28 02:00:00+00:00,644.13,636.0,8.129999999999995,False,BREAK_BEFORE_K1,0,0,,,False,,,BREAK_BEFORE_K1,2024-11-27 22:00:00+00:00,
120,02:00,3,2024-11-29,Friday,2024-11-28 19:00:00+00:00,2024-11-28 22:00:00+00:00,2024-11-28 22:00:00+00:00,2024-11-29 02:00:00+00:00,660.0,651.84,8.159999999999968,True,,1,0,2024-11-28 23:00:00+00:00,2024-11-28 23:05:00+00:00,True,2024-11-28 23:05:00+00:00,2024-11-28 23:10:00+00:00,NO_H2_BY_END,,
120,02:00,3,2024-11-30,Saturday,2024-11-29 19:00:00+00:00,2024-11-29 22:00:00+00:00,2024-11-29 22:00:00+00:00,2024-11-30 02:00:00+00:00,657.89,650.39,7.5,False,OPPOSITE_VISIT_BEFORE_K1,0,1,,,False,,,OPPOSITE_VISIT_BEFORE_K1,2024-11-30 00:40:00+00:00,
120,02:00,3,2024-12-01,Sunday,2024-11-30 19:00:00+00:00,2024-11-30 22:00:00+00:00,2024-11-30 22:00:00+00:00,2024-12-01 02:00:00+00:00,658.76,653.03,5.730000000000018,False,BREAK_BEFORE_K1,0,0,,,False,,,BREAK_BEFORE_K1,2024-12-01 00:40:00+00:00,
120,02:00,3,2024-12-02,Monday,2024-12-01 19:00:00+00:00,2024-12-01 22:00:00+00:00,2024-12-01 22:00:00+00:00,2024-12-02 02:00:00+00:00,659.22,651.91,7.310000000000059,True,,1,0,2024-12-01 23:10:00+00:00,2024-12-01 23:15:00+00:00,True,2024-12-01 23:15:00+00:00,2024-12-01 23:20:00+00:00,H2_ARRIVAL,2024-12-02 00:35:00+00:00,80.0
120,02:00,3,2024-12-03,Tuesday,2024-12-02 19:00:00+00:00,2024-12-02 22:00:00+00:00,2024-12-02 22:00:00+00:00,2024-12-03 02:00:00+00:00,643.94,634.32,9.620000000000005,False,BREAK_BEFORE_K1,0,0,,,False,,,BREAK_BEFORE_K1,2024-12-02 23:00:00+00:00,
120,02:00,3,2024-12-04,Wednesday,2024-12-03 19:00:00+00:00,2024-12-03 22:00:00+00:00,2024-12-03 22:00:00+00:00,2024-12-04 02:00:00+00:00,717.64,678.19,39.44999999999993,False,BREAK_BEFORE_K1,0,0,,,False,,,BREAK_BEFORE_K1,2024-12-03 22:50:00+00:00,
120,02:00,3,2024-12-05,Thursday,2024-12-04 19:00:00+00:00,2024-12-04 22:00:00+00:00,2024-12-04 22:00:00+00:00,2024-12-05 02:00:00+00:00,747.46,726.82,20.639999999999986,False,OPPOSITE_VISIT_BEFORE_K1,0,1,,,False,,,OPPOSITE_VISIT_BEFORE_K1,2024-12-05 00:45:00+00:00,
120,02:00,3,2024-12-06,Friday,2024-12-05 19:00:00+00:00,2024-12-05 22:00:00+00:00,2024-12-05 22:00:00+00:00,2024-12-06 02:00:00+00:00,731.3,703.16,28.139999999999986,False,BREAK_BEFORE_K1,0,0,,,False,,,BREAK_BEFORE_K1,2024-12-05 22:25:00+00:00,
120,02:00,3,2024-12-07,Saturday,2024-12-06 19:00:00+00:00,2024-12-06 22:00:00+00:00,2024-12-06 22:00:00+00:00,2024-12-07 02:00:00+00:00,744.66,731.96,12.699999999999932,False,OPPOSITE_VISIT_BEFORE_K1,0,1,,,False,,,OPPOSITE_VISIT_BEFORE_K1,2024-12-06 23:15:00+00:00,
120,02:00,3,2024-12-08,Sunday,2024-12-07 19:00:00+00:00,2024-12-07 22:00:00+00:00,2024-12-07 22:00:00+00:00,2024-12-08 02:00:00+00:00,761.69,752.36,9.330000000000041,False,OPPOSITE_VISIT_BEFORE_K1,0,1,,,False,,,OPPOSITE_VISIT_BEFORE_K1,2024-12-07 22:30:00+00:00,
120,02:00,3,2024-12-09,Monday,2024-12-08 19:00:00+00:00,2024-12-08 22:00:00+00:00,2024-12-08 22:00:00+00:00,2024-12-09 02:00:00+00:00,741.77,735.23,6.539999999999964,True,,1,0,2024-12-08 22:05:00+00:00,2024-12-08 22:10:00+00:00,True,2024-12-08 22:10:00+00:00,2024-12-08 22:15:00+00:00,H2_ARRIVAL,2024-12-08 22:15:00+00:00,5.0
120,02:00,3,2024-12-10,Tuesday,2024-12-09 19:00:00+00:00,2024-12-09 22:00:00+00:00,2024-12-09 22:00:00+00:00,2024-12-10 02:00:00+00:00,721.8,633.0,88.79999999999995,False,NO_K1,0,0,,,False,,,NO_K1,,
120,02:00,3,2024-12-11,Wednesday,2024-12-10 19:00:00+00:00,2024-12-10 22:00:00+00:00,2024-12-10 22:00:00+00:00,2024-12-11 02:00:00+00:00,680.68,662.25,18.42999999999995,False,BREAK_BEFORE_K1,0,0,,,False,,,BREAK_BEFORE_K1,2024-12-11 01:25:00+00:00,
120,02:00,3,2024-12-12,Thursday,2024-12-11 19:00:00+00:00,2024-12-11 22:00:00+00:00,2024-12-11 22:00:00+00:00,2024-12-12 02:00:00+00:00,709.72,704.63,5.090000000000032,False,BREAK_BEFORE_K1,0,0,,,False,,,BREAK_BEFORE_K1,2024-12-11 22:10:00+00:00,
120,02:00,3,2024-12-13,Friday,2024-12-12 19:00:00+00:00,2024-12-12 22:00:00+00:00,2024-12-12 22:00:00+00:00,2024-12-13 02:00:00+00:00,722.9,704.11,18.789999999999964,False,BREAK_BEFORE_K1,0,0,,,False,,,BREAK_BEFORE_K1,2024-12-12 22:00:00+00:00,
120,02:00,3,2024-12-14,Saturday,2024-12-13 19:00:00+00:00,2024-12-13 22:00:00+00:00,2024-12-13 22:00:00+00:00,2024-12-14 02:00:00+00:00,730.24,718.72,11.519999999999982,False,BREAK_BEFORE_K1,0,0,,,False,,,BREAK_BEFORE_K1,2024-12-14 01:20:00+00:00,
120,02:00,3,2024-12-15,Sunday,2024-12-14 19:00:00+00:00,2024-12-14 22:00:00+00:00,2024-12-14 22:00:00+00:00,2024-12-15 02:00:00+00:00,711.77,704.65,7.1200000000000045,True,,1,0,2024-12-14 22:00:00+00:00,2024-12-14 22:05:00+00:00,False,,,BREAK_DURING_K1,2024-12-14 22:05:00+00:00,
120,02:00,3,2024-12-16,Monday,2024-12-15 19:00:00+00:00,2024-12-15 22:00:00+00:00,2024-12-15 22:00:00+00:00,2024-12-16 02:00:00+00:00,720.5,708.03,12.470000000000027,False,BREAK_BEFORE_K1,0,0,,,False,,,BREAK_BEFORE_K1,2024-12-15 22:00:00+00:00,
120,02:00,3,2024-12-17,Tuesday,2024-12-16 19:00:00+00:00,2024-12-16 22:00:00+00:00,2024-12-16 22:00:00+00:00,2024-12-17 02:00:00+00:00,730.89,723.24,7.649999999999977,False,BREAK_BEFORE_K1,0,0,,,False,,,BREAK_BEFORE_K1,2024-12-16 23:05:00+00:00,
120,02:00,3,2024-12-18,Wednesday,2024-12-17 19:00:00+00:00,2024-12-17 22:00:00+00:00,2024-12-17 22:00:00+00:00,2024-12-18 02:00:00+00:00,737.22,720.75,16.470000000000027,False,BREAK_BEFORE_K1,0,0,,,False,,,BREAK_BEFORE_K1,2024-12-17 22:50:00+00:00,
120,02:00,3,2024-12-19,Thursday,2024-12-18 19:00:00+00:00,2024-12-18 22:00:00+00:00,2024-12-18 22:00:00+00:00,2024-12-19 02:00:00+00:00,721.1,680.0,41.10000000000002,False,NO_K1,0,0,,,False,,,NO_K1,,
120,02:00,3,2024-12-20,Friday,2024-12-19 19:00:00+00:00,2024-12-19 22:00:00+00:00,2024-12-19 22:00:00+00:00,2024-12-20 02:00:00+00:00,674.81,647.59,27.219999999999914,True,,1,0,2024-12-19 22:20:00+00:00,2024-12-19 22:25:00+00:00,True,2024-12-19 22:25:00+00:00,2024-12-19 22:30:00+00:00,H2_ARRIVAL,2024-12-19 22:45:00+00:00,20.0
120,02:00,3,2024-12-21,Saturday,2024-12-20 19:00:00+00:00,2024-12-20 22:00:00+00:00,2024-12-20 22:00:00+00:00,2024-12-21 02:00:00+00:00,675.0,664.48,10.519999999999982,True,,1,0,2024-12-20 22:05:00+00:00,2024-12-20 22:10:00+00:00,False,,,BREAK_DURING_K1,2024-12-20 22:15:00+00:00,
120,02:00,3,2024-12-22,Sunday,2024-12-21 19:00:00+00:00,2024-12-21 22:00:00+00:00,2024-12-21 22:00:00+00:00,2024-12-22 02:00:00+00:00,670.45,649.64,20.81000000000006,False,NO_K1,0,0,,,False,,,NO_K1,,
120,02:00,3,2024-12-23,Monday,2024-12-22 19:00:00+00:00,2024-12-22 22:00:00+00:00,2024-12-22 22:00:00+00:00,2024-12-23 02:00:00+00:00,657.74,639.2,18.539999999999964,False,BREAK_BEFORE_K1,0,0,,,False,,,BREAK_BEFORE_K1,2024-12-23 01:15:00+00:00,
120,02:00,3,2024-12-24,Tuesday,2024-12-23 19:00:00+00:00,2024-12-23 22:00:00+00:00,2024-12-23 22:00:00+00:00,2024-12-24 02:00:00+00:00,693.35,680.82,12.529999999999973,True,,1,0,2024-12-23 22:10:00+00:00,2024-12-23 22:15:00+00:00,False,,,BREAK_DURING_K1,2024-12-23 22:15:00+00:00,
120,02:00,3,2024-12-25,Wednesday,2024-12-24 19:00:00+00:00,2024-12-24 22:00:00+00:00,2024-12-24 22:00:00+00:00,2024-12-25 02:00:00+00:00,697.23,686.09,11.139999999999986,True,,1,0,2024-12-24 22:00:00+00:00,2024-12-24 22:05:00+00:00,False,,,BREAK_DURING_K1,2024-12-24 22:05:00+00:00,
120,02:00,3,2024-12-26,Thursday,2024-12-25 19:00:00+00:00,2024-12-25 22:00:00+00:00,2024-12-25 22:00:00+00:00,2024-12-26 02:00:00+00:00,704.85,695.51,9.340000000000032,True,,1,0,2024-12-26 01:35:00+00:00,2024-12-26 01:40:00+00:00,True,2024-12-26 01:40:00+00:00,2024-12-26 01:45:00+00:00,H2_ARRIVAL,2024-12-26 01:55:00+00:00,15.0
120,02:00,3,2024-12-27,Friday,2024-12-26 19:00:00+00:00,2024-12-26 22:00:00+00:00,2024-12-26 22:00:00+00:00,2024-12-27 02:00:00+00:00,692.79,685.04,7.75,True,,1,0,2024-12-26 22:05:00+00:00,2024-12-26 22:10:00+00:00,False,,,BREAK_DURING_K1,2024-12-26 22:10:00+00:00,
120,02:00,3,2024-12-28,Saturday,2024-12-27 19:00:00+00:00,2024-12-27 22:00:00+00:00,2024-12-27 22:00:00+00:00,2024-12-28 02:00:00+00:00,696.0,689.58,6.419999999999959,False,BREAK_BEFORE_K1,0,0,,,False,,,BREAK_BEFORE_K1,2024-12-27 22:00:00+00:00,
120,02:00,3,2024-12-29,Sunday,2024-12-28 19:00:00+00:00,2024-12-28 22:00:00+00:00,2024-12-28 22:00:00+00:00,2024-12-29 02:00:00+00:00,731.25,724.06,7.190000000000055,False,BREAK_BEFORE_K1,0,0,,,False,,,BREAK_BEFORE_K1,2024-12-28 22:00:00+00:00,
120,02:00,3,2024-12-30,Monday,2024-12-29 19:00:00+00:00,2024-12-29 22:00:00+00:00,2024-12-29 22:00:00+00:00,2024-12-30 02:00:00+00:00,702.0,692.59,9.409999999999968,False,BREAK_BEFORE_K1,0,0,,,False,,,BREAK_BEFORE_K1,2024-12-29 22:10:00+00:00,
120,02:00,3,2024-12-31,Tuesday,2024-12-30 19:00:00+00:00,2024-12-30 22:00:00+00:00,2024-12-30 22:00:00+00:00,2024-12-31 02:00:00+00:00,712.16,695.04,17.120000000000005,False,OPPOSITE_VISIT_BEFORE_K1,0,1,,,False,,,OPPOSITE_VISIT_BEFORE_K1,2024-12-30 22:00:00+00:00,
60,01:00,4,2022-01-02,Sunday,2022-01-01 18:00:00+00:00,2022-01-01 22:00:00+00:00,2022-01-01 22:00:00+00:00,2022-01-02 02:00:00+00:00,527.39,522.41,4.980000000000018,True,,1,0,2022-01-01 23:50:00+00:00,2022-01-01 23:55:00+00:00,False,,,BREAK_DURING_K1,2022-01-02 00:00:00+00:00,
60,01:00,4,2022-01-03,Monday,2022-01-02 18:00:00+00:00,2022-01-02 22:00:00+00:00,2022-01-02 22:00:00+00:00,2022-01-03 02:00:00+00:00,530.98,523.29,7.690000000000055,True,,1,0,2022-01-02 22:30:00+00:00,2022-01-02 22:35:00+00:00,False,,,BREAK_DURING_K1,2022-01-02 22:35:00+00:00,
60,01:00,4,2022-01-04,Tuesday,2022-01-03 18:00:00+00:00,2022-01-03 22:00:00+00:00,2022-01-03 22:00:00+00:00,2022-01-04 02:00:00+00:00,519.37,510.41,8.95999999999998,False,BREAK_BEFORE_K1,0,0,,,False,,,BREAK_BEFORE_K1,2022-01-04 00:20:00+00:00,
60,01:00,4,2022-01-05,Wednesday,2022-01-04 18:00:00+00:00,2022-01-04 22:00:00+00:00,2022-01-04 22:00:00+00:00,2022-01-05 02:00:00+00:00,515.66,505.52,10.139999999999986,False,OPPOSITE_VISIT_BEFORE_K1,0,1,,,False,,,OPPOSITE_VISIT_BEFORE_K1,2022-01-05 00:00:00+00:00,
60,01:00,4,2022-01-06,Thursday,2022-01-05 18:00:00+00:00,2022-01-05 22:00:00+00:00,2022-01-05 22:00:00+00:00,2022-01-06 02:00:00+00:00,509.68,480.0,29.680000000000007,False,BREAK_BEFORE_K1,0,0,,,False,,,BREAK_BEFORE_K1,2022-01-05 22:10:00+00:00,
60,01:00,4,2022-01-07,Friday,2022-01-06 18:00:00+00:00,2022-01-06 22:00:00+00:00,2022-01-06 22:00:00+00:00,2022-01-07 02:00:00+00:00,480.96,474.44,6.519999999999982,False,OPPOSITE_VISIT_BEFORE_K1,0,1,,,False,,,OPPOSITE_VISIT_BEFORE_K1,2022-01-06 22:10:00+00:00,
60,01:00,4,2022-01-08,Saturday,2022-01-07 18:00:00+00:00,2022-01-07 22:00:00+00:00,2022-01-07 22:00:00+00:00,2022-01-08 02:00:00+00:00,454.29,447.08,7.210000000000036,False,BREAK_BEFORE_K1,0,0,,,False,,,BREAK_BEFORE_K1,2022-01-07 22:50:00+00:00,
60,01:00,4,2022-01-09,Sunday,2022-01-08 18:00:00+00:00,2022-01-08 22:00:00+00:00,2022-01-08 22:00:00+00:00,2022-01-09 02:00:00+00:00,435.81,415.46,20.350000000000023,False,BREAK_BEFORE_K1,0,0,,,False,,,BREAK_BEFORE_K1,2022-01-08 22:40:00+00:00,
60,01:00,4,2022-01-10,Monday,2022-01-09 18:00:00+00:00,2022-01-09 22:00:00+00:00,2022-01-09 22:00:00+00:00,2022-01-10 02:00:00+00:00,444.14,438.07,6.069999999999993,False,BREAK_BEFORE_K1,0,0,,,False,,,BREAK_BEFORE_K1,2022-01-09 23:20:00+00:00,
60,01:00,4,2022-01-11,Tuesday,2022-01-10 18:00:00+00:00,2022-01-10 22:00:00+00:00,2022-01-10 22:00:00+00:00,2022-01-11 02:00:00+00:00,425.6,415.64,9.960000000000036,False,NO_K1,0,0,,,False,,,NO_K1,,
60,01:00,4,2022-01-12,Wednesday,2022-01-11 18:00:00+00:00,2022-01-11 22:00:00+00:00,2022-01-11 22:00:00+00:00,2022-01-12 02:00:00+00:00,463.86,455.64,8.220000000000027,True,,1,0,2022-01-11 23:40:00+00:00,2022-01-11 23:45:00+00:00,True,2022-01-11 23:50:00+00:00,2022-01-11 23:55:00+00:00,H2_ARRIVAL,2022-01-12 00:00:00+00:00,10.0
60,01:00,4,2022-01-13,Thursday,2022-01-12 18:00:00+00:00,2022-01-12 22:00:00+00:00,2022-01-12 22:00:00+00:00,2022-01-13 02:00:00+00:00,488.41,482.27,6.140000000000043,True,,1,0,2022-01-13 00:05:00+00:00,2022-01-13 00:10:00+00:00,True,2022-01-13 00:10:00+00:00,2022-01-13 00:15:00+00:00,OPPOSITE_BREAK_BEFORE_H2,2022-01-13 00:55:00+00:00,
60,01:00,4,2022-01-14,Friday,2022-01-13 18:00:00+00:00,2022-01-13 22:00:00+00:00,2022-01-13 22:00:00+00:00,2022-01-14 02:00:00+00:00,478.67,468.62,10.050000000000011,True,,1,0,2022-01-13 22:05:00+00:00,2022-01-13 22:10:00+00:00,True,2022-01-13 22:15:00+00:00,2022-01-13 22:20:00+00:00,H2_ARRIVAL,2022-01-14 00:35:00+00:00,140.0
60,01:00,4,2022-01-15,Saturday,2022-01-14 18:00:00+00:00,2022-01-14 22:00:00+00:00,2022-01-14 22:00:00+00:00,2022-01-15 02:00:00+00:00,492.28,478.15,14.129999999999995,True,,1,0,2022-01-15 00:00:00+00:00,2022-01-15 00:05:00+00:00,True,2022-01-15 00:05:00+00:00,2022-01-15 00:10:00+00:00,NO_H2_BY_END,,
60,01:00,4,2022-01-16,Sunday,2022-01-15 18:00:00+00:00,2022-01-15 22:00:00+00:00,2022-01-15 22:00:00+00:00,2022-01-16 02:00:00+00:00,499.45,493.2,6.25,False,OPPOSITE_VISIT_BEFORE_K1,0,1,,,False,,,OPPOSITE_VISIT_BEFORE_K1,2022-01-15 22:30:00+00:00,
60,01:00,4,2022-01-17,Monday,2022-01-16 18:00:00+00:00,2022-01-16 22:00:00+00:00,2022-01-16 22:00:00+00:00,2022-01-17 02:00:00+00:00,500.74,496.6,4.139999999999986,False,OPPOSITE_VISIT_BEFORE_K1,0,1,,,False,,,OPPOSITE_VISIT_BEFORE_K1,2022-01-17 00:00:00+00:00,
60,01:00,4,2022-01-18,Tuesday,2022-01-17 18:00:00+00:00,2022-01-17 22:00:00+00:00,2022-01-17 22:00:00+00:00,2022-01-18 02:00:00+00:00,477.89,469.42,8.46999999999997,False,OPPOSITE_VISIT_BEFORE_K1,0,1,,,False,,,OPPOSITE_VISIT_BEFORE_K1,2022-01-17 22:00:00+00:00,
60,01:00,4,2022-01-19,Wednesday,2022-01-18 18:00:00+00:00,2022-01-18 22:00:00+00:00,2022-01-18 22:00:00+00:00,2022-01-19 02:00:00+00:00,469.74,457.3,12.439999999999998,True,,1,0,2022-01-18 22:00:00+00:00,2022-01-18 22:05:00+00:00,True,2022-01-18 22:05:00+00:00,2022-01-18 22:10:00+00:00,H2_ARRIVAL,2022-01-18 22:10:00+00:00,5.0
60,01:00,4,2022-01-20,Thursday,2022-01-19 18:00:00+00:00,2022-01-19 22:00:00+00:00,2022-01-19 22:00:00+00:00,2022-01-20 02:00:00+00:00,472.3,465.17,7.1299999999999955,False,OPPOSITE_VISIT_BEFORE_K1,0,1,,,False,,,OPPOSITE_VISIT_BEFORE_K1,2022-01-19 22:05:00+00:00,
60,01:00,4,2022-01-21,Friday,2022-01-20 18:00:00+00:00,2022-01-20 22:00:00+00:00,2022-01-20 22:00:00+00:00,2022-01-21 02:00:00+00:00,467.91,448.22,19.689999999999998,False,OPPOSITE_VISIT_BEFORE_K1,0,1,,,False,,,OPPOSITE_VISIT_BEFORE_K1,2022-01-20 22:00:00+00:00,
60,01:00,4,2022-01-22,Saturday,2022-01-21 18:00:00+00:00,2022-01-21 22:00:00+00:00,2022-01-21 22:00:00+00:00,2022-01-22 02:00:00+00:00,422.21,378.98,43.22999999999996,False,BREAK_BEFORE_K1,0,0,,,False,,,BREAK_BEFORE_K1,2022-01-21 22:45:00+00:00,
60,01:00,4,2022-01-23,Sunday,2022-01-22 18:00:00+00:00,2022-01-22 22:00:00+00:00,2022-01-22 22:00:00+00:00,2022-01-23 02:00:00+00:00,366.46,346.0,20.45999999999998,False,BREAK_BEFORE_K1,0,0,,,False,,,BREAK_BEFORE_K1,2022-01-23 00:50:00+00:00,
60,01:00,4,2022-01-24,Monday,2022-01-23 18:00:00+00:00,2022-01-23 22:00:00+00:00,2022-01-23 22:00:00+00:00,2022-01-24 02:00:00+00:00,375.35,363.12,12.230000000000018,False,BREAK_BEFORE_K1,0,0,,,False,,,BREAK_BEFORE_K1,2022-01-23 23:05:00+00:00,
60,01:00,4,2022-01-25,Tuesday,2022-01-24 18:00:00+00:00,2022-01-24 22:00:00+00:00,2022-01-24 22:00:00+00:00,2022-01-25 02:00:00+00:00,376.33,354.18,22.149999999999977,False,NO_K1,0,0,,,False,,,NO_K1,,
60,01:00,4,2022-01-26,Wednesday,2022-01-25 18:00:00+00:00,2022-01-25 22:00:00+00:00,2022-01-25 22:00:00+00:00,2022-01-26 02:00:00+00:00,387.9,377.36,10.539999999999964,False,OPPOSITE_VISIT_BEFORE_K1,0,1,,,False,,,OPPOSITE_VISIT_BEFORE_K1,2022-01-25 22:20:00+00:00,
60,01:00,4,2022-01-27,Thursday,2022-01-26 18:00:00+00:00,2022-01-26 22:00:00+00:00,2022-01-26 22:00:00+00:00,2022-01-27 02:00:00+00:00,402.42,366.75,35.670000000000016,False,OPPOSITE_VISIT_BEFORE_K1,0,1,,,False,,,OPPOSITE_VISIT_BEFORE_K1,2022-01-26 22:00:00+00:00,
60,01:00,4,2022-01-28,Friday,2022-01-27 18:00:00+00:00,2022-01-27 22:00:00+00:00,2022-01-27 22:00:00+00:00,2022-01-28 02:00:00+00:00,371.27,359.63,11.639999999999986,False,BREAK_BEFORE_K1,0,0,,,False,,,BREAK_BEFORE_K1,2022-01-27 22:00:00+00:00,
60,01:00,4,2022-01-29,Saturday,2022-01-28 18:00:00+00:00,2022-01-28 22:00:00+00:00,2022-01-28 22:00:00+00:00,2022-01-29 02:00:00+00:00,392.0,381.58,10.420000000000016,False,NO_K1,0,0,,,False,,,NO_K1,,
60,01:00,4,2022-01-30,Sunday,2022-01-29 18:00:00+00:00,2022-01-29 22:00:00+00:00,2022-01-29 22:00:00+00:00,2022-01-30 02:00:00+00:00,390.5,382.87,7.6299999999999955,True,,1,0,2022-01-29 22:45:00+00:00,2022-01-29 22:50:00+00:00,True,2022-01-29 22:50:00+00:00,2022-01-29 22:55:00+00:00,NO_H2_BY_END,,
60,01:00,4,2022-01-31,Monday,2022-01-30 18:00:00+00:00,2022-01-30 22:00:00+00:00,2022-01-30 22:00:00+00:00,2022-01-31 02:00:00+00:00,381.25,372.13,9.120000000000005,False,BREAK_BEFORE_K1,0,0,,,False,,,BREAK_BEFORE_K1,2022-01-31 00:40:00+00:00,
60,01:00,4,2022-02-01,Tuesday,2022-01-31 18:00:00+00:00,2022-01-31 22:00:00+00:00,2022-01-31 22:00:00+00:00,2022-02-01 02:00:00+00:00,385.01,377.67,7.339999999999975,False,OPPOSITE_VISIT_BEFORE_K1,0,1,,,False,,,OPPOSITE_VISIT_BEFORE_K1,2022-01-31 22:10:00+00:00,
60,01:00,4,2022-02-02,Wednesday,2022-02-01 18:00:00+00:00,2022-02-01 22:00:00+00:00,2022-02-01 22:00:00+00:00,2022-02-02 02:00:00+00:00,387.34,382.28,5.060000000000002,False,BREAK_BEFORE_K1,0,0,,,False,,,BREAK_BEFORE_K1,2022-02-02 00:30:00+00:00,
60,01:00,4,2022-02-03,Thursday,2022-02-02 18:00:00+00:00,2022-02-02 22:00:00+00:00,2022-02-02 22:00:00+00:00,2022-02-03 02:00:00+00:00,376.99,366.1,10.889999999999986,False,OPPOSITE_VISIT_BEFORE_K1,0,1,,,False,,,OPPOSITE_VISIT_BEFORE_K1,2022-02-02 23:50:00+00:00,
60,01:00,4,2022-02-04,Friday,2022-02-03 18:00:00+00:00,2022-02-03 22:00:00+00:00,2022-02-03 22:00:00+00:00,2022-02-04 02:00:00+00:00,370.62,361.56,9.060000000000002,False,BREAK_BEFORE_K1,0,0,,,False,,,BREAK_BEFORE_K1,2022-02-03 23:55:00+00:00,
60,01:00,4,2022-02-05,Saturday,2022-02-04 18:00:00+00:00,2022-02-04 22:00:00+00:00,2022-02-04 22:00:00+00:00,2022-02-05 02:00:00+00:00,398.19,390.36,7.829999999999984,False,BREAK_BEFORE_K1,0,0,,,False,,,BREAK_BEFORE_K1,2022-02-04 23:45:00+00:00,
60,01:00,4,2022-02-06,Sunday,2022-02-05 18:00:00+00:00,2022-02-05 22:00:00+00:00,2022-02-05 22:00:00+00:00,2022-02-06 02:00:00+00:00,416.89,409.85,7.039999999999964,True,,1,0,2022-02-06 01:00:00+00:00,2022-02-06 01:05:00+00:00,False,,,BREAK_DURING_K1,2022-02-06 01:05:00+00:00,
60,01:00,4,2022-02-07,Monday,2022-02-06 18:00:00+00:00,2022-02-06 22:00:00+00:00,2022-02-06 22:00:00+00:00,2022-02-07 02:00:00+00:00,414.98,410.17,4.810000000000002,True,,1,0,2022-02-06 23:10:00+00:00,2022-02-06 23:15:00+00:00,False,,,BREAK_DURING_K1,2022-02-06 23:15:00+00:00,
60,01:00,4,2022-02-08,Tuesday,2022-02-07 18:00:00+00:00,2022-02-07 22:00:00+00:00,2022-02-07 22:00:00+00:00,2022-02-08 02:00:00+00:00,438.39,432.24,6.149999999999977,False,OPPOSITE_VISIT_BEFORE_K1,0,1,,,False,,,OPPOSITE_VISIT_BEFORE_K1,2022-02-07 23:25:00+00:00,
60,01:00,4,2022-02-09,Wednesday,2022-02-08 18:00:00+00:00,2022-02-08 22:00:00+00:00,2022-02-08 22:00:00+00:00,2022-02-09 02:00:00+00:00,417.42,406.26,11.160000000000025,False,NO_K1,0,0,,,False,,,NO_K1,,
60,01:00,4,2022-02-10,Thursday,2022-02-09 18:00:00+00:00,2022-02-09 22:00:00+00:00,2022-02-09 22:00:00+00:00,2022-02-10 02:00:00+00:00,427.49,421.76,5.730000000000018,False,BREAK_BEFORE_K1,0,0,,,False,,,BREAK_BEFORE_K1,2022-02-09 22:00:00+00:00,
60,01:00,4,2022-02-11,Friday,2022-02-10 18:00:00+00:00,2022-02-10 22:00:00+00:00,2022-02-10 22:00:00+00:00,2022-02-11 02:00:00+00:00,428.53,414.77,13.759999999999991,False,OPPOSITE_VISIT_BEFORE_K1,0,1,,,False,,,OPPOSITE_VISIT_BEFORE_K1,2022-02-10 23:30:00+00:00,
60,01:00,4,2022-02-12,Saturday,2022-02-11 18:00:00+00:00,2022-02-11 22:00:00+00:00,2022-02-11 22:00:00+00:00,2022-02-12 02:00:00+00:00,414.0,397.3,16.69999999999999,False,OPPOSITE_VISIT_BEFORE_K1,0,1,,,False,,,OPPOSITE_VISIT_BEFORE_K1,2022-02-11 22:05:00+00:00,
60,01:00,4,2022-02-13,Sunday,2022-02-12 18:00:00+00:00,2022-02-12 22:00:00+00:00,2022-02-12 22:00:00+00:00,2022-02-13 02:00:00+00:00,406.99,397.5,9.490000000000009,False,NO_K1,0,0,,,False,,,NO_K1,,
60,01:00,4,2022-02-14,Monday,2022-02-13 18:00:00+00:00,2022-02-13 22:00:00+00:00,2022-02-13 22:00:00+00:00,2022-02-14 02:00:00+00:00,400.96,394.38,6.579999999999984,False,BREAK_BEFORE_K1,0,0,,,False,,,BREAK_BEFORE_K1,2022-02-14 01:25:00+00:00,
60,01:00,4,2022-02-15,Tuesday,2022-02-14 18:00:00+00:00,2022-02-14 22:00:00+00:00,2022-02-14 22:00:00+00:00,2022-02-15 02:00:00+00:00,402.84,395.62,7.21999999999997,False,BREAK_BEFORE_K1,0,0,,,False,,,BREAK_BEFORE_K1,2022-02-14 22:10:00+00:00,
60,01:00,4,2022-02-16,Wednesday,2022-02-15 18:00:00+00:00,2022-02-15 22:00:00+00:00,2022-02-15 22:00:00+00:00,2022-02-16 02:00:00+00:00,432.77,422.33,10.439999999999998,False,BREAK_BEFORE_K1,0,0,,,False,,,BREAK_BEFORE_K1,2022-02-15 23:35:00+00:00,
60,01:00,4,2022-02-17,Thursday,2022-02-16 18:00:00+00:00,2022-02-16 22:00:00+00:00,2022-02-16 22:00:00+00:00,2022-02-17 02:00:00+00:00,432.0,423.35,8.649999999999977,False,NO_K1,0,0,,,False,,,NO_K1,,
60,01:00,4,2022-02-18,Friday,2022-02-17 18:00:00+00:00,2022-02-17 22:00:00+00:00,2022-02-17 22:00:00+00:00,2022-02-18 02:00:00+00:00,413.27,399.52,13.75,False,OPPOSITE_VISIT_BEFORE_K1,0,1,,,False,,,OPPOSITE_VISIT_BEFORE_K1,2022-02-18 00:00:00+00:00,
60,01:00,4,2022-02-19,Saturday,2022-02-18 18:00:00+00:00,2022-02-18 22:00:00+00:00,2022-02-18 22:00:00+00:00,2022-02-19 02:00:00+00:00,399.91,394.04,5.8700000000000045,True,,1,0,2022-02-18 23:45:00+00:00,2022-02-18 23:50:00+00:00,True,2022-02-18 23:55:00+00:00,2022-02-19 00:00:00+00:00,H2_ARRIVAL,2022-02-19 00:20:00+00:00,25.0
60,01:00,4,2022-02-20,Sunday,2022-02-19 18:00:00+00:00,2022-02-19 22:00:00+00:00,2022-02-19 22:00:00+00:00,2022-02-20 02:00:00+00:00,401.48,395.56,5.920000000000016,False,OPPOSITE_VISIT_BEFORE_K1,0,1,,,False,,,OPPOSITE_VISIT_BEFORE_K1,2022-02-20 00:50:00+00:00,
60,01:00,4,2022-02-21,Monday,2022-02-20 18:00:00+00:00,2022-02-20 22:00:00+00:00,2022-02-20 22:00:00+00:00,2022-02-21 02:00:00+00:00,383.95,377.37,6.579999999999984,False,BREAK_BEFORE_K1,0,0,,,False,,,BREAK_BEFORE_K1,2022-02-20 22:55:00+00:00,
60,01:00,4,2022-02-22,Tuesday,2022-02-21 18:00:00+00:00,2022-02-21 22:00:00+00:00,2022-02-21 22:00:00+00:00,2022-02-22 02:00:00+00:00,375.79,360.7,15.090000000000032,False,OPPOSITE_VISIT_BEFORE_K1,0,1,,,False,,,OPPOSITE_VISIT_BEFORE_K1,2022-02-21 22:00:00+00:00,
60,01:00,4,2022-02-23,Wednesday,2022-02-22 18:00:00+00:00,2022-02-22 22:00:00+00:00,2022-02-22 22:00:00+00:00,2022-02-23 02:00:00+00:00,373.52,362.88,10.639999999999986,False,BREAK_BEFORE_K1,0,0,,,False,,,BREAK_BEFORE_K1,2022-02-22 23:40:00+00:00,
60,01:00,4,2022-02-24,Thursday,2022-02-23 18:00:00+00:00,2022-02-23 22:00:00+00:00,2022-02-23 22:00:00+00:00,2022-02-24 02:00:00+00:00,377.78,368.03,9.75,False,BREAK_BEFORE_K1,0,0,,,False,,,BREAK_BEFORE_K1,2022-02-23 22:10:00+00:00,
60,01:00,4,2022-02-25,Friday,2022-02-24 18:00:00+00:00,2022-02-24 22:00:00+00:00,2022-02-24 22:00:00+00:00,2022-02-25 02:00:00+00:00,370.77,342.66,28.109999999999957,False,NO_K1,0,0,,,False,,,NO_K1,,
60,01:00,4,2022-02-26,Saturday,2022-02-25 18:00:00+00:00,2022-02-25 22:00:00+00:00,2022-02-25 22:00:00+00:00,2022-02-26 02:00:00+00:00,369.6,362.78,6.82000000000005,False,BREAK_BEFORE_K1,0,0,,,False,,,BREAK_BEFORE_K1,2022-02-25 22:35:00+00:00,
60,01:00,4,2022-02-27,Sunday,2022-02-26 18:00:00+00:00,2022-02-26 22:00:00+00:00,2022-02-26 22:00:00+00:00,2022-02-27 02:00:00+00:00,378.23,370.05,8.180000000000007,False,BREAK_BEFORE_K1,0,0,,,False,,,BREAK_BEFORE_K1,2022-02-27 00:30:00+00:00,
60,01:00,4,2022-02-28,Monday,2022-02-27 18:00:00+00:00,2022-02-27 22:00:00+00:00,2022-02-27 22:00:00+00:00,2022-02-28 02:00:00+00:00,371.78,357.87,13.909999999999968,False,BREAK_BEFORE_K1,0,0,,,False,,,BREAK_BEFORE_K1,2022-02-28 00:20:00+00:00,
60,01:00,4,2022-03-01,Tuesday,2022-02-28 18:00:00+00:00,2022-02-28 22:00:00+00:00,2022-02-28 22:00:00+00:00,2022-03-01 02:00:00+00:00,387.51,381.77,5.740000000000009,False,BREAK_BEFORE_K1,0,0,,,False,,,BREAK_BEFORE_K1,2022-02-28 22:05:00+00:00,
60,01:00,4,2022-03-02,Wednesday,2022-03-01 18:00:00+00:00,2022-03-01 22:00:00+00:00,2022-03-01 22:00:00+00:00,2022-03-02 02:00:00+00:00,409.63,401.12,8.509999999999991,True,,1,0,2022-03-02 00:00:00+00:00,2022-03-02 00:05:00+00:00,True,2022-03-02 00:10:00+00:00,2022-03-02 00:15:00+00:00,H2_ARRIVAL,2022-03-02 01:00:00+00:00,50.0
60,01:00,4,2022-03-03,Thursday,2022-03-02 18:00:00+00:00,2022-03-02 22:00:00+00:00,2022-03-02 22:00:00+00:00,2022-03-03 02:00:00+00:00,409.71,404.73,4.979999999999961,False,BREAK_BEFORE_K1,0,0,,,False,,,BREAK_BEFORE_K1,2022-03-02 22:00:00+00:00,
60,01:00,4,2022-03-04,Friday,2022-03-03 18:00:00+00:00,2022-03-03 22:00:00+00:00,2022-03-03 22:00:00+00:00,2022-03-04 02:00:00+00:00,402.88,397.34,5.5400000000000205,False,BREAK_BEFORE_K1,0,0,,,False,,,BREAK_BEFORE_K1,2022-03-03 23:15:00+00:00,
60,01:00,4,2022-03-05,Saturday,2022-03-04 18:00:00+00:00,2022-03-04 22:00:00+00:00,2022-03-04 22:00:00+00:00,2022-03-05 02:00:00+00:00,390.0,375.8,14.199999999999989,False,BREAK_BEFORE_K1,0,0,,,False,,,BREAK_BEFORE_K1,2022-03-04 22:15:00+00:00,
60,01:00,4,2022-03-06,Sunday,2022-03-05 18:00:00+00:00,2022-03-05 22:00:00+00:00,2022-03-05 22:00:00+00:00,2022-03-06 02:00:00+00:00,387.22,378.34,8.880000000000052,False,NO_K1,0,0,,,False,,,NO_K1,,
60,01:00,4,2022-03-07,Monday,2022-03-06 18:00:00+00:00,2022-03-06 22:00:00+00:00,2022-03-06 22:00:00+00:00,2022-03-07 02:00:00+00:00,382.79,376.17,6.6200000000000045,False,OPPOSITE_VISIT_BEFORE_K1,0,1,,,False,,,OPPOSITE_VISIT_BEFORE_K1,2022-03-06 23:15:00+00:00,
60,01:00,4,2022-03-08,Tuesday,2022-03-07 18:00:00+00:00,2022-03-07 22:00:00+00:00,2022-03-07 22:00:00+00:00,2022-03-08 02:00:00+00:00,385.62,362.36,23.25999999999999,False,NO_K1,0,0,,,False,,,NO_K1,,
60,01:00,4,2022-03-09,Wednesday,2022-03-08 18:00:00+00:00,2022-03-08 22:00:00+00:00,2022-03-08 22:00:00+00:00,2022-03-09 02:00:00+00:00,387.39,379.22,8.169999999999959,False,OPPOSITE_VISIT_BEFORE_K1,0,1,,,False,,,OPPOSITE_VISIT_BEFORE_K1,2022-03-08 22:00:00+00:00,
60,01:00,4,2022-03-10,Thursday,2022-03-09 18:00:00+00:00,2022-03-09 22:00:00+00:00,2022-03-09 22:00:00+00:00,2022-03-10 02:00:00+00:00,394.92,390.17,4.75,False,BREAK_BEFORE_K1,0,0,,,False,,,BREAK_BEFORE_K1,2022-03-10 01:40:00+00:00,
60,01:00,4,2022-03-11,Friday,2022-03-10 18:00:00+00:00,2022-03-10 22:00:00+00:00,2022-03-10 22:00:00+00:00,2022-03-11 02:00:00+00:00,372.08,366.23,5.849999999999966,True,,1,0,2022-03-10 22:45:00+00:00,2022-03-10 22:50:00+00:00,False,,,BREAK_DURING_K1,2022-03-10 22:50:00+00:00,
60,01:00,4,2022-03-12,Saturday,2022-03-11 18:00:00+00:00,2022-03-11 22:00:00+00:00,2022-03-11 22:00:00+00:00,2022-03-12 02:00:00+00:00,374.1,368.25,5.850000000000023,False,BREAK_BEFORE_K1,0,0,,,False,,,BREAK_BEFORE_K1,2022-03-11 22:45:00+00:00,
60,01:00,4,2022-03-13,Sunday,2022-03-12 18:00:00+00:00,2022-03-12 22:00:00+00:00,2022-03-12 22:00:00+00:00,2022-03-13 02:00:00+00:00,377.19,374.47,2.7199999999999704,False,OPPOSITE_VISIT_BEFORE_K1,0,1,,,False,,,OPPOSITE_VISIT_BEFORE_K1,2022-03-12 22:00:00+00:00,
60,01:00,4,2022-03-14,Monday,2022-03-13 18:00:00+00:00,2022-03-13 22:00:00+00:00,2022-03-13 22:00:00+00:00,2022-03-14 02:00:00+00:00,373.42,368.64,4.78000000000003,False,BREAK_BEFORE_K1,0,0,,,False,,,BREAK_BEFORE_K1,2022-03-13 22:45:00+00:00,
60,01:00,4,2022-03-15,Tuesday,2022-03-14 18:00:00+00:00,2022-03-14 22:00:00+00:00,2022-03-14 22:00:00+00:00,2022-03-15 02:00:00+00:00,366.45,363.42,3.0299999999999727,True,,1,0,2022-03-14 22:00:00+00:00,2022-03-14 22:05:00+00:00,True,2022-03-14 22:05:00+00:00,2022-03-14 22:10:00+00:00,H2_ARRIVAL,2022-03-14 22:10:00+00:00,5.0
60,01:00,4,2022-03-16,Wednesday,2022-03-15 18:00:00+00:00,2022-03-15 22:00:00+00:00,2022-03-15 22:00:00+00:00,2022-03-16 02:00:00+00:00,374.46,369.94,4.519999999999982,False,OPPOSITE_VISIT_BEFORE_K1,0,1,,,False,,,OPPOSITE_VISIT_BEFORE_K1,2022-03-15 23:20:00+00:00,
60,01:00,4,2022-03-17,Thursday,2022-03-16 18:00:00+00:00,2022-03-16 22:00:00+00:00,2022-03-16 22:00:00+00:00,2022-03-17 02:00:00+00:00,386.6,371.45,15.150000000000034,False,NO_K1,0,0,,,False,,,NO_K1,,
60,01:00,4,2022-03-18,Friday,2022-03-17 18:00:00+00:00,2022-03-17 22:00:00+00:00,2022-03-17 22:00:00+00:00,2022-03-18 02:00:00+00:00,389.87,386.98,2.8899999999999864,True,,1,0,2022-03-17 22:00:00+00:00,2022-03-17 22:05:00+00:00,False,,,BREAK_DURING_K1,2022-03-17 22:05:00+00:00,
60,01:00,4,2022-03-19,Saturday,2022-03-18 18:00:00+00:00,2022-03-18 22:00:00+00:00,2022-03-18 22:00:00+00:00,2022-03-19 02:00:00+00:00,400.3,395.23,5.069999999999993,True,,1,0,2022-03-19 01:55:00+00:00,2022-03-19 02:00:00+00:00,False,,,NO_CAUSAL_LEAVE_BY_END,,
60,01:00,4,2022-03-20,Sunday,2022-03-19 18:00:00+00:00,2022-03-19 22:00:00+00:00,2022-03-19 22:00:00+00:00,2022-03-20 02:00:00+00:00,402.54,396.78,5.760000000000048,False,OPPOSITE_VISIT_BEFORE_K1,0,1,,,False,,,OPPOSITE_VISIT_BEFORE_K1,2022-03-19 22:15:00+00:00,
60,01:00,4,2022-03-21,Monday,2022-03-20 18:00:00+00:00,2022-03-20 22:00:00+00:00,2022-03-20 22:00:00+00:00,2022-03-21 02:00:00+00:00,394.23,386.55,7.680000000000007,False,NO_K1,0,0,,,False,,,NO_K1,,
60,01:00,4,2022-03-22,Tuesday,2022-03-21 18:00:00+00:00,2022-03-21 22:00:00+00:00,2022-03-21 22:00:00+00:00,2022-03-22 02:00:00+00:00,397.84,395.75,2.089999999999975,True,,1,0,2022-03-21 22:10:00+00:00,2022-03-21 22:15:00+00:00,True,2022-03-21 22:15:00+00:00,2022-03-21 22:20:00+00:00,OPPOSITE_BREAK_BEFORE_H2,2022-03-21 23:25:00+00:00,
60,01:00,4,2022-03-23,Wednesday,2022-03-22 18:00:00+00:00,2022-03-22 22:00:00+00:00,2022-03-22 22:00:00+00:00,2022-03-23 02:00:00+00:00,407.0,402.0,5.0,False,OPPOSITE_VISIT_BEFORE_K1,0,1,,,False,,,OPPOSITE_VISIT_BEFORE_K1,2022-03-23 01:00:00+00:00,
60,01:00,4,2022-03-24,Thursday,2022-03-23 18:00:00+00:00,2022-03-23 22:00:00+00:00,2022-03-23 22:00:00+00:00,2022-03-24 02:00:00+00:00,405.68,402.01,3.670000000000016,True,,1,0,2022-03-23 22:00:00+00:00,2022-03-23 22:05:00+00:00,True,2022-03-23 22:05:00+00:00,2022-03-23 22:10:00+00:00,H2_ARRIVAL,2022-03-23 22:15:00+00:00,10.0
60,01:00,4,2022-03-25,Friday,2022-03-24 18:00:00+00:00,2022-03-24 22:00:00+00:00,2022-03-24 22:00:00+00:00,2022-03-25 02:00:00+00:00,415.57,412.61,2.9599999999999795,False,BREAK_BEFORE_K1,0,0,,,False,,,BREAK_BEFORE_K1,2022-03-25 00:15:00+00:00,
60,01:00,4,2022-03-26,Saturday,2022-03-25 18:00:00+00:00,2022-03-25 22:00:00+00:00,2022-03-25 22:00:00+00:00,2022-03-26 02:00:00+00:00,412.86,408.2,4.660000000000025,False,OPPOSITE_VISIT_BEFORE_K1,0,1,,,False,,,OPPOSITE_VISIT_BEFORE_K1,2022-03-26 01:00:00+00:00,
60,01:00,4,2022-03-27,Sunday,2022-03-26 18:00:00+00:00,2022-03-26 22:00:00+00:00,2022-03-26 22:00:00+00:00,2022-03-27 02:00:00+00:00,416.29,412.81,3.480000000000018,True,,1,0,2022-03-27 00:20:00+00:00,2022-03-27 00:25:00+00:00,True,2022-03-27 00:25:00+00:00,2022-03-27 00:30:00+00:00,H2_ARRIVAL,2022-03-27 00:30:00+00:00,5.0
60,01:00,4,2022-03-28,Monday,2022-03-27 18:00:00+00:00,2022-03-27 22:00:00+00:00,2022-03-27 22:00:00+00:00,2022-03-28 02:00:00+00:00,427.34,416.0,11.339999999999975,True,,1,0,2022-03-27 22:00:00+00:00,2022-03-27 22:05:00+00:00,False,,,BREAK_DURING_K1,2022-03-27 22:05:00+00:00,
60,01:00,4,2022-03-29,Tuesday,2022-03-28 18:00:00+00:00,2022-03-28 22:00:00+00:00,2022-03-28 22:00:00+00:00,2022-03-29 02:00:00+00:00,440.72,432.12,8.600000000000023,False,BREAK_BEFORE_K1,0,0,,,False,,,BREAK_BEFORE_K1,2022-03-28 23:15:00+00:00,
60,01:00,4,2022-03-30,Wednesday,2022-03-29 18:00:00+00:00,2022-03-29 22:00:00+00:00,2022-03-29 22:00:00+00:00,2022-03-30 02:00:00+00:00,437.85,432.04,5.810000000000002,False,BREAK_BEFORE_K1,0,0,,,False,,,BREAK_BEFORE_K1,2022-03-29 22:20:00+00:00,
60,01:00,4,2022-03-31,Thursday,2022-03-30 18:00:00+00:00,2022-03-30 22:00:00+00:00,2022-03-30 22:00:00+00:00,2022-03-31 02:00:00+00:00,449.75,441.46,8.29000000000002,False,OPPOSITE_VISIT_BEFORE_K1,0,1,,,False,,,OPPOSITE_VISIT_BEFORE_K1,2022-03-30 22:10:00+00:00,
60,01:00,4,2022-04-01,Friday,2022-03-31 18:00:00+00:00,2022-03-31 22:00:00+00:00,2022-03-31 22:00:00+00:00,2022-04-01 02:00:00+00:00,431.17,425.84,5.330000000000041,False,BREAK_BEFORE_K1,0,0,,,False,,,BREAK_BEFORE_K1,2022-03-31 22:45:00+00:00,
60,01:00,4,2022-04-02,Saturday,2022-04-01 18:00:00+00:00,2022-04-01 22:00:00+00:00,2022-04-01 22:00:00+00:00,2022-04-02 02:00:00+00:00,447.08,442.43,4.649999999999977,False,BREAK_BEFORE_K1,0,0,,,False,,,BREAK_BEFORE_K1,2022-04-01 23:55:00+00:00,
60,01:00,4,2022-04-03,Sunday,2022-04-02 18:00:00+00:00,2022-04-02 22:00:00+00:00,2022-04-02 22:00:00+00:00,2022-04-03 02:00:00+00:00,445.3,438.45,6.850000000000023,False,OPPOSITE_VISIT_BEFORE_K1,0,1,,,False,,,OPPOSITE_VISIT_BEFORE_K1,2022-04-02 23:25:00+00:00,
60,01:00,4,2022-04-04,Monday,2022-04-03 18:00:00+00:00,2022-04-03 22:00:00+00:00,2022-04-03 22:00:00+00:00,2022-04-04 02:00:00+00:00,450.24,446.32,3.920000000000016,False,BREAK_BEFORE_K1,0,0,,,False,,,BREAK_BEFORE_K1,2022-04-03 22:00:00+00:00,
60,01:00,4,2022-04-05,Tuesday,2022-04-04 18:00:00+00:00,2022-04-04 22:00:00+00:00,2022-04-04 22:00:00+00:00,2022-04-05 02:00:00+00:00,446.7,433.39,13.310000000000002,False,BREAK_BEFORE_K1,0,0,,,False,,,BREAK_BEFORE_K1,2022-04-04 22:35:00+00:00,
60,01:00,4,2022-04-06,Wednesday,2022-04-05 18:00:00+00:00,2022-04-05 22:00:00+00:00,2022-04-05 22:00:00+00:00,2022-04-06 02:00:00+00:00,451.44,446.0,5.439999999999998,False,BREAK_BEFORE_K1,0,0,,,False,,,BREAK_BEFORE_K1,2022-04-05 23:45:00+00:00,
60,01:00,4,2022-04-07,Thursday,2022-04-06 18:00:00+00:00,2022-04-06 22:00:00+00:00,2022-04-06 22:00:00+00:00,2022-04-07 02:00:00+00:00,428.0,418.07,9.930000000000007,False,BREAK_BEFORE_K1,0,0,,,False,,,BREAK_BEFORE_K1,2022-04-07 00:50:00+00:00,
60,01:00,4,2022-04-08,Friday,2022-04-07 18:00:00+00:00,2022-04-07 22:00:00+00:00,2022-04-07 22:00:00+00:00,2022-04-08 02:00:00+00:00,438.43,433.72,4.7099999999999795,True,,1,0,2022-04-08 00:10:00+00:00,2022-04-08 00:15:00+00:00,True,2022-04-08 00:20:00+00:00,2022-04-08 00:25:00+00:00,H2_ARRIVAL,2022-04-08 01:30:00+00:00,70.0
60,01:00,4,2022-04-09,Saturday,2022-04-08 18:00:00+00:00,2022-04-08 22:00:00+00:00,2022-04-08 22:00:00+00:00,2022-04-09 02:00:00+00:00,430.67,422.87,7.800000000000011,False,BREAK_BEFORE_K1,0,0,,,False,,,BREAK_BEFORE_K1,2022-04-08 22:15:00+00:00,
60,01:00,4,2022-04-10,Sunday,2022-04-09 18:00:00+00:00,2022-04-09 22:00:00+00:00,2022-04-09 22:00:00+00:00,2022-04-10 02:00:00+00:00,424.34,420.37,3.9699999999999704,False,BREAK_BEFORE_K1,0,0,,,False,,,BREAK_BEFORE_K1,2022-04-09 23:30:00+00:00,
60,01:00,4,2022-04-11,Monday,2022-04-10 18:00:00+00:00,2022-04-10 22:00:00+00:00,2022-04-10 22:00:00+00:00,2022-04-11 02:00:00+00:00,429.54,423.44,6.100000000000023,False,OPPOSITE_VISIT_BEFORE_K1,0,1,,,False,,,OPPOSITE_VISIT_BEFORE_K1,2022-04-10 22:00:00+00:00,
60,01:00,4,2022-04-12,Tuesday,2022-04-11 18:00:00+00:00,2022-04-11 22:00:00+00:00,2022-04-11 22:00:00+00:00,2022-04-12 02:00:00+00:00,403.49,391.71,11.78000000000003,False,OPPOSITE_VISIT_BEFORE_K1,0,1,,,False,,,OPPOSITE_VISIT_BEFORE_K1,2022-04-11 22:05:00+00:00,
60,01:00,4,2022-04-13,Wednesday,2022-04-12 18:00:00+00:00,2022-04-12 22:00:00+00:00,2022-04-12 22:00:00+00:00,2022-04-13 02:00:00+00:00,412.99,406.4,6.590000000000032,True,,1,0,2022-04-12 23:00:00+00:00,2022-04-12 23:05:00+00:00,True,2022-04-12 23:05:00+00:00,2022-04-12 23:10:00+00:00,H2_ARRIVAL,2022-04-12 23:20:00+00:00,15.0
60,01:00,4,2022-04-14,Thursday,2022-04-13 18:00:00+00:00,2022-04-13 22:00:00+00:00,2022-04-13 22:00:00+00:00,2022-04-14 02:00:00+00:00,423.17,416.7,6.470000000000027,False,BREAK_BEFORE_K1,0,0,,,False,,,BREAK_BEFORE_K1,2022-04-13 22:30:00+00:00,
60,01:00,4,2022-04-15,Friday,2022-04-14 18:00:00+00:00,2022-04-14 22:00:00+00:00,2022-04-14 22:00:00+00:00,2022-04-15 02:00:00+00:00,416.79,411.53,5.260000000000048,False,NO_K1,0,0,,,False,,,NO_K1,,
60,01:00,4,2022-04-16,Saturday,2022-04-15 18:00:00+00:00,2022-04-15 22:00:00+00:00,2022-04-15 22:00:00+00:00,2022-04-16 02:00:00+00:00,419.07,415.71,3.3600000000000136,False,BREAK_BEFORE_K1,0,0,,,False,,,BREAK_BEFORE_K1,2022-04-15 22:50:00+00:00,
60,01:00,4,2022-04-17,Sunday,2022-04-16 18:00:00+00:00,2022-04-16 22:00:00+00:00,2022-04-16 22:00:00+00:00,2022-04-17 02:00:00+00:00,417.45,412.75,4.699999999999989,False,BREAK_BEFORE_K1,0,0,,,False,,,BREAK_BEFORE_K1,2022-04-16 22:00:00+00:00,
60,01:00,4,2022-04-18,Monday,2022-04-17 18:00:00+00:00,2022-04-17 22:00:00+00:00,2022-04-17 22:00:00+00:00,2022-04-18 02:00:00+00:00,415.17,412.01,3.160000000000025,True,,1,0,2022-04-17 22:05:00+00:00,2022-04-17 22:10:00+00:00,False,,,BREAK_DURING_K1,2022-04-17 22:10:00+00:00,
60,01:00,4,2022-04-19,Tuesday,2022-04-18 18:00:00+00:00,2022-04-18 22:00:00+00:00,2022-04-18 22:00:00+00:00,2022-04-19 02:00:00+00:00,417.64,412.8,4.839999999999975,False,BREAK_BEFORE_K1,0,0,,,False,,,BREAK_BEFORE_K1,2022-04-18 22:50:00+00:00,
60,01:00,4,2022-04-20,Wednesday,2022-04-19 18:00:00+00:00,2022-04-19 22:00:00+00:00,2022-04-19 22:00:00+00:00,2022-04-20 02:00:00+00:00,420.65,417.6,3.0499999999999545,False,BREAK_BEFORE_K1,0,0,,,False,,,BREAK_BEFORE_K1,2022-04-19 22:00:00+00:00,
60,01:00,4,2022-04-21,Thursday,2022-04-20 18:00:00+00:00,2022-04-20 22:00:00+00:00,2022-04-20 22:00:00+00:00,2022-04-21 02:00:00+00:00,419.68,414.56,5.1200000000000045,False,BREAK_BEFORE_K1,0,0,,,False,,,BREAK_BEFORE_K1,2022-04-20 22:10:00+00:00,
60,01:00,4,2022-04-22,Friday,2022-04-21 18:00:00+00:00,2022-04-21 22:00:00+00:00,2022-04-21 22:00:00+00:00,2022-04-22 02:00:00+00:00,417.77,404.52,13.25,False,BREAK_BEFORE_K1,0,0,,,False,,,BREAK_BEFORE_K1,2022-04-21 22:25:00+00:00,
60,01:00,4,2022-04-23,Saturday,2022-04-22 18:00:00+00:00,2022-04-22 22:00:00+00:00,2022-04-22 22:00:00+00:00,2022-04-23 02:00:00+00:00,409.75,405.86,3.8899999999999864,False,OPPOSITE_VISIT_BEFORE_K1,0,1,,,False,,,OPPOSITE_VISIT_BEFORE_K1,2022-04-22 22:00:00+00:00,
60,01:00,4,2022-04-24,Sunday,2022-04-23 18:00:00+00:00,2022-04-23 22:00:00+00:00,2022-04-23 22:00:00+00:00,2022-04-24 02:00:00+00:00,407.5,405.23,2.269999999999982,False,OPPOSITE_VISIT_BEFORE_K1,0,1,,,False,,,OPPOSITE_VISIT_BEFORE_K1,2022-04-23 22:05:00+00:00,
60,01:00,4,2022-04-25,Monday,2022-04-24 18:00:00+00:00,2022-04-24 22:00:00+00:00,2022-04-24 22:00:00+00:00,2022-04-25 02:00:00+00:00,403.27,398.86,4.409999999999968,False,BREAK_BEFORE_K1,0,0,,,False,,,BREAK_BEFORE_K1,2022-04-24 23:50:00+00:00,
60,01:00,4,2022-04-26,Tuesday,2022-04-25 18:00:00+00:00,2022-04-25 22:00:00+00:00,2022-04-25 22:00:00+00:00,2022-04-26 02:00:00+00:00,402.99,397.0,5.990000000000009,False,BREAK_BEFORE_K1,0,0,,,False,,,BREAK_BEFORE_K1,2022-04-25 22:00:00+00:00,
60,01:00,4,2022-04-27,Wednesday,2022-04-26 18:00:00+00:00,2022-04-26 22:00:00+00:00,2022-04-26 22:00:00+00:00,2022-04-27 02:00:00+00:00,390.41,382.08,8.330000000000041,False,BREAK_BEFORE_K1,0,0,,,False,,,BREAK_BEFORE_K1,2022-04-26 23:15:00+00:00,
60,01:00,4,2022-04-28,Thursday,2022-04-27 18:00:00+00:00,2022-04-27 22:00:00+00:00,2022-04-27 22:00:00+00:00,2022-04-28 02:00:00+00:00,391.22,386.6,4.6200000000000045,True,,1,0,2022-04-27 23:30:00+00:00,2022-04-27 23:35:00+00:00,False,,,BREAK_DURING_K1,2022-04-27 23:35:00+00:00,
60,01:00,4,2022-04-29,Friday,2022-04-28 18:00:00+00:00,2022-04-28 22:00:00+00:00,2022-04-28 22:00:00+00:00,2022-04-29 02:00:00+00:00,407.51,402.88,4.6299999999999955,False,BREAK_BEFORE_K1,0,0,,,False,,,BREAK_BEFORE_K1,2022-04-28 22:50:00+00:00,
60,01:00,4,2022-04-30,Saturday,2022-04-29 18:00:00+00:00,2022-04-29 22:00:00+00:00,2022-04-29 22:00:00+00:00,2022-04-30 02:00:00+00:00,395.51,389.46,6.050000000000011,True,,1,0,2022-04-30 01:05:00+00:00,2022-04-30 01:10:00+00:00,True,2022-04-30 01:10:00+00:00,2022-04-30 01:15:00+00:00,H2_ARRIVAL,2022-04-30 01:35:00+00:00,25.0
60,01:00,4,2022-05-01,Sunday,2022-04-30 18:00:00+00:00,2022-04-30 22:00:00+00:00,2022-04-30 22:00:00+00:00,2022-05-01 02:00:00+00:00,391.78,388.3,3.4799999999999613,False,BREAK_BEFORE_K1,0,0,,,False,,,BREAK_BEFORE_K1,2022-04-30 22:00:00+00:00,
60,01:00,4,2022-05-02,Monday,2022-05-01 18:00:00+00:00,2022-05-01 22:00:00+00:00,2022-05-01 22:00:00+00:00,2022-05-02 02:00:00+00:00,388.9,382.42,6.479999999999961,False,BREAK_BEFORE_K1,0,0,,,False,,,BREAK_BEFORE_K1,2022-05-01 22:00:00+00:00,
60,01:00,4,2022-05-03,Tuesday,2022-05-02 18:00:00+00:00,2022-05-02 22:00:00+00:00,2022-05-02 22:00:00+00:00,2022-05-03 02:00:00+00:00,389.65,381.91,7.739999999999952,True,,1,0,2022-05-02 22:00:00+00:00,2022-05-02 22:05:00+00:00,True,2022-05-02 22:05:00+00:00,2022-05-02 22:10:00+00:00,H2_ARRIVAL,2022-05-02 22:10:00+00:00,5.0
60,01:00,4,2022-05-04,Wednesday,2022-05-03 18:00:00+00:00,2022-05-03 22:00:00+00:00,2022-05-03 22:00:00+00:00,2022-05-04 02:00:00+00:00,384.54,379.5,5.0400000000000205,True,,1,0,2022-05-04 00:35:00+00:00,2022-05-04 00:40:00+00:00,True,2022-05-04 00:45:00+00:00,2022-05-04 00:50:00+00:00,H2_ARRIVAL,2022-05-04 00:50:00+00:00,5.0
60,01:00,4,2022-05-05,Thursday,2022-05-04 18:00:00+00:00,2022-05-04 22:00:00+00:00,2022-05-04 22:00:00+00:00,2022-05-05 02:00:00+00:00,402.93,390.43,12.5,False,BREAK_BEFORE_K1,0,0,,,False,,,BREAK_BEFORE_K1,2022-05-05 00:00:00+00:00,
60,01:00,4,2022-05-06,Friday,2022-05-05 18:00:00+00:00,2022-05-05 22:00:00+00:00,2022-05-05 22:00:00+00:00,2022-05-06 02:00:00+00:00,378.39,370.0,8.389999999999986,True,,1,0,2022-05-05 23:10:00+00:00,2022-05-05 23:15:00+00:00,True,2022-05-05 23:20:00+00:00,2022-05-05 23:25:00+00:00,H2_ARRIVAL,2022-05-05 23:50:00+00:00,30.0
60,01:00,4,2022-05-07,Saturday,2022-05-06 18:00:00+00:00,2022-05-06 22:00:00+00:00,2022-05-06 22:00:00+00:00,2022-05-07 02:00:00+00:00,382.38,377.82,4.560000000000002,False,NO_K1,0,0,,,False,,,NO_K1,,
60,01:00,4,2022-05-08,Sunday,2022-05-07 18:00:00+00:00,2022-05-07 22:00:00+00:00,2022-05-07 22:00:00+00:00,2022-05-08 02:00:00+00:00,378.07,363.13,14.939999999999998,False,BREAK_BEFORE_K1,0,0,,,False,,,BREAK_BEFORE_K1,2022-05-07 22:45:00+00:00,
60,01:00,4,2022-05-09,Monday,2022-05-08 18:00:00+00:00,2022-05-08 22:00:00+00:00,2022-05-08 22:00:00+00:00,2022-05-09 02:00:00+00:00,359.51,352.73,6.779999999999973,False,NO_K1,0,0,,,False,,,NO_K1,,
60,01:00,4,2022-05-10,Tuesday,2022-05-09 18:00:00+00:00,2022-05-09 22:00:00+00:00,2022-05-09 22:00:00+00:00,2022-05-10 02:00:00+00:00,316.41,300.61,15.800000000000011,False,BREAK_BEFORE_K1,0,0,,,False,,,BREAK_BEFORE_K1,2022-05-09 23:40:00+00:00,
60,01:00,4,2022-05-11,Wednesday,2022-05-10 18:00:00+00:00,2022-05-10 22:00:00+00:00,2022-05-10 22:00:00+00:00,2022-05-11 02:00:00+00:00,326.75,308.58,18.170000000000016,False,OPPOSITE_VISIT_BEFORE_K1,0,1,,,False,,,OPPOSITE_VISIT_BEFORE_K1,2022-05-10 22:00:00+00:00,
60,01:00,4,2022-05-12,Thursday,2022-05-11 18:00:00+00:00,2022-05-11 22:00:00+00:00,2022-05-11 22:00:00+00:00,2022-05-12 02:00:00+00:00,280.76,260.04,20.71999999999997,False,NO_K1,0,0,,,False,,,NO_K1,,
60,01:00,4,2022-05-13,Friday,2022-05-12 18:00:00+00:00,2022-05-12 22:00:00+00:00,2022-05-12 22:00:00+00:00,2022-05-13 02:00:00+00:00,273.28,262.0,11.279999999999973,True,,1,0,2022-05-13 00:35:00+00:00,2022-05-13 00:40:00+00:00,False,,,BREAK_DURING_K1,2022-05-13 00:40:00+00:00,
60,01:00,4,2022-05-14,Saturday,2022-05-13 18:00:00+00:00,2022-05-13 22:00:00+00:00,2022-05-13 22:00:00+00:00,2022-05-14 02:00:00+00:00,299.69,288.91,10.779999999999973,True,,1,0,2022-05-13 22:00:00+00:00,2022-05-13 22:05:00+00:00,False,,,BREAK_DURING_K1,2022-05-13 22:10:00+00:00,
60,01:00,4,2022-05-15,Sunday,2022-05-14 18:00:00+00:00,2022-05-14 22:00:00+00:00,2022-05-14 22:00:00+00:00,2022-05-15 02:00:00+00:00,291.74,284.76,6.980000000000018,False,BREAK_BEFORE_K1,0,0,,,False,,,BREAK_BEFORE_K1,2022-05-14 22:45:00+00:00,
60,01:00,4,2022-05-16,Monday,2022-05-15 18:00:00+00:00,2022-05-15 22:00:00+00:00,2022-05-15 22:00:00+00:00,2022-05-16 02:00:00+00:00,309.23,298.83,10.400000000000034,False,BREAK_BEFORE_K1,0,0,,,False,,,BREAK_BEFORE_K1,2022-05-15 22:00:00+00:00,
60,01:00,4,2022-05-17,Tuesday,2022-05-16 18:00:00+00:00,2022-05-16 22:00:00+00:00,2022-05-16 22:00:00+00:00,2022-05-17 02:00:00+00:00,300.96,294.0,6.9599999999999795,True,,1,0,2022-05-16 22:00:00+00:00,2022-05-16 22:05:00+00:00,True,2022-05-16 22:05:00+00:00,2022-05-16 22:10:00+00:00,H2_ARRIVAL,2022-05-16 22:10:00+00:00,5.0
60,01:00,4,2022-05-18,Wednesday,2022-05-17 18:00:00+00:00,2022-05-17 22:00:00+00:00,2022-05-17 22:00:00+00:00,2022-05-18 02:00:00+00:00,305.43,295.83,9.600000000000023,True,,1,0,2022-05-17 22:00:00+00:00,2022-05-17 22:05:00+00:00,False,,,BREAK_DURING_K1,2022-05-17 22:05:00+00:00,
60,01:00,4,2022-05-19,Thursday,2022-05-18 18:00:00+00:00,2022-05-18 22:00:00+00:00,2022-05-18 22:00:00+00:00,2022-05-19 02:00:00+00:00,297.5,290.6,6.899999999999977,False,BREAK_BEFORE_K1,0,0,,,False,,,BREAK_BEFORE_K1,2022-05-18 23:25:00+00:00,
60,01:00,4,2022-05-20,Friday,2022-05-19 18:00:00+00:00,2022-05-19 22:00:00+00:00,2022-05-19 22:00:00+00:00,2022-05-20 02:00:00+00:00,307.1,303.0,4.100000000000023,False,OPPOSITE_VISIT_BEFORE_K1,0,1,,,False,,,OPPOSITE_VISIT_BEFORE_K1,2022-05-19 22:20:00+00:00,
60,01:00,4,2022-05-21,Saturday,2022-05-20 18:00:00+00:00,2022-05-20 22:00:00+00:00,2022-05-20 22:00:00+00:00,2022-05-21 02:00:00+00:00,303.89,295.82,8.069999999999993,False,BREAK_BEFORE_K1,0,0,,,False,,,BREAK_BEFORE_K1,2022-05-20 22:20:00+00:00,
60,01:00,4,2022-05-22,Sunday,2022-05-21 18:00:00+00:00,2022-05-21 22:00:00+00:00,2022-05-21 22:00:00+00:00,2022-05-22 02:00:00+00:00,313.98,310.7,3.2800000000000296,False,BREAK_BEFORE_K1,0,0,,,False,,,BREAK_BEFORE_K1,2022-05-22 01:15:00+00:00,
60,01:00,4,2022-05-23,Monday,2022-05-22 18:00:00+00:00,2022-05-22 22:00:00+00:00,2022-05-22 22:00:00+00:00,2022-05-23 02:00:00+00:00,318.62,315.67,2.9499999999999886,False,BREAK_BEFORE_K1,0,0,,,False,,,BREAK_BEFORE_K1,2022-05-22 22:20:00+00:00,
60,01:00,4,2022-05-24,Tuesday,2022-05-23 18:00:00+00:00,2022-05-23 22:00:00+00:00,2022-05-23 22:00:00+00:00,2022-05-24 02:00:00+00:00,334.71,322.23,12.479999999999961,False,BREAK_BEFORE_K1,0,0,,,False,,,BREAK_BEFORE_K1,2022-05-23 22:00:00+00:00,
60,01:00,4,2022-05-25,Wednesday,2022-05-24 18:00:00+00:00,2022-05-24 22:00:00+00:00,2022-05-24 22:00:00+00:00,2022-05-25 02:00:00+00:00,328.9,319.06,9.839999999999975,True,,1,0,2022-05-24 22:00:00+00:00,2022-05-24 22:05:00+00:00,False,,,BREAK_DURING_K1,2022-05-24 22:05:00+00:00,
60,01:00,4,2022-05-26,Thursday,2022-05-25 18:00:00+00:00,2022-05-25 22:00:00+00:00,2022-05-25 22:00:00+00:00,2022-05-26 02:00:00+00:00,329.8,324.03,5.770000000000039,False,NO_K1,0,0,,,False,,,NO_K1,,
60,01:00,4,2022-05-27,Friday,2022-05-26 18:00:00+00:00,2022-05-26 22:00:00+00:00,2022-05-26 22:00:00+00:00,2022-05-27 02:00:00+00:00,317.5,307.46,10.04000000000002,False,BREAK_BEFORE_K1,0,0,,,False,,,BREAK_BEFORE_K1,2022-05-26 23:45:00+00:00,
60,01:00,4,2022-05-28,Saturday,2022-05-27 18:00:00+00:00,2022-05-27 22:00:00+00:00,2022-05-27 22:00:00+00:00,2022-05-28 02:00:00+00:00,303.7,295.42,8.279999999999973,True,,1,0,2022-05-27 22:40:00+00:00,2022-05-27 22:45:00+00:00,True,2022-05-27 22:45:00+00:00,2022-05-27 22:50:00+00:00,H2_ARRIVAL,2022-05-27 22:55:00+00:00,10.0
60,01:00,4,2022-05-29,Sunday,2022-05-28 18:00:00+00:00,2022-05-28 22:00:00+00:00,2022-05-28 22:00:00+00:00,2022-05-29 02:00:00+00:00,309.57,305.15,4.420000000000016,True,,1,0,2022-05-28 23:40:00+00:00,2022-05-28 23:45:00+00:00,True,2022-05-28 23:50:00+00:00,2022-05-28 23:55:00+00:00,OPPOSITE_BREAK_BEFORE_H2,2022-05-29 01:25:00+00:00,
60,01:00,4,2022-05-30,Monday,2022-05-29 18:00:00+00:00,2022-05-29 22:00:00+00:00,2022-05-29 22:00:00+00:00,2022-05-30 02:00:00+00:00,303.71,301.47,2.2399999999999523,True,,1,0,2022-05-29 22:00:00+00:00,2022-05-29 22:05:00+00:00,False,,,BREAK_DURING_K1,2022-05-29 22:05:00+00:00,
60,01:00,4,2022-05-31,Tuesday,2022-05-30 18:00:00+00:00,2022-05-30 22:00:00+00:00,2022-05-30 22:00:00+00:00,2022-05-31 02:00:00+00:00,323.26,311.78,11.480000000000018,True,,1,0,2022-05-30 23:05:00+00:00,2022-05-30 23:10:00+00:00,False,,,BREAK_DURING_K1,2022-05-30 23:10:00+00:00,
60,01:00,4,2022-06-01,Wednesday,2022-05-31 18:00:00+00:00,2022-05-31 22:00:00+00:00,2022-05-31 22:00:00+00:00,2022-06-01 02:00:00+00:00,323.6,318.08,5.520000000000039,False,BREAK_BEFORE_K1,0,0,,,False,,,BREAK_BEFORE_K1,2022-06-01 00:55:00+00:00,
60,01:00,4,2022-06-02,Thursday,2022-06-01 18:00:00+00:00,2022-06-01 22:00:00+00:00,2022-06-01 22:00:00+00:00,2022-06-02 02:00:00+00:00,304.5,297.15,7.350000000000023,False,NO_K1,0,0,,,False,,,NO_K1,,
60,01:00,4,2022-06-03,Friday,2022-06-02 18:00:00+00:00,2022-06-02 22:00:00+00:00,2022-06-02 22:00:00+00:00,2022-06-03 02:00:00+00:00,306.43,302.72,3.7099999999999795,True,,1,0,2022-06-02 22:00:00+00:00,2022-06-02 22:05:00+00:00,False,,,BREAK_DURING_K1,2022-06-02 22:05:00+00:00,
60,01:00,4,2022-06-04,Saturday,2022-06-03 18:00:00+00:00,2022-06-03 22:00:00+00:00,2022-06-03 22:00:00+00:00,2022-06-04 02:00:00+00:00,299.48,295.25,4.230000000000018,False,NO_K1,0,0,,,False,,,NO_K1,,
60,01:00,4,2022-06-05,Sunday,2022-06-04 18:00:00+00:00,2022-06-04 22:00:00+00:00,2022-06-04 22:00:00+00:00,2022-06-05 02:00:00+00:00,301.98,299.08,2.900000000000034,True,,1,0,2022-06-04 22:10:00+00:00,2022-06-04 22:15:00+00:00,False,,,BREAK_DURING_K1,2022-06-04 22:15:00+00:00,
60,01:00,4,2022-06-06,Monday,2022-06-05 18:00:00+00:00,2022-06-05 22:00:00+00:00,2022-06-05 22:00:00+00:00,2022-06-06 02:00:00+00:00,302.43,299.57,2.8600000000000136,False,BREAK_BEFORE_K1,0,0,,,False,,,BREAK_BEFORE_K1,2022-06-05 22:30:00+00:00,
60,01:00,4,2022-06-07,Tuesday,2022-06-06 18:00:00+00:00,2022-06-06 22:00:00+00:00,2022-06-06 22:00:00+00:00,2022-06-07 02:00:00+00:00,302.13,286.8,15.329999999999984,False,BREAK_BEFORE_K1,0,0,,,False,,,BREAK_BEFORE_K1,2022-06-07 00:35:00+00:00,
60,01:00,4,2022-06-08,Wednesday,2022-06-07 18:00:00+00:00,2022-06-07 22:00:00+00:00,2022-06-07 22:00:00+00:00,2022-06-08 02:00:00+00:00,295.98,283.05,12.930000000000007,False,NO_K1,0,0,,,False,,,NO_K1,,
60,01:00,4,2022-06-09,Thursday,2022-06-08 18:00:00+00:00,2022-06-08 22:00:00+00:00,2022-06-08 22:00:00+00:00,2022-06-09 02:00:00+00:00,290.8,285.96,4.840000000000032,False,NO_K1,0,0,,,False,,,NO_K1,,
60,01:00,4,2022-06-10,Friday,2022-06-09 18:00:00+00:00,2022-06-09 22:00:00+00:00,2022-06-09 22:00:00+00:00,2022-06-10 02:00:00+00:00,291.9,286.5,5.399999999999977,False,BREAK_BEFORE_K1,0,0,,,False,,,BREAK_BEFORE_K1,2022-06-10 00:15:00+00:00,
60,01:00,4,2022-06-11,Saturday,2022-06-10 18:00:00+00:00,2022-06-10 22:00:00+00:00,2022-06-10 22:00:00+00:00,2022-06-11 02:00:00+00:00,287.61,282.91,4.699999999999989,False,BREAK_BEFORE_K1,0,0,,,False,,,BREAK_BEFORE_K1,2022-06-10 22:15:00+00:00,
60,01:00,4,2022-06-12,Sunday,2022-06-11 18:00:00+00:00,2022-06-11 22:00:00+00:00,2022-06-11 22:00:00+00:00,2022-06-12 02:00:00+00:00,273.9,268.29,5.609999999999957,False,OPPOSITE_VISIT_BEFORE_K1,0,1,,,False,,,OPPOSITE_VISIT_BEFORE_K1,2022-06-11 23:40:00+00:00,
60,01:00,4,2022-06-13,Monday,2022-06-12 18:00:00+00:00,2022-06-12 22:00:00+00:00,2022-06-12 22:00:00+00:00,2022-06-13 02:00:00+00:00,266.99,261.12,5.8700000000000045,False,BREAK_BEFORE_K1,0,0,,,False,,,BREAK_BEFORE_K1,2022-06-12 22:00:00+00:00,
60,01:00,4,2022-06-14,Tuesday,2022-06-13 18:00:00+00:00,2022-06-13 22:00:00+00:00,2022-06-13 22:00:00+00:00,2022-06-14 02:00:00+00:00,231.98,223.04,8.939999999999998,False,BREAK_BEFORE_K1,0,0,,,False,,,BREAK_BEFORE_K1,2022-06-13 22:15:00+00:00,
60,01:00,4,2022-06-15,Wednesday,2022-06-14 18:00:00+00:00,2022-06-14 22:00:00+00:00,2022-06-14 22:00:00+00:00,2022-06-15 02:00:00+00:00,223.83,214.28,9.550000000000011,True,,1,0,2022-06-14 23:35:00+00:00,2022-06-14 23:40:00+00:00,True,2022-06-14 23:40:00+00:00,2022-06-14 23:45:00+00:00,H2_ARRIVAL,2022-06-14 23:50:00+00:00,10.0
60,01:00,4,2022-06-16,Thursday,2022-06-15 18:00:00+00:00,2022-06-15 22:00:00+00:00,2022-06-15 22:00:00+00:00,2022-06-16 02:00:00+00:00,228.66,202.48,26.180000000000007,False,BREAK_BEFORE_K1,0,0,,,False,,,BREAK_BEFORE_K1,2022-06-15 22:05:00+00:00,
60,01:00,4,2022-06-17,Friday,2022-06-16 18:00:00+00:00,2022-06-16 22:00:00+00:00,2022-06-16 22:00:00+00:00,2022-06-17 02:00:00+00:00,217.16,212.19,4.969999999999999,False,BREAK_BEFORE_K1,0,0,,,False,,,BREAK_BEFORE_K1,2022-06-16 22:45:00+00:00,
60,01:00,4,2022-06-18,Saturday,2022-06-17 18:00:00+00:00,2022-06-17 22:00:00+00:00,2022-06-17 22:00:00+00:00,2022-06-18 02:00:00+00:00,217.28,213.65,3.6299999999999955,False,BREAK_BEFORE_K1,0,0,,,False,,,BREAK_BEFORE_K1,2022-06-18 00:10:00+00:00,
60,01:00,4,2022-06-19,Sunday,2022-06-18 18:00:00+00:00,2022-06-18 22:00:00+00:00,2022-06-18 22:00:00+00:00,2022-06-19 02:00:00+00:00,197.79,182.97,14.819999999999993,False,BREAK_BEFORE_K1,0,0,,,False,,,BREAK_BEFORE_K1,2022-06-18 22:25:00+00:00,
60,01:00,4,2022-06-20,Monday,2022-06-19 18:00:00+00:00,2022-06-19 22:00:00+00:00,2022-06-19 22:00:00+00:00,2022-06-20 02:00:00+00:00,216.56,205.66,10.900000000000006,True,,1,0,2022-06-19 22:25:00+00:00,2022-06-19 22:30:00+00:00,True,2022-06-19 22:30:00+00:00,2022-06-19 22:35:00+00:00,NO_H2_BY_END,,
60,01:00,4,2022-06-21,Tuesday,2022-06-20 18:00:00+00:00,2022-06-20 22:00:00+00:00,2022-06-20 22:00:00+00:00,2022-06-21 02:00:00+00:00,216.62,211.0,5.6200000000000045,False,BREAK_BEFORE_K1,0,0,,,False,,,BREAK_BEFORE_K1,2022-06-20 23:30:00+00:00,
60,01:00,4,2022-06-22,Wednesday,2022-06-21 18:00:00+00:00,2022-06-21 22:00:00+00:00,2022-06-21 22:00:00+00:00,2022-06-22 02:00:00+00:00,224.8,218.61,6.189999999999998,False,OPPOSITE_VISIT_BEFORE_K1,0,1,,,False,,,OPPOSITE_VISIT_BEFORE_K1,2022-06-21 23:20:00+00:00,
60,01:00,4,2022-06-23,Thursday,2022-06-22 18:00:00+00:00,2022-06-22 22:00:00+00:00,2022-06-22 22:00:00+00:00,2022-06-23 02:00:00+00:00,218.13,212.72,5.409999999999997,True,,1,0,2022-06-23 00:20:00+00:00,2022-06-23 00:25:00+00:00,False,,,BREAK_DURING_K1,2022-06-23 00:25:00+00:00,
60,01:00,4,2022-06-24,Friday,2022-06-23 18:00:00+00:00,2022-06-23 22:00:00+00:00,2022-06-23 22:00:00+00:00,2022-06-24 02:00:00+00:00,230.67,222.07,8.599999999999994,True,,1,0,2022-06-24 00:15:00+00:00,2022-06-24 00:20:00+00:00,True,2022-06-24 00:25:00+00:00,2022-06-24 00:30:00+00:00,H2_ARRIVAL,2022-06-24 01:15:00+00:00,50.0
60,01:00,4,2022-06-25,Saturday,2022-06-24 18:00:00+00:00,2022-06-24 22:00:00+00:00,2022-06-24 22:00:00+00:00,2022-06-25 02:00:00+00:00,240.81,234.74,6.069999999999993,False,BREAK_BEFORE_K1,0,0,,,False,,,BREAK_BEFORE_K1,2022-06-24 22:00:00+00:00,
60,01:00,4,2022-06-26,Sunday,2022-06-25 18:00:00+00:00,2022-06-25 22:00:00+00:00,2022-06-25 22:00:00+00:00,2022-06-26 02:00:00+00:00,239.61,233.07,6.5400000000000205,True,,1,0,2022-06-25 22:00:00+00:00,2022-06-25 22:05:00+00:00,True,2022-06-25 22:05:00+00:00,2022-06-25 22:10:00+00:00,H2_ARRIVAL,2022-06-25 22:30:00+00:00,25.0
60,01:00,4,2022-06-27,Monday,2022-06-26 18:00:00+00:00,2022-06-26 22:00:00+00:00,2022-06-26 22:00:00+00:00,2022-06-27 02:00:00+00:00,240.0,235.52,4.47999999999999,False,BREAK_BEFORE_K1,0,0,,,False,,,BREAK_BEFORE_K1,2022-06-26 22:25:00+00:00,
60,01:00,4,2022-06-28,Tuesday,2022-06-27 18:00:00+00:00,2022-06-27 22:00:00+00:00,2022-06-27 22:00:00+00:00,2022-06-28 02:00:00+00:00,236.76,231.23,5.530000000000001,False,OPPOSITE_VISIT_BEFORE_K1,0,1,,,False,,,OPPOSITE_VISIT_BEFORE_K1,2022-06-28 01:50:00+00:00,
60,01:00,4,2022-06-29,Wednesday,2022-06-28 18:00:00+00:00,2022-06-28 22:00:00+00:00,2022-06-28 22:00:00+00:00,2022-06-29 02:00:00+00:00,234.86,231.13,3.730000000000018,False,BREAK_BEFORE_K1,0,0,,,False,,,BREAK_BEFORE_K1,2022-06-28 22:05:00+00:00,
60,01:00,4,2022-06-30,Thursday,2022-06-29 18:00:00+00:00,2022-06-29 22:00:00+00:00,2022-06-29 22:00:00+00:00,2022-06-30 02:00:00+00:00,222.44,217.92,4.52000000000001,False,OPPOSITE_VISIT_BEFORE_K1,0,1,,,False,,,OPPOSITE_VISIT_BEFORE_K1,2022-06-30 00:35:00+00:00,
60,01:00,4,2022-07-01,Friday,2022-06-30 18:00:00+00:00,2022-06-30 22:00:00+00:00,2022-06-30 22:00:00+00:00,2022-07-01 02:00:00+00:00,214.3,209.62,4.680000000000007,True,,1,0,2022-06-30 22:35:00+00:00,2022-06-30 22:40:00+00:00,True,2022-06-30 22:40:00+00:00,2022-06-30 22:45:00+00:00,H2_ARRIVAL,2022-06-30 22:45:00+00:00,5.0
60,01:00,4,2022-07-02,Saturday,2022-07-01 18:00:00+00:00,2022-07-01 22:00:00+00:00,2022-07-01 22:00:00+00:00,2022-07-02 02:00:00+00:00,220.77,216.18,4.590000000000003,False,BREAK_BEFORE_K1,0,0,,,False,,,BREAK_BEFORE_K1,2022-07-01 23:50:00+00:00,
60,01:00,4,2022-07-03,Sunday,2022-07-02 18:00:00+00:00,2022-07-02 22:00:00+00:00,2022-07-02 22:00:00+00:00,2022-07-03 02:00:00+00:00,219.46,216.97,2.490000000000009,False,BREAK_BEFORE_K1,0,0,,,False,,,BREAK_BEFORE_K1,2022-07-02 22:10:00+00:00,
60,01:00,4,2022-07-04,Monday,2022-07-03 18:00:00+00:00,2022-07-03 22:00:00+00:00,2022-07-03 22:00:00+00:00,2022-07-04 02:00:00+00:00,220.2,215.92,4.280000000000001,False,NO_K1,0,0,,,False,,,NO_K1,,
60,01:00,4,2022-07-05,Tuesday,2022-07-04 18:00:00+00:00,2022-07-04 22:00:00+00:00,2022-07-04 22:00:00+00:00,2022-07-05 02:00:00+00:00,229.5,226.59,2.9099999999999966,True,,1,0,2022-07-04 22:25:00+00:00,2022-07-04 22:30:00+00:00,False,,,BREAK_DURING_K1,2022-07-04 22:30:00+00:00,
60,01:00,4,2022-07-06,Wednesday,2022-07-05 18:00:00+00:00,2022-07-05 22:00:00+00:00,2022-07-05 22:00:00+00:00,2022-07-06 02:00:00+00:00,233.69,225.1,8.590000000000003,False,BREAK_BEFORE_K1,0,0,,,False,,,BREAK_BEFORE_K1,2022-07-06 00:45:00+00:00,
60,01:00,4,2022-07-07,Thursday,2022-07-06 18:00:00+00:00,2022-07-06 22:00:00+00:00,2022-07-06 22:00:00+00:00,2022-07-07 02:00:00+00:00,239.63,236.0,3.6299999999999955,True,,1,0,2022-07-06 22:05:00+00:00,2022-07-06 22:10:00+00:00,True,2022-07-06 22:20:00+00:00,2022-07-06 22:25:00+00:00,H2_ARRIVAL,2022-07-06 23:00:00+00:00,40.0
60,01:00,4,2022-07-08,Friday,2022-07-07 18:00:00+00:00,2022-07-07 22:00:00+00:00,2022-07-07 22:00:00+00:00,2022-07-08 02:00:00+00:00,243.71,239.79,3.920000000000016,False,BREAK_BEFORE_K1,0,0,,,False,,,BREAK_BEFORE_K1,2022-07-08 01:25:00+00:00,
60,01:00,4,2022-07-09,Saturday,2022-07-08 18:00:00+00:00,2022-07-08 22:00:00+00:00,2022-07-08 22:00:00+00:00,2022-07-09 02:00:00+00:00,243.6,240.31,3.289999999999992,True,,1,0,2022-07-08 23:25:00+00:00,2022-07-08 23:30:00+00:00,True,2022-07-08 23:30:00+00:00,2022-07-08 23:35:00+00:00,NO_H2_BY_END,,
60,01:00,4,2022-07-10,Sunday,2022-07-09 18:00:00+00:00,2022-07-09 22:00:00+00:00,2022-07-09 22:00:00+00:00,2022-07-10 02:00:00+00:00,244.92,241.87,3.049999999999983,False,BREAK_BEFORE_K1,0,0,,,False,,,BREAK_BEFORE_K1,2022-07-10 00:45:00+00:00,
60,01:00,4,2022-07-11,Monday,2022-07-10 18:00:00+00:00,2022-07-10 22:00:00+00:00,2022-07-10 22:00:00+00:00,2022-07-11 02:00:00+00:00,235.65,232.69,2.960000000000008,False,OPPOSITE_VISIT_BEFORE_K1,0,1,,,False,,,OPPOSITE_VISIT_BEFORE_K1,2022-07-10 22:15:00+00:00,
60,01:00,4,2022-07-12,Tuesday,2022-07-11 18:00:00+00:00,2022-07-11 22:00:00+00:00,2022-07-11 22:00:00+00:00,2022-07-12 02:00:00+00:00,233.7,228.06,5.639999999999986,False,BREAK_BEFORE_K1,0,0,,,False,,,BREAK_BEFORE_K1,2022-07-11 22:00:00+00:00,
60,01:00,4,2022-07-13,Wednesday,2022-07-12 18:00:00+00:00,2022-07-12 22:00:00+00:00,2022-07-12 22:00:00+00:00,2022-07-13 02:00:00+00:00,227.19,221.15,6.039999999999992,False,BREAK_BEFORE_K1,0,0,,,False,,,BREAK_BEFORE_K1,2022-07-12 23:50:00+00:00,
60,01:00,4,2022-07-14,Thursday,2022-07-13 18:00:00+00:00,2022-07-13 22:00:00+00:00,2022-07-13 22:00:00+00:00,2022-07-14 02:00:00+00:00,226.29,223.73,2.5600000000000023,False,BREAK_BEFORE_K1,0,0,,,False,,,BREAK_BEFORE_K1,2022-07-13 22:00:00+00:00,
60,01:00,4,2022-07-15,Friday,2022-07-14 18:00:00+00:00,2022-07-14 22:00:00+00:00,2022-07-14 22:00:00+00:00,2022-07-15 02:00:00+00:00,240.0,237.22,2.780000000000001,False,OPPOSITE_VISIT_BEFORE_K1,0,1,,,False,,,OPPOSITE_VISIT_BEFORE_K1,2022-07-14 22:05:00+00:00,
60,01:00,4,2022-07-16,Saturday,2022-07-15 18:00:00+00:00,2022-07-15 22:00:00+00:00,2022-07-15 22:00:00+00:00,2022-07-16 02:00:00+00:00,242.6,237.19,5.409999999999997,False,BREAK_BEFORE_K1,0,0,,,False,,,BREAK_BEFORE_K1,2022-07-16 00:30:00+00:00,
60,01:00,4,2022-07-17,Sunday,2022-07-16 18:00:00+00:00,2022-07-16 22:00:00+00:00,2022-07-16 22:00:00+00:00,2022-07-17 02:00:00+00:00,250.39,246.46,3.9299999999999784,True,,1,0,2022-07-16 22:20:00+00:00,2022-07-16 22:25:00+00:00,True,2022-07-16 22:25:00+00:00,2022-07-16 22:30:00+00:00,H2_ARRIVAL,2022-07-16 22:50:00+00:00,25.0
60,01:00,4,2022-07-18,Monday,2022-07-17 18:00:00+00:00,2022-07-17 22:00:00+00:00,2022-07-17 22:00:00+00:00,2022-07-18 02:00:00+00:00,250.75,246.9,3.8499999999999943,True,,1,0,2022-07-17 22:00:00+00:00,2022-07-17 22:05:00+00:00,True,2022-07-17 22:05:00+00:00,2022-07-17 22:10:00+00:00,H2_ARRIVAL,2022-07-18 01:10:00+00:00,185.0
60,01:00,4,2022-07-19,Tuesday,2022-07-18 18:00:00+00:00,2022-07-18 22:00:00+00:00,2022-07-18 22:00:00+00:00,2022-07-19 02:00:00+00:00,258.47,254.68,3.7900000000000205,False,BREAK_BEFORE_K1,0,0,,,False,,,BREAK_BEFORE_K1,2022-07-18 22:10:00+00:00,
60,01:00,4,2022-07-20,Wednesday,2022-07-19 18:00:00+00:00,2022-07-19 22:00:00+00:00,2022-07-19 22:00:00+00:00,2022-07-20 02:00:00+00:00,274.77,269.7,5.069999999999993,False,BREAK_BEFORE_K1,0,0,,,False,,,BREAK_BEFORE_K1,2022-07-19 22:40:00+00:00,
60,01:00,4,2022-07-21,Thursday,2022-07-20 18:00:00+00:00,2022-07-20 22:00:00+00:00,2022-07-20 22:00:00+00:00,2022-07-21 02:00:00+00:00,267.13,256.74,10.389999999999986,False,OPPOSITE_VISIT_BEFORE_K1,0,1,,,False,,,OPPOSITE_VISIT_BEFORE_K1,2022-07-20 23:15:00+00:00,
60,01:00,4,2022-07-22,Friday,2022-07-21 18:00:00+00:00,2022-07-21 22:00:00+00:00,2022-07-21 22:00:00+00:00,2022-07-22 02:00:00+00:00,265.88,260.64,5.240000000000009,False,BREAK_BEFORE_K1,0,0,,,False,,,BREAK_BEFORE_K1,2022-07-22 00:10:00+00:00,
60,01:00,4,2022-07-23,Saturday,2022-07-22 18:00:00+00:00,2022-07-22 22:00:00+00:00,2022-07-22 22:00:00+00:00,2022-07-23 02:00:00+00:00,266.99,261.07,5.920000000000016,False,OPPOSITE_VISIT_BEFORE_K1,0,1,,,False,,,OPPOSITE_VISIT_BEFORE_K1,2022-07-23 00:05:00+00:00,
60,01:00,4,2022-07-24,Sunday,2022-07-23 18:00:00+00:00,2022-07-23 22:00:00+00:00,2022-07-23 22:00:00+00:00,2022-07-24 02:00:00+00:00,256.38,252.51,3.8700000000000045,False,BREAK_BEFORE_K1,0,0,,,False,,,BREAK_BEFORE_K1,2022-07-23 22:20:00+00:00,
60,01:00,4,2022-07-25,Monday,2022-07-24 18:00:00+00:00,2022-07-24 22:00:00+00:00,2022-07-24 22:00:00+00:00,2022-07-25 02:00:00+00:00,264.49,261.61,2.8799999999999955,True,,1,0,2022-07-24 22:00:00+00:00,2022-07-24 22:05:00+00:00,True,2022-07-24 22:05:00+00:00,2022-07-24 22:10:00+00:00,H2_ARRIVAL,2022-07-24 22:10:00+00:00,5.0
60,01:00,4,2022-07-26,Tuesday,2022-07-25 18:00:00+00:00,2022-07-25 22:00:00+00:00,2022-07-25 22:00:00+00:00,2022-07-26 02:00:00+00:00,256.05,249.24,6.810000000000002,False,OPPOSITE_VISIT_BEFORE_K1,0,1,,,False,,,OPPOSITE_VISIT_BEFORE_K1,2022-07-25 23:10:00+00:00,
60,01:00,4,2022-07-27,Wednesday,2022-07-26 18:00:00+00:00,2022-07-26 22:00:00+00:00,2022-07-26 22:00:00+00:00,2022-07-27 02:00:00+00:00,246.33,241.39,4.940000000000026,True,,1,0,2022-07-26 22:15:00+00:00,2022-07-26 22:20:00+00:00,False,,,BREAK_DURING_K1,2022-07-26 22:20:00+00:00,
60,01:00,4,2022-07-28,Thursday,2022-07-27 18:00:00+00:00,2022-07-27 22:00:00+00:00,2022-07-27 22:00:00+00:00,2022-07-28 02:00:00+00:00,269.64,257.43,12.20999999999998,False,BREAK_BEFORE_K1,0,0,,,False,,,BREAK_BEFORE_K1,2022-07-27 22:05:00+00:00,
60,01:00,4,2022-07-29,Friday,2022-07-28 18:00:00+00:00,2022-07-28 22:00:00+00:00,2022-07-28 22:00:00+00:00,2022-07-29 02:00:00+00:00,280.93,274.54,6.389999999999986,False,NO_K1,0,0,,,False,,,NO_K1,,
60,01:00,4,2022-07-30,Saturday,2022-07-29 18:00:00+00:00,2022-07-29 22:00:00+00:00,2022-07-29 22:00:00+00:00,2022-07-30 02:00:00+00:00,302.57,293.7,8.870000000000005,False,BREAK_BEFORE_K1,0,0,,,False,,,BREAK_BEFORE_K1,2022-07-29 23:50:00+00:00,
60,01:00,4,2022-07-31,Sunday,2022-07-30 18:00:00+00:00,2022-07-30 22:00:00+00:00,2022-07-30 22:00:00+00:00,2022-07-31 02:00:00+00:00,297.23,288.16,9.069999999999993,False,BREAK_BEFORE_K1,0,0,,,False,,,BREAK_BEFORE_K1,2022-07-30 22:00:00+00:00,
60,01:00,4,2022-08-01,Monday,2022-07-31 18:00:00+00:00,2022-07-31 22:00:00+00:00,2022-07-31 22:00:00+00:00,2022-08-01 02:00:00+00:00,297.26,286.4,10.860000000000014,False,BREAK_BEFORE_K1,0,0,,,False,,,BREAK_BEFORE_K1,2022-07-31 22:00:00+00:00,
60,01:00,4,2022-08-02,Tuesday,2022-08-01 18:00:00+00:00,2022-08-01 22:00:00+00:00,2022-08-01 22:00:00+00:00,2022-08-02 02:00:00+00:00,281.98,277.89,4.090000000000032,True,,1,0,2022-08-01 22:40:00+00:00,2022-08-01 22:45:00+00:00,False,,,BREAK_DURING_K1,2022-08-01 22:45:00+00:00,
60,01:00,4,2022-08-03,Wednesday,2022-08-02 18:00:00+00:00,2022-08-02 22:00:00+00:00,2022-08-02 22:00:00+00:00,2022-08-03 02:00:00+00:00,289.58,283.21,6.3700000000000045,False,OPPOSITE_VISIT_BEFORE_K1,0,1,,,False,,,OPPOSITE_VISIT_BEFORE_K1,2022-08-02 23:15:00+00:00,
60,01:00,4,2022-08-04,Thursday,2022-08-03 18:00:00+00:00,2022-08-03 22:00:00+00:00,2022-08-03 22:00:00+00:00,2022-08-04 02:00:00+00:00,305.9,300.01,5.889999999999986,False,BREAK_BEFORE_K1,0,0,,,False,,,BREAK_BEFORE_K1,2022-08-03 22:40:00+00:00,
60,01:00,4,2022-08-05,Friday,2022-08-04 18:00:00+00:00,2022-08-04 22:00:00+00:00,2022-08-04 22:00:00+00:00,2022-08-05 02:00:00+00:00,312.69,300.26,12.430000000000007,True,,1,0,2022-08-04 22:40:00+00:00,2022-08-04 22:45:00+00:00,True,2022-08-04 22:50:00+00:00,2022-08-04 22:55:00+00:00,H2_ARRIVAL,2022-08-05 01:45:00+00:00,175.0
60,01:00,4,2022-08-06,Saturday,2022-08-05 18:00:00+00:00,2022-08-05 22:00:00+00:00,2022-08-05 22:00:00+00:00,2022-08-06 02:00:00+00:00,316.51,311.1,5.409999999999968,True,,1,0,2022-08-05 22:10:00+00:00,2022-08-05 22:15:00+00:00,True,2022-08-05 22:20:00+00:00,2022-08-05 22:25:00+00:00,H2_ARRIVAL,2022-08-05 22:45:00+00:00,25.0
60,01:00,4,2022-08-07,Sunday,2022-08-06 18:00:00+00:00,2022-08-06 22:00:00+00:00,2022-08-06 22:00:00+00:00,2022-08-07 02:00:00+00:00,321.99,317.56,4.430000000000007,False,BREAK_BEFORE_K1,0,0,,,False,,,BREAK_BEFORE_K1,2022-08-06 22:30:00+00:00,
60,01:00,4,2022-08-08,Monday,2022-08-07 18:00:00+00:00,2022-08-07 22:00:00+00:00,2022-08-07 22:00:00+00:00,2022-08-08 02:00:00+00:00,324.28,321.44,2.839999999999975,False,BREAK_BEFORE_K1,0,0,,,False,,,BREAK_BEFORE_K1,2022-08-07 22:15:00+00:00,
60,01:00,4,2022-08-09,Tuesday,2022-08-08 18:00:00+00:00,2022-08-08 22:00:00+00:00,2022-08-08 22:00:00+00:00,2022-08-09 02:00:00+00:00,329.64,323.1,6.539999999999964,False,BREAK_BEFORE_K1,0,0,,,False,,,BREAK_BEFORE_K1,2022-08-08 22:40:00+00:00,
60,01:00,4,2022-08-10,Wednesday,2022-08-09 18:00:00+00:00,2022-08-09 22:00:00+00:00,2022-08-09 22:00:00+00:00,2022-08-10 02:00:00+00:00,325.9,318.68,7.21999999999997,True,,1,0,2022-08-09 22:00:00+00:00,2022-08-09 22:05:00+00:00,True,2022-08-09 22:05:00+00:00,2022-08-09 22:10:00+00:00,H2_ARRIVAL,2022-08-09 22:55:00+00:00,50.0
60,01:00,4,2022-08-11,Thursday,2022-08-10 18:00:00+00:00,2022-08-10 22:00:00+00:00,2022-08-10 22:00:00+00:00,2022-08-11 02:00:00+00:00,332.88,325.79,7.089999999999975,True,,1,0,2022-08-11 01:00:00+00:00,2022-08-11 01:05:00+00:00,True,2022-08-11 01:05:00+00:00,2022-08-11 01:10:00+00:00,H2_ARRIVAL,2022-08-11 01:25:00+00:00,20.0
60,01:00,4,2022-08-12,Friday,2022-08-11 18:00:00+00:00,2022-08-11 22:00:00+00:00,2022-08-11 22:00:00+00:00,2022-08-12 02:00:00+00:00,327.42,323.88,3.5400000000000205,False,BREAK_BEFORE_K1,0,0,,,False,,,BREAK_BEFORE_K1,2022-08-11 22:50:00+00:00,
60,01:00,4,2022-08-13,Saturday,2022-08-12 18:00:00+00:00,2022-08-12 22:00:00+00:00,2022-08-12 22:00:00+00:00,2022-08-13 02:00:00+00:00,326.0,321.82,4.180000000000007,False,BREAK_BEFORE_K1,0,0,,,False,,,BREAK_BEFORE_K1,2022-08-12 23:15:00+00:00,
60,01:00,4,2022-08-14,Sunday,2022-08-13 18:00:00+00:00,2022-08-13 22:00:00+00:00,2022-08-13 22:00:00+00:00,2022-08-14 02:00:00+00:00,328.66,323.0,5.660000000000025,False,OPPOSITE_VISIT_BEFORE_K1,0,1,,,False,,,OPPOSITE_VISIT_BEFORE_K1,2022-08-13 23:00:00+00:00,
60,01:00,4,2022-08-15,Monday,2022-08-14 18:00:00+00:00,2022-08-14 22:00:00+00:00,2022-08-14 22:00:00+00:00,2022-08-15 02:00:00+00:00,320.48,316.13,4.350000000000023,False,OPPOSITE_VISIT_BEFORE_K1,0,1,,,False,,,OPPOSITE_VISIT_BEFORE_K1,2022-08-15 00:05:00+00:00,
60,01:00,4,2022-08-16,Tuesday,2022-08-15 18:00:00+00:00,2022-08-15 22:00:00+00:00,2022-08-15 22:00:00+00:00,2022-08-16 02:00:00+00:00,319.91,316.64,3.2700000000000387,False,BREAK_BEFORE_K1,0,0,,,False,,,BREAK_BEFORE_K1,2022-08-15 22:15:00+00:00,
60,01:00,4,2022-08-17,Wednesday,2022-08-16 18:00:00+00:00,2022-08-16 22:00:00+00:00,2022-08-16 22:00:00+00:00,2022-08-17 02:00:00+00:00,317.58,311.69,5.889999999999986,False,BREAK_BEFORE_K1,0,0,,,False,,,BREAK_BEFORE_K1,2022-08-17 00:35:00+00:00,
60,01:00,4,2022-08-18,Thursday,2022-08-17 18:00:00+00:00,2022-08-17 22:00:00+00:00,2022-08-17 22:00:00+00:00,2022-08-18 02:00:00+00:00,311.45,303.5,7.949999999999989,False,BREAK_BEFORE_K1,0,0,,,False,,,BREAK_BEFORE_K1,2022-08-18 00:25:00+00:00,
60,01:00,4,2022-08-19,Friday,2022-08-18 18:00:00+00:00,2022-08-18 22:00:00+00:00,2022-08-18 22:00:00+00:00,2022-08-19 02:00:00+00:00,304.8,301.56,3.240000000000009,False,BREAK_BEFORE_K1,0,0,,,False,,,BREAK_BEFORE_K1,2022-08-18 23:10:00+00:00,
60,01:00,4,2022-08-20,Saturday,2022-08-19 18:00:00+00:00,2022-08-19 22:00:00+00:00,2022-08-19 22:00:00+00:00,2022-08-20 02:00:00+00:00,287.83,278.68,9.149999999999977,False,BREAK_BEFORE_K1,0,0,,,False,,,BREAK_BEFORE_K1,2022-08-19 22:35:00+00:00,
60,01:00,4,2022-08-21,Sunday,2022-08-20 18:00:00+00:00,2022-08-20 22:00:00+00:00,2022-08-20 22:00:00+00:00,2022-08-21 02:00:00+00:00,284.38,276.55,7.829999999999984,False,BREAK_BEFORE_K1,0,0,,,False,,,BREAK_BEFORE_K1,2022-08-20 23:25:00+00:00,
60,01:00,4,2022-08-22,Monday,2022-08-21 18:00:00+00:00,2022-08-21 22:00:00+00:00,2022-08-21 22:00:00+00:00,2022-08-22 02:00:00+00:00,304.31,296.41,7.899999999999977,True,,1,0,2022-08-22 00:20:00+00:00,2022-08-22 00:25:00+00:00,True,2022-08-22 00:25:00+00:00,2022-08-22 00:30:00+00:00,NO_H2_BY_END,,
60,01:00,4,2022-08-23,Tuesday,2022-08-22 18:00:00+00:00,2022-08-22 22:00:00+00:00,2022-08-22 22:00:00+00:00,2022-08-23 02:00:00+00:00,299.5,292.84,6.660000000000025,True,,1,0,2022-08-22 22:10:00+00:00,2022-08-22 22:15:00+00:00,False,,,BREAK_DURING_K1,2022-08-22 22:15:00+00:00,
60,01:00,4,2022-08-24,Wednesday,2022-08-23 18:00:00+00:00,2022-08-23 22:00:00+00:00,2022-08-23 22:00:00+00:00,2022-08-24 02:00:00+00:00,299.5,295.8,3.6999999999999886,True,,1,0,2022-08-23 22:05:00+00:00,2022-08-23 22:10:00+00:00,True,2022-08-23 22:10:00+00:00,2022-08-23 22:15:00+00:00,H2_ARRIVAL,2022-08-23 22:30:00+00:00,20.0
60,01:00,4,2022-08-25,Thursday,2022-08-24 18:00:00+00:00,2022-08-24 22:00:00+00:00,2022-08-24 22:00:00+00:00,2022-08-25 02:00:00+00:00,300.17,297.13,3.0400000000000205,False,OPPOSITE_VISIT_BEFORE_K1,0,1,,,False,,,OPPOSITE_VISIT_BEFORE_K1,2022-08-24 22:15:00+00:00,
60,01:00,4,2022-08-26,Friday,2022-08-25 18:00:00+00:00,2022-08-25 22:00:00+00:00,2022-08-25 22:00:00+00:00,2022-08-26 02:00:00+00:00,303.78,300.4,3.3799999999999955,False,OPPOSITE_VISIT_BEFORE_K1,0,1,,,False,,,OPPOSITE_VISIT_BEFORE_K1,2022-08-25 23:00:00+00:00,
60,01:00,4,2022-08-27,Saturday,2022-08-26 18:00:00+00:00,2022-08-26 22:00:00+00:00,2022-08-26 22:00:00+00:00,2022-08-27 02:00:00+00:00,286.23,282.36,3.8700000000000045,False,BREAK_BEFORE_K1,0,0,,,False,,,BREAK_BEFORE_K1,2022-08-26 22:35:00+00:00,
60,01:00,4,2022-08-28,Sunday,2022-08-27 18:00:00+00:00,2022-08-27 22:00:00+00:00,2022-08-27 22:00:00+00:00,2022-08-28 02:00:00+00:00,278.31,272.8,5.509999999999991,False,BREAK_BEFORE_K1,0,0,,,False,,,BREAK_BEFORE_K1,2022-08-28 01:20:00+00:00,
60,01:00,4,2022-08-29,Monday,2022-08-28 18:00:00+00:00,2022-08-28 22:00:00+00:00,2022-08-28 22:00:00+00:00,2022-08-29 02:00:00+00:00,282.94,280.3,2.6399999999999864,False,BREAK_BEFORE_K1,0,0,,,False,,,BREAK_BEFORE_K1,2022-08-28 22:00:00+00:00,
60,01:00,4,2022-08-30,Tuesday,2022-08-29 18:00:00+00:00,2022-08-29 22:00:00+00:00,2022-08-29 22:00:00+00:00,2022-08-30 02:00:00+00:00,284.29,279.85,4.439999999999998,True,,1,0,2022-08-29 22:05:00+00:00,2022-08-29 22:10:00+00:00,True,2022-08-29 22:10:00+00:00,2022-08-29 22:15:00+00:00,H2_ARRIVAL,2022-08-29 23:00:00+00:00,50.0
60,01:00,4,2022-08-31,Wednesday,2022-08-30 18:00:00+00:00,2022-08-30 22:00:00+00:00,2022-08-30 22:00:00+00:00,2022-08-31 02:00:00+00:00,284.58,277.53,7.050000000000011,True,,1,0,2022-08-31 00:25:00+00:00,2022-08-31 00:30:00+00:00,True,2022-08-31 00:35:00+00:00,2022-08-31 00:40:00+00:00,H2_ARRIVAL,2022-08-31 01:35:00+00:00,60.0
60,01:00,4,2022-09-01,Thursday,2022-08-31 18:00:00+00:00,2022-08-31 22:00:00+00:00,2022-08-31 22:00:00+00:00,2022-09-01 02:00:00+00:00,283.3,278.82,4.480000000000018,False,BREAK_BEFORE_K1,0,0,,,False,,,BREAK_BEFORE_K1,2022-08-31 23:05:00+00:00,
60,01:00,4,2022-09-02,Friday,2022-09-01 18:00:00+00:00,2022-09-01 22:00:00+00:00,2022-09-01 22:00:00+00:00,2022-09-02 02:00:00+00:00,278.47,272.58,5.890000000000043,True,,1,0,2022-09-01 22:05:00+00:00,2022-09-01 22:10:00+00:00,True,2022-09-01 22:10:00+00:00,2022-09-01 22:15:00+00:00,H2_ARRIVAL,2022-09-01 23:35:00+00:00,85.0
60,01:00,4,2022-09-03,Saturday,2022-09-02 18:00:00+00:00,2022-09-02 22:00:00+00:00,2022-09-02 22:00:00+00:00,2022-09-03 02:00:00+00:00,277.73,273.33,4.400000000000034,True,,1,0,2022-09-02 22:55:00+00:00,2022-09-02 23:00:00+00:00,True,2022-09-02 23:00:00+00:00,2022-09-02 23:05:00+00:00,H2_ARRIVAL,2022-09-03 00:20:00+00:00,80.0
60,01:00,4,2022-09-04,Sunday,2022-09-03 18:00:00+00:00,2022-09-03 22:00:00+00:00,2022-09-03 22:00:00+00:00,2022-09-04 02:00:00+00:00,277.99,275.28,2.7100000000000364,False,BREAK_BEFORE_K1,0,0,,,False,,,BREAK_BEFORE_K1,2022-09-04 00:25:00+00:00,
60,01:00,4,2022-09-05,Monday,2022-09-04 18:00:00+00:00,2022-09-04 22:00:00+00:00,2022-09-04 22:00:00+00:00,2022-09-05 02:00:00+00:00,279.29,276.9,2.390000000000043,False,BREAK_BEFORE_K1,0,0,,,False,,,BREAK_BEFORE_K1,2022-09-05 00:00:00+00:00,
60,01:00,4,2022-09-06,Tuesday,2022-09-05 18:00:00+00:00,2022-09-05 22:00:00+00:00,2022-09-05 22:00:00+00:00,2022-09-06 02:00:00+00:00,276.11,273.42,2.6899999999999977,True,,1,0,2022-09-05 22:55:00+00:00,2022-09-05 23:00:00+00:00,True,2022-09-05 23:00:00+00:00,2022-09-05 23:05:00+00:00,H2_ARRIVAL,2022-09-05 23:35:00+00:00,35.0
60,01:00,4,2022-09-07,Wednesday,2022-09-06 18:00:00+00:00,2022-09-06 22:00:00+00:00,2022-09-06 22:00:00+00:00,2022-09-07 02:00:00+00:00,267.09,260.44,6.649999999999977,False,OPPOSITE_VISIT_BEFORE_K1,0,1,,,False,,,OPPOSITE_VISIT_BEFORE_K1,2022-09-06 23:55:00+00:00,
60,01:00,4,2022-09-08,Thursday,2022-09-07 18:00:00+00:00,2022-09-07 22:00:00+00:00,2022-09-07 22:00:00+00:00,2022-09-08 02:00:00+00:00,280.68,268.52,12.160000000000025,False,NO_K1,0,0,,,False,,,NO_K1,,
60,01:00,4,2022-09-09,Friday,2022-09-08 18:00:00+00:00,2022-09-08 22:00:00+00:00,2022-09-08 22:00:00+00:00,2022-09-09 02:00:00+00:00,281.94,279.13,2.8100000000000023,True,,1,0,2022-09-09 01:15:00+00:00,2022-09-09 01:20:00+00:00,True,2022-09-09 01:20:00+00:00,2022-09-09 01:25:00+00:00,NO_H2_BY_END,,
60,01:00,4,2022-09-10,Saturday,2022-09-09 18:00:00+00:00,2022-09-09 22:00:00+00:00,2022-09-09 22:00:00+00:00,2022-09-10 02:00:00+00:00,291.9,289.5,2.3999999999999773,False,OPPOSITE_VISIT_BEFORE_K1,0,1,,,False,,,OPPOSITE_VISIT_BEFORE_K1,2022-09-09 22:00:00+00:00,
60,01:00,4,2022-09-11,Sunday,2022-09-10 18:00:00+00:00,2022-09-10 22:00:00+00:00,2022-09-10 22:00:00+00:00,2022-09-11 02:00:00+00:00,296.63,292.55,4.079999999999984,False,BREAK_BEFORE_K1,0,0,,,False,,,BREAK_BEFORE_K1,2022-09-10 22:20:00+00:00,
60,01:00,4,2022-09-12,Monday,2022-09-11 18:00:00+00:00,2022-09-11 22:00:00+00:00,2022-09-11 22:00:00+00:00,2022-09-12 02:00:00+00:00,295.33,290.51,4.819999999999993,False,OPPOSITE_VISIT_BEFORE_K1,0,1,,,False,,,OPPOSITE_VISIT_BEFORE_K1,2022-09-11 22:00:00+00:00,
60,01:00,4,2022-09-13,Tuesday,2022-09-12 18:00:00+00:00,2022-09-12 22:00:00+00:00,2022-09-12 22:00:00+00:00,2022-09-13 02:00:00+00:00,294.77,291.74,3.0299999999999727,False,BREAK_BEFORE_K1,0,0,,,False,,,BREAK_BEFORE_K1,2022-09-12 22:20:00+00:00,
60,01:00,4,2022-09-14,Wednesday,2022-09-13 18:00:00+00:00,2022-09-13 22:00:00+00:00,2022-09-13 22:00:00+00:00,2022-09-14 02:00:00+00:00,283.4,275.4,8.0,False,OPPOSITE_VISIT_BEFORE_K1,0,1,,,False,,,OPPOSITE_VISIT_BEFORE_K1,2022-09-13 23:20:00+00:00,
60,01:00,4,2022-09-15,Thursday,2022-09-14 18:00:00+00:00,2022-09-14 22:00:00+00:00,2022-09-14 22:00:00+00:00,2022-09-15 02:00:00+00:00,279.27,273.0,6.269999999999982,True,,1,0,2022-09-14 22:05:00+00:00,2022-09-14 22:10:00+00:00,True,2022-09-14 22:20:00+00:00,2022-09-14 22:25:00+00:00,H2_ARRIVAL,2022-09-14 22:35:00+00:00,15.0
60,01:00,4,2022-09-16,Friday,2022-09-15 18:00:00+00:00,2022-09-15 22:00:00+00:00,2022-09-15 22:00:00+00:00,2022-09-16 02:00:00+00:00,272.57,269.95,2.6200000000000045,False,BREAK_BEFORE_K1,0,0,,,False,,,BREAK_BEFORE_K1,2022-09-15 22:35:00+00:00,
60,01:00,4,2022-09-17,Saturday,2022-09-16 18:00:00+00:00,2022-09-16 22:00:00+00:00,2022-09-16 22:00:00+00:00,2022-09-17 02:00:00+00:00,274.35,270.74,3.6100000000000136,True,,1,0,2022-09-16 22:30:00+00:00,2022-09-16 22:35:00+00:00,True,2022-09-16 22:55:00+00:00,2022-09-16 23:00:00+00:00,H2_ARRIVAL,2022-09-16 23:00:00+00:00,5.0
60,01:00,4,2022-09-18,Sunday,2022-09-17 18:00:00+00:00,2022-09-17 22:00:00+00:00,2022-09-17 22:00:00+00:00,2022-09-18 02:00:00+00:00,279.38,277.35,2.0299999999999727,True,,1,0,2022-09-17 23:35:00+00:00,2022-09-17 23:40:00+00:00,True,2022-09-17 23:50:00+00:00,2022-09-17 23:55:00+00:00,OPPOSITE_BREAK_BEFORE_H2,2022-09-18 00:15:00+00:00,
60,01:00,4,2022-09-19,Monday,2022-09-18 18:00:00+00:00,2022-09-18 22:00:00+00:00,2022-09-18 22:00:00+00:00,2022-09-19 02:00:00+00:00,273.69,262.13,11.560000000000002,False,NO_K1,0,0,,,False,,,NO_K1,,
60,01:00,4,2022-09-20,Tuesday,2022-09-19 18:00:00+00:00,2022-09-19 22:00:00+00:00,2022-09-19 22:00:00+00:00,2022-09-20 02:00:00+00:00,270.94,264.58,6.360000000000014,False,BREAK_BEFORE_K1,0,0,,,False,,,BREAK_BEFORE_K1,2022-09-19 22:55:00+00:00,
60,01:00,4,2022-09-21,Wednesday,2022-09-20 18:00:00+00:00,2022-09-20 22:00:00+00:00,2022-09-20 22:00:00+00:00,2022-09-21 02:00:00+00:00,268.87,265.09,3.7800000000000296,False,NO_K1,0,0,,,False,,,NO_K1,,
60,01:00,4,2022-09-22,Thursday,2022-09-21 18:00:00+00:00,2022-09-21 22:00:00+00:00,2022-09-21 22:00:00+00:00,2022-09-22 02:00:00+00:00,276.47,262.0,14.470000000000027,False,BREAK_BEFORE_K1,0,0,,,False,,,BREAK_BEFORE_K1,2022-09-21 22:10:00+00:00,
60,01:00,4,2022-09-23,Friday,2022-09-22 18:00:00+00:00,2022-09-22 22:00:00+00:00,2022-09-22 22:00:00+00:00,2022-09-23 02:00:00+00:00,275.55,270.03,5.520000000000039,True,,1,0,2022-09-22 22:35:00+00:00,2022-09-22 22:40:00+00:00,True,2022-09-22 22:40:00+00:00,2022-09-22 22:45:00+00:00,H2_ARRIVAL,2022-09-22 23:05:00+00:00,25.0
60,01:00,4,2022-09-24,Saturday,2022-09-23 18:00:00+00:00,2022-09-23 22:00:00+00:00,2022-09-23 22:00:00+00:00,2022-09-24 02:00:00+00:00,275.15,268.1,7.0499999999999545,True,,1,0,2022-09-23 22:00:00+00:00,2022-09-23 22:05:00+00:00,False,,,BREAK_DURING_K1,2022-09-23 22:10:00+00:00,
60,01:00,4,2022-09-25,Sunday,2022-09-24 18:00:00+00:00,2022-09-24 22:00:00+00:00,2022-09-24 22:00:00+00:00,2022-09-25 02:00:00+00:00,278.36,275.0,3.3600000000000136,False,BREAK_BEFORE_K1,0,0,,,False,,,BREAK_BEFORE_K1,2022-09-24 23:30:00+00:00,
60,01:00,4,2022-09-26,Monday,2022-09-25 18:00:00+00:00,2022-09-25 22:00:00+00:00,2022-09-25 22:00:00+00:00,2022-09-26 02:00:00+00:00,275.96,272.1,3.859999999999957,False,BREAK_BEFORE_K1,0,0,,,False,,,BREAK_BEFORE_K1,2022-09-25 22:00:00+00:00,
60,01:00,4,2022-09-27,Tuesday,2022-09-26 18:00:00+00:00,2022-09-26 22:00:00+00:00,2022-09-26 22:00:00+00:00,2022-09-27 02:00:00+00:00,275.76,273.55,2.2099999999999795,True,,1,0,2022-09-26 23:35:00+00:00,2022-09-26 23:40:00+00:00,True,2022-09-26 23:40:00+00:00,2022-09-26 23:45:00+00:00,H2_ARRIVAL,2022-09-26 23:50:00+00:00,10.0
60,01:00,4,2022-09-28,Wednesday,2022-09-27 18:00:00+00:00,2022-09-27 22:00:00+00:00,2022-09-27 22:00:00+00:00,2022-09-28 02:00:00+00:00,272.33,269.05,3.2799999999999727,False,BREAK_BEFORE_K1,0,0,,,False,,,BREAK_BEFORE_K1,2022-09-27 22:15:00+00:00,
60,01:00,4,2022-09-29,Thursday,2022-09-28 18:00:00+00:00,2022-09-28 22:00:00+00:00,2022-09-28 22:00:00+00:00,2022-09-29 02:00:00+00:00,283.68,277.42,6.259999999999991,False,BREAK_BEFORE_K1,0,0,,,False,,,BREAK_BEFORE_K1,2022-09-29 01:30:00+00:00,
60,01:00,4,2022-09-30,Friday,2022-09-29 18:00:00+00:00,2022-09-29 22:00:00+00:00,2022-09-29 22:00:00+00:00,2022-09-30 02:00:00+00:00,283.78,280.3,3.4799999999999613,True,,1,0,2022-09-29 22:10:00+00:00,2022-09-29 22:15:00+00:00,True,2022-09-29 22:15:00+00:00,2022-09-29 22:20:00+00:00,H2_ARRIVAL,2022-09-29 23:40:00+00:00,85.0
60,01:00,4,2022-10-01,Saturday,2022-09-30 18:00:00+00:00,2022-09-30 22:00:00+00:00,2022-09-30 22:00:00+00:00,2022-10-01 02:00:00+00:00,287.31,280.72,6.589999999999975,False,OPPOSITE_VISIT_BEFORE_K1,0,1,,,False,,,OPPOSITE_VISIT_BEFORE_K1,2022-09-30 22:00:00+00:00,
60,01:00,4,2022-10-02,Sunday,2022-10-01 18:00:00+00:00,2022-10-01 22:00:00+00:00,2022-10-01 22:00:00+00:00,2022-10-02 02:00:00+00:00,284.37,277.6,6.769999999999982,False,NO_K1,0,0,,,False,,,NO_K1,,
60,01:00,4,2022-10-03,Monday,2022-10-02 18:00:00+00:00,2022-10-02 22:00:00+00:00,2022-10-02 22:00:00+00:00,2022-10-03 02:00:00+00:00,287.13,282.53,4.600000000000023,True,,1,0,2022-10-02 22:20:00+00:00,2022-10-02 22:25:00+00:00,True,2022-10-02 22:30:00+00:00,2022-10-02 22:35:00+00:00,H2_ARRIVAL,2022-10-03 01:25:00+00:00,175.0
60,01:00,4,2022-10-04,Tuesday,2022-10-03 18:00:00+00:00,2022-10-03 22:00:00+00:00,2022-10-03 22:00:00+00:00,2022-10-04 02:00:00+00:00,288.69,285.5,3.1899999999999977,False,OPPOSITE_VISIT_BEFORE_K1,0,1,,,False,,,OPPOSITE_VISIT_BEFORE_K1,2022-10-03 22:20:00+00:00,
60,01:00,4,2022-10-05,Wednesday,2022-10-04 18:00:00+00:00,2022-10-04 22:00:00+00:00,2022-10-04 22:00:00+00:00,2022-10-05 02:00:00+00:00,298.35,294.14,4.210000000000036,False,NO_K1,0,0,,,False,,,NO_K1,,
60,01:00,4,2022-10-06,Thursday,2022-10-05 18:00:00+00:00,2022-10-05 22:00:00+00:00,2022-10-05 22:00:00+00:00,2022-10-06 02:00:00+00:00,294.77,292.06,2.7099999999999795,True,,1,0,2022-10-06 00:10:00+00:00,2022-10-06 00:15:00+00:00,True,2022-10-06 00:20:00+00:00,2022-10-06 00:25:00+00:00,H2_ARRIVAL,2022-10-06 00:30:00+00:00,10.0
60,01:00,4,2022-10-07,Friday,2022-10-06 18:00:00+00:00,2022-10-06 22:00:00+00:00,2022-10-06 22:00:00+00:00,2022-10-07 02:00:00+00:00,293.26,278.0,15.259999999999991,False,NO_K1,0,0,,,False,,,NO_K1,,
60,01:00,4,2022-10-08,Saturday,2022-10-07 18:00:00+00:00,2022-10-07 22:00:00+00:00,2022-10-07 22:00:00+00:00,2022-10-08 02:00:00+00:00,283.61,280.8,2.8100000000000023,False,NO_K1,0,0,,,False,,,NO_K1,,
60,01:00,4,2022-10-09,Sunday,2022-10-08 18:00:00+00:00,2022-10-08 22:00:00+00:00,2022-10-08 22:00:00+00:00,2022-10-09 02:00:00+00:00,282.12,275.64,6.480000000000018,False,OPPOSITE_VISIT_BEFORE_K1,0,1,,,False,,,OPPOSITE_VISIT_BEFORE_K1,2022-10-08 22:00:00+00:00,
60,01:00,4,2022-10-10,Monday,2022-10-09 18:00:00+00:00,2022-10-09 22:00:00+00:00,2022-10-09 22:00:00+00:00,2022-10-10 02:00:00+00:00,278.76,276.59,2.170000000000016,False,BREAK_BEFORE_K1,0,0,,,False,,,BREAK_BEFORE_K1,2022-10-10 01:00:00+00:00,
60,01:00,4,2022-10-11,Tuesday,2022-10-10 18:00:00+00:00,2022-10-10 22:00:00+00:00,2022-10-10 22:00:00+00:00,2022-10-11 02:00:00+00:00,275.44,273.7,1.740000000000009,False,BREAK_BEFORE_K1,0,0,,,False,,,BREAK_BEFORE_K1,2022-10-10 22:05:00+00:00,
60,01:00,4,2022-10-12,Wednesday,2022-10-11 18:00:00+00:00,2022-10-11 22:00:00+00:00,2022-10-11 22:00:00+00:00,2022-10-12 02:00:00+00:00,272.97,269.1,3.8700000000000045,False,NO_K1,0,0,,,False,,,NO_K1,,
60,01:00,4,2022-10-13,Thursday,2022-10-12 18:00:00+00:00,2022-10-12 22:00:00+00:00,2022-10-12 22:00:00+00:00,2022-10-13 02:00:00+00:00,271.88,269.38,2.5,False,BREAK_BEFORE_K1,0,0,,,False,,,BREAK_BEFORE_K1,2022-10-13 01:00:00+00:00,
60,01:00,4,2022-10-14,Friday,2022-10-13 18:00:00+00:00,2022-10-13 22:00:00+00:00,2022-10-13 22:00:00+00:00,2022-10-14 02:00:00+00:00,273.66,269.01,4.650000000000034,True,,1,0,2022-10-14 01:20:00+00:00,2022-10-14 01:25:00+00:00,False,,,BREAK_DURING_K1,2022-10-14 01:25:00+00:00,
60,01:00,4,2022-10-15,Saturday,2022-10-14 18:00:00+00:00,2022-10-14 22:00:00+00:00,2022-10-14 22:00:00+00:00,2022-10-15 02:00:00+00:00,270.41,267.39,3.0200000000000387,False,NO_K1,0,0,,,False,,,NO_K1,,
60,01:00,4,2022-10-16,Sunday,2022-10-15 18:00:00+00:00,2022-10-15 22:00:00+00:00,2022-10-15 22:00:00+00:00,2022-10-16 02:00:00+00:00,270.04,268.11,1.9300000000000068,False,OPPOSITE_VISIT_BEFORE_K1,0,1,,,False,,,OPPOSITE_VISIT_BEFORE_K1,2022-10-15 22:00:00+00:00,
60,01:00,4,2022-10-17,Monday,2022-10-16 18:00:00+00:00,2022-10-16 22:00:00+00:00,2022-10-16 22:00:00+00:00,2022-10-17 02:00:00+00:00,273.74,269.88,3.8600000000000136,False,NO_K1,0,0,,,False,,,NO_K1,,
60,01:00,4,2022-10-18,Tuesday,2022-10-17 18:00:00+00:00,2022-10-17 22:00:00+00:00,2022-10-17 22:00:00+00:00,2022-10-18 02:00:00+00:00,275.27,274.33,0.9399999999999977,True,,1,0,2022-10-17 22:00:00+00:00,2022-10-17 22:05:00+00:00,False,,,BREAK_DURING_K1,2022-10-17 22:05:00+00:00,
60,01:00,4,2022-10-19,Wednesday,2022-10-18 18:00:00+00:00,2022-10-18 22:00:00+00:00,2022-10-18 22:00:00+00:00,2022-10-19 02:00:00+00:00,273.98,270.12,3.8600000000000136,False,NO_K1,0,0,,,False,,,NO_K1,,
60,01:00,4,2022-10-20,Thursday,2022-10-19 18:00:00+00:00,2022-10-19 22:00:00+00:00,2022-10-19 22:00:00+00:00,2022-10-20 02:00:00+00:00,273.87,272.27,1.6000000000000227,False,OPPOSITE_VISIT_BEFORE_K1,0,1,,,False,,,OPPOSITE_VISIT_BEFORE_K1,2022-10-19 22:30:00+00:00,
60,01:00,4,2022-10-21,Friday,2022-10-20 18:00:00+00:00,2022-10-20 22:00:00+00:00,2022-10-20 22:00:00+00:00,2022-10-21 02:00:00+00:00,269.95,267.1,2.849999999999966,False,BREAK_BEFORE_K1,0,0,,,False,,,BREAK_BEFORE_K1,2022-10-21 00:20:00+00:00,
60,01:00,4,2022-10-22,Saturday,2022-10-21 18:00:00+00:00,2022-10-21 22:00:00+00:00,2022-10-21 22:00:00+00:00,2022-10-22 02:00:00+00:00,271.0,268.77,2.230000000000018,False,BREAK_BEFORE_K1,0,0,,,False,,,BREAK_BEFORE_K1,2022-10-22 01:20:00+00:00,
60,01:00,4,2022-10-23,Sunday,2022-10-22 18:00:00+00:00,2022-10-22 22:00:00+00:00,2022-10-22 22:00:00+00:00,2022-10-23 02:00:00+00:00,271.06,268.78,2.2800000000000296,False,NO_K1,0,0,,,False,,,NO_K1,,
60,01:00,4,2022-10-24,Monday,2022-10-23 18:00:00+00:00,2022-10-23 22:00:00+00:00,2022-10-23 22:00:00+00:00,2022-10-24 02:00:00+00:00,275.69,272.65,3.0400000000000205,True,,1,0,2022-10-23 22:00:00+00:00,2022-10-23 22:05:00+00:00,False,,,BREAK_DURING_K1,2022-10-23 22:10:00+00:00,
60,01:00,4,2022-10-25,Tuesday,2022-10-24 18:00:00+00:00,2022-10-24 22:00:00+00:00,2022-10-24 22:00:00+00:00,2022-10-25 02:00:00+00:00,274.23,272.8,1.4300000000000068,False,BREAK_BEFORE_K1,0,0,,,False,,,BREAK_BEFORE_K1,2022-10-24 22:00:00+00:00,
60,01:00,4,2022-10-26,Wednesday,2022-10-25 18:00:00+00:00,2022-10-25 22:00:00+00:00,2022-10-25 22:00:00+00:00,2022-10-26 02:00:00+00:00,289.75,285.4,4.350000000000023,False,BREAK_BEFORE_K1,0,0,,,False,,,BREAK_BEFORE_K1,2022-10-25 22:10:00+00:00,
60,01:00,4,2022-10-27,Thursday,2022-10-26 18:00:00+00:00,2022-10-26 22:00:00+00:00,2022-10-26 22:00:00+00:00,2022-10-27 02:00:00+00:00,291.87,288.71,3.160000000000025,True,,1,0,2022-10-26 23:10:00+00:00,2022-10-26 23:15:00+00:00,True,2022-10-26 23:15:00+00:00,2022-10-26 23:20:00+00:00,H2_ARRIVAL,2022-10-27 00:15:00+00:00,60.0
60,01:00,4,2022-10-28,Friday,2022-10-27 18:00:00+00:00,2022-10-27 22:00:00+00:00,2022-10-27 22:00:00+00:00,2022-10-28 02:00:00+00:00,289.02,284.42,4.599999999999966,False,NO_K1,0,0,,,False,,,NO_K1,,
60,01:00,4,2022-10-29,Saturday,2022-10-28 18:00:00+00:00,2022-10-28 22:00:00+00:00,2022-10-28 22:00:00+00:00,2022-10-29 02:00:00+00:00,301.08,297.07,4.009999999999991,False,BREAK_BEFORE_K1,0,0,,,False,,,BREAK_BEFORE_K1,2022-10-29 00:20:00+00:00,
60,01:00,4,2022-10-30,Sunday,2022-10-29 18:00:00+00:00,2022-10-29 22:00:00+00:00,2022-10-29 22:00:00+00:00,2022-10-30 02:00:00+00:00,306.69,302.25,4.439999999999998,False,OPPOSITE_VISIT_BEFORE_K1,0,1,,,False,,,OPPOSITE_VISIT_BEFORE_K1,2022-10-29 22:45:00+00:00,
60,01:00,4,2022-10-31,Monday,2022-10-30 18:00:00+00:00,2022-10-30 22:00:00+00:00,2022-10-30 22:00:00+00:00,2022-10-31 02:00:00+00:00,317.64,311.79,5.849999999999966,False,OPPOSITE_VISIT_BEFORE_K1,0,1,,,False,,,OPPOSITE_VISIT_BEFORE_K1,2022-10-30 22:00:00+00:00,
60,01:00,4,2022-11-01,Tuesday,2022-10-31 18:00:00+00:00,2022-10-31 22:00:00+00:00,2022-10-31 22:00:00+00:00,2022-11-01 02:00:00+00:00,329.94,325.21,4.730000000000018,False,OPPOSITE_VISIT_BEFORE_K1,0,1,,,False,,,OPPOSITE_VISIT_BEFORE_K1,2022-11-01 00:00:00+00:00,
60,01:00,4,2022-11-02,Wednesday,2022-11-01 18:00:00+00:00,2022-11-01 22:00:00+00:00,2022-11-01 22:00:00+00:00,2022-11-02 02:00:00+00:00,326.26,321.97,4.289999999999964,False,NO_K1,0,0,,,False,,,NO_K1,,
60,01:00,4,2022-11-03,Thursday,2022-11-02 18:00:00+00:00,2022-11-02 22:00:00+00:00,2022-11-02 22:00:00+00:00,2022-11-03 02:00:00+00:00,329.63,315.31,14.319999999999993,False,NO_K1,0,0,,,False,,,NO_K1,,
60,01:00,4,2022-11-04,Friday,2022-11-03 18:00:00+00:00,2022-11-03 22:00:00+00:00,2022-11-03 22:00:00+00:00,2022-11-04 02:00:00+00:00,333.77,328.92,4.849999999999966,False,BREAK_BEFORE_K1,0,0,,,False,,,BREAK_BEFORE_K1,2022-11-03 22:25:00+00:00,
60,01:00,4,2022-11-05,Saturday,2022-11-04 18:00:00+00:00,2022-11-04 22:00:00+00:00,2022-11-04 22:00:00+00:00,2022-11-05 02:00:00+00:00,354.86,349.74,5.1200000000000045,True,,1,0,2022-11-05 00:00:00+00:00,2022-11-05 00:05:00+00:00,True,2022-11-05 00:05:00+00:00,2022-11-05 00:10:00+00:00,H2_ARRIVAL,2022-11-05 00:35:00+00:00,30.0
60,01:00,4,2022-11-06,Sunday,2022-11-05 18:00:00+00:00,2022-11-05 22:00:00+00:00,2022-11-05 22:00:00+00:00,2022-11-06 02:00:00+00:00,351.81,348.13,3.680000000000007,False,BREAK_BEFORE_K1,0,0,,,False,,,BREAK_BEFORE_K1,2022-11-05 23:05:00+00:00,
60,01:00,4,2022-11-07,Monday,2022-11-06 18:00:00+00:00,2022-11-06 22:00:00+00:00,2022-11-06 22:00:00+00:00,2022-11-07 02:00:00+00:00,353.48,350.08,3.400000000000034,False,OPPOSITE_VISIT_BEFORE_K1,0,1,,,False,,,OPPOSITE_VISIT_BEFORE_K1,2022-11-06 22:00:00+00:00,
60,01:00,4,2022-11-08,Tuesday,2022-11-07 18:00:00+00:00,2022-11-07 22:00:00+00:00,2022-11-07 22:00:00+00:00,2022-11-08 02:00:00+00:00,344.19,335.39,8.800000000000011,False,BREAK_BEFORE_K1,0,0,,,False,,,BREAK_BEFORE_K1,2022-11-07 22:15:00+00:00,
60,01:00,4,2022-11-09,Wednesday,2022-11-08 18:00:00+00:00,2022-11-08 22:00:00+00:00,2022-11-08 22:00:00+00:00,2022-11-09 02:00:00+00:00,357.28,298.17,59.10999999999996,False,NO_K1,0,0,,,False,,,NO_K1,,
60,01:00,4,2022-11-10,Thursday,2022-11-09 18:00:00+00:00,2022-11-09 22:00:00+00:00,2022-11-09 22:00:00+00:00,2022-11-10 02:00:00+00:00,288.59,260.8,27.789999999999964,False,BREAK_BEFORE_K1,0,0,,,False,,,BREAK_BEFORE_K1,2022-11-09 22:05:00+00:00,
60,01:00,4,2022-11-11,Friday,2022-11-10 18:00:00+00:00,2022-11-10 22:00:00+00:00,2022-11-10 22:00:00+00:00,2022-11-11 02:00:00+00:00,308.55,296.76,11.79000000000002,False,BREAK_BEFORE_K1,0,0,,,False,,,BREAK_BEFORE_K1,2022-11-11 01:50:00+00:00,
60,01:00,4,2022-11-12,Saturday,2022-11-11 18:00:00+00:00,2022-11-11 22:00:00+00:00,2022-11-11 22:00:00+00:00,2022-11-12 02:00:00+00:00,289.39,284.7,4.689999999999998,True,,1,0,2022-11-11 22:55:00+00:00,2022-11-11 23:00:00+00:00,False,,,BREAK_DURING_K1,2022-11-11 23:00:00+00:00,
60,01:00,4,2022-11-13,Sunday,2022-11-12 18:00:00+00:00,2022-11-12 22:00:00+00:00,2022-11-12 22:00:00+00:00,2022-11-13 02:00:00+00:00,283.36,280.52,2.840000000000032,True,,1,0,2022-11-13 00:20:00+00:00,2022-11-13 00:25:00+00:00,False,,,BREAK_DURING_K1,2022-11-13 00:25:00+00:00,
60,01:00,4,2022-11-14,Monday,2022-11-13 18:00:00+00:00,2022-11-13 22:00:00+00:00,2022-11-13 22:00:00+00:00,2022-11-14 02:00:00+00:00,279.37,273.0,6.3700000000000045,False,BREAK_BEFORE_K1,0,0,,,False,,,BREAK_BEFORE_K1,2022-11-14 00:20:00+00:00,
60,01:00,4,2022-11-15,Tuesday,2022-11-14 18:00:00+00:00,2022-11-14 22:00:00+00:00,2022-11-14 22:00:00+00:00,2022-11-15 02:00:00+00:00,277.75,271.74,6.009999999999991,False,BREAK_BEFORE_K1,0,0,,,False,,,BREAK_BEFORE_K1,2022-11-14 23:15:00+00:00,
60,01:00,4,2022-11-16,Wednesday,2022-11-15 18:00:00+00:00,2022-11-15 22:00:00+00:00,2022-11-15 22:00:00+00:00,2022-11-16 02:00:00+00:00,279.91,272.9,7.010000000000048,False,NO_K1,0,0,,,False,,,NO_K1,,
60,01:00,4,2022-11-17,Thursday,2022-11-16 18:00:00+00:00,2022-11-16 22:00:00+00:00,2022-11-16 22:00:00+00:00,2022-11-17 02:00:00+00:00,273.24,269.48,3.759999999999991,True,,1,0,2022-11-17 00:45:00+00:00,2022-11-17 00:50:00+00:00,True,2022-11-17 00:50:00+00:00,2022-11-17 00:55:00+00:00,H2_ARRIVAL,2022-11-17 01:10:00+00:00,20.0
60,01:00,4,2022-11-18,Friday,2022-11-17 18:00:00+00:00,2022-11-17 22:00:00+00:00,2022-11-17 22:00:00+00:00,2022-11-18 02:00:00+00:00,268.95,267.08,1.8700000000000045,False,OPPOSITE_VISIT_BEFORE_K1,0,1,,,False,,,OPPOSITE_VISIT_BEFORE_K1,2022-11-17 23:35:00+00:00,
60,01:00,4,2022-11-19,Saturday,2022-11-18 18:00:00+00:00,2022-11-18 22:00:00+00:00,2022-11-18 22:00:00+00:00,2022-11-19 02:00:00+00:00,274.2,270.33,3.8700000000000045,False,BREAK_BEFORE_K1,0,0,,,False,,,BREAK_BEFORE_K1,2022-11-18 22:05:00+00:00,
60,01:00,4,2022-11-20,Sunday,2022-11-19 18:00:00+00:00,2022-11-19 22:00:00+00:00,2022-11-19 22:00:00+00:00,2022-11-20 02:00:00+00:00,272.34,270.62,1.7199999999999704,False,BREAK_BEFORE_K1,0,0,,,False,,,BREAK_BEFORE_K1,2022-11-19 22:00:00+00:00,
60,01:00,4,2022-11-21,Monday,2022-11-20 18:00:00+00:00,2022-11-20 22:00:00+00:00,2022-11-20 22:00:00+00:00,2022-11-21 02:00:00+00:00,269.84,261.36,8.479999999999961,False,OPPOSITE_VISIT_BEFORE_K1,0,1,,,False,,,OPPOSITE_VISIT_BEFORE_K1,2022-11-21 00:05:00+00:00,
60,01:00,4,2022-11-22,Tuesday,2022-11-21 18:00:00+00:00,2022-11-21 22:00:00+00:00,2022-11-21 22:00:00+00:00,2022-11-22 02:00:00+00:00,256.08,249.12,6.9599999999999795,False,BREAK_BEFORE_K1,0,0,,,False,,,BREAK_BEFORE_K1,2022-11-22 00:20:00+00:00,
60,01:00,4,2022-11-23,Wednesday,2022-11-22 18:00:00+00:00,2022-11-22 22:00:00+00:00,2022-11-22 22:00:00+00:00,2022-11-23 02:00:00+00:00,265.59,261.68,3.909999999999968,True,,1,0,2022-11-22 22:00:00+00:00,2022-11-22 22:05:00+00:00,True,2022-11-22 22:15:00+00:00,2022-11-22 22:20:00+00:00,H2_ARRIVAL,2022-11-22 22:20:00+00:00,5.0
60,01:00,4,2022-11-24,Thursday,2022-11-23 18:00:00+00:00,2022-11-23 22:00:00+00:00,2022-11-23 22:00:00+00:00,2022-11-24 02:00:00+00:00,302.16,293.44,8.720000000000027,False,OPPOSITE_VISIT_BEFORE_K1,0,1,,,False,,,OPPOSITE_VISIT_BEFORE_K1,2022-11-23 22:30:00+00:00,
60,01:00,4,2022-11-25,Friday,2022-11-24 18:00:00+00:00,2022-11-24 22:00:00+00:00,2022-11-24 22:00:00+00:00,2022-11-25 02:00:00+00:00,299.81,297.34,2.4700000000000273,True,,1,0,2022-11-24 22:50:00+00:00,2022-11-24 22:55:00+00:00,False,,,BREAK_DURING_K1,2022-11-24 22:55:00+00:00,
60,01:00,4,2022-11-26,Saturday,2022-11-25 18:00:00+00:00,2022-11-25 22:00:00+00:00,2022-11-25 22:00:00+00:00,2022-11-26 02:00:00+00:00,302.5,299.49,3.009999999999991,False,OPPOSITE_VISIT_BEFORE_K1,0,1,,,False,,,OPPOSITE_VISIT_BEFORE_K1,2022-11-25 22:15:00+00:00,
60,01:00,4,2022-11-27,Sunday,2022-11-26 18:00:00+00:00,2022-11-26 22:00:00+00:00,2022-11-26 22:00:00+00:00,2022-11-27 02:00:00+00:00,314.56,311.01,3.5500000000000114,False,BREAK_BEFORE_K1,0,0,,,False,,,BREAK_BEFORE_K1,2022-11-26 22:40:00+00:00,
60,01:00,4,2022-11-28,Monday,2022-11-27 18:00:00+00:00,2022-11-27 22:00:00+00:00,2022-11-27 22:00:00+00:00,2022-11-28 02:00:00+00:00,313.99,309.39,4.600000000000023,True,,1,0,2022-11-27 22:00:00+00:00,2022-11-27 22:05:00+00:00,True,2022-11-27 22:10:00+00:00,2022-11-27 22:15:00+00:00,OPPOSITE_BREAK_BEFORE_H2,2022-11-27 23:20:00+00:00,
60,01:00,4,2022-11-29,Tuesday,2022-11-28 18:00:00+00:00,2022-11-28 22:00:00+00:00,2022-11-28 22:00:00+00:00,2022-11-29 02:00:00+00:00,294.16,291.1,3.0600000000000023,False,BREAK_BEFORE_K1,0,0,,,False,,,BREAK_BEFORE_K1,2022-11-29 00:10:00+00:00,
60,01:00,4,2022-11-30,Wednesday,2022-11-29 18:00:00+00:00,2022-11-29 22:00:00+00:00,2022-11-29 22:00:00+00:00,2022-11-30 02:00:00+00:00,297.27,295.02,2.25,True,,1,0,2022-11-29 23:00:00+00:00,2022-11-29 23:05:00+00:00,True,2022-11-29 23:05:00+00:00,2022-11-29 23:10:00+00:00,H2_ARRIVAL,2022-11-30 00:30:00+00:00,85.0
60,01:00,4,2022-12-01,Thursday,2022-11-30 18:00:00+00:00,2022-11-30 22:00:00+00:00,2022-11-30 22:00:00+00:00,2022-12-01 02:00:00+00:00,301.36,293.15,8.210000000000036,True,,1,0,2022-11-30 23:35:00+00:00,2022-11-30 23:40:00+00:00,False,,,BREAK_DURING_K1,2022-11-30 23:40:00+00:00,
60,01:00,4,2022-12-02,Friday,2022-12-01 18:00:00+00:00,2022-12-01 22:00:00+00:00,2022-12-01 22:00:00+00:00,2022-12-02 02:00:00+00:00,292.94,290.86,2.079999999999984,True,,1,0,2022-12-01 22:20:00+00:00,2022-12-01 22:25:00+00:00,False,,,BREAK_DURING_K1,2022-12-01 22:30:00+00:00,
60,01:00,4,2022-12-03,Saturday,2022-12-02 18:00:00+00:00,2022-12-02 22:00:00+00:00,2022-12-02 22:00:00+00:00,2022-12-03 02:00:00+00:00,291.75,289.42,2.329999999999984,False,BREAK_BEFORE_K1,0,0,,,False,,,BREAK_BEFORE_K1,2022-12-02 22:25:00+00:00,
60,01:00,4,2022-12-04,Sunday,2022-12-03 18:00:00+00:00,2022-12-03 22:00:00+00:00,2022-12-03 22:00:00+00:00,2022-12-04 02:00:00+00:00,292.57,290.65,1.920000000000016,False,BREAK_BEFORE_K1,0,0,,,False,,,BREAK_BEFORE_K1,2022-12-03 22:30:00+00:00,
60,01:00,4,2022-12-05,Monday,2022-12-04 18:00:00+00:00,2022-12-04 22:00:00+00:00,2022-12-04 22:00:00+00:00,2022-12-05 02:00:00+00:00,291.97,290.31,1.660000000000025,False,BREAK_BEFORE_K1,0,0,,,False,,,BREAK_BEFORE_K1,2022-12-04 23:30:00+00:00,
60,01:00,4,2022-12-06,Tuesday,2022-12-05 18:00:00+00:00,2022-12-05 22:00:00+00:00,2022-12-05 22:00:00+00:00,2022-12-06 02:00:00+00:00,290.56,286.01,4.550000000000011,False,NO_K1,0,0,,,False,,,NO_K1,,
60,01:00,4,2022-12-07,Wednesday,2022-12-06 18:00:00+00:00,2022-12-06 22:00:00+00:00,2022-12-06 22:00:00+00:00,2022-12-07 02:00:00+00:00,289.15,286.78,2.3700000000000045,False,BREAK_BEFORE_K1,0,0,,,False,,,BREAK_BEFORE_K1,2022-12-06 22:20:00+00:00,
60,01:00,4,2022-12-08,Thursday,2022-12-07 18:00:00+00:00,2022-12-07 22:00:00+00:00,2022-12-07 22:00:00+00:00,2022-12-08 02:00:00+00:00,283.96,282.23,1.7299999999999613,False,BREAK_BEFORE_K1,0,0,,,False,,,BREAK_BEFORE_K1,2022-12-07 22:45:00+00:00,
60,01:00,4,2022-12-09,Friday,2022-12-08 18:00:00+00:00,2022-12-08 22:00:00+00:00,2022-12-08 22:00:00+00:00,2022-12-09 02:00:00+00:00,291.99,287.72,4.269999999999982,False,NO_K1,0,0,,,False,,,NO_K1,,
60,01:00,4,2022-12-10,Saturday,2022-12-09 18:00:00+00:00,2022-12-09 22:00:00+00:00,2022-12-09 22:00:00+00:00,2022-12-10 02:00:00+00:00,289.14,284.5,4.639999999999986,False,NO_K1,0,0,,,False,,,NO_K1,,
60,01:00,4,2022-12-11,Sunday,2022-12-10 18:00:00+00:00,2022-12-10 22:00:00+00:00,2022-12-10 22:00:00+00:00,2022-12-11 02:00:00+00:00,288.55,287.6,0.9499999999999886,False,OPPOSITE_VISIT_BEFORE_K1,0,1,,,False,,,OPPOSITE_VISIT_BEFORE_K1,2022-12-10 22:00:00+00:00,
60,01:00,4,2022-12-12,Monday,2022-12-11 18:00:00+00:00,2022-12-11 22:00:00+00:00,2022-12-11 22:00:00+00:00,2022-12-12 02:00:00+00:00,291.49,284.0,7.490000000000009,False,OPPOSITE_VISIT_BEFORE_K1,0,1,,,False,,,OPPOSITE_VISIT_BEFORE_K1,2022-12-11 23:35:00+00:00,
60,01:00,4,2022-12-13,Tuesday,2022-12-12 18:00:00+00:00,2022-12-12 22:00:00+00:00,2022-12-12 22:00:00+00:00,2022-12-13 02:00:00+00:00,277.4,272.95,4.449999999999989,True,,1,0,2022-12-12 23:40:00+00:00,2022-12-12 23:45:00+00:00,True,2022-12-12 23:50:00+00:00,2022-12-12 23:55:00+00:00,NO_H2_BY_END,,
60,01:00,4,2022-12-14,Wednesday,2022-12-13 18:00:00+00:00,2022-12-13 22:00:00+00:00,2022-12-13 22:00:00+00:00,2022-12-14 02:00:00+00:00,273.99,266.85,7.139999999999986,True,,1,0,2022-12-14 00:00:00+00:00,2022-12-14 00:05:00+00:00,True,2022-12-14 00:05:00+00:00,2022-12-14 00:10:00+00:00,H2_ARRIVAL,2022-12-14 00:40:00+00:00,35.0
60,01:00,4,2022-12-15,Thursday,2022-12-14 18:00:00+00:00,2022-12-14 22:00:00+00:00,2022-12-14 22:00:00+00:00,2022-12-15 02:00:00+00:00,274.09,265.0,9.089999999999975,False,BREAK_BEFORE_K1,0,0,,,False,,,BREAK_BEFORE_K1,2022-12-15 01:35:00+00:00,
60,01:00,4,2022-12-16,Friday,2022-12-15 18:00:00+00:00,2022-12-15 22:00:00+00:00,2022-12-15 22:00:00+00:00,2022-12-16 02:00:00+00:00,262.08,257.93,4.149999999999977,False,BREAK_BEFORE_K1,0,0,,,False,,,BREAK_BEFORE_K1,2022-12-15 22:00:00+00:00,
60,01:00,4,2022-12-17,Saturday,2022-12-16 18:00:00+00:00,2022-12-16 22:00:00+00:00,2022-12-16 22:00:00+00:00,2022-12-17 02:00:00+00:00,246.62,241.36,5.259999999999991,False,BREAK_BEFORE_K1,0,0,,,False,,,BREAK_BEFORE_K1,2022-12-16 22:20:00+00:00,
60,01:00,4,2022-12-18,Sunday,2022-12-17 18:00:00+00:00,2022-12-17 22:00:00+00:00,2022-12-17 22:00:00+00:00,2022-12-18 02:00:00+00:00,237.77,234.65,3.1200000000000045,False,BREAK_BEFORE_K1,0,0,,,False,,,BREAK_BEFORE_K1,2022-12-17 22:35:00+00:00,
60,01:00,4,2022-12-19,Monday,2022-12-18 18:00:00+00:00,2022-12-18 22:00:00+00:00,2022-12-18 22:00:00+00:00,2022-12-19 02:00:00+00:00,251.8,246.39,5.410000000000025,False,BREAK_BEFORE_K1,0,0,,,False,,,BREAK_BEFORE_K1,2022-12-18 22:35:00+00:00,
60,01:00,4,2022-12-20,Tuesday,2022-12-19 18:00:00+00:00,2022-12-19 22:00:00+00:00,2022-12-19 22:00:00+00:00,2022-12-20 02:00:00+00:00,244.8,240.3,4.5,False,BREAK_BEFORE_K1,0,0,,,False,,,BREAK_BEFORE_K1,2022-12-19 22:30:00+00:00,
60,01:00,4,2022-12-21,Wednesday,2022-12-20 18:00:00+00:00,2022-12-20 22:00:00+00:00,2022-12-20 22:00:00+00:00,2022-12-21 02:00:00+00:00,251.25,247.81,3.4399999999999977,True,,1,0,2022-12-20 22:10:00+00:00,2022-12-20 22:15:00+00:00,True,2022-12-20 22:15:00+00:00,2022-12-20 22:20:00+00:00,H2_ARRIVAL,2022-12-20 22:45:00+00:00,30.0
60,01:00,4,2022-12-22,Thursday,2022-12-21 18:00:00+00:00,2022-12-21 22:00:00+00:00,2022-12-21 22:00:00+00:00,2022-12-22 02:00:00+00:00,248.27,245.0,3.2700000000000102,True,,1,0,2022-12-22 01:15:00+00:00,2022-12-22 01:20:00+00:00,True,2022-12-22 01:20:00+00:00,2022-12-22 01:25:00+00:00,NO_H2_BY_END,,
60,01:00,4,2022-12-23,Friday,2022-12-22 18:00:00+00:00,2022-12-22 22:00:00+00:00,2022-12-22 22:00:00+00:00,2022-12-23 02:00:00+00:00,247.0,240.55,6.449999999999989,False,NO_K1,0,0,,,False,,,NO_K1,,
60,01:00,4,2022-12-24,Saturday,2022-12-23 18:00:00+00:00,2022-12-23 22:00:00+00:00,2022-12-23 22:00:00+00:00,2022-12-24 02:00:00+00:00,246.34,245.39,0.950000000000017,False,OPPOSITE_VISIT_BEFORE_K1,0,1,,,False,,,OPPOSITE_VISIT_BEFORE_K1,2022-12-23 22:20:00+00:00,
60,01:00,4,2022-12-25,Sunday,2022-12-24 18:00:00+00:00,2022-12-24 22:00:00+00:00,2022-12-24 22:00:00+00:00,2022-12-25 02:00:00+00:00,244.96,243.83,1.1299999999999955,False,OPPOSITE_VISIT_BEFORE_K1,0,1,,,False,,,OPPOSITE_VISIT_BEFORE_K1,2022-12-24 22:00:00+00:00,
60,01:00,4,2022-12-26,Monday,2022-12-25 18:00:00+00:00,2022-12-25 22:00:00+00:00,2022-12-25 22:00:00+00:00,2022-12-26 02:00:00+00:00,243.66,241.2,2.460000000000008,True,,1,0,2022-12-25 22:05:00+00:00,2022-12-25 22:10:00+00:00,True,2022-12-25 22:10:00+00:00,2022-12-25 22:15:00+00:00,H2_ARRIVAL,2022-12-26 01:45:00+00:00,215.0
60,01:00,4,2022-12-27,Tuesday,2022-12-26 18:00:00+00:00,2022-12-26 22:00:00+00:00,2022-12-26 22:00:00+00:00,2022-12-27 02:00:00+00:00,243.13,241.88,1.25,True,,1,0,2022-12-26 23:30:00+00:00,2022-12-26 23:35:00+00:00,False,,,BREAK_DURING_K1,2022-12-26 23:35:00+00:00,
60,01:00,4,2022-12-28,Wednesday,2022-12-27 18:00:00+00:00,2022-12-27 22:00:00+00:00,2022-12-27 22:00:00+00:00,2022-12-28 02:00:00+00:00,246.34,244.34,2.0,True,,1,0,2022-12-27 22:55:00+00:00,2022-12-27 23:00:00+00:00,True,2022-12-27 23:15:00+00:00,2022-12-27 23:20:00+00:00,H2_ARRIVAL,2022-12-27 23:25:00+00:00,10.0
60,01:00,4,2022-12-29,Thursday,2022-12-28 18:00:00+00:00,2022-12-28 22:00:00+00:00,2022-12-28 22:00:00+00:00,2022-12-29 02:00:00+00:00,244.96,241.89,3.0700000000000216,False,BREAK_BEFORE_K1,0,0,,,False,,,BREAK_BEFORE_K1,2022-12-29 00:00:00+00:00,
60,01:00,4,2022-12-30,Friday,2022-12-29 18:00:00+00:00,2022-12-29 22:00:00+00:00,2022-12-29 22:00:00+00:00,2022-12-30 02:00:00+00:00,246.29,244.46,1.829999999999984,True,,1,0,2022-12-29 22:35:00+00:00,2022-12-29 22:40:00+00:00,True,2022-12-29 22:40:00+00:00,2022-12-29 22:45:00+00:00,H2_ARRIVAL,2022-12-29 23:15:00+00:00,35.0
60,01:00,4,2022-12-31,Saturday,2022-12-30 18:00:00+00:00,2022-12-30 22:00:00+00:00,2022-12-30 22:00:00+00:00,2022-12-31 02:00:00+00:00,245.72,244.52,1.1999999999999886,False,BREAK_BEFORE_K1,0,0,,,False,,,BREAK_BEFORE_K1,2022-12-30 23:05:00+00:00,
60,01:00,4,2023-01-01,Sunday,2022-12-31 18:00:00+00:00,2022-12-31 22:00:00+00:00,2022-12-31 22:00:00+00:00,2023-01-01 02:00:00+00:00,247.35,246.31,1.039999999999992,False,BREAK_BEFORE_K1,0,0,,,False,,,BREAK_BEFORE_K1,2022-12-31 22:50:00+00:00,
60,01:00,4,2023-01-02,Monday,2023-01-01 18:00:00+00:00,2023-01-01 22:00:00+00:00,2023-01-01 22:00:00+00:00,2023-01-02 02:00:00+00:00,245.81,244.68,1.1299999999999955,False,OPPOSITE_VISIT_BEFORE_K1,0,1,,,False,,,OPPOSITE_VISIT_BEFORE_K1,2023-01-01 22:05:00+00:00,
60,01:00,4,2023-01-03,Tuesday,2023-01-02 18:00:00+00:00,2023-01-02 22:00:00+00:00,2023-01-02 22:00:00+00:00,2023-01-03 02:00:00+00:00,247.73,246.08,1.6499999999999773,False,OPPOSITE_VISIT_BEFORE_K1,0,1,,,False,,,OPPOSITE_VISIT_BEFORE_K1,2023-01-02 22:45:00+00:00,
60,01:00,4,2023-01-04,Wednesday,2023-01-03 18:00:00+00:00,2023-01-03 22:00:00+00:00,2023-01-03 22:00:00+00:00,2023-01-04 02:00:00+00:00,245.78,244.54,1.240000000000009,False,BREAK_BEFORE_K1,0,0,,,False,,,BREAK_BEFORE_K1,2023-01-03 22:00:00+00:00,
60,01:00,4,2023-01-05,Thursday,2023-01-04 18:00:00+00:00,2023-01-04 22:00:00+00:00,2023-01-04 22:00:00+00:00,2023-01-05 02:00:00+00:00,260.65,254.7,5.949999999999989,False,NO_K1,0,0,,,False,,,NO_K1,,
60,01:00,4,2023-01-06,Friday,2023-01-05 18:00:00+00:00,2023-01-05 22:00:00+00:00,2023-01-05 22:00:00+00:00,2023-01-06 02:00:00+00:00,258.22,256.2,2.0200000000000387,False,BREAK_BEFORE_K1,0,0,,,False,,,BREAK_BEFORE_K1,2023-01-05 23:20:00+00:00,
60,01:00,4,2023-01-07,Saturday,2023-01-06 18:00:00+00:00,2023-01-06 22:00:00+00:00,2023-01-06 22:00:00+00:00,2023-01-07 02:00:00+00:00,260.5,258.21,2.2900000000000205,False,BREAK_BEFORE_K1,0,0,,,False,,,BREAK_BEFORE_K1,2023-01-07 00:55:00+00:00,
60,01:00,4,2023-01-08,Sunday,2023-01-07 18:00:00+00:00,2023-01-07 22:00:00+00:00,2023-01-07 22:00:00+00:00,2023-01-08 02:00:00+00:00,261.62,260.94,0.6800000000000068,False,OPPOSITE_VISIT_BEFORE_K1,0,1,,,False,,,OPPOSITE_VISIT_BEFORE_K1,2023-01-07 22:00:00+00:00,
60,01:00,4,2023-01-09,Monday,2023-01-08 18:00:00+00:00,2023-01-08 22:00:00+00:00,2023-01-08 22:00:00+00:00,2023-01-09 02:00:00+00:00,271.13,264.89,6.240000000000009,False,BREAK_BEFORE_K1,0,0,,,False,,,BREAK_BEFORE_K1,2023-01-08 22:50:00+00:00,
60,01:00,4,2023-01-10,Tuesday,2023-01-09 18:00:00+00:00,2023-01-09 22:00:00+00:00,2023-01-09 22:00:00+00:00,2023-01-10 02:00:00+00:00,282.21,271.56,10.649999999999977,False,OPPOSITE_VISIT_BEFORE_K1,0,1,,,False,,,OPPOSITE_VISIT_BEFORE_K1,2023-01-09 22:00:00+00:00,
60,01:00,4,2023-01-11,Wednesday,2023-01-10 18:00:00+00:00,2023-01-10 22:00:00+00:00,2023-01-10 22:00:00+00:00,2023-01-11 02:00:00+00:00,278.65,274.64,4.009999999999991,False,NO_K1,0,0,,,False,,,NO_K1,,
60,01:00,4,2023-01-12,Thursday,2023-01-11 18:00:00+00:00,2023-01-11 22:00:00+00:00,2023-01-11 22:00:00+00:00,2023-01-12 02:00:00+00:00,279.94,276.95,2.990000000000009,True,,1,0,2023-01-11 22:00:00+00:00,2023-01-11 22:05:00+00:00,True,2023-01-11 22:05:00+00:00,2023-01-11 22:10:00+00:00,H2_ARRIVAL,2023-01-11 22:40:00+00:00,35.0
60,01:00,4,2023-01-13,Friday,2023-01-12 18:00:00+00:00,2023-01-12 22:00:00+00:00,2023-01-12 22:00:00+00:00,2023-01-13 02:00:00+00:00,288.67,284.53,4.140000000000043,False,NO_K1,0,0,,,False,,,NO_K1,,
60,01:00,4,2023-01-14,Saturday,2023-01-13 18:00:00+00:00,2023-01-13 22:00:00+00:00,2023-01-13 22:00:00+00:00,2023-01-14 02:00:00+00:00,294.67,286.7,7.970000000000027,False,BREAK_BEFORE_K1,0,0,,,False,,,BREAK_BEFORE_K1,2023-01-13 22:35:00+00:00,
60,01:00,4,2023-01-15,Sunday,2023-01-14 18:00:00+00:00,2023-01-14 22:00:00+00:00,2023-01-14 22:00:00+00:00,2023-01-15 02:00:00+00:00,304.84,302.31,2.5299999999999727,False,BREAK_BEFORE_K1,0,0,,,False,,,BREAK_BEFORE_K1,2023-01-14 22:35:00+00:00,
60,01:00,4,2023-01-16,Monday,2023-01-15 18:00:00+00:00,2023-01-15 22:00:00+00:00,2023-01-15 22:00:00+00:00,2023-01-16 02:00:00+00:00,302.66,298.0,4.660000000000025,False,BREAK_BEFORE_K1,0,0,,,False,,,BREAK_BEFORE_K1,2023-01-15 22:50:00+00:00,
60,01:00,4,2023-01-17,Tuesday,2023-01-16 18:00:00+00:00,2023-01-16 22:00:00+00:00,2023-01-16 22:00:00+00:00,2023-01-17 02:00:00+00:00,302.55,298.2,4.350000000000023,False,BREAK_BEFORE_K1,0,0,,,False,,,BREAK_BEFORE_K1,2023-01-17 00:00:00+00:00,
60,01:00,4,2023-01-18,Wednesday,2023-01-17 18:00:00+00:00,2023-01-17 22:00:00+00:00,2023-01-17 22:00:00+00:00,2023-01-18 02:00:00+00:00,303.63,301.48,2.1499999999999773,False,OPPOSITE_VISIT_BEFORE_K1,0,1,,,False,,,OPPOSITE_VISIT_BEFORE_K1,2023-01-17 22:35:00+00:00,
60,01:00,4,2023-01-19,Thursday,2023-01-18 18:00:00+00:00,2023-01-18 22:00:00+00:00,2023-01-18 22:00:00+00:00,2023-01-19 02:00:00+00:00,296.36,287.51,8.850000000000023,False,OPPOSITE_VISIT_BEFORE_K1,0,1,,,False,,,OPPOSITE_VISIT_BEFORE_K1,2023-01-18 22:15:00+00:00,
60,01:00,4,2023-01-20,Friday,2023-01-19 18:00:00+00:00,2023-01-19 22:00:00+00:00,2023-01-19 22:00:00+00:00,2023-01-20 02:00:00+00:00,295.4,289.84,5.560000000000002,True,,1,0,2023-01-20 00:05:00+00:00,2023-01-20 00:10:00+00:00,True,2023-01-20 00:10:00+00:00,2023-01-20 00:15:00+00:00,NO_H2_BY_END,,
60,01:00,4,2023-01-21,Saturday,2023-01-20 18:00:00+00:00,2023-01-20 22:00:00+00:00,2023-01-20 22:00:00+00:00,2023-01-21 02:00:00+00:00,303.34,291.65,11.689999999999998,False,BREAK_BEFORE_K1,0,0,,,False,,,BREAK_BEFORE_K1,2023-01-20 22:15:00+00:00,
60,01:00,4,2023-01-22,Sunday,2023-01-21 18:00:00+00:00,2023-01-21 22:00:00+00:00,2023-01-21 22:00:00+00:00,2023-01-22 02:00:00+00:00,305.19,302.8,2.3899999999999864,False,OPPOSITE_VISIT_BEFORE_K1,0,1,,,False,,,OPPOSITE_VISIT_BEFORE_K1,2023-01-21 22:25:00+00:00,
60,01:00,4,2023-01-23,Monday,2023-01-22 18:00:00+00:00,2023-01-22 22:00:00+00:00,2023-01-22 22:00:00+00:00,2023-01-23 02:00:00+00:00,312.0,298.5,13.5,False,NO_K1,0,0,,,False,,,NO_K1,,
60,01:00,4,2023-01-24,Tuesday,2023-01-23 18:00:00+00:00,2023-01-23 22:00:00+00:00,2023-01-23 22:00:00+00:00,2023-01-24 02:00:00+00:00,306.78,303.5,3.2799999999999727,True,,1,0,2023-01-23 22:10:00+00:00,2023-01-23 22:15:00+00:00,True,2023-01-23 22:15:00+00:00,2023-01-23 22:20:00+00:00,H2_ARRIVAL,2023-01-23 22:45:00+00:00,30.0
60,01:00,4,2023-01-25,Wednesday,2023-01-24 18:00:00+00:00,2023-01-24 22:00:00+00:00,2023-01-24 22:00:00+00:00,2023-01-25 02:00:00+00:00,311.36,305.57,5.7900000000000205,False,OPPOSITE_VISIT_BEFORE_K1,0,1,,,False,,,OPPOSITE_VISIT_BEFORE_K1,2023-01-24 22:00:00+00:00,
60,01:00,4,2023-01-26,Thursday,2023-01-25 18:00:00+00:00,2023-01-25 22:00:00+00:00,2023-01-25 22:00:00+00:00,2023-01-26 02:00:00+00:00,310.29,300.07,10.220000000000027,False,BREAK_BEFORE_K1,0,0,,,False,,,BREAK_BEFORE_K1,2023-01-25 22:00:00+00:00,
60,01:00,4,2023-01-27,Friday,2023-01-26 18:00:00+00:00,2023-01-26 22:00:00+00:00,2023-01-26 22:00:00+00:00,2023-01-27 02:00:00+00:00,307.1,303.41,3.6899999999999977,False,OPPOSITE_VISIT_BEFORE_K1,0,1,,,False,,,OPPOSITE_VISIT_BEFORE_K1,2023-01-27 00:15:00+00:00,
60,01:00,4,2023-01-28,Saturday,2023-01-27 18:00:00+00:00,2023-01-27 22:00:00+00:00,2023-01-27 22:00:00+00:00,2023-01-28 02:00:00+00:00,310.73,305.29,5.439999999999998,False,NO_K1,0,0,,,False,,,NO_K1,,
60,01:00,4,2023-01-29,Sunday,2023-01-28 18:00:00+00:00,2023-01-28 22:00:00+00:00,2023-01-28 22:00:00+00:00,2023-01-29 02:00:00+00:00,306.89,304.08,2.8100000000000023,True,,1,0,2023-01-29 00:30:00+00:00,2023-01-29 00:35:00+00:00,False,,,BREAK_DURING_K1,2023-01-29 00:35:00+00:00,
60,01:00,4,2023-01-30,Monday,2023-01-29 18:00:00+00:00,2023-01-29 22:00:00+00:00,2023-01-29 22:00:00+00:00,2023-01-30 02:00:00+00:00,320.71,315.0,5.7099999999999795,False,BREAK_BEFORE_K1,0,0,,,False,,,BREAK_BEFORE_K1,2023-01-30 00:45:00+00:00,
60,01:00,4,2023-01-31,Tuesday,2023-01-30 18:00:00+00:00,2023-01-30 22:00:00+00:00,2023-01-30 22:00:00+00:00,2023-01-31 02:00:00+00:00,309.41,300.88,8.53000000000003,False,BREAK_BEFORE_K1,0,0,,,False,,,BREAK_BEFORE_K1,2023-01-31 01:10:00+00:00,
60,01:00,4,2023-02-01,Wednesday,2023-01-31 18:00:00+00:00,2023-01-31 22:00:00+00:00,2023-01-31 22:00:00+00:00,2023-02-01 02:00:00+00:00,314.12,309.3,4.819999999999993,False,OPPOSITE_VISIT_BEFORE_K1,0,1,,,False,,,OPPOSITE_VISIT_BEFORE_K1,2023-01-31 22:30:00+00:00,
60,01:00,4,2023-02-02,Thursday,2023-02-01 18:00:00+00:00,2023-02-01 22:00:00+00:00,2023-02-01 22:00:00+00:00,2023-02-02 02:00:00+00:00,319.58,306.77,12.810000000000002,False,BREAK_BEFORE_K1,0,0,,,False,,,BREAK_BEFORE_K1,2023-02-02 00:40:00+00:00,
60,01:00,4,2023-02-03,Friday,2023-02-02 18:00:00+00:00,2023-02-02 22:00:00+00:00,2023-02-02 22:00:00+00:00,2023-02-03 02:00:00+00:00,332.98,322.16,10.819999999999993,False,OPPOSITE_VISIT_BEFORE_K1,0,1,,,False,,,OPPOSITE_VISIT_BEFORE_K1,2023-02-02 22:00:00+00:00,
60,01:00,4,2023-02-04,Saturday,2023-02-03 18:00:00+00:00,2023-02-03 22:00:00+00:00,2023-02-03 22:00:00+00:00,2023-02-04 02:00:00+00:00,332.98,328.43,4.550000000000011,False,OPPOSITE_VISIT_BEFORE_K1,0,1,,,False,,,OPPOSITE_VISIT_BEFORE_K1,2023-02-03 22:10:00+00:00,
60,01:00,4,2023-02-05,Sunday,2023-02-04 18:00:00+00:00,2023-02-04 22:00:00+00:00,2023-02-04 22:00:00+00:00,2023-02-05 02:00:00+00:00,332.31,329.55,2.759999999999991,False,OPPOSITE_VISIT_BEFORE_K1,0,1,,,False,,,OPPOSITE_VISIT_BEFORE_K1,2023-02-04 23:40:00+00:00,
60,01:00,4,2023-02-06,Monday,2023-02-05 18:00:00+00:00,2023-02-05 22:00:00+00:00,2023-02-05 22:00:00+00:00,2023-02-06 02:00:00+00:00,327.5,324.41,3.089999999999975,False,BREAK_BEFORE_K1,0,0,,,False,,,BREAK_BEFORE_K1,2023-02-05 22:30:00+00:00,
60,01:00,4,2023-02-07,Tuesday,2023-02-06 18:00:00+00:00,2023-02-06 22:00:00+00:00,2023-02-06 22:00:00+00:00,2023-02-07 02:00:00+00:00,330.0,327.78,2.2200000000000273,False,OPPOSITE_VISIT_BEFORE_K1,0,1,,,False,,,OPPOSITE_VISIT_BEFORE_K1,2023-02-06 22:05:00+00:00,
60,01:00,4,2023-02-08,Wednesday,2023-02-07 18:00:00+00:00,2023-02-07 22:00:00+00:00,2023-02-07 22:00:00+00:00,2023-02-08 02:00:00+00:00,332.94,326.07,6.8700000000000045,False,BREAK_BEFORE_K1,0,0,,,False,,,BREAK_BEFORE_K1,2023-02-07 22:45:00+00:00,
60,01:00,4,2023-02-09,Thursday,2023-02-08 18:00:00+00:00,2023-02-08 22:00:00+00:00,2023-02-08 22:00:00+00:00,2023-02-09 02:00:00+00:00,329.25,325.01,4.240000000000009,True,,1,0,2023-02-09 01:20:00+00:00,2023-02-09 01:25:00+00:00,True,2023-02-09 01:25:00+00:00,2023-02-09 01:30:00+00:00,NO_H2_BY_END,,
60,01:00,4,2023-02-10,Friday,2023-02-09 18:00:00+00:00,2023-02-09 22:00:00+00:00,2023-02-09 22:00:00+00:00,2023-02-10 02:00:00+00:00,318.28,302.0,16.279999999999973,False,BREAK_BEFORE_K1,0,0,,,False,,,BREAK_BEFORE_K1,2023-02-09 22:50:00+00:00,
60,01:00,4,2023-02-11,Saturday,2023-02-10 18:00:00+00:00,2023-02-10 22:00:00+00:00,2023-02-10 22:00:00+00:00,2023-02-11 02:00:00+00:00,308.56,304.14,4.420000000000016,False,NO_K1,0,0,,,False,,,NO_K1,,
60,01:00,4,2023-02-12,Sunday,2023-02-11 18:00:00+00:00,2023-02-11 22:00:00+00:00,2023-02-11 22:00:00+00:00,2023-02-12 02:00:00+00:00,310.98,306.7,4.28000000000003,True,,1,0,2023-02-11 22:40:00+00:00,2023-02-11 22:45:00+00:00,True,2023-02-11 22:50:00+00:00,2023-02-11 22:55:00+00:00,H2_ARRIVAL,2023-02-11 23:25:00+00:00,35.0
60,01:00,4,2023-02-13,Monday,2023-02-12 18:00:00+00:00,2023-02-12 22:00:00+00:00,2023-02-12 22:00:00+00:00,2023-02-13 02:00:00+00:00,320.49,314.4,6.090000000000032,False,BREAK_BEFORE_K1,0,0,,,False,,,BREAK_BEFORE_K1,2023-02-12 22:05:00+00:00,
60,01:00,4,2023-02-14,Tuesday,2023-02-13 18:00:00+00:00,2023-02-13 22:00:00+00:00,2023-02-13 22:00:00+00:00,2023-02-14 02:00:00+00:00,290.7,284.76,5.939999999999998,True,,1,0,2023-02-13 22:25:00+00:00,2023-02-13 22:30:00+00:00,False,,,BREAK_DURING_K1,2023-02-13 22:30:00+00:00,
60,01:00,4,2023-02-15,Wednesday,2023-02-14 18:00:00+00:00,2023-02-14 22:00:00+00:00,2023-02-14 22:00:00+00:00,2023-02-15 02:00:00+00:00,298.4,295.49,2.909999999999968,False,OPPOSITE_VISIT_BEFORE_K1,0,1,,,False,,,OPPOSITE_VISIT_BEFORE_K1,2023-02-14 22:50:00+00:00,
60,01:00,4,2023-02-16,Thursday,2023-02-15 18:00:00+00:00,2023-02-15 22:00:00+00:00,2023-02-15 22:00:00+00:00,2023-02-16 02:00:00+00:00,317.28,301.85,15.42999999999995,True,,1,0,2023-02-15 22:35:00+00:00,2023-02-15 22:40:00+00:00,True,2023-02-15 22:40:00+00:00,2023-02-15 22:45:00+00:00,H2_ARRIVAL,2023-02-15 23:10:00+00:00,30.0
60,01:00,4,2023-02-17,Friday,2023-02-16 18:00:00+00:00,2023-02-16 22:00:00+00:00,2023-02-16 22:00:00+00:00,2023-02-17 02:00:00+00:00,322.61,310.06,12.550000000000011,False,BREAK_BEFORE_K1,0,0,,,False,,,BREAK_BEFORE_K1,2023-02-16 22:20:00+00:00,
60,01:00,4,2023-02-18,Saturday,2023-02-17 18:00:00+00:00,2023-02-17 22:00:00+00:00,2023-02-17 22:00:00+00:00,2023-02-18 02:00:00+00:00,317.0,311.06,5.939999999999998,False,BREAK_BEFORE_K1,0,0,,,False,,,BREAK_BEFORE_K1,2023-02-17 22:05:00+00:00,
60,01:00,4,2023-02-19,Sunday,2023-02-18 18:00:00+00:00,2023-02-18 22:00:00+00:00,2023-02-18 22:00:00+00:00,2023-02-19 02:00:00+00:00,316.99,313.73,3.259999999999991,True,,1,0,2023-02-19 00:00:00+00:00,2023-02-19 00:05:00+00:00,True,2023-02-19 00:05:00+00:00,2023-02-19 00:10:00+00:00,H2_ARRIVAL,2023-02-19 00:45:00+00:00,40.0
60,01:00,4,2023-02-20,Monday,2023-02-19 18:00:00+00:00,2023-02-19 22:00:00+00:00,2023-02-19 22:00:00+00:00,2023-02-20 02:00:00+00:00,313.6,310.0,3.6000000000000227,True,,1,0,2023-02-19 22:10:00+00:00,2023-02-19 22:15:00+00:00,True,2023-02-19 22:15:00+00:00,2023-02-19 22:20:00+00:00,H2_ARRIVAL,2023-02-20 00:30:00+00:00,135.0
60,01:00,4,2023-02-21,Tuesday,2023-02-20 18:00:00+00:00,2023-02-20 22:00:00+00:00,2023-02-20 22:00:00+00:00,2023-02-21 02:00:00+00:00,315.08,312.93,2.1499999999999773,True,,1,0,2023-02-20 23:10:00+00:00,2023-02-20 23:15:00+00:00,True,2023-02-20 23:15:00+00:00,2023-02-20 23:20:00+00:00,H2_ARRIVAL,2023-02-20 23:50:00+00:00,35.0
60,01:00,4,2023-02-22,Wednesday,2023-02-21 18:00:00+00:00,2023-02-21 22:00:00+00:00,2023-02-21 22:00:00+00:00,2023-02-22 02:00:00+00:00,314.02,309.03,4.990000000000009,False,OPPOSITE_VISIT_BEFORE_K1,0,1,,,False,,,OPPOSITE_VISIT_BEFORE_K1,2023-02-22 00:45:00+00:00,
60,01:00,4,2023-02-23,Thursday,2023-02-22 18:00:00+00:00,2023-02-22 22:00:00+00:00,2023-02-22 22:00:00+00:00,2023-02-23 02:00:00+00:00,308.59,305.4,3.1899999999999977,True,,1,0,2023-02-22 22:25:00+00:00,2023-02-22 22:30:00+00:00,False,,,BREAK_DURING_K1,2023-02-22 22:30:00+00:00,
60,01:00,4,2023-02-24,Friday,2023-02-23 18:00:00+00:00,2023-02-23 22:00:00+00:00,2023-02-23 22:00:00+00:00,2023-02-24 02:00:00+00:00,309.88,306.58,3.3000000000000114,False,BREAK_BEFORE_K1,0,0,,,False,,,BREAK_BEFORE_K1,2023-02-23 22:15:00+00:00,
60,01:00,4,2023-02-25,Saturday,2023-02-24 18:00:00+00:00,2023-02-24 22:00:00+00:00,2023-02-24 22:00:00+00:00,2023-02-25 02:00:00+00:00,303.9,298.19,5.7099999999999795,False,NO_K1,0,0,,,False,,,NO_K1,,
60,01:00,4,2023-02-26,Sunday,2023-02-25 18:00:00+00:00,2023-02-25 22:00:00+00:00,2023-02-25 22:00:00+00:00,2023-02-26 02:00:00+00:00,302.61,295.07,7.5400000000000205,False,NO_K1,0,0,,,False,,,NO_K1,,
60,01:00,4,2023-02-27,Monday,2023-02-26 18:00:00+00:00,2023-02-26 22:00:00+00:00,2023-02-26 22:00:00+00:00,2023-02-27 02:00:00+00:00,309.8,304.82,4.980000000000018,False,NO_K1,0,0,,,False,,,NO_K1,,
60,01:00,4,2023-02-28,Tuesday,2023-02-27 18:00:00+00:00,2023-02-27 22:00:00+00:00,2023-02-27 22:00:00+00:00,2023-02-28 02:00:00+00:00,304.28,300.24,4.039999999999964,True,,1,0,2023-02-27 22:00:00+00:00,2023-02-27 22:05:00+00:00,True,2023-02-27 22:05:00+00:00,2023-02-27 22:10:00+00:00,H2_ARRIVAL,2023-02-27 22:10:00+00:00,5.0
60,01:00,4,2023-03-01,Wednesday,2023-02-28 18:00:00+00:00,2023-02-28 22:00:00+00:00,2023-02-28 22:00:00+00:00,2023-03-01 02:00:00+00:00,304.04,299.52,4.520000000000039,False,NO_K1,0,0,,,False,,,NO_K1,,
60,01:00,4,2023-03-02,Thursday,2023-03-01 18:00:00+00:00,2023-03-01 22:00:00+00:00,2023-03-01 22:00:00+00:00,2023-03-02 02:00:00+00:00,302.87,300.44,2.430000000000007,False,BREAK_BEFORE_K1,0,0,,,False,,,BREAK_BEFORE_K1,2023-03-02 00:15:00+00:00,
60,01:00,4,2023-03-03,Friday,2023-03-02 18:00:00+00:00,2023-03-02 22:00:00+00:00,2023-03-02 22:00:00+00:00,2023-03-03 02:00:00+00:00,300.68,297.06,3.6200000000000045,False,BREAK_BEFORE_K1,0,0,,,False,,,BREAK_BEFORE_K1,2023-03-03 01:15:00+00:00,
60,01:00,4,2023-03-04,Saturday,2023-03-03 18:00:00+00:00,2023-03-03 22:00:00+00:00,2023-03-03 22:00:00+00:00,2023-03-04 02:00:00+00:00,290.07,287.23,2.839999999999975,False,BREAK_BEFORE_K1,0,0,,,False,,,BREAK_BEFORE_K1,2023-03-03 23:55:00+00:00,
60,01:00,4,2023-03-05,Sunday,2023-03-04 18:00:00+00:00,2023-03-04 22:00:00+00:00,2023-03-04 22:00:00+00:00,2023-03-05 02:00:00+00:00,290.08,285.51,4.569999999999993,False,BREAK_BEFORE_K1,0,0,,,False,,,BREAK_BEFORE_K1,2023-03-05 01:15:00+00:00,
60,01:00,4,2023-03-06,Monday,2023-03-05 18:00:00+00:00,2023-03-05 22:00:00+00:00,2023-03-05 22:00:00+00:00,2023-03-06 02:00:00+00:00,290.65,288.66,1.9899999999999523,False,BREAK_BEFORE_K1,0,0,,,False,,,BREAK_BEFORE_K1,2023-03-05 22:30:00+00:00,
60,01:00,4,2023-03-07,Tuesday,2023-03-06 18:00:00+00:00,2023-03-06 22:00:00+00:00,2023-03-06 22:00:00+00:00,2023-03-07 02:00:00+00:00,288.86,286.37,2.490000000000009,False,BREAK_BEFORE_K1,0,0,,,False,,,BREAK_BEFORE_K1,2023-03-07 01:20:00+00:00,
60,01:00,4,2023-03-08,Wednesday,2023-03-07 18:00:00+00:00,2023-03-07 22:00:00+00:00,2023-03-07 22:00:00+00:00,2023-03-08 02:00:00+00:00,290.51,286.0,4.509999999999991,False,BREAK_BEFORE_K1,0,0,,,False,,,BREAK_BEFORE_K1,2023-03-07 22:05:00+00:00,
60,01:00,4,2023-03-09,Thursday,2023-03-08 18:00:00+00:00,2023-03-08 22:00:00+00:00,2023-03-08 22:00:00+00:00,2023-03-09 02:00:00+00:00,291.95,288.8,3.1499999999999773,False,BREAK_BEFORE_K1,0,0,,,False,,,BREAK_BEFORE_K1,2023-03-08 22:30:00+00:00,
60,01:00,4,2023-03-10,Friday,2023-03-09 18:00:00+00:00,2023-03-09 22:00:00+00:00,2023-03-09 22:00:00+00:00,2023-03-10 02:00:00+00:00,287.43,270.82,16.610000000000014,False,NO_K1,0,0,,,False,,,NO_K1,,
60,01:00,4,2023-03-11,Saturday,2023-03-10 18:00:00+00:00,2023-03-10 22:00:00+00:00,2023-03-10 22:00:00+00:00,2023-03-11 02:00:00+00:00,277.62,274.17,3.4499999999999886,True,,1,0,2023-03-10 23:10:00+00:00,2023-03-10 23:15:00+00:00,False,,,BREAK_DURING_K1,2023-03-10 23:15:00+00:00,
60,01:00,4,2023-03-12,Sunday,2023-03-11 18:00:00+00:00,2023-03-11 22:00:00+00:00,2023-03-11 22:00:00+00:00,2023-03-12 02:00:00+00:00,274.83,271.76,3.069999999999993,True,,1,0,2023-03-11 22:10:00+00:00,2023-03-11 22:15:00+00:00,False,,,BREAK_DURING_K1,2023-03-11 22:15:00+00:00,
60,01:00,4,2023-03-13,Monday,2023-03-12 18:00:00+00:00,2023-03-12 22:00:00+00:00,2023-03-12 22:00:00+00:00,2023-03-13 02:00:00+00:00,282.49,277.41,5.079999999999984,False,BREAK_BEFORE_K1,0,0,,,False,,,BREAK_BEFORE_K1,2023-03-12 22:15:00+00:00,
60,01:00,4,2023-03-14,Tuesday,2023-03-13 18:00:00+00:00,2023-03-13 22:00:00+00:00,2023-03-13 22:00:00+00:00,2023-03-14 02:00:00+00:00,308.8,306.12,2.680000000000007,True,,1,0,2023-03-13 22:00:00+00:00,2023-03-13 22:05:00+00:00,False,,,BREAK_DURING_K1,2023-03-13 22:05:00+00:00,
60,01:00,4,2023-03-15,Wednesday,2023-03-14 18:00:00+00:00,2023-03-14 22:00:00+00:00,2023-03-14 22:00:00+00:00,2023-03-15 02:00:00+00:00,316.46,304.49,11.96999999999997,False,NO_K1,0,0,,,False,,,NO_K1,,
60,01:00,4,2023-03-16,Thursday,2023-03-15 18:00:00+00:00,2023-03-15 22:00:00+00:00,2023-03-15 22:00:00+00:00,2023-03-16 02:00:00+00:00,307.66,302.54,5.1200000000000045,False,BREAK_BEFORE_K1,0,0,,,False,,,BREAK_BEFORE_K1,2023-03-15 22:00:00+00:00,
60,01:00,4,2023-03-17,Friday,2023-03-16 18:00:00+00:00,2023-03-16 22:00:00+00:00,2023-03-16 22:00:00+00:00,2023-03-17 02:00:00+00:00,331.76,325.84,5.920000000000016,True,,1,0,2023-03-16 22:10:00+00:00,2023-03-16 22:15:00+00:00,True,2023-03-16 22:20:00+00:00,2023-03-16 22:25:00+00:00,OPPOSITE_BREAK_BEFORE_H2,2023-03-17 00:35:00+00:00,
60,01:00,4,2023-03-18,Saturday,2023-03-17 18:00:00+00:00,2023-03-17 22:00:00+00:00,2023-03-17 22:00:00+00:00,2023-03-18 02:00:00+00:00,336.68,329.8,6.8799999999999955,True,,1,0,2023-03-17 22:05:00+00:00,2023-03-17 22:10:00+00:00,False,,,BREAK_DURING_K1,2023-03-17 22:25:00+00:00,
60,01:00,4,2023-03-19,Sunday,2023-03-18 18:00:00+00:00,2023-03-18 22:00:00+00:00,2023-03-18 22:00:00+00:00,2023-03-19 02:00:00+00:00,337.33,333.35,3.9799999999999613,False,BREAK_BEFORE_K1,0,0,,,False,,,BREAK_BEFORE_K1,2023-03-18 22:40:00+00:00,
60,01:00,4,2023-03-20,Monday,2023-03-19 18:00:00+00:00,2023-03-19 22:00:00+00:00,2023-03-19 22:00:00+00:00,2023-03-20 02:00:00+00:00,340.21,334.0,6.2099999999999795,False,OPPOSITE_VISIT_BEFORE_K1,0,1,,,False,,,OPPOSITE_VISIT_BEFORE_K1,2023-03-20 00:05:00+00:00,
60,01:00,4,2023-03-21,Tuesday,2023-03-20 18:00:00+00:00,2023-03-20 22:00:00+00:00,2023-03-20 22:00:00+00:00,2023-03-21 02:00:00+00:00,338.69,331.91,6.779999999999973,False,BREAK_BEFORE_K1,0,0,,,False,,,BREAK_BEFORE_K1,2023-03-20 23:40:00+00:00,
60,01:00,4,2023-03-22,Wednesday,2023-03-21 18:00:00+00:00,2023-03-21 22:00:00+00:00,2023-03-21 22:00:00+00:00,2023-03-22 02:00:00+00:00,337.62,333.58,4.0400000000000205,False,BREAK_BEFORE_K1,0,0,,,False,,,BREAK_BEFORE_K1,2023-03-22 00:10:00+00:00,
60,01:00,4,2023-03-23,Thursday,2023-03-22 18:00:00+00:00,2023-03-22 22:00:00+00:00,2023-03-22 22:00:00+00:00,2023-03-23 02:00:00+00:00,330.65,316.0,14.649999999999977,False,NO_K1,0,0,,,False,,,NO_K1,,
60,01:00,4,2023-03-24,Friday,2023-03-23 18:00:00+00:00,2023-03-23 22:00:00+00:00,2023-03-23 22:00:00+00:00,2023-03-24 02:00:00+00:00,329.99,325.26,4.730000000000018,False,NO_K1,0,0,,,False,,,NO_K1,,
60,01:00,4,2023-03-25,Saturday,2023-03-24 18:00:00+00:00,2023-03-24 22:00:00+00:00,2023-03-24 22:00:00+00:00,2023-03-25 02:00:00+00:00,322.78,317.57,5.2099999999999795,True,,1,0,2023-03-25 00:45:00+00:00,2023-03-25 00:50:00+00:00,False,,,BREAK_DURING_K1,2023-03-25 00:55:00+00:00,
60,01:00,4,2023-03-26,Sunday,2023-03-25 18:00:00+00:00,2023-03-25 22:00:00+00:00,2023-03-25 22:00:00+00:00,2023-03-26 02:00:00+00:00,323.82,318.86,4.9599999999999795,False,NO_K1,0,0,,,False,,,NO_K1,,
60,01:00,4,2023-03-27,Monday,2023-03-26 18:00:00+00:00,2023-03-26 22:00:00+00:00,2023-03-26 22:00:00+00:00,2023-03-27 02:00:00+00:00,328.0,326.0,2.0,False,BREAK_BEFORE_K1,0,0,,,False,,,BREAK_BEFORE_K1,2023-03-26 22:10:00+00:00,
60,01:00,4,2023-03-28,Tuesday,2023-03-27 18:00:00+00:00,2023-03-27 22:00:00+00:00,2023-03-27 22:00:00+00:00,2023-03-28 02:00:00+00:00,309.62,305.46,4.160000000000025,False,BREAK_BEFORE_K1,0,0,,,False,,,BREAK_BEFORE_K1,2023-03-27 23:30:00+00:00,
60,01:00,4,2023-03-29,Wednesday,2023-03-28 18:00:00+00:00,2023-03-28 22:00:00+00:00,2023-03-28 22:00:00+00:00,2023-03-29 02:00:00+00:00,315.85,309.81,6.0400000000000205,False,NO_K1,0,0,,,False,,,NO_K1,,
60,01:00,4,2023-03-30,Thursday,2023-03-29 18:00:00+00:00,2023-03-29 22:00:00+00:00,2023-03-29 22:00:00+00:00,2023-03-30 02:00:00+00:00,316.45,314.04,2.409999999999968,False,BREAK_BEFORE_K1,0,0,,,False,,,BREAK_BEFORE_K1,2023-03-29 22:00:00+00:00,
60,01:00,4,2023-03-31,Friday,2023-03-30 18:00:00+00:00,2023-03-30 22:00:00+00:00,2023-03-30 22:00:00+00:00,2023-03-31 02:00:00+00:00,317.17,313.14,4.03000000000003,True,,1,0,2023-03-31 00:25:00+00:00,2023-03-31 00:30:00+00:00,True,2023-03-31 00:30:00+00:00,2023-03-31 00:35:00+00:00,H2_ARRIVAL,2023-03-31 01:00:00+00:00,30.0
60,01:00,4,2023-04-01,Saturday,2023-03-31 18:00:00+00:00,2023-03-31 22:00:00+00:00,2023-03-31 22:00:00+00:00,2023-04-01 02:00:00+00:00,317.29,314.79,2.5,True,,1,0,2023-03-31 22:35:00+00:00,2023-03-31 22:40:00+00:00,True,2023-03-31 22:45:00+00:00,2023-03-31 22:50:00+00:00,H2_ARRIVAL,2023-04-01 00:20:00+00:00,95.0
60,01:00,4,2023-04-02,Sunday,2023-04-01 18:00:00+00:00,2023-04-01 22:00:00+00:00,2023-04-01 22:00:00+00:00,2023-04-02 02:00:00+00:00,315.33,313.86,1.4699999999999704,True,,1,0,2023-04-01 22:35:00+00:00,2023-04-01 22:40:00+00:00,False,,,BREAK_DURING_K1,2023-04-01 22:40:00+00:00,
60,01:00,4,2023-04-03,Monday,2023-04-02 18:00:00+00:00,2023-04-02 22:00:00+00:00,2023-04-02 22:00:00+00:00,2023-04-03 02:00:00+00:00,313.63,310.36,3.269999999999982,True,,1,0,2023-04-02 23:30:00+00:00,2023-04-02 23:35:00+00:00,True,2023-04-02 23:40:00+00:00,2023-04-02 23:45:00+00:00,H2_ARRIVAL,2023-04-03 00:00:00+00:00,20.0
60,01:00,4,2023-04-04,Tuesday,2023-04-03 18:00:00+00:00,2023-04-03 22:00:00+00:00,2023-04-03 22:00:00+00:00,2023-04-04 02:00:00+00:00,312.0,297.43,14.569999999999993,False,NO_K1,0,0,,,False,,,NO_K1,,
60,01:00,4,2023-04-05,Wednesday,2023-04-04 18:00:00+00:00,2023-04-04 22:00:00+00:00,2023-04-04 22:00:00+00:00,2023-04-05 02:00:00+00:00,311.75,310.53,1.2200000000000273,False,OPPOSITE_VISIT_BEFORE_K1,0,1,,,False,,,OPPOSITE_VISIT_BEFORE_K1,2023-04-04 23:15:00+00:00,
60,01:00,4,2023-04-06,Thursday,2023-04-05 18:00:00+00:00,2023-04-05 22:00:00+00:00,2023-04-05 22:00:00+00:00,2023-04-06 02:00:00+00:00,314.59,311.53,3.0600000000000023,False,BREAK_BEFORE_K1,0,0,,,False,,,BREAK_BEFORE_K1,2023-04-05 22:05:00+00:00,
60,01:00,4,2023-04-07,Friday,2023-04-06 18:00:00+00:00,2023-04-06 22:00:00+00:00,2023-04-06 22:00:00+00:00,2023-04-07 02:00:00+00:00,312.95,311.78,1.170000000000016,False,OPPOSITE_VISIT_BEFORE_K1,0,1,,,False,,,OPPOSITE_VISIT_BEFORE_K1,2023-04-06 22:10:00+00:00,
60,01:00,4,2023-04-08,Saturday,2023-04-07 18:00:00+00:00,2023-04-07 22:00:00+00:00,2023-04-07 22:00:00+00:00,2023-04-08 02:00:00+00:00,311.14,310.3,0.839999999999975,True,,1,0,2023-04-07 22:40:00+00:00,2023-04-07 22:45:00+00:00,False,,,BREAK_DURING_K1,2023-04-07 22:45:00+00:00,
60,01:00,4,2023-04-09,Sunday,2023-04-08 18:00:00+00:00,2023-04-08 22:00:00+00:00,2023-04-08 22:00:00+00:00,2023-04-09 02:00:00+00:00,312.0,310.0,2.0,False,OPPOSITE_VISIT_BEFORE_K1,0,1,,,False,,,OPPOSITE_VISIT_BEFORE_K1,2023-04-08 22:25:00+00:00,
60,01:00,4,2023-04-10,Monday,2023-04-09 18:00:00+00:00,2023-04-09 22:00:00+00:00,2023-04-09 22:00:00+00:00,2023-04-10 02:00:00+00:00,312.49,310.52,1.9700000000000273,False,BREAK_BEFORE_K1,0,0,,,False,,,BREAK_BEFORE_K1,2023-04-09 22:00:00+00:00,
60,01:00,4,2023-04-11,Tuesday,2023-04-10 18:00:00+00:00,2023-04-10 22:00:00+00:00,2023-04-10 22:00:00+00:00,2023-04-11 02:00:00+00:00,314.24,312.53,1.7100000000000364,False,BREAK_BEFORE_K1,0,0,,,False,,,BREAK_BEFORE_K1,2023-04-10 22:00:00+00:00,
60,01:00,4,2023-04-12,Wednesday,2023-04-11 18:00:00+00:00,2023-04-11 22:00:00+00:00,2023-04-11 22:00:00+00:00,2023-04-12 02:00:00+00:00,327.48,324.18,3.3000000000000114,False,BREAK_BEFORE_K1,0,0,,,False,,,BREAK_BEFORE_K1,2023-04-11 23:00:00+00:00,
60,01:00,4,2023-04-13,Thursday,2023-04-12 18:00:00+00:00,2023-04-12 22:00:00+00:00,2023-04-12 22:00:00+00:00,2023-04-13 02:00:00+00:00,320.57,318.0,2.569999999999993,False,BREAK_BEFORE_K1,0,0,,,False,,,BREAK_BEFORE_K1,2023-04-12 23:20:00+00:00,
60,01:00,4,2023-04-14,Friday,2023-04-13 18:00:00+00:00,2023-04-13 22:00:00+00:00,2023-04-13 22:00:00+00:00,2023-04-14 02:00:00+00:00,325.0,323.65,1.3500000000000227,True,,1,0,2023-04-13 22:35:00+00:00,2023-04-13 22:40:00+00:00,True,2023-04-13 22:40:00+00:00,2023-04-13 22:45:00+00:00,H2_ARRIVAL,2023-04-14 00:00:00+00:00,80.0
60,01:00,4,2023-04-15,Saturday,2023-04-14 18:00:00+00:00,2023-04-14 22:00:00+00:00,2023-04-14 22:00:00+00:00,2023-04-15 02:00:00+00:00,330.42,326.94,3.480000000000018,False,NO_K1,0,0,,,False,,,NO_K1,,
60,01:00,4,2023-04-16,Sunday,2023-04-15 18:00:00+00:00,2023-04-15 22:00:00+00:00,2023-04-15 22:00:00+00:00,2023-04-16 02:00:00+00:00,333.17,331.29,1.8799999999999955,False,BREAK_BEFORE_K1,0,0,,,False,,,BREAK_BEFORE_K1,2023-04-15 22:10:00+00:00,
60,01:00,4,2023-04-17,Monday,2023-04-16 18:00:00+00:00,2023-04-16 22:00:00+00:00,2023-04-16 22:00:00+00:00,2023-04-17 02:00:00+00:00,350.39,346.43,3.9599999999999795,False,BREAK_BEFORE_K1,0,0,,,False,,,BREAK_BEFORE_K1,2023-04-17 00:25:00+00:00,
60,01:00,4,2023-04-18,Tuesday,2023-04-17 18:00:00+00:00,2023-04-17 22:00:00+00:00,2023-04-17 22:00:00+00:00,2023-04-18 02:00:00+00:00,343.16,339.79,3.3700000000000045,False,BREAK_BEFORE_K1,0,0,,,False,,,BREAK_BEFORE_K1,2023-04-17 23:35:00+00:00,
60,01:00,4,2023-04-19,Wednesday,2023-04-18 18:00:00+00:00,2023-04-18 22:00:00+00:00,2023-04-18 22:00:00+00:00,2023-04-19 02:00:00+00:00,343.27,340.35,2.919999999999959,False,BREAK_BEFORE_K1,0,0,,,False,,,BREAK_BEFORE_K1,2023-04-18 23:30:00+00:00,
60,01:00,4,2023-04-20,Thursday,2023-04-19 18:00:00+00:00,2023-04-19 22:00:00+00:00,2023-04-19 22:00:00+00:00,2023-04-20 02:00:00+00:00,326.89,320.66,6.229999999999961,False,OPPOSITE_VISIT_BEFORE_K1,0,1,,,False,,,OPPOSITE_VISIT_BEFORE_K1,2023-04-19 23:20:00+00:00,
60,01:00,4,2023-04-21,Friday,2023-04-20 18:00:00+00:00,2023-04-20 22:00:00+00:00,2023-04-20 22:00:00+00:00,2023-04-21 02:00:00+00:00,318.51,315.14,3.3700000000000045,False,BREAK_BEFORE_K1,0,0,,,False,,,BREAK_BEFORE_K1,2023-04-20 22:05:00+00:00,
60,01:00,4,2023-04-22,Saturday,2023-04-21 18:00:00+00:00,2023-04-21 22:00:00+00:00,2023-04-21 22:00:00+00:00,2023-04-22 02:00:00+00:00,326.38,316.45,9.930000000000007,False,NO_K1,0,0,,,False,,,NO_K1,,
60,01:00,4,2023-04-23,Sunday,2023-04-22 18:00:00+00:00,2023-04-22 22:00:00+00:00,2023-04-22 22:00:00+00:00,2023-04-23 02:00:00+00:00,331.71,329.02,2.6899999999999977,True,,1,0,2023-04-22 22:05:00+00:00,2023-04-22 22:10:00+00:00,False,,,BREAK_DURING_K1,2023-04-22 22:10:00+00:00,
60,01:00,4,2023-04-24,Monday,2023-04-23 18:00:00+00:00,2023-04-23 22:00:00+00:00,2023-04-23 22:00:00+00:00,2023-04-24 02:00:00+00:00,329.87,326.8,3.069999999999993,False,BREAK_BEFORE_K1,0,0,,,False,,,BREAK_BEFORE_K1,2023-04-23 22:35:00+00:00,
60,01:00,4,2023-04-25,Tuesday,2023-04-24 18:00:00+00:00,2023-04-24 22:00:00+00:00,2023-04-24 22:00:00+00:00,2023-04-25 02:00:00+00:00,332.32,330.2,2.1200000000000045,False,OPPOSITE_VISIT_BEFORE_K1,0,1,,,False,,,OPPOSITE_VISIT_BEFORE_K1,2023-04-25 00:50:00+00:00,
60,01:00,4,2023-04-26,Wednesday,2023-04-25 18:00:00+00:00,2023-04-25 22:00:00+00:00,2023-04-25 22:00:00+00:00,2023-04-26 02:00:00+00:00,337.12,331.72,5.399999999999977,True,,1,0,2023-04-25 22:00:00+00:00,2023-04-25 22:05:00+00:00,True,2023-04-25 22:10:00+00:00,2023-04-25 22:15:00+00:00,H2_ARRIVAL,2023-04-25 22:45:00+00:00,35.0
60,01:00,4,2023-04-27,Thursday,2023-04-26 18:00:00+00:00,2023-04-26 22:00:00+00:00,2023-04-26 22:00:00+00:00,2023-04-27 02:00:00+00:00,340.99,321.63,19.360000000000014,False,NO_K1,0,0,,,False,,,NO_K1,,
60,01:00,4,2023-04-28,Friday,2023-04-27 18:00:00+00:00,2023-04-27 22:00:00+00:00,2023-04-27 22:00:00+00:00,2023-04-28 02:00:00+00:00,335.94,333.01,2.930000000000007,False,BREAK_BEFORE_K1,0,0,,,False,,,BREAK_BEFORE_K1,2023-04-27 22:45:00+00:00,
60,01:00,4,2023-04-29,Saturday,2023-04-28 18:00:00+00:00,2023-04-28 22:00:00+00:00,2023-04-28 22:00:00+00:00,2023-04-29 02:00:00+00:00,324.68,321.18,3.5,False,NO_K1,0,0,,,False,,,NO_K1,,
60,01:00,4,2023-04-30,Sunday,2023-04-29 18:00:00+00:00,2023-04-29 22:00:00+00:00,2023-04-29 22:00:00+00:00,2023-04-30 02:00:00+00:00,322.87,321.26,1.6100000000000136,False,OPPOSITE_VISIT_BEFORE_K1,0,1,,,False,,,OPPOSITE_VISIT_BEFORE_K1,2023-04-30 00:05:00+00:00,
60,01:00,4,2023-05-01,Monday,2023-04-30 18:00:00+00:00,2023-04-30 22:00:00+00:00,2023-04-30 22:00:00+00:00,2023-05-01 02:00:00+00:00,337.5,331.08,6.420000000000016,True,,1,0,2023-04-30 23:10:00+00:00,2023-04-30 23:15:00+00:00,True,2023-04-30 23:20:00+00:00,2023-04-30 23:25:00+00:00,H2_ARRIVAL,2023-05-01 00:20:00+00:00,60.0
60,01:00,4,2023-05-02,Tuesday,2023-05-01 18:00:00+00:00,2023-05-01 22:00:00+00:00,2023-05-01 22:00:00+00:00,2023-05-02 02:00:00+00:00,329.06,325.34,3.7200000000000273,False,NO_K1,0,0,,,False,,,NO_K1,,
60,01:00,4,2023-05-03,Wednesday,2023-05-02 18:00:00+00:00,2023-05-02 22:00:00+00:00,2023-05-02 22:00:00+00:00,2023-05-03 02:00:00+00:00,325.59,321.15,4.439999999999998,False,OPPOSITE_VISIT_BEFORE_K1,0,1,,,False,,,OPPOSITE_VISIT_BEFORE_K1,2023-05-02 22:00:00+00:00,
60,01:00,4,2023-05-04,Thursday,2023-05-03 18:00:00+00:00,2023-05-03 22:00:00+00:00,2023-05-03 22:00:00+00:00,2023-05-04 02:00:00+00:00,326.68,322.65,4.03000000000003,True,,1,0,2023-05-03 22:10:00+00:00,2023-05-03 22:15:00+00:00,False,,,BREAK_DURING_K1,2023-05-03 22:15:00+00:00,
60,01:00,4,2023-05-05,Friday,2023-05-04 18:00:00+00:00,2023-05-04 22:00:00+00:00,2023-05-04 22:00:00+00:00,2023-05-05 02:00:00+00:00,324.54,323.2,1.3400000000000318,False,OPPOSITE_VISIT_BEFORE_K1,0,1,,,False,,,OPPOSITE_VISIT_BEFORE_K1,2023-05-04 22:00:00+00:00,
60,01:00,4,2023-05-06,Saturday,2023-05-05 18:00:00+00:00,2023-05-05 22:00:00+00:00,2023-05-05 22:00:00+00:00,2023-05-06 02:00:00+00:00,328.21,324.49,3.7199999999999704,True,,1,0,2023-05-06 00:35:00+00:00,2023-05-06 00:40:00+00:00,True,2023-05-06 00:40:00+00:00,2023-05-06 00:45:00+00:00,NO_H2_BY_END,,
60,01:00,4,2023-05-07,Sunday,2023-05-06 18:00:00+00:00,2023-05-06 22:00:00+00:00,2023-05-06 22:00:00+00:00,2023-05-07 02:00:00+00:00,323.67,321.47,2.1999999999999886,False,BREAK_BEFORE_K1,0,0,,,False,,,BREAK_BEFORE_K1,2023-05-07 00:25:00+00:00,
60,01:00,4,2023-05-08,Monday,2023-05-07 18:00:00+00:00,2023-05-07 22:00:00+00:00,2023-05-07 22:00:00+00:00,2023-05-08 02:00:00+00:00,323.93,322.46,1.4700000000000273,False,BREAK_BEFORE_K1,0,0,,,False,,,BREAK_BEFORE_K1,2023-05-07 22:05:00+00:00,
60,01:00,4,2023-05-09,Tuesday,2023-05-08 18:00:00+00:00,2023-05-08 22:00:00+00:00,2023-05-08 22:00:00+00:00,2023-05-09 02:00:00+00:00,313.42,310.0,3.420000000000016,True,,1,0,2023-05-08 23:20:00+00:00,2023-05-08 23:25:00+00:00,True,2023-05-08 23:30:00+00:00,2023-05-08 23:35:00+00:00,H2_ARRIVAL,2023-05-08 23:50:00+00:00,20.0
60,01:00,4,2023-05-10,Wednesday,2023-05-09 18:00:00+00:00,2023-05-09 22:00:00+00:00,2023-05-09 22:00:00+00:00,2023-05-10 02:00:00+00:00,313.05,311.22,1.829999999999984,False,BREAK_BEFORE_K1,0,0,,,False,,,BREAK_BEFORE_K1,2023-05-09 22:30:00+00:00,
60,01:00,4,2023-05-11,Thursday,2023-05-10 18:00:00+00:00,2023-05-10 22:00:00+00:00,2023-05-10 22:00:00+00:00,2023-05-11 02:00:00+00:00,316.56,311.05,5.509999999999991,False,NO_K1,0,0,,,False,,,NO_K1,,
60,01:00,4,2023-05-12,Friday,2023-05-11 18:00:00+00:00,2023-05-11 22:00:00+00:00,2023-05-11 22:00:00+00:00,2023-05-12 02:00:00+00:00,306.94,304.12,2.819999999999993,False,BREAK_BEFORE_K1,0,0,,,False,,,BREAK_BEFORE_K1,2023-05-11 22:00:00+00:00,
60,01:00,4,2023-05-13,Saturday,2023-05-12 18:00:00+00:00,2023-05-12 22:00:00+00:00,2023-05-12 22:00:00+00:00,2023-05-13 02:00:00+00:00,308.04,301.2,6.840000000000032,False,BREAK_BEFORE_K1,0,0,,,False,,,BREAK_BEFORE_K1,2023-05-12 22:10:00+00:00,
60,01:00,4,2023-05-14,Sunday,2023-05-13 18:00:00+00:00,2023-05-13 22:00:00+00:00,2023-05-13 22:00:00+00:00,2023-05-14 02:00:00+00:00,311.6,308.86,2.740000000000009,False,BREAK_BEFORE_K1,0,0,,,False,,,BREAK_BEFORE_K1,2023-05-13 23:00:00+00:00,
60,01:00,4,2023-05-15,Monday,2023-05-14 18:00:00+00:00,2023-05-14 22:00:00+00:00,2023-05-14 22:00:00+00:00,2023-05-15 02:00:00+00:00,312.36,310.55,1.8100000000000023,False,OPPOSITE_VISIT_BEFORE_K1,0,1,,,False,,,OPPOSITE_VISIT_BEFORE_K1,2023-05-15 00:45:00+00:00,
60,01:00,4,2023-05-16,Tuesday,2023-05-15 18:00:00+00:00,2023-05-15 22:00:00+00:00,2023-05-15 22:00:00+00:00,2023-05-16 02:00:00+00:00,314.53,312.9,1.6299999999999955,False,BREAK_BEFORE_K1,0,0,,,False,,,BREAK_BEFORE_K1,2023-05-16 00:40:00+00:00,
60,01:00,4,2023-05-17,Wednesday,2023-05-16 18:00:00+00:00,2023-05-16 22:00:00+00:00,2023-05-16 22:00:00+00:00,2023-05-17 02:00:00+00:00,311.47,309.67,1.8000000000000114,False,BREAK_BEFORE_K1,0,0,,,False,,,BREAK_BEFORE_K1,2023-05-16 22:00:00+00:00,
60,01:00,4,2023-05-18,Thursday,2023-05-17 18:00:00+00:00,2023-05-17 22:00:00+00:00,2023-05-17 22:00:00+00:00,2023-05-18 02:00:00+00:00,314.41,310.8,3.6100000000000136,False,NO_K1,0,0,,,False,,,NO_K1,,
60,01:00,4,2023-05-19,Friday,2023-05-18 18:00:00+00:00,2023-05-18 22:00:00+00:00,2023-05-18 22:00:00+00:00,2023-05-19 02:00:00+00:00,310.37,305.94,4.430000000000007,False,BREAK_BEFORE_K1,0,0,,,False,,,BREAK_BEFORE_K1,2023-05-18 22:05:00+00:00,
60,01:00,4,2023-05-20,Saturday,2023-05-19 18:00:00+00:00,2023-05-19 22:00:00+00:00,2023-05-19 22:00:00+00:00,2023-05-20 02:00:00+00:00,309.64,307.65,1.990000000000009,False,NO_K1,0,0,,,False,,,NO_K1,,
60,01:00,4,2023-05-21,Sunday,2023-05-20 18:00:00+00:00,2023-05-20 22:00:00+00:00,2023-05-20 22:00:00+00:00,2023-05-21 02:00:00+00:00,312.09,310.0,2.089999999999975,False,NO_K1,0,0,,,False,,,NO_K1,,
60,01:00,4,2023-05-22,Monday,2023-05-21 18:00:00+00:00,2023-05-21 22:00:00+00:00,2023-05-21 22:00:00+00:00,2023-05-22 02:00:00+00:00,309.1,305.55,3.5500000000000114,False,OPPOSITE_VISIT_BEFORE_K1,0,1,,,False,,,OPPOSITE_VISIT_BEFORE_K1,2023-05-22 00:30:00+00:00,
60,01:00,4,2023-05-23,Tuesday,2023-05-22 18:00:00+00:00,2023-05-22 22:00:00+00:00,2023-05-22 22:00:00+00:00,2023-05-23 02:00:00+00:00,310.77,309.7,1.0699999999999932,False,BREAK_BEFORE_K1,0,0,,,False,,,BREAK_BEFORE_K1,2023-05-22 22:20:00+00:00,
60,01:00,4,2023-05-24,Wednesday,2023-05-23 18:00:00+00:00,2023-05-23 22:00:00+00:00,2023-05-23 22:00:00+00:00,2023-05-24 02:00:00+00:00,313.92,312.32,1.6000000000000227,False,NO_K1,0,0,,,False,,,NO_K1,,
60,01:00,4,2023-05-25,Thursday,2023-05-24 18:00:00+00:00,2023-05-24 22:00:00+00:00,2023-05-24 22:00:00+00:00,2023-05-25 02:00:00+00:00,306.62,304.91,1.7099999999999795,False,BREAK_BEFORE_K1,0,0,,,False,,,BREAK_BEFORE_K1,2023-05-25 00:40:00+00:00,
60,01:00,4,2023-05-26,Friday,2023-05-25 18:00:00+00:00,2023-05-25 22:00:00+00:00,2023-05-25 22:00:00+00:00,2023-05-26 02:00:00+00:00,305.94,304.0,1.9399999999999977,False,OPPOSITE_VISIT_BEFORE_K1,0,1,,,False,,,OPPOSITE_VISIT_BEFORE_K1,2023-05-26 00:45:00+00:00,
60,01:00,4,2023-05-27,Saturday,2023-05-26 18:00:00+00:00,2023-05-26 22:00:00+00:00,2023-05-26 22:00:00+00:00,2023-05-27 02:00:00+00:00,307.45,305.54,1.9099999999999682,False,NO_K1,0,0,,,False,,,NO_K1,,
60,01:00,4,2023-05-28,Sunday,2023-05-27 18:00:00+00:00,2023-05-27 22:00:00+00:00,2023-05-27 22:00:00+00:00,2023-05-28 02:00:00+00:00,306.22,304.43,1.7900000000000205,False,BREAK_BEFORE_K1,0,0,,,False,,,BREAK_BEFORE_K1,2023-05-27 22:00:00+00:00,
60,01:00,4,2023-05-29,Monday,2023-05-28 18:00:00+00:00,2023-05-28 22:00:00+00:00,2023-05-28 22:00:00+00:00,2023-05-29 02:00:00+00:00,312.1,308.35,3.75,False,BREAK_BEFORE_K1,0,0,,,False,,,BREAK_BEFORE_K1,2023-05-28 22:00:00+00:00,
60,01:00,4,2023-05-30,Tuesday,2023-05-29 18:00:00+00:00,2023-05-29 22:00:00+00:00,2023-05-29 22:00:00+00:00,2023-05-30 02:00:00+00:00,313.26,311.02,2.240000000000009,False,OPPOSITE_VISIT_BEFORE_K1,0,1,,,False,,,OPPOSITE_VISIT_BEFORE_K1,2023-05-29 22:00:00+00:00,
60,01:00,4,2023-05-31,Wednesday,2023-05-30 18:00:00+00:00,2023-05-30 22:00:00+00:00,2023-05-30 22:00:00+00:00,2023-05-31 02:00:00+00:00,313.4,312.13,1.2699999999999818,False,OPPOSITE_VISIT_BEFORE_K1,0,1,,,False,,,OPPOSITE_VISIT_BEFORE_K1,2023-05-30 22:15:00+00:00,
60,01:00,4,2023-06-01,Thursday,2023-05-31 18:00:00+00:00,2023-05-31 22:00:00+00:00,2023-05-31 22:00:00+00:00,2023-06-01 02:00:00+00:00,306.74,305.35,1.3899999999999864,False,BREAK_BEFORE_K1,0,0,,,False,,,BREAK_BEFORE_K1,2023-05-31 23:40:00+00:00,
60,01:00,4,2023-06-02,Friday,2023-06-01 18:00:00+00:00,2023-06-01 22:00:00+00:00,2023-06-01 22:00:00+00:00,2023-06-02 02:00:00+00:00,305.89,303.52,2.3700000000000045,False,BREAK_BEFORE_K1,0,0,,,False,,,BREAK_BEFORE_K1,2023-06-01 22:15:00+00:00,
60,01:00,4,2023-06-03,Saturday,2023-06-02 18:00:00+00:00,2023-06-02 22:00:00+00:00,2023-06-02 22:00:00+00:00,2023-06-03 02:00:00+00:00,308.5,306.72,1.7799999999999727,False,OPPOSITE_VISIT_BEFORE_K1,0,1,,,False,,,OPPOSITE_VISIT_BEFORE_K1,2023-06-03 00:45:00+00:00,
60,01:00,4,2023-06-04,Sunday,2023-06-03 18:00:00+00:00,2023-06-03 22:00:00+00:00,2023-06-03 22:00:00+00:00,2023-06-04 02:00:00+00:00,307.1,305.61,1.490000000000009,False,NO_K1,0,0,,,False,,,NO_K1,,
60,01:00,4,2023-06-05,Monday,2023-06-04 18:00:00+00:00,2023-06-04 22:00:00+00:00,2023-06-04 22:00:00+00:00,2023-06-05 02:00:00+00:00,306.76,305.8,0.9599999999999795,False,OPPOSITE_VISIT_BEFORE_K1,0,1,,,False,,,OPPOSITE_VISIT_BEFORE_K1,2023-06-04 22:00:00+00:00,
60,01:00,4,2023-06-06,Tuesday,2023-06-05 18:00:00+00:00,2023-06-05 22:00:00+00:00,2023-06-05 22:00:00+00:00,2023-06-06 02:00:00+00:00,278.08,271.88,6.199999999999989,False,BREAK_BEFORE_K1,0,0,,,False,,,BREAK_BEFORE_K1,2023-06-06 00:15:00+00:00,
60,01:00,4,2023-06-07,Wednesday,2023-06-06 18:00:00+00:00,2023-06-06 22:00:00+00:00,2023-06-06 22:00:00+00:00,2023-06-07 02:00:00+00:00,285.87,280.47,5.399999999999977,False,OPPOSITE_VISIT_BEFORE_K1,0,1,,,False,,,OPPOSITE_VISIT_BEFORE_K1,2023-06-06 22:30:00+00:00,
60,01:00,4,2023-06-08,Thursday,2023-06-07 18:00:00+00:00,2023-06-07 22:00:00+00:00,2023-06-07 22:00:00+00:00,2023-06-08 02:00:00+00:00,262.99,257.25,5.740000000000009,True,,1,0,2023-06-08 01:15:00+00:00,2023-06-08 01:20:00+00:00,True,2023-06-08 01:20:00+00:00,2023-06-08 01:25:00+00:00,NO_H2_BY_END,,
60,01:00,4,2023-06-09,Friday,2023-06-08 18:00:00+00:00,2023-06-08 22:00:00+00:00,2023-06-08 22:00:00+00:00,2023-06-09 02:00:00+00:00,265.26,262.15,3.1100000000000136,False,BREAK_BEFORE_K1,0,0,,,False,,,BREAK_BEFORE_K1,2023-06-08 23:20:00+00:00,
60,01:00,4,2023-06-10,Saturday,2023-06-09 18:00:00+00:00,2023-06-09 22:00:00+00:00,2023-06-09 22:00:00+00:00,2023-06-10 02:00:00+00:00,262.5,259.12,3.3799999999999955,False,OPPOSITE_VISIT_BEFORE_K1,0,1,,,False,,,OPPOSITE_VISIT_BEFORE_K1,2023-06-10 00:50:00+00:00,
60,01:00,4,2023-06-11,Sunday,2023-06-10 18:00:00+00:00,2023-06-10 22:00:00+00:00,2023-06-10 22:00:00+00:00,2023-06-11 02:00:00+00:00,240.56,234.14,6.420000000000016,False,NO_K1,0,0,,,False,,,NO_K1,,
60,01:00,4,2023-06-12,Monday,2023-06-11 18:00:00+00:00,2023-06-11 22:00:00+00:00,2023-06-11 22:00:00+00:00,2023-06-12 02:00:00+00:00,238.46,235.96,2.5,False,BREAK_BEFORE_K1,0,0,,,False,,,BREAK_BEFORE_K1,2023-06-11 22:40:00+00:00,
60,01:00,4,2023-06-13,Tuesday,2023-06-12 18:00:00+00:00,2023-06-12 22:00:00+00:00,2023-06-12 22:00:00+00:00,2023-06-13 02:00:00+00:00,231.89,228.11,3.7799999999999727,False,BREAK_BEFORE_K1,0,0,,,False,,,BREAK_BEFORE_K1,2023-06-12 22:00:00+00:00,
60,01:00,4,2023-06-14,Wednesday,2023-06-13 18:00:00+00:00,2023-06-13 22:00:00+00:00,2023-06-13 22:00:00+00:00,2023-06-14 02:00:00+00:00,245.0,236.63,8.370000000000005,True,,1,0,2023-06-14 00:00:00+00:00,2023-06-14 00:05:00+00:00,False,,,BREAK_DURING_K1,2023-06-14 00:05:00+00:00,
60,01:00,4,2023-06-15,Thursday,2023-06-14 18:00:00+00:00,2023-06-14 22:00:00+00:00,2023-06-14 22:00:00+00:00,2023-06-15 02:00:00+00:00,247.99,232.32,15.670000000000016,False,NO_K1,0,0,,,False,,,NO_K1,,
60,01:00,4,2023-06-16,Friday,2023-06-15 18:00:00+00:00,2023-06-15 22:00:00+00:00,2023-06-15 22:00:00+00:00,2023-06-16 02:00:00+00:00,238.97,233.28,5.689999999999998,False,NO_K1,0,0,,,False,,,NO_K1,,
60,01:00,4,2023-06-17,Saturday,2023-06-16 18:00:00+00:00,2023-06-16 22:00:00+00:00,2023-06-16 22:00:00+00:00,2023-06-17 02:00:00+00:00,244.0,238.51,5.490000000000009,False,OPPOSITE_VISIT_BEFORE_K1,0,1,,,False,,,OPPOSITE_VISIT_BEFORE_K1,2023-06-16 22:50:00+00:00,
60,01:00,4,2023-06-18,Sunday,2023-06-17 18:00:00+00:00,2023-06-17 22:00:00+00:00,2023-06-17 22:00:00+00:00,2023-06-18 02:00:00+00:00,246.54,244.16,2.3799999999999955,False,BREAK_BEFORE_K1,0,0,,,False,,,BREAK_BEFORE_K1,2023-06-18 00:15:00+00:00,
60,01:00,4,2023-06-19,Monday,2023-06-18 18:00:00+00:00,2023-06-18 22:00:00+00:00,2023-06-18 22:00:00+00:00,2023-06-19 02:00:00+00:00,246.68,242.9,3.780000000000001,False,OPPOSITE_VISIT_BEFORE_K1,0,1,,,False,,,OPPOSITE_VISIT_BEFORE_K1,2023-06-18 22:15:00+00:00,
60,01:00,4,2023-06-20,Tuesday,2023-06-19 18:00:00+00:00,2023-06-19 22:00:00+00:00,2023-06-19 22:00:00+00:00,2023-06-20 02:00:00+00:00,245.25,239.52,5.72999999999999,False,NO_K1,0,0,,,False,,,NO_K1,,
60,01:00,4,2023-06-21,Wednesday,2023-06-20 18:00:00+00:00,2023-06-20 22:00:00+00:00,2023-06-20 22:00:00+00:00,2023-06-21 02:00:00+00:00,245.86,242.14,3.7200000000000273,False,BREAK_BEFORE_K1,0,0,,,False,,,BREAK_BEFORE_K1,2023-06-20 23:15:00+00:00,
60,01:00,4,2023-06-22,Thursday,2023-06-21 18:00:00+00:00,2023-06-21 22:00:00+00:00,2023-06-21 22:00:00+00:00,2023-06-22 02:00:00+00:00,251.2,247.29,3.9099999999999966,False,BREAK_BEFORE_K1,0,0,,,False,,,BREAK_BEFORE_K1,2023-06-22 00:30:00+00:00,
60,01:00,4,2023-06-23,Friday,2023-06-22 18:00:00+00:00,2023-06-22 22:00:00+00:00,2023-06-22 22:00:00+00:00,2023-06-23 02:00:00+00:00,245.3,242.23,3.0700000000000216,False,OPPOSITE_VISIT_BEFORE_K1,0,1,,,False,,,OPPOSITE_VISIT_BEFORE_K1,2023-06-22 22:05:00+00:00,
60,01:00,4,2023-06-24,Saturday,2023-06-23 18:00:00+00:00,2023-06-23 22:00:00+00:00,2023-06-23 22:00:00+00:00,2023-06-24 02:00:00+00:00,247.5,244.29,3.210000000000008,False,BREAK_BEFORE_K1,0,0,,,False,,,BREAK_BEFORE_K1,2023-06-23 22:00:00+00:00,
60,01:00,4,2023-06-25,Sunday,2023-06-24 18:00:00+00:00,2023-06-24 22:00:00+00:00,2023-06-24 22:00:00+00:00,2023-06-25 02:00:00+00:00,237.46,233.61,3.8499999999999943,True,,1,0,2023-06-25 01:40:00+00:00,2023-06-25 01:45:00+00:00,True,2023-06-25 01:45:00+00:00,2023-06-25 01:50:00+00:00,H2_ARRIVAL,2023-06-25 01:50:00+00:00,5.0
60,01:00,4,2023-06-26,Monday,2023-06-25 18:00:00+00:00,2023-06-25 22:00:00+00:00,2023-06-25 22:00:00+00:00,2023-06-26 02:00:00+00:00,238.9,236.51,2.390000000000015,False,BREAK_BEFORE_K1,0,0,,,False,,,BREAK_BEFORE_K1,2023-06-25 22:20:00+00:00,
60,01:00,4,2023-06-27,Tuesday,2023-06-26 18:00:00+00:00,2023-06-26 22:00:00+00:00,2023-06-26 22:00:00+00:00,2023-06-27 02:00:00+00:00,236.96,234.2,2.7600000000000193,False,OPPOSITE_VISIT_BEFORE_K1,0,1,,,False,,,OPPOSITE_VISIT_BEFORE_K1,2023-06-26 22:00:00+00:00,
60,01:00,4,2023-06-28,Wednesday,2023-06-27 18:00:00+00:00,2023-06-27 22:00:00+00:00,2023-06-27 22:00:00+00:00,2023-06-28 02:00:00+00:00,239.46,238.15,1.3100000000000023,False,OPPOSITE_VISIT_BEFORE_K1,0,1,,,False,,,OPPOSITE_VISIT_BEFORE_K1,2023-06-27 22:25:00+00:00,
60,01:00,4,2023-06-29,Thursday,2023-06-28 18:00:00+00:00,2023-06-28 22:00:00+00:00,2023-06-28 22:00:00+00:00,2023-06-29 02:00:00+00:00,233.44,221.2,12.240000000000009,False,NO_K1,0,0,,,False,,,NO_K1,,
60,01:00,4,2023-06-30,Friday,2023-06-29 18:00:00+00:00,2023-06-29 22:00:00+00:00,2023-06-29 22:00:00+00:00,2023-06-30 02:00:00+00:00,234.1,232.2,1.9000000000000057,True,,1,0,2023-06-30 00:25:00+00:00,2023-06-30 00:30:00+00:00,False,,,BREAK_DURING_K1,2023-06-30 00:30:00+00:00,
60,01:00,4,2023-07-01,Saturday,2023-06-30 18:00:00+00:00,2023-06-30 22:00:00+00:00,2023-06-30 22:00:00+00:00,2023-07-01 02:00:00+00:00,241.98,238.38,3.5999999999999943,False,BREAK_BEFORE_K1,0,0,,,False,,,BREAK_BEFORE_K1,2023-07-01 00:20:00+00:00,
60,01:00,4,2023-07-02,Sunday,2023-07-01 18:00:00+00:00,2023-07-01 22:00:00+00:00,2023-07-01 22:00:00+00:00,2023-07-02 02:00:00+00:00,249.54,246.3,3.2399999999999807,False,OPPOSITE_VISIT_BEFORE_K1,0,1,,,False,,,OPPOSITE_VISIT_BEFORE_K1,2023-07-02 01:45:00+00:00,
60,01:00,4,2023-07-03,Monday,2023-07-02 18:00:00+00:00,2023-07-02 22:00:00+00:00,2023-07-02 22:00:00+00:00,2023-07-03 02:00:00+00:00,245.9,243.16,2.740000000000009,True,,1,0,2023-07-02 22:00:00+00:00,2023-07-02 22:05:00+00:00,False,,,BREAK_DURING_K1,2023-07-02 22:05:00+00:00,
60,01:00,4,2023-07-04,Tuesday,2023-07-03 18:00:00+00:00,2023-07-03 22:00:00+00:00,2023-07-03 22:00:00+00:00,2023-07-04 02:00:00+00:00,248.6,245.1,3.5,False,NO_K1,0,0,,,False,,,NO_K1,,
60,01:00,4,2023-07-05,Wednesday,2023-07-04 18:00:00+00:00,2023-07-04 22:00:00+00:00,2023-07-04 22:00:00+00:00,2023-07-05 02:00:00+00:00,242.69,240.15,2.539999999999992,False,BREAK_BEFORE_K1,0,0,,,False,,,BREAK_BEFORE_K1,2023-07-04 22:10:00+00:00,
60,01:00,4,2023-07-06,Thursday,2023-07-05 18:00:00+00:00,2023-07-05 22:00:00+00:00,2023-07-05 22:00:00+00:00,2023-07-06 02:00:00+00:00,240.37,237.98,2.390000000000015,False,OPPOSITE_VISIT_BEFORE_K1,0,1,,,False,,,OPPOSITE_VISIT_BEFORE_K1,2023-07-05 23:10:00+00:00,
60,01:00,4,2023-07-07,Friday,2023-07-06 18:00:00+00:00,2023-07-06 22:00:00+00:00,2023-07-06 22:00:00+00:00,2023-07-07 02:00:00+00:00,239.61,233.22,6.390000000000015,False,BREAK_BEFORE_K1,0,0,,,False,,,BREAK_BEFORE_K1,2023-07-06 22:50:00+00:00,
60,01:00,4,2023-07-08,Saturday,2023-07-07 18:00:00+00:00,2023-07-07 22:00:00+00:00,2023-07-07 22:00:00+00:00,2023-07-08 02:00:00+00:00,235.48,233.49,1.9899999999999807,True,,1,0,2023-07-07 22:25:00+00:00,2023-07-07 22:30:00+00:00,True,2023-07-07 22:35:00+00:00,2023-07-07 22:40:00+00:00,H2_ARRIVAL,2023-07-07 22:50:00+00:00,15.0
60,01:00,4,2023-07-09,Sunday,2023-07-08 18:00:00+00:00,2023-07-08 22:00:00+00:00,2023-07-08 22:00:00+00:00,2023-07-09 02:00:00+00:00,236.05,233.53,2.5200000000000102,False,BREAK_BEFORE_K1,0,0,,,False,,,BREAK_BEFORE_K1,2023-07-08 23:00:00+00:00,
60,01:00,4,2023-07-10,Monday,2023-07-09 18:00:00+00:00,2023-07-09 22:00:00+00:00,2023-07-09 22:00:00+00:00,2023-07-10 02:00:00+00:00,234.78,233.75,1.0300000000000011,False,BREAK_BEFORE_K1,0,0,,,False,,,BREAK_BEFORE_K1,2023-07-09 22:00:00+00:00,
60,01:00,4,2023-07-11,Tuesday,2023-07-10 18:00:00+00:00,2023-07-10 22:00:00+00:00,2023-07-10 22:00:00+00:00,2023-07-11 02:00:00+00:00,246.29,244.08,2.2099999999999795,False,BREAK_BEFORE_K1,0,0,,,False,,,BREAK_BEFORE_K1,2023-07-10 22:00:00+00:00,
60,01:00,4,2023-07-12,Wednesday,2023-07-11 18:00:00+00:00,2023-07-11 22:00:00+00:00,2023-07-11 22:00:00+00:00,2023-07-12 02:00:00+00:00,248.13,246.6,1.5300000000000011,True,,1,0,2023-07-11 22:05:00+00:00,2023-07-11 22:10:00+00:00,False,,,BREAK_DURING_K1,2023-07-11 22:10:00+00:00,
60,01:00,4,2023-07-13,Thursday,2023-07-12 18:00:00+00:00,2023-07-12 22:00:00+00:00,2023-07-12 22:00:00+00:00,2023-07-13 02:00:00+00:00,243.74,242.12,1.6200000000000045,True,,1,0,2023-07-12 23:35:00+00:00,2023-07-12 23:40:00+00:00,False,,,BREAK_DURING_K1,2023-07-12 23:40:00+00:00,
60,01:00,4,2023-07-14,Friday,2023-07-13 18:00:00+00:00,2023-07-13 22:00:00+00:00,2023-07-13 22:00:00+00:00,2023-07-14 02:00:00+00:00,259.02,250.44,8.579999999999984,True,,1,0,2023-07-14 00:45:00+00:00,2023-07-14 00:50:00+00:00,True,2023-07-14 00:50:00+00:00,2023-07-14 00:55:00+00:00,NO_H2_BY_END,,
60,01:00,4,2023-07-15,Saturday,2023-07-14 18:00:00+00:00,2023-07-14 22:00:00+00:00,2023-07-14 22:00:00+00:00,2023-07-15 02:00:00+00:00,250.49,241.04,9.450000000000017,False,NO_K1,0,0,,,False,,,NO_K1,,
60,01:00,4,2023-07-16,Sunday,2023-07-15 18:00:00+00:00,2023-07-15 22:00:00+00:00,2023-07-15 22:00:00+00:00,2023-07-16 02:00:00+00:00,251.74,249.63,2.1100000000000136,False,OPPOSITE_VISIT_BEFORE_K1,0,1,,,False,,,OPPOSITE_VISIT_BEFORE_K1,2023-07-15 22:00:00+00:00,
60,01:00,4,2023-07-17,Monday,2023-07-16 18:00:00+00:00,2023-07-16 22:00:00+00:00,2023-07-16 22:00:00+00:00,2023-07-17 02:00:00+00:00,246.32,243.0,3.319999999999993,False,OPPOSITE_VISIT_BEFORE_K1,0,1,,,False,,,OPPOSITE_VISIT_BEFORE_K1,2023-07-16 23:20:00+00:00,
60,01:00,4,2023-07-18,Tuesday,2023-07-17 18:00:00+00:00,2023-07-17 22:00:00+00:00,2023-07-17 22:00:00+00:00,2023-07-18 02:00:00+00:00,244.52,239.89,4.630000000000024,False,BREAK_BEFORE_K1,0,0,,,False,,,BREAK_BEFORE_K1,2023-07-17 22:25:00+00:00,
60,01:00,4,2023-07-19,Wednesday,2023-07-18 18:00:00+00:00,2023-07-18 22:00:00+00:00,2023-07-18 22:00:00+00:00,2023-07-19 02:00:00+00:00,241.45,239.23,2.219999999999999,False,BREAK_BEFORE_K1,0,0,,,False,,,BREAK_BEFORE_K1,2023-07-19 00:30:00+00:00,
60,01:00,4,2023-07-20,Thursday,2023-07-19 18:00:00+00:00,2023-07-19 22:00:00+00:00,2023-07-19 22:00:00+00:00,2023-07-20 02:00:00+00:00,243.0,240.27,2.7299999999999898,False,NO_K1,0,0,,,False,,,NO_K1,,
60,01:00,4,2023-07-21,Friday,2023-07-20 18:00:00+00:00,2023-07-20 22:00:00+00:00,2023-07-20 22:00:00+00:00,2023-07-21 02:00:00+00:00,243.55,240.49,3.0600000000000023,True,,1,0,2023-07-21 01:10:00+00:00,2023-07-21 01:15:00+00:00,False,,,BREAK_DURING_K1,2023-07-21 01:15:00+00:00,
60,01:00,4,2023-07-22,Saturday,2023-07-21 18:00:00+00:00,2023-07-21 22:00:00+00:00,2023-07-21 22:00:00+00:00,2023-07-22 02:00:00+00:00,245.13,242.8,2.329999999999984,False,NO_K1,0,0,,,False,,,NO_K1,,
60,01:00,4,2023-07-23,Sunday,2023-07-22 18:00:00+00:00,2023-07-22 22:00:00+00:00,2023-07-22 22:00:00+00:00,2023-07-23 02:00:00+00:00,242.82,241.72,1.0999999999999943,False,BREAK_BEFORE_K1,0,0,,,False,,,BREAK_BEFORE_K1,2023-07-22 23:15:00+00:00,
60,01:00,4,2023-07-24,Monday,2023-07-23 18:00:00+00:00,2023-07-23 22:00:00+00:00,2023-07-23 22:00:00+00:00,2023-07-24 02:00:00+00:00,244.12,241.68,2.4399999999999977,False,NO_K1,0,0,,,False,,,NO_K1,,
60,01:00,4,2023-07-25,Tuesday,2023-07-24 18:00:00+00:00,2023-07-24 22:00:00+00:00,2023-07-24 22:00:00+00:00,2023-07-25 02:00:00+00:00,239.12,237.49,1.6299999999999955,True,,1,0,2023-07-24 22:00:00+00:00,2023-07-24 22:05:00+00:00,True,2023-07-24 22:05:00+00:00,2023-07-24 22:10:00+00:00,H2_ARRIVAL,2023-07-24 22:10:00+00:00,5.0
60,01:00,4,2023-07-26,Wednesday,2023-07-25 18:00:00+00:00,2023-07-25 22:00:00+00:00,2023-07-25 22:00:00+00:00,2023-07-26 02:00:00+00:00,238.55,236.95,1.6000000000000227,False,OPPOSITE_VISIT_BEFORE_K1,0,1,,,False,,,OPPOSITE_VISIT_BEFORE_K1,2023-07-26 01:05:00+00:00,
60,01:00,4,2023-07-27,Thursday,2023-07-26 18:00:00+00:00,2023-07-26 22:00:00+00:00,2023-07-26 22:00:00+00:00,2023-07-27 02:00:00+00:00,240.65,237.03,3.6200000000000045,False,NO_K1,0,0,,,False,,,NO_K1,,
60,01:00,4,2023-07-28,Friday,2023-07-27 18:00:00+00:00,2023-07-27 22:00:00+00:00,2023-07-27 22:00:00+00:00,2023-07-28 02:00:00+00:00,240.95,239.46,1.4899999999999807,True,,1,0,2023-07-28 00:30:00+00:00,2023-07-28 00:35:00+00:00,False,,,BREAK_DURING_K1,2023-07-28 00:40:00+00:00,
60,01:00,4,2023-07-29,Saturday,2023-07-28 18:00:00+00:00,2023-07-28 22:00:00+00:00,2023-07-28 22:00:00+00:00,2023-07-29 02:00:00+00:00,243.11,241.57,1.5400000000000205,False,NO_K1,0,0,,,False,,,NO_K1,,
60,01:00,4,2023-07-30,Sunday,2023-07-29 18:00:00+00:00,2023-07-29 22:00:00+00:00,2023-07-29 22:00:00+00:00,2023-07-30 02:00:00+00:00,242.72,241.75,0.9699999999999989,False,BREAK_BEFORE_K1,0,0,,,False,,,BREAK_BEFORE_K1,2023-07-29 23:40:00+00:00,
60,01:00,4,2023-07-31,Monday,2023-07-30 18:00:00+00:00,2023-07-30 22:00:00+00:00,2023-07-30 22:00:00+00:00,2023-07-31 02:00:00+00:00,243.99,240.39,3.6000000000000227,True,,1,0,2023-07-31 01:00:00+00:00,2023-07-31 01:05:00+00:00,True,2023-07-31 01:05:00+00:00,2023-07-31 01:10:00+00:00,NO_H2_BY_END,,
60,01:00,4,2023-08-01,Tuesday,2023-07-31 18:00:00+00:00,2023-07-31 22:00:00+00:00,2023-07-31 22:00:00+00:00,2023-08-01 02:00:00+00:00,242.73,240.57,2.1599999999999966,False,NO_K1,0,0,,,False,,,NO_K1,,
60,01:00,4,2023-08-02,Wednesday,2023-08-01 18:00:00+00:00,2023-08-01 22:00:00+00:00,2023-08-01 22:00:00+00:00,2023-08-02 02:00:00+00:00,247.34,245.44,1.9000000000000057,True,,1,0,2023-08-01 23:30:00+00:00,2023-08-01 23:35:00+00:00,True,2023-08-01 23:45:00+00:00,2023-08-01 23:50:00+00:00,H2_ARRIVAL,2023-08-01 23:50:00+00:00,5.0
60,01:00,4,2023-08-03,Thursday,2023-08-02 18:00:00+00:00,2023-08-02 22:00:00+00:00,2023-08-02 22:00:00+00:00,2023-08-03 02:00:00+00:00,242.25,240.37,1.8799999999999955,True,,1,0,2023-08-02 22:10:00+00:00,2023-08-02 22:15:00+00:00,True,2023-08-02 22:15:00+00:00,2023-08-02 22:20:00+00:00,OPPOSITE_BREAK_BEFORE_H2,2023-08-03 00:55:00+00:00,
60,01:00,4,2023-08-04,Friday,2023-08-03 18:00:00+00:00,2023-08-03 22:00:00+00:00,2023-08-03 22:00:00+00:00,2023-08-04 02:00:00+00:00,241.74,240.52,1.2199999999999989,False,BREAK_BEFORE_K1,0,0,,,False,,,BREAK_BEFORE_K1,2023-08-03 22:05:00+00:00,
60,01:00,4,2023-08-05,Saturday,2023-08-04 18:00:00+00:00,2023-08-04 22:00:00+00:00,2023-08-04 22:00:00+00:00,2023-08-05 02:00:00+00:00,242.56,240.11,2.4499999999999886,False,OPPOSITE_VISIT_BEFORE_K1,0,1,,,False,,,OPPOSITE_VISIT_BEFORE_K1,2023-08-05 01:45:00+00:00,
60,01:00,4,2023-08-06,Sunday,2023-08-05 18:00:00+00:00,2023-08-05 22:00:00+00:00,2023-08-05 22:00:00+00:00,2023-08-06 02:00:00+00:00,243.37,242.48,0.8900000000000148,True,,1,0,2023-08-06 00:00:00+00:00,2023-08-06 00:05:00+00:00,False,,,BREAK_DURING_K1,2023-08-06 00:15:00+00:00,
60,01:00,4,2023-08-07,Monday,2023-08-06 18:00:00+00:00,2023-08-06 22:00:00+00:00,2023-08-06 22:00:00+00:00,2023-08-07 02:00:00+00:00,244.31,242.84,1.4699999999999989,False,OPPOSITE_VISIT_BEFORE_K1,0,1,,,False,,,OPPOSITE_VISIT_BEFORE_K1,2023-08-06 22:00:00+00:00,
60,01:00,4,2023-08-08,Tuesday,2023-08-07 18:00:00+00:00,2023-08-07 22:00:00+00:00,2023-08-07 22:00:00+00:00,2023-08-08 02:00:00+00:00,242.08,240.54,1.5400000000000205,True,,1,0,2023-08-08 00:05:00+00:00,2023-08-08 00:10:00+00:00,True,2023-08-08 00:10:00+00:00,2023-08-08 00:15:00+00:00,H2_ARRIVAL,2023-08-08 00:50:00+00:00,40.0
60,01:00,4,2023-08-09,Wednesday,2023-08-08 18:00:00+00:00,2023-08-08 22:00:00+00:00,2023-08-08 22:00:00+00:00,2023-08-09 02:00:00+00:00,248.58,245.04,3.5400000000000205,False,OPPOSITE_VISIT_BEFORE_K1,0,1,,,False,,,OPPOSITE_VISIT_BEFORE_K1,2023-08-09 00:00:00+00:00,
60,01:00,4,2023-08-10,Thursday,2023-08-09 18:00:00+00:00,2023-08-09 22:00:00+00:00,2023-08-09 22:00:00+00:00,2023-08-10 02:00:00+00:00,243.69,242.71,0.9799999999999898,True,,1,0,2023-08-09 22:10:00+00:00,2023-08-09 22:15:00+00:00,True,2023-08-09 22:20:00+00:00,2023-08-09 22:25:00+00:00,H2_ARRIVAL,2023-08-09 22:50:00+00:00,30.0
60,01:00,4,2023-08-11,Friday,2023-08-10 18:00:00+00:00,2023-08-10 22:00:00+00:00,2023-08-10 22:00:00+00:00,2023-08-11 02:00:00+00:00,241.25,240.34,0.9099999999999966,True,,1,0,2023-08-10 22:30:00+00:00,2023-08-10 22:35:00+00:00,True,2023-08-10 22:40:00+00:00,2023-08-10 22:45:00+00:00,H2_ARRIVAL,2023-08-10 23:20:00+00:00,40.0
60,01:00,4,2023-08-12,Saturday,2023-08-11 18:00:00+00:00,2023-08-11 22:00:00+00:00,2023-08-11 22:00:00+00:00,2023-08-12 02:00:00+00:00,239.24,238.5,0.7400000000000091,True,,1,0,2023-08-11 23:20:00+00:00,2023-08-11 23:25:00+00:00,False,,,BREAK_DURING_K1,2023-08-11 23:25:00+00:00,
60,01:00,4,2023-08-13,Sunday,2023-08-12 18:00:00+00:00,2023-08-12 22:00:00+00:00,2023-08-12 22:00:00+00:00,2023-08-13 02:00:00+00:00,240.72,239.71,1.009999999999991,False,NO_K1,0,0,,,False,,,NO_K1,,
60,01:00,4,2023-08-14,Monday,2023-08-13 18:00:00+00:00,2023-08-13 22:00:00+00:00,2023-08-13 22:00:00+00:00,2023-08-14 02:00:00+00:00,241.75,240.46,1.289999999999992,False,OPPOSITE_VISIT_BEFORE_K1,0,1,,,False,,,OPPOSITE_VISIT_BEFORE_K1,2023-08-13 22:00:00+00:00,
60,01:00,4,2023-08-15,Tuesday,2023-08-14 18:00:00+00:00,2023-08-14 22:00:00+00:00,2023-08-14 22:00:00+00:00,2023-08-15 02:00:00+00:00,240.7,239.68,1.0199999999999818,False,NO_K1,0,0,,,False,,,NO_K1,,
60,01:00,4,2023-08-16,Wednesday,2023-08-15 18:00:00+00:00,2023-08-15 22:00:00+00:00,2023-08-15 22:00:00+00:00,2023-08-16 02:00:00+00:00,239.3,232.21,7.090000000000003,False,NO_K1,0,0,,,False,,,NO_K1,,
60,01:00,4,2023-08-17,Thursday,2023-08-16 18:00:00+00:00,2023-08-16 22:00:00+00:00,2023-08-16 22:00:00+00:00,2023-08-17 02:00:00+00:00,235.23,230.1,5.1299999999999955,False,BREAK_BEFORE_K1,0,0,,,False,,,BREAK_BEFORE_K1,2023-08-17 00:40:00+00:00,
60,01:00,4,2023-08-18,Friday,2023-08-17 18:00:00+00:00,2023-08-17 22:00:00+00:00,2023-08-17 22:00:00+00:00,2023-08-18 02:00:00+00:00,226.64,204.43,22.20999999999998,False,NO_K1,0,0,,,False,,,NO_K1,,
60,01:00,4,2023-08-19,Saturday,2023-08-18 18:00:00+00:00,2023-08-18 22:00:00+00:00,2023-08-18 22:00:00+00:00,2023-08-19 02:00:00+00:00,217.82,215.54,2.280000000000001,False,BREAK_BEFORE_K1,0,0,,,False,,,BREAK_BEFORE_K1,2023-08-19 01:35:00+00:00,
60,01:00,4,2023-08-20,Sunday,2023-08-19 18:00:00+00:00,2023-08-19 22:00:00+00:00,2023-08-19 22:00:00+00:00,2023-08-20 02:00:00+00:00,217.6,215.5,2.0999999999999943,False,NO_K1,0,0,,,False,,,NO_K1,,
60,01:00,4,2023-08-21,Monday,2023-08-20 18:00:00+00:00,2023-08-20 22:00:00+00:00,2023-08-20 22:00:00+00:00,2023-08-21 02:00:00+00:00,218.0,216.39,1.6100000000000136,False,BREAK_BEFORE_K1,0,0,,,False,,,BREAK_BEFORE_K1,2023-08-20 23:10:00+00:00,
60,01:00,4,2023-08-22,Tuesday,2023-08-21 18:00:00+00:00,2023-08-21 22:00:00+00:00,2023-08-21 22:00:00+00:00,2023-08-22 02:00:00+00:00,212.12,209.26,2.8600000000000136,False,NO_K1,0,0,,,False,,,NO_K1,,
60,01:00,4,2023-08-23,Wednesday,2023-08-22 18:00:00+00:00,2023-08-22 22:00:00+00:00,2023-08-22 22:00:00+00:00,2023-08-23 02:00:00+00:00,211.48,204.06,7.4199999999999875,False,BREAK_BEFORE_K1,0,0,,,False,,,BREAK_BEFORE_K1,2023-08-22 23:10:00+00:00,
60,01:00,4,2023-08-24,Thursday,2023-08-23 18:00:00+00:00,2023-08-23 22:00:00+00:00,2023-08-23 22:00:00+00:00,2023-08-24 02:00:00+00:00,218.63,214.54,4.090000000000003,False,NO_K1,0,0,,,False,,,NO_K1,,
60,01:00,4,2023-08-25,Friday,2023-08-24 18:00:00+00:00,2023-08-24 22:00:00+00:00,2023-08-24 22:00:00+00:00,2023-08-25 02:00:00+00:00,218.02,215.4,2.6200000000000045,False,BREAK_BEFORE_K1,0,0,,,False,,,BREAK_BEFORE_K1,2023-08-24 23:40:00+00:00,
60,01:00,4,2023-08-26,Saturday,2023-08-25 18:00:00+00:00,2023-08-25 22:00:00+00:00,2023-08-25 22:00:00+00:00,2023-08-26 02:00:00+00:00,218.37,216.96,1.4099999999999966,True,,1,0,2023-08-25 22:10:00+00:00,2023-08-25 22:15:00+00:00,True,2023-08-25 22:15:00+00:00,2023-08-25 22:20:00+00:00,H2_ARRIVAL,2023-08-25 23:50:00+00:00,95.0
60,01:00,4,2023-08-27,Sunday,2023-08-26 18:00:00+00:00,2023-08-26 22:00:00+00:00,2023-08-26 22:00:00+00:00,2023-08-27 02:00:00+00:00,216.77,216.16,0.6100000000000136,False,BREAK_BEFORE_K1,0,0,,,False,,,BREAK_BEFORE_K1,2023-08-26 23:10:00+00:00,
60,01:00,4,2023-08-28,Monday,2023-08-27 18:00:00+00:00,2023-08-27 22:00:00+00:00,2023-08-27 22:00:00+00:00,2023-08-28 02:00:00+00:00,219.08,217.64,1.4400000000000261,False,OPPOSITE_VISIT_BEFORE_K1,0,1,,,False,,,OPPOSITE_VISIT_BEFORE_K1,2023-08-27 22:00:00+00:00,
60,01:00,4,2023-08-29,Tuesday,2023-08-28 18:00:00+00:00,2023-08-28 22:00:00+00:00,2023-08-28 22:00:00+00:00,2023-08-29 02:00:00+00:00,218.88,217.28,1.5999999999999943,False,BREAK_BEFORE_K1,0,0,,,False,,,BREAK_BEFORE_K1,2023-08-28 23:15:00+00:00,
60,01:00,4,2023-08-30,Wednesday,2023-08-29 18:00:00+00:00,2023-08-29 22:00:00+00:00,2023-08-29 22:00:00+00:00,2023-08-30 02:00:00+00:00,229.16,225.79,3.3700000000000045,False,OPPOSITE_VISIT_BEFORE_K1,0,1,,,False,,,OPPOSITE_VISIT_BEFORE_K1,2023-08-30 00:25:00+00:00,
60,01:00,4,2023-08-31,Thursday,2023-08-30 18:00:00+00:00,2023-08-30 22:00:00+00:00,2023-08-30 22:00:00+00:00,2023-08-31 02:00:00+00:00,223.82,222.23,1.5900000000000034,True,,1,0,2023-08-30 23:15:00+00:00,2023-08-30 23:20:00+00:00,False,,,BREAK_DURING_K1,2023-08-30 23:20:00+00:00,
60,01:00,4,2023-09-01,Friday,2023-08-31 18:00:00+00:00,2023-08-31 22:00:00+00:00,2023-08-31 22:00:00+00:00,2023-09-01 02:00:00+00:00,218.41,213.91,4.5,False,NO_K1,0,0,,,False,,,NO_K1,,
60,01:00,4,2023-09-02,Saturday,2023-09-01 18:00:00+00:00,2023-09-01 22:00:00+00:00,2023-09-01 22:00:00+00:00,2023-09-02 02:00:00+00:00,215.03,211.51,3.5200000000000102,True,,1,0,2023-09-02 01:15:00+00:00,2023-09-02 01:20:00+00:00,True,2023-09-02 01:20:00+00:00,2023-09-02 01:25:00+00:00,H2_ARRIVAL,2023-09-02 01:40:00+00:00,20.0
60,01:00,4,2023-09-03,Sunday,2023-09-02 18:00:00+00:00,2023-09-02 22:00:00+00:00,2023-09-02 22:00:00+00:00,2023-09-03 02:00:00+00:00,214.24,213.0,1.240000000000009,False,BREAK_BEFORE_K1,0,0,,,False,,,BREAK_BEFORE_K1,2023-09-02 23:20:00+00:00,
60,01:00,4,2023-09-04,Monday,2023-09-03 18:00:00+00:00,2023-09-03 22:00:00+00:00,2023-09-03 22:00:00+00:00,2023-09-04 02:00:00+00:00,214.82,213.87,0.9499999999999886,False,NO_K1,0,0,,,False,,,NO_K1,,
60,01:00,4,2023-09-05,Tuesday,2023-09-04 18:00:00+00:00,2023-09-04 22:00:00+00:00,2023-09-04 22:00:00+00:00,2023-09-05 02:00:00+00:00,215.91,213.73,2.180000000000007,False,OPPOSITE_VISIT_BEFORE_K1,0,1,,,False,,,OPPOSITE_VISIT_BEFORE_K1,2023-09-04 22:00:00+00:00,
60,01:00,4,2023-09-06,Wednesday,2023-09-05 18:00:00+00:00,2023-09-05 22:00:00+00:00,2023-09-05 22:00:00+00:00,2023-09-06 02:00:00+00:00,215.38,214.11,1.2699999999999818,False,OPPOSITE_VISIT_BEFORE_K1,0,1,,,False,,,OPPOSITE_VISIT_BEFORE_K1,2023-09-05 22:00:00+00:00,
60,01:00,4,2023-09-07,Thursday,2023-09-06 18:00:00+00:00,2023-09-06 22:00:00+00:00,2023-09-06 22:00:00+00:00,2023-09-07 02:00:00+00:00,217.43,214.14,3.2900000000000205,False,NO_K1,0,0,,,False,,,NO_K1,,
60,01:00,4,2023-09-08,Friday,2023-09-07 18:00:00+00:00,2023-09-07 22:00:00+00:00,2023-09-07 22:00:00+00:00,2023-09-08 02:00:00+00:00,217.9,214.44,3.460000000000008,True,,1,0,2023-09-08 00:45:00+00:00,2023-09-08 00:50:00+00:00,False,,,BREAK_DURING_K1,2023-09-08 00:50:00+00:00,
60,01:00,4,2023-09-09,Saturday,2023-09-08 18:00:00+00:00,2023-09-08 22:00:00+00:00,2023-09-08 22:00:00+00:00,2023-09-09 02:00:00+00:00,214.45,213.4,1.049999999999983,True,,1,0,2023-09-08 23:00:00+00:00,2023-09-08 23:05:00+00:00,True,2023-09-08 23:05:00+00:00,2023-09-08 23:10:00+00:00,H2_ARRIVAL,2023-09-08 23:10:00+00:00,5.0
60,01:00,4,2023-09-10,Sunday,2023-09-09 18:00:00+00:00,2023-09-09 22:00:00+00:00,2023-09-09 22:00:00+00:00,2023-09-10 02:00:00+00:00,214.93,214.42,0.5100000000000193,False,BREAK_BEFORE_K1,0,0,,,False,,,BREAK_BEFORE_K1,2023-09-09 22:05:00+00:00,
60,01:00,4,2023-09-11,Monday,2023-09-10 18:00:00+00:00,2023-09-10 22:00:00+00:00,2023-09-10 22:00:00+00:00,2023-09-11 02:00:00+00:00,213.69,211.1,2.5900000000000034,True,,1,0,2023-09-10 22:30:00+00:00,2023-09-10 22:35:00+00:00,True,2023-09-10 22:40:00+00:00,2023-09-10 22:45:00+00:00,NO_H2_BY_END,,
60,01:00,4,2023-09-12,Tuesday,2023-09-11 18:00:00+00:00,2023-09-11 22:00:00+00:00,2023-09-11 22:00:00+00:00,2023-09-12 02:00:00+00:00,207.04,203.75,3.289999999999992,False,NO_K1,0,0,,,False,,,NO_K1,,
60,01:00,4,2023-09-13,Wednesday,2023-09-12 18:00:00+00:00,2023-09-12 22:00:00+00:00,2023-09-12 22:00:00+00:00,2023-09-13 02:00:00+00:00,213.63,210.63,3.0,False,BREAK_BEFORE_K1,0,0,,,False,,,BREAK_BEFORE_K1,2023-09-12 23:50:00+00:00,
60,01:00,4,2023-09-14,Thursday,2023-09-13 18:00:00+00:00,2023-09-13 22:00:00+00:00,2023-09-13 22:00:00+00:00,2023-09-14 02:00:00+00:00,212.75,211.16,1.5900000000000034,False,BREAK_BEFORE_K1,0,0,,,False,,,BREAK_BEFORE_K1,2023-09-13 22:05:00+00:00,
60,01:00,4,2023-09-15,Friday,2023-09-14 18:00:00+00:00,2023-09-14 22:00:00+00:00,2023-09-14 22:00:00+00:00,2023-09-15 02:00:00+00:00,213.06,211.6,1.460000000000008,False,OPPOSITE_VISIT_BEFORE_K1,0,1,,,False,,,OPPOSITE_VISIT_BEFORE_K1,2023-09-15 01:05:00+00:00,
60,01:00,4,2023-09-16,Saturday,2023-09-15 18:00:00+00:00,2023-09-15 22:00:00+00:00,2023-09-15 22:00:00+00:00,2023-09-16 02:00:00+00:00,213.35,211.6,1.75,True,,1,0,2023-09-15 22:15:00+00:00,2023-09-15 22:20:00+00:00,True,2023-09-15 22:25:00+00:00,2023-09-15 22:30:00+00:00,H2_ARRIVAL,2023-09-15 22:30:00+00:00,5.0
60,01:00,4,2023-09-17,Sunday,2023-09-16 18:00:00+00:00,2023-09-16 22:00:00+00:00,2023-09-16 22:00:00+00:00,2023-09-17 02:00:00+00:00,214.92,214.06,0.8599999999999852,True,,1,0,2023-09-16 22:35:00+00:00,2023-09-16 22:40:00+00:00,True,2023-09-16 22:50:00+00:00,2023-09-16 22:55:00+00:00,H2_ARRIVAL,2023-09-16 22:55:00+00:00,5.0
60,01:00,4,2023-09-18,Monday,2023-09-17 18:00:00+00:00,2023-09-17 22:00:00+00:00,2023-09-17 22:00:00+00:00,2023-09-18 02:00:00+00:00,216.49,214.97,1.5200000000000102,True,,1,0,2023-09-18 00:05:00+00:00,2023-09-18 00:10:00+00:00,True,2023-09-18 00:20:00+00:00,2023-09-18 00:25:00+00:00,H2_ARRIVAL,2023-09-18 01:10:00+00:00,50.0
60,01:00,4,2023-09-19,Tuesday,2023-09-18 18:00:00+00:00,2023-09-18 22:00:00+00:00,2023-09-18 22:00:00+00:00,2023-09-19 02:00:00+00:00,217.21,215.12,2.0900000000000034,False,NO_K1,0,0,,,False,,,NO_K1,,
60,01:00,4,2023-09-20,Wednesday,2023-09-19 18:00:00+00:00,2023-09-19 22:00:00+00:00,2023-09-19 22:00:00+00:00,2023-09-20 02:00:00+00:00,217.44,216.24,1.1999999999999886,True,,1,0,2023-09-19 23:20:00+00:00,2023-09-19 23:25:00+00:00,True,2023-09-19 23:25:00+00:00,2023-09-19 23:30:00+00:00,H2_ARRIVAL,2023-09-20 01:40:00+00:00,135.0
60,01:00,4,2023-09-21,Thursday,2023-09-20 18:00:00+00:00,2023-09-20 22:00:00+00:00,2023-09-20 22:00:00+00:00,2023-09-21 02:00:00+00:00,216.97,212.78,4.189999999999998,True,,1,0,2023-09-20 22:35:00+00:00,2023-09-20 22:40:00+00:00,True,2023-09-20 22:40:00+00:00,2023-09-20 22:45:00+00:00,NO_H2_BY_END,,
60,01:00,4,2023-09-22,Friday,2023-09-21 18:00:00+00:00,2023-09-21 22:00:00+00:00,2023-09-21 22:00:00+00:00,2023-09-22 02:00:00+00:00,211.21,209.93,1.2800000000000011,True,,1,0,2023-09-22 00:00:00+00:00,2023-09-22 00:05:00+00:00,True,2023-09-22 00:05:00+00:00,2023-09-22 00:10:00+00:00,H2_ARRIVAL,2023-09-22 00:10:00+00:00,5.0
60,01:00,4,2023-09-23,Saturday,2023-09-22 18:00:00+00:00,2023-09-22 22:00:00+00:00,2023-09-22 22:00:00+00:00,2023-09-23 02:00:00+00:00,211.29,210.18,1.1099999999999852,True,,1,0,2023-09-22 22:05:00+00:00,2023-09-22 22:10:00+00:00,True,2023-09-22 22:10:00+00:00,2023-09-22 22:15:00+00:00,H2_ARRIVAL,2023-09-22 22:15:00+00:00,5.0
60,01:00,4,2023-09-24,Sunday,2023-09-23 18:00:00+00:00,2023-09-23 22:00:00+00:00,2023-09-23 22:00:00+00:00,2023-09-24 02:00:00+00:00,210.88,210.27,0.6099999999999852,False,OPPOSITE_VISIT_BEFORE_K1,0,1,,,False,,,OPPOSITE_VISIT_BEFORE_K1,2023-09-23 22:30:00+00:00,
60,01:00,4,2023-09-25,Monday,2023-09-24 18:00:00+00:00,2023-09-24 22:00:00+00:00,2023-09-24 22:00:00+00:00,2023-09-25 02:00:00+00:00,211.36,208.55,2.8100000000000023,False,BREAK_BEFORE_K1,0,0,,,False,,,BREAK_BEFORE_K1,2023-09-24 23:25:00+00:00,
60,01:00,4,2023-09-26,Tuesday,2023-09-25 18:00:00+00:00,2023-09-25 22:00:00+00:00,2023-09-25 22:00:00+00:00,2023-09-26 02:00:00+00:00,210.69,209.57,1.1200000000000045,False,BREAK_BEFORE_K1,0,0,,,False,,,BREAK_BEFORE_K1,2023-09-26 01:50:00+00:00,
60,01:00,4,2023-09-27,Wednesday,2023-09-26 18:00:00+00:00,2023-09-26 22:00:00+00:00,2023-09-26 22:00:00+00:00,2023-09-27 02:00:00+00:00,212.56,210.73,1.8300000000000125,True,,1,0,2023-09-26 23:35:00+00:00,2023-09-26 23:40:00+00:00,False,,,BREAK_DURING_K1,2023-09-26 23:40:00+00:00,
60,01:00,4,2023-09-28,Thursday,2023-09-27 18:00:00+00:00,2023-09-27 22:00:00+00:00,2023-09-27 22:00:00+00:00,2023-09-28 02:00:00+00:00,212.18,210.52,1.6599999999999966,False,BREAK_BEFORE_K1,0,0,,,False,,,BREAK_BEFORE_K1,2023-09-27 23:40:00+00:00,
60,01:00,4,2023-09-29,Friday,2023-09-28 18:00:00+00:00,2023-09-28 22:00:00+00:00,2023-09-28 22:00:00+00:00,2023-09-29 02:00:00+00:00,216.06,214.31,1.75,False,NO_K1,0,0,,,False,,,NO_K1,,
60,01:00,4,2023-09-30,Saturday,2023-09-29 18:00:00+00:00,2023-09-29 22:00:00+00:00,2023-09-29 22:00:00+00:00,2023-09-30 02:00:00+00:00,216.12,214.82,1.3000000000000114,False,BREAK_BEFORE_K1,0,0,,,False,,,BREAK_BEFORE_K1,2023-09-30 01:35:00+00:00,
60,01:00,4,2023-10-01,Sunday,2023-09-30 18:00:00+00:00,2023-09-30 22:00:00+00:00,2023-09-30 22:00:00+00:00,2023-10-01 02:00:00+00:00,216.06,215.0,1.0600000000000023,False,OPPOSITE_VISIT_BEFORE_K1,0,1,,,False,,,OPPOSITE_VISIT_BEFORE_K1,2023-09-30 22:45:00+00:00,
60,01:00,4,2023-10-02,Monday,2023-10-01 18:00:00+00:00,2023-10-01 22:00:00+00:00,2023-10-01 22:00:00+00:00,2023-10-02 02:00:00+00:00,214.55,213.3,1.25,False,BREAK_BEFORE_K1,0,0,,,False,,,BREAK_BEFORE_K1,2023-10-01 22:10:00+00:00,
60,01:00,4,2023-10-03,Tuesday,2023-10-02 18:00:00+00:00,2023-10-02 22:00:00+00:00,2023-10-02 22:00:00+00:00,2023-10-03 02:00:00+00:00,216.73,213.19,3.539999999999992,False,NO_K1,0,0,,,False,,,NO_K1,,
60,01:00,4,2023-10-04,Wednesday,2023-10-03 18:00:00+00:00,2023-10-03 22:00:00+00:00,2023-10-03 22:00:00+00:00,2023-10-04 02:00:00+00:00,213.91,212.34,1.5699999999999932,False,OPPOSITE_VISIT_BEFORE_K1,0,1,,,False,,,OPPOSITE_VISIT_BEFORE_K1,2023-10-04 00:20:00+00:00,
60,01:00,4,2023-10-05,Thursday,2023-10-04 18:00:00+00:00,2023-10-04 22:00:00+00:00,2023-10-04 22:00:00+00:00,2023-10-05 02:00:00+00:00,213.72,212.27,1.4499999999999886,False,BREAK_BEFORE_K1,0,0,,,False,,,BREAK_BEFORE_K1,2023-10-04 23:00:00+00:00,
60,01:00,4,2023-10-06,Friday,2023-10-05 18:00:00+00:00,2023-10-05 22:00:00+00:00,2023-10-05 22:00:00+00:00,2023-10-06 02:00:00+00:00,211.3,210.32,0.9800000000000182,True,,1,0,2023-10-05 22:25:00+00:00,2023-10-05 22:30:00+00:00,True,2023-10-05 22:30:00+00:00,2023-10-05 22:35:00+00:00,H2_ARRIVAL,2023-10-05 22:45:00+00:00,15.0
60,01:00,4,2023-10-07,Saturday,2023-10-06 18:00:00+00:00,2023-10-06 22:00:00+00:00,2023-10-06 22:00:00+00:00,2023-10-07 02:00:00+00:00,214.69,213.26,1.4300000000000068,False,OPPOSITE_VISIT_BEFORE_K1,0,1,,,False,,,OPPOSITE_VISIT_BEFORE_K1,2023-10-06 23:30:00+00:00,
60,01:00,4,2023-10-08,Sunday,2023-10-07 18:00:00+00:00,2023-10-07 22:00:00+00:00,2023-10-07 22:00:00+00:00,2023-10-08 02:00:00+00:00,212.55,211.63,0.9200000000000159,True,,1,0,2023-10-08 01:40:00+00:00,2023-10-08 01:45:00+00:00,True,2023-10-08 01:45:00+00:00,2023-10-08 01:50:00+00:00,H2_ARRIVAL,2023-10-08 01:55:00+00:00,10.0
60,01:00,4,2023-10-09,Monday,2023-10-08 18:00:00+00:00,2023-10-08 22:00:00+00:00,2023-10-08 22:00:00+00:00,2023-10-09 02:00:00+00:00,212.14,211.09,1.049999999999983,False,OPPOSITE_VISIT_BEFORE_K1,0,1,,,False,,,OPPOSITE_VISIT_BEFORE_K1,2023-10-08 22:10:00+00:00,
60,01:00,4,2023-10-10,Tuesday,2023-10-09 18:00:00+00:00,2023-10-09 22:00:00+00:00,2023-10-09 22:00:00+00:00,2023-10-10 02:00:00+00:00,207.5,205.14,2.3600000000000136,False,OPPOSITE_VISIT_BEFORE_K1,0,1,,,False,,,OPPOSITE_VISIT_BEFORE_K1,2023-10-09 23:20:00+00:00,
60,01:00,4,2023-10-11,Wednesday,2023-10-10 18:00:00+00:00,2023-10-10 22:00:00+00:00,2023-10-10 22:00:00+00:00,2023-10-11 02:00:00+00:00,209.3,207.13,2.170000000000016,False,NO_K1,0,0,,,False,,,NO_K1,,
60,01:00,4,2023-10-12,Thursday,2023-10-11 18:00:00+00:00,2023-10-11 22:00:00+00:00,2023-10-11 22:00:00+00:00,2023-10-12 02:00:00+00:00,206.46,204.65,1.8100000000000023,True,,1,0,2023-10-11 22:10:00+00:00,2023-10-11 22:15:00+00:00,True,2023-10-11 22:15:00+00:00,2023-10-11 22:20:00+00:00,H2_ARRIVAL,2023-10-11 22:20:00+00:00,5.0
60,01:00,4,2023-10-13,Friday,2023-10-12 18:00:00+00:00,2023-10-12 22:00:00+00:00,2023-10-12 22:00:00+00:00,2023-10-13 02:00:00+00:00,206.0,204.84,1.1599999999999966,False,BREAK_BEFORE_K1,0,0,,,False,,,BREAK_BEFORE_K1,2023-10-13 00:30:00+00:00,
60,01:00,4,2023-10-14,Saturday,2023-10-13 18:00:00+00:00,2023-10-13 22:00:00+00:00,2023-10-13 22:00:00+00:00,2023-10-14 02:00:00+00:00,208.43,205.25,3.180000000000007,False,NO_K1,0,0,,,False,,,NO_K1,,
60,01:00,4,2023-10-15,Sunday,2023-10-14 18:00:00+00:00,2023-10-14 22:00:00+00:00,2023-10-14 22:00:00+00:00,2023-10-15 02:00:00+00:00,206.97,206.14,0.8300000000000125,True,,1,0,2023-10-15 00:00:00+00:00,2023-10-15 00:05:00+00:00,False,,,BREAK_DURING_K1,2023-10-15 00:10:00+00:00,
60,01:00,4,2023-10-16,Monday,2023-10-15 18:00:00+00:00,2023-10-15 22:00:00+00:00,2023-10-15 22:00:00+00:00,2023-10-16 02:00:00+00:00,210.5,209.25,1.25,False,OPPOSITE_VISIT_BEFORE_K1,0,1,,,False,,,OPPOSITE_VISIT_BEFORE_K1,2023-10-15 22:45:00+00:00,
60,01:00,4,2023-10-17,Tuesday,2023-10-16 18:00:00+00:00,2023-10-16 22:00:00+00:00,2023-10-16 22:00:00+00:00,2023-10-17 02:00:00+00:00,215.36,213.45,1.910000000000025,True,,1,0,2023-10-16 22:45:00+00:00,2023-10-16 22:50:00+00:00,False,,,BREAK_DURING_K1,2023-10-16 23:10:00+00:00,
60,01:00,4,2023-10-18,Wednesday,2023-10-17 18:00:00+00:00,2023-10-17 22:00:00+00:00,2023-10-17 22:00:00+00:00,2023-10-18 02:00:00+00:00,211.99,210.68,1.3100000000000023,False,NO_K1,0,0,,,False,,,NO_K1,,
60,01:00,4,2023-10-19,Thursday,2023-10-18 18:00:00+00:00,2023-10-18 22:00:00+00:00,2023-10-18 22:00:00+00:00,2023-10-19 02:00:00+00:00,211.68,210.0,1.6800000000000068,False,BREAK_BEFORE_K1,0,0,,,False,,,BREAK_BEFORE_K1,2023-10-19 01:40:00+00:00,
60,01:00,4,2023-10-20,Friday,2023-10-19 18:00:00+00:00,2023-10-19 22:00:00+00:00,2023-10-19 22:00:00+00:00,2023-10-20 02:00:00+00:00,210.99,210.14,0.8500000000000227,True,,1,0,2023-10-19 23:40:00+00:00,2023-10-19 23:45:00+00:00,False,,,BREAK_DURING_K1,2023-10-19 23:45:00+00:00,
60,01:00,4,2023-10-21,Saturday,2023-10-20 18:00:00+00:00,2023-10-20 22:00:00+00:00,2023-10-20 22:00:00+00:00,2023-10-21 02:00:00+00:00,213.36,212.51,0.8500000000000227,False,OPPOSITE_VISIT_BEFORE_K1,0,1,,,False,,,OPPOSITE_VISIT_BEFORE_K1,2023-10-20 22:55:00+00:00,
60,01:00,4,2023-10-22,Sunday,2023-10-21 18:00:00+00:00,2023-10-21 22:00:00+00:00,2023-10-21 22:00:00+00:00,2023-10-22 02:00:00+00:00,215.99,214.25,1.740000000000009,False,OPPOSITE_VISIT_BEFORE_K1,0,1,,,False,,,OPPOSITE_VISIT_BEFORE_K1,2023-10-21 23:30:00+00:00,
60,01:00,4,2023-10-23,Monday,2023-10-22 18:00:00+00:00,2023-10-22 22:00:00+00:00,2023-10-22 22:00:00+00:00,2023-10-23 02:00:00+00:00,215.88,214.91,0.9699999999999989,False,BREAK_BEFORE_K1,0,0,,,False,,,BREAK_BEFORE_K1,2023-10-22 22:40:00+00:00,
60,01:00,4,2023-10-24,Tuesday,2023-10-23 18:00:00+00:00,2023-10-23 22:00:00+00:00,2023-10-23 22:00:00+00:00,2023-10-24 02:00:00+00:00,224.83,219.47,5.360000000000014,False,BREAK_BEFORE_K1,0,0,,,False,,,BREAK_BEFORE_K1,2023-10-23 22:20:00+00:00,
60,01:00,4,2023-10-25,Wednesday,2023-10-24 18:00:00+00:00,2023-10-24 22:00:00+00:00,2023-10-24 22:00:00+00:00,2023-10-25 02:00:00+00:00,226.2,222.83,3.369999999999976,True,,1,0,2023-10-24 22:10:00+00:00,2023-10-24 22:15:00+00:00,False,,,BREAK_DURING_K1,2023-10-24 22:20:00+00:00,
60,01:00,4,2023-10-26,Thursday,2023-10-25 18:00:00+00:00,2023-10-25 22:00:00+00:00,2023-10-25 22:00:00+00:00,2023-10-26 02:00:00+00:00,225.15,222.42,2.730000000000018,False,BREAK_BEFORE_K1,0,0,,,False,,,BREAK_BEFORE_K1,2023-10-25 23:00:00+00:00,
60,01:00,4,2023-10-27,Friday,2023-10-26 18:00:00+00:00,2023-10-26 22:00:00+00:00,2023-10-26 22:00:00+00:00,2023-10-27 02:00:00+00:00,223.53,221.56,1.9699999999999989,True,,1,0,2023-10-26 22:00:00+00:00,2023-10-26 22:05:00+00:00,True,2023-10-26 22:05:00+00:00,2023-10-26 22:10:00+00:00,H2_ARRIVAL,2023-10-26 22:10:00+00:00,5.0
60,01:00,4,2023-10-28,Saturday,2023-10-27 18:00:00+00:00,2023-10-27 22:00:00+00:00,2023-10-27 22:00:00+00:00,2023-10-28 02:00:00+00:00,224.98,221.0,3.9799999999999898,True,,1,0,2023-10-27 22:00:00+00:00,2023-10-27 22:05:00+00:00,True,2023-10-27 22:05:00+00:00,2023-10-27 22:10:00+00:00,H2_ARRIVAL,2023-10-28 00:20:00+00:00,135.0
60,01:00,4,2023-10-29,Sunday,2023-10-28 18:00:00+00:00,2023-10-28 22:00:00+00:00,2023-10-28 22:00:00+00:00,2023-10-29 02:00:00+00:00,226.5,225.15,1.3499999999999943,True,,1,0,2023-10-28 22:00:00+00:00,2023-10-28 22:05:00+00:00,True,2023-10-28 22:10:00+00:00,2023-10-28 22:15:00+00:00,OPPOSITE_BREAK_BEFORE_H2,2023-10-29 01:10:00+00:00,
60,01:00,4,2023-10-30,Monday,2023-10-29 18:00:00+00:00,2023-10-29 22:00:00+00:00,2023-10-29 22:00:00+00:00,2023-10-30 02:00:00+00:00,228.0,226.37,1.6299999999999955,True,,1,0,2023-10-29 22:30:00+00:00,2023-10-29 22:35:00+00:00,False,,,BREAK_DURING_K1,2023-10-29 22:35:00+00:00,
60,01:00,4,2023-10-31,Tuesday,2023-10-30 18:00:00+00:00,2023-10-30 22:00:00+00:00,2023-10-30 22:00:00+00:00,2023-10-31 02:00:00+00:00,229.22,226.84,2.3799999999999955,False,BREAK_BEFORE_K1,0,0,,,False,,,BREAK_BEFORE_K1,2023-10-31 00:40:00+00:00,
60,01:00,4,2023-11-01,Wednesday,2023-10-31 18:00:00+00:00,2023-10-31 22:00:00+00:00,2023-10-31 22:00:00+00:00,2023-11-01 02:00:00+00:00,226.7,225.07,1.6299999999999955,False,BREAK_BEFORE_K1,0,0,,,False,,,BREAK_BEFORE_K1,2023-11-01 00:15:00+00:00,
60,01:00,4,2023-11-02,Thursday,2023-11-01 18:00:00+00:00,2023-11-01 22:00:00+00:00,2023-11-01 22:00:00+00:00,2023-11-02 02:00:00+00:00,230.15,224.51,5.640000000000015,True,,1,0,2023-11-02 01:00:00+00:00,2023-11-02 01:05:00+00:00,True,2023-11-02 01:05:00+00:00,2023-11-02 01:10:00+00:00,H2_ARRIVAL,2023-11-02 01:10:00+00:00,5.0
60,01:00,4,2023-11-03,Friday,2023-11-02 18:00:00+00:00,2023-11-02 22:00:00+00:00,2023-11-02 22:00:00+00:00,2023-11-03 02:00:00+00:00,233.17,230.81,2.359999999999985,False,OPPOSITE_VISIT_BEFORE_K1,0,1,,,False,,,OPPOSITE_VISIT_BEFORE_K1,2023-11-02 22:40:00+00:00,
60,01:00,4,2023-11-04,Saturday,2023-11-03 18:00:00+00:00,2023-11-03 22:00:00+00:00,2023-11-03 22:00:00+00:00,2023-11-04 02:00:00+00:00,230.43,227.99,2.4399999999999977,True,,1,0,2023-11-03 23:00:00+00:00,2023-11-03 23:05:00+00:00,False,,,BREAK_DURING_K1,2023-11-03 23:05:00+00:00,
60,01:00,4,2023-11-05,Sunday,2023-11-04 18:00:00+00:00,2023-11-04 22:00:00+00:00,2023-11-04 22:00:00+00:00,2023-11-05 02:00:00+00:00,237.32,235.8,1.5199999999999818,True,,1,0,2023-11-04 22:30:00+00:00,2023-11-04 22:35:00+00:00,True,2023-11-04 22:35:00+00:00,2023-11-04 22:40:00+00:00,H2_ARRIVAL,2023-11-04 22:45:00+00:00,10.0
60,01:00,4,2023-11-06,Monday,2023-11-05 18:00:00+00:00,2023-11-05 22:00:00+00:00,2023-11-05 22:00:00+00:00,2023-11-06 02:00:00+00:00,244.77,240.62,4.150000000000006,False,BREAK_BEFORE_K1,0,0,,,False,,,BREAK_BEFORE_K1,2023-11-05 23:00:00+00:00,
60,01:00,4,2023-11-07,Tuesday,2023-11-06 18:00:00+00:00,2023-11-06 22:00:00+00:00,2023-11-06 22:00:00+00:00,2023-11-07 02:00:00+00:00,255.37,250.23,5.140000000000015,False,BREAK_BEFORE_K1,0,0,,,False,,,BREAK_BEFORE_K1,2023-11-06 23:05:00+00:00,
60,01:00,4,2023-11-08,Wednesday,2023-11-07 18:00:00+00:00,2023-11-07 22:00:00+00:00,2023-11-07 22:00:00+00:00,2023-11-08 02:00:00+00:00,249.88,244.36,5.519999999999982,False,NO_K1,0,0,,,False,,,NO_K1,,
60,01:00,4,2023-11-09,Thursday,2023-11-08 18:00:00+00:00,2023-11-08 22:00:00+00:00,2023-11-08 22:00:00+00:00,2023-11-09 02:00:00+00:00,249.67,245.13,4.539999999999992,False,NO_K1,0,0,,,False,,,NO_K1,,
60,01:00,4,2023-11-10,Friday,2023-11-09 18:00:00+00:00,2023-11-09 22:00:00+00:00,2023-11-09 22:00:00+00:00,2023-11-10 02:00:00+00:00,248.8,242.83,5.969999999999999,True,,1,0,2023-11-09 22:15:00+00:00,2023-11-09 22:20:00+00:00,True,2023-11-09 22:20:00+00:00,2023-11-09 22:25:00+00:00,H2_ARRIVAL,2023-11-09 23:05:00+00:00,45.0
60,01:00,4,2023-11-11,Saturday,2023-11-10 18:00:00+00:00,2023-11-10 22:00:00+00:00,2023-11-10 22:00:00+00:00,2023-11-11 02:00:00+00:00,252.45,250.06,2.3899999999999864,True,,1,0,2023-11-10 22:05:00+00:00,2023-11-10 22:10:00+00:00,True,2023-11-10 22:10:00+00:00,2023-11-10 22:15:00+00:00,H2_ARRIVAL,2023-11-10 22:20:00+00:00,10.0
60,01:00,4,2023-11-12,Sunday,2023-11-11 18:00:00+00:00,2023-11-11 22:00:00+00:00,2023-11-11 22:00:00+00:00,2023-11-12 02:00:00+00:00,254.48,250.63,3.8499999999999943,False,BREAK_BEFORE_K1,0,0,,,False,,,BREAK_BEFORE_K1,2023-11-11 22:05:00+00:00,
60,01:00,4,2023-11-13,Monday,2023-11-12 18:00:00+00:00,2023-11-12 22:00:00+00:00,2023-11-12 22:00:00+00:00,2023-11-13 02:00:00+00:00,249.29,247.43,1.8599999999999852,False,BREAK_BEFORE_K1,0,0,,,False,,,BREAK_BEFORE_K1,2023-11-12 23:20:00+00:00,
60,01:00,4,2023-11-14,Tuesday,2023-11-13 18:00:00+00:00,2023-11-13 22:00:00+00:00,2023-11-13 22:00:00+00:00,2023-11-14 02:00:00+00:00,246.53,240.22,6.310000000000002,False,BREAK_BEFORE_K1,0,0,,,False,,,BREAK_BEFORE_K1,2023-11-14 00:05:00+00:00,
60,01:00,4,2023-11-15,Wednesday,2023-11-14 18:00:00+00:00,2023-11-14 22:00:00+00:00,2023-11-14 22:00:00+00:00,2023-11-15 02:00:00+00:00,243.65,233.0,10.650000000000006,False,BREAK_BEFORE_K1,0,0,,,False,,,BREAK_BEFORE_K1,2023-11-15 00:10:00+00:00,
60,01:00,4,2023-11-16,Thursday,2023-11-15 18:00:00+00:00,2023-11-15 22:00:00+00:00,2023-11-15 22:00:00+00:00,2023-11-16 02:00:00+00:00,254.7,250.88,3.819999999999993,False,BREAK_BEFORE_K1,0,0,,,False,,,BREAK_BEFORE_K1,2023-11-16 00:45:00+00:00,
60,01:00,4,2023-11-17,Friday,2023-11-16 18:00:00+00:00,2023-11-16 22:00:00+00:00,2023-11-16 22:00:00+00:00,2023-11-17 02:00:00+00:00,246.6,240.1,6.5,False,NO_K1,0,0,,,False,,,NO_K1,,
60,01:00,4,2023-11-18,Saturday,2023-11-17 18:00:00+00:00,2023-11-17 22:00:00+00:00,2023-11-17 22:00:00+00:00,2023-11-18 02:00:00+00:00,244.52,242.83,1.6899999999999977,True,,1,0,2023-11-17 22:25:00+00:00,2023-11-17 22:30:00+00:00,False,,,BREAK_DURING_K1,2023-11-17 22:30:00+00:00,
60,01:00,4,2023-11-19,Sunday,2023-11-18 18:00:00+00:00,2023-11-18 22:00:00+00:00,2023-11-18 22:00:00+00:00,2023-11-19 02:00:00+00:00,245.38,244.11,1.2699999999999818,False,BREAK_BEFORE_K1,0,0,,,False,,,BREAK_BEFORE_K1,2023-11-18 22:10:00+00:00,
60,01:00,4,2023-11-20,Monday,2023-11-19 18:00:00+00:00,2023-11-19 22:00:00+00:00,2023-11-19 22:00:00+00:00,2023-11-20 02:00:00+00:00,246.19,244.32,1.8700000000000045,False,OPPOSITE_VISIT_BEFORE_K1,0,1,,,False,,,OPPOSITE_VISIT_BEFORE_K1,2023-11-19 22:50:00+00:00,
60,01:00,4,2023-11-21,Tuesday,2023-11-20 18:00:00+00:00,2023-11-20 22:00:00+00:00,2023-11-20 22:00:00+00:00,2023-11-21 02:00:00+00:00,263.76,250.85,12.909999999999997,True,,1,0,2023-11-21 01:05:00+00:00,2023-11-21 01:10:00+00:00,True,2023-11-21 01:15:00+00:00,2023-11-21 01:20:00+00:00,H2_ARRIVAL,2023-11-21 01:25:00+00:00,10.0
60,01:00,4,2023-11-22,Wednesday,2023-11-21 18:00:00+00:00,2023-11-21 22:00:00+00:00,2023-11-21 22:00:00+00:00,2023-11-22 02:00:00+00:00,248.4,236.62,11.780000000000001,False,OPPOSITE_VISIT_BEFORE_K1,0,1,,,False,,,OPPOSITE_VISIT_BEFORE_K1,2023-11-21 22:15:00+00:00,
60,01:00,4,2023-11-23,Thursday,2023-11-22 18:00:00+00:00,2023-11-22 22:00:00+00:00,2023-11-22 22:00:00+00:00,2023-11-23 02:00:00+00:00,238.39,232.54,5.849999999999994,True,,1,0,2023-11-22 22:05:00+00:00,2023-11-22 22:10:00+00:00,True,2023-11-22 22:15:00+00:00,2023-11-22 22:20:00+00:00,H2_ARRIVAL,2023-11-23 01:25:00+00:00,190.0
60,01:00,4,2023-11-24,Friday,2023-11-23 18:00:00+00:00,2023-11-23 22:00:00+00:00,2023-11-23 22:00:00+00:00,2023-11-24 02:00:00+00:00,234.58,231.75,2.8300000000000125,False,BREAK_BEFORE_K1,0,0,,,False,,,BREAK_BEFORE_K1,2023-11-24 00:20:00+00:00,
60,01:00,4,2023-11-25,Saturday,2023-11-24 18:00:00+00:00,2023-11-24 22:00:00+00:00,2023-11-24 22:00:00+00:00,2023-11-25 02:00:00+00:00,233.6,232.0,1.5999999999999943,False,BREAK_BEFORE_K1,0,0,,,False,,,BREAK_BEFORE_K1,2023-11-24 22:10:00+00:00,
60,01:00,4,2023-11-26,Sunday,2023-11-25 18:00:00+00:00,2023-11-25 22:00:00+00:00,2023-11-25 22:00:00+00:00,2023-11-26 02:00:00+00:00,233.99,233.05,0.9399999999999977,False,BREAK_BEFORE_K1,0,0,,,False,,,BREAK_BEFORE_K1,2023-11-25 23:45:00+00:00,
60,01:00,4,2023-11-27,Monday,2023-11-26 18:00:00+00:00,2023-11-26 22:00:00+00:00,2023-11-26 22:00:00+00:00,2023-11-27 02:00:00+00:00,232.97,230.27,2.6999999999999886,True,,1,0,2023-11-27 00:40:00+00:00,2023-11-27 00:45:00+00:00,True,2023-11-27 00:50:00+00:00,2023-11-27 00:55:00+00:00,H2_ARRIVAL,2023-11-27 01:05:00+00:00,15.0
60,01:00,4,2023-11-28,Tuesday,2023-11-27 18:00:00+00:00,2023-11-27 22:00:00+00:00,2023-11-27 22:00:00+00:00,2023-11-28 02:00:00+00:00,226.92,223.53,3.3899999999999864,False,BREAK_BEFORE_K1,0,0,,,False,,,BREAK_BEFORE_K1,2023-11-27 23:00:00+00:00,
60,01:00,4,2023-11-29,Wednesday,2023-11-28 18:00:00+00:00,2023-11-28 22:00:00+00:00,2023-11-28 22:00:00+00:00,2023-11-29 02:00:00+00:00,231.65,229.65,2.0,False,BREAK_BEFORE_K1,0,0,,,False,,,BREAK_BEFORE_K1,2023-11-28 22:50:00+00:00,
60,01:00,4,2023-11-30,Thursday,2023-11-29 18:00:00+00:00,2023-11-29 22:00:00+00:00,2023-11-29 22:00:00+00:00,2023-11-30 02:00:00+00:00,228.16,226.68,1.4799999999999898,False,OPPOSITE_VISIT_BEFORE_K1,0,1,,,False,,,OPPOSITE_VISIT_BEFORE_K1,2023-11-30 01:05:00+00:00,
60,01:00,4,2023-12-01,Friday,2023-11-30 18:00:00+00:00,2023-11-30 22:00:00+00:00,2023-11-30 22:00:00+00:00,2023-12-01 02:00:00+00:00,227.93,227.26,0.6700000000000159,False,BREAK_BEFORE_K1,0,0,,,False,,,BREAK_BEFORE_K1,2023-11-30 22:05:00+00:00,
60,01:00,4,2023-12-02,Saturday,2023-12-01 18:00:00+00:00,2023-12-01 22:00:00+00:00,2023-12-01 22:00:00+00:00,2023-12-02 02:00:00+00:00,229.15,228.15,1.0,False,NO_K1,0,0,,,False,,,NO_K1,,
60,01:00,4,2023-12-03,Sunday,2023-12-02 18:00:00+00:00,2023-12-02 22:00:00+00:00,2023-12-02 22:00:00+00:00,2023-12-03 02:00:00+00:00,230.57,228.1,2.469999999999999,False,BREAK_BEFORE_K1,0,0,,,False,,,BREAK_BEFORE_K1,2023-12-03 00:45:00+00:00,
60,01:00,4,2023-12-04,Monday,2023-12-03 18:00:00+00:00,2023-12-03 22:00:00+00:00,2023-12-03 22:00:00+00:00,2023-12-04 02:00:00+00:00,227.55,226.48,1.0700000000000216,False,BREAK_BEFORE_K1,0,0,,,False,,,BREAK_BEFORE_K1,2023-12-03 22:00:00+00:00,
60,01:00,4,2023-12-05,Tuesday,2023-12-04 18:00:00+00:00,2023-12-04 22:00:00+00:00,2023-12-04 22:00:00+00:00,2023-12-05 02:00:00+00:00,232.21,230.22,1.990000000000009,False,BREAK_BEFORE_K1,0,0,,,False,,,BREAK_BEFORE_K1,2023-12-04 22:10:00+00:00,
60,01:00,4,2023-12-06,Wednesday,2023-12-05 18:00:00+00:00,2023-12-05 22:00:00+00:00,2023-12-05 22:00:00+00:00,2023-12-06 02:00:00+00:00,233.46,230.25,3.210000000000008,False,NO_K1,0,0,,,False,,,NO_K1,,
60,01:00,4,2023-12-07,Thursday,2023-12-06 18:00:00+00:00,2023-12-06 22:00:00+00:00,2023-12-06 22:00:00+00:00,2023-12-07 02:00:00+00:00,233.05,229.01,4.0400000000000205,False,NO_K1,0,0,,,False,,,NO_K1,,
60,01:00,4,2023-12-08,Friday,2023-12-07 18:00:00+00:00,2023-12-07 22:00:00+00:00,2023-12-07 22:00:00+00:00,2023-12-08 02:00:00+00:00,233.62,230.2,3.420000000000016,False,BREAK_BEFORE_K1,0,0,,,False,,,BREAK_BEFORE_K1,2023-12-08 00:05:00+00:00,
60,01:00,4,2023-12-09,Saturday,2023-12-08 18:00:00+00:00,2023-12-08 22:00:00+00:00,2023-12-08 22:00:00+00:00,2023-12-09 02:00:00+00:00,240.22,235.95,4.27000000000001,False,BREAK_BEFORE_K1,0,0,,,False,,,BREAK_BEFORE_K1,2023-12-09 00:05:00+00:00,
60,01:00,4,2023-12-10,Sunday,2023-12-09 18:00:00+00:00,2023-12-09 22:00:00+00:00,2023-12-09 22:00:00+00:00,2023-12-10 02:00:00+00:00,240.4,238.04,2.3600000000000136,False,BREAK_BEFORE_K1,0,0,,,False,,,BREAK_BEFORE_K1,2023-12-09 23:25:00+00:00,
60,01:00,4,2023-12-11,Monday,2023-12-10 18:00:00+00:00,2023-12-10 22:00:00+00:00,2023-12-10 22:00:00+00:00,2023-12-11 02:00:00+00:00,241.08,239.11,1.9699999999999989,False,OPPOSITE_VISIT_BEFORE_K1,0,1,,,False,,,OPPOSITE_VISIT_BEFORE_K1,2023-12-10 23:20:00+00:00,
60,01:00,4,2023-12-12,Tuesday,2023-12-11 18:00:00+00:00,2023-12-11 22:00:00+00:00,2023-12-11 22:00:00+00:00,2023-12-12 02:00:00+00:00,243.65,236.88,6.77000000000001,False,BREAK_BEFORE_K1,0,0,,,False,,,BREAK_BEFORE_K1,2023-12-11 22:15:00+00:00,
60,01:00,4,2023-12-13,Wednesday,2023-12-12 18:00:00+00:00,2023-12-12 22:00:00+00:00,2023-12-12 22:00:00+00:00,2023-12-13 02:00:00+00:00,255.71,249.65,6.060000000000002,False,BREAK_BEFORE_K1,0,0,,,False,,,BREAK_BEFORE_K1,2023-12-12 22:00:00+00:00,
60,01:00,4,2023-12-14,Thursday,2023-12-13 18:00:00+00:00,2023-12-13 22:00:00+00:00,2023-12-13 22:00:00+00:00,2023-12-14 02:00:00+00:00,254.44,249.8,4.639999999999986,False,BREAK_BEFORE_K1,0,0,,,False,,,BREAK_BEFORE_K1,2023-12-13 22:00:00+00:00,
60,01:00,4,2023-12-15,Friday,2023-12-14 18:00:00+00:00,2023-12-14 22:00:00+00:00,2023-12-14 22:00:00+00:00,2023-12-15 02:00:00+00:00,252.84,251.13,1.710000000000008,True,,1,0,2023-12-14 22:05:00+00:00,2023-12-14 22:10:00+00:00,False,,,BREAK_DURING_K1,2023-12-14 22:10:00+00:00,
60,01:00,4,2023-12-16,Saturday,2023-12-15 18:00:00+00:00,2023-12-15 22:00:00+00:00,2023-12-15 22:00:00+00:00,2023-12-16 02:00:00+00:00,247.79,245.72,2.069999999999993,False,BREAK_BEFORE_K1,0,0,,,False,,,BREAK_BEFORE_K1,2023-12-15 22:20:00+00:00,
60,01:00,4,2023-12-17,Sunday,2023-12-16 18:00:00+00:00,2023-12-16 22:00:00+00:00,2023-12-16 22:00:00+00:00,2023-12-17 02:00:00+00:00,245.8,243.69,2.1100000000000136,False,BREAK_BEFORE_K1,0,0,,,False,,,BREAK_BEFORE_K1,2023-12-16 23:45:00+00:00,
60,01:00,4,2023-12-18,Monday,2023-12-17 18:00:00+00:00,2023-12-17 22:00:00+00:00,2023-12-17 22:00:00+00:00,2023-12-18 02:00:00+00:00,243.58,241.82,1.7600000000000193,False,BREAK_BEFORE_K1,0,0,,,False,,,BREAK_BEFORE_K1,2023-12-17 22:30:00+00:00,
60,01:00,4,2023-12-19,Tuesday,2023-12-18 18:00:00+00:00,2023-12-18 22:00:00+00:00,2023-12-18 22:00:00+00:00,2023-12-19 02:00:00+00:00,241.39,237.66,3.7299999999999898,True,,1,0,2023-12-18 23:05:00+00:00,2023-12-18 23:10:00+00:00,False,,,BREAK_DURING_K1,2023-12-18 23:10:00+00:00,
60,01:00,4,2023-12-20,Wednesday,2023-12-19 18:00:00+00:00,2023-12-19 22:00:00+00:00,2023-12-19 22:00:00+00:00,2023-12-20 02:00:00+00:00,254.41,249.67,4.740000000000009,False,NO_K1,0,0,,,False,,,NO_K1,,
60,01:00,4,2023-12-21,Thursday,2023-12-20 18:00:00+00:00,2023-12-20 22:00:00+00:00,2023-12-20 22:00:00+00:00,2023-12-21 02:00:00+00:00,261.45,255.0,6.449999999999989,False,NO_K1,0,0,,,False,,,NO_K1,,
60,01:00,4,2023-12-22,Friday,2023-12-21 18:00:00+00:00,2023-12-21 22:00:00+00:00,2023-12-21 22:00:00+00:00,2023-12-22 02:00:00+00:00,271.24,268.41,2.829999999999984,True,,1,0,2023-12-21 22:00:00+00:00,2023-12-21 22:05:00+00:00,False,,,BREAK_DURING_K1,2023-12-21 22:05:00+00:00,
60,01:00,4,2023-12-23,Saturday,2023-12-22 18:00:00+00:00,2023-12-22 22:00:00+00:00,2023-12-22 22:00:00+00:00,2023-12-23 02:00:00+00:00,272.47,269.38,3.090000000000032,True,,1,0,2023-12-22 22:20:00+00:00,2023-12-22 22:25:00+00:00,False,,,BREAK_DURING_K1,2023-12-22 22:25:00+00:00,
60,01:00,4,2023-12-24,Sunday,2023-12-23 18:00:00+00:00,2023-12-23 22:00:00+00:00,2023-12-23 22:00:00+00:00,2023-12-24 02:00:00+00:00,271.22,269.16,2.0600000000000023,True,,1,0,2023-12-23 22:20:00+00:00,2023-12-23 22:25:00+00:00,True,2023-12-23 22:30:00+00:00,2023-12-23 22:35:00+00:00,H2_ARRIVAL,2023-12-23 22:45:00+00:00,15.0
60,01:00,4,2023-12-25,Monday,2023-12-24 18:00:00+00:00,2023-12-24 22:00:00+00:00,2023-12-24 22:00:00+00:00,2023-12-25 02:00:00+00:00,269.18,265.89,3.2900000000000205,False,BREAK_BEFORE_K1,0,0,,,False,,,BREAK_BEFORE_K1,2023-12-24 22:10:00+00:00,
60,01:00,4,2023-12-26,Tuesday,2023-12-25 18:00:00+00:00,2023-12-25 22:00:00+00:00,2023-12-25 22:00:00+00:00,2023-12-26 02:00:00+00:00,267.02,263.72,3.2999999999999545,False,BREAK_BEFORE_K1,0,0,,,False,,,BREAK_BEFORE_K1,2023-12-25 22:30:00+00:00,
60,01:00,4,2023-12-27,Wednesday,2023-12-26 18:00:00+00:00,2023-12-26 22:00:00+00:00,2023-12-26 22:00:00+00:00,2023-12-27 02:00:00+00:00,297.63,292.19,5.439999999999998,True,,1,0,2023-12-26 23:55:00+00:00,2023-12-27 00:00:00+00:00,True,2023-12-27 00:05:00+00:00,2023-12-27 00:10:00+00:00,H2_ARRIVAL,2023-12-27 00:25:00+00:00,20.0
60,01:00,4,2023-12-28,Thursday,2023-12-27 18:00:00+00:00,2023-12-27 22:00:00+00:00,2023-12-27 22:00:00+00:00,2023-12-28 02:00:00+00:00,315.54,309.58,5.960000000000036,False,BREAK_BEFORE_K1,0,0,,,False,,,BREAK_BEFORE_K1,2023-12-27 22:30:00+00:00,
60,01:00,4,2023-12-29,Friday,2023-12-28 18:00:00+00:00,2023-12-28 22:00:00+00:00,2023-12-28 22:00:00+00:00,2023-12-29 02:00:00+00:00,333.1,320.7,12.400000000000034,False,BREAK_BEFORE_K1,0,0,,,False,,,BREAK_BEFORE_K1,2023-12-29 00:30:00+00:00,
60,01:00,4,2023-12-30,Saturday,2023-12-29 18:00:00+00:00,2023-12-29 22:00:00+00:00,2023-12-29 22:00:00+00:00,2023-12-30 02:00:00+00:00,313.78,309.91,3.8699999999999477,False,BREAK_BEFORE_K1,0,0,,,False,,,BREAK_BEFORE_K1,2023-12-29 22:15:00+00:00,
60,01:00,4,2023-12-31,Sunday,2023-12-30 18:00:00+00:00,2023-12-30 22:00:00+00:00,2023-12-30 22:00:00+00:00,2023-12-31 02:00:00+00:00,317.49,313.95,3.5400000000000205,False,OPPOSITE_VISIT_BEFORE_K1,0,1,,,False,,,OPPOSITE_VISIT_BEFORE_K1,2023-12-30 22:50:00+00:00,
60,01:00,4,2024-01-01,Monday,2023-12-31 18:00:00+00:00,2023-12-31 22:00:00+00:00,2023-12-31 22:00:00+00:00,2024-01-01 02:00:00+00:00,316.56,308.01,8.550000000000011,False,OPPOSITE_VISIT_BEFORE_K1,0,1,,,False,,,OPPOSITE_VISIT_BEFORE_K1,2023-12-31 22:50:00+00:00,
60,01:00,4,2024-01-02,Tuesday,2024-01-01 18:00:00+00:00,2024-01-01 22:00:00+00:00,2024-01-01 22:00:00+00:00,2024-01-02 02:00:00+00:00,313.33,310.55,2.7799999999999727,True,,1,0,2024-01-01 22:55:00+00:00,2024-01-01 23:00:00+00:00,False,,,BREAK_DURING_K1,2024-01-01 23:00:00+00:00,
60,01:00,4,2024-01-03,Wednesday,2024-01-02 18:00:00+00:00,2024-01-02 22:00:00+00:00,2024-01-02 22:00:00+00:00,2024-01-03 02:00:00+00:00,311.81,308.18,3.6299999999999955,True,,1,0,2024-01-02 22:20:00+00:00,2024-01-02 22:25:00+00:00,True,2024-01-02 22:25:00+00:00,2024-01-02 22:30:00+00:00,H2_ARRIVAL,2024-01-02 22:50:00+00:00,25.0
60,01:00,4,2024-01-04,Thursday,2024-01-03 18:00:00+00:00,2024-01-03 22:00:00+00:00,2024-01-03 22:00:00+00:00,2024-01-04 02:00:00+00:00,318.5,310.0,8.5,False,NO_K1,0,0,,,False,,,NO_K1,,
60,01:00,4,2024-01-05,Friday,2024-01-04 18:00:00+00:00,2024-01-04 22:00:00+00:00,2024-01-04 22:00:00+00:00,2024-01-05 02:00:00+00:00,321.09,317.0,4.089999999999975,False,BREAK_BEFORE_K1,0,0,,,False,,,BREAK_BEFORE_K1,2024-01-04 22:10:00+00:00,
60,01:00,4,2024-01-06,Saturday,2024-01-05 18:00:00+00:00,2024-01-05 22:00:00+00:00,2024-01-05 22:00:00+00:00,2024-01-06 02:00:00+00:00,315.8,311.84,3.9600000000000364,True,,1,0,2024-01-05 22:00:00+00:00,2024-01-05 22:05:00+00:00,True,2024-01-05 22:10:00+00:00,2024-01-05 22:15:00+00:00,H2_ARRIVAL,2024-01-05 22:15:00+00:00,5.0
60,01:00,4,2024-01-07,Sunday,2024-01-06 18:00:00+00:00,2024-01-06 22:00:00+00:00,2024-01-06 22:00:00+00:00,2024-01-07 02:00:00+00:00,307.69,304.36,3.329999999999984,False,OPPOSITE_VISIT_BEFORE_K1,0,1,,,False,,,OPPOSITE_VISIT_BEFORE_K1,2024-01-06 23:15:00+00:00,
60,01:00,4,2024-01-08,Monday,2024-01-07 18:00:00+00:00,2024-01-07 22:00:00+00:00,2024-01-07 22:00:00+00:00,2024-01-08 02:00:00+00:00,306.53,303.88,2.6499999999999773,False,BREAK_BEFORE_K1,0,0,,,False,,,BREAK_BEFORE_K1,2024-01-07 22:05:00+00:00,
60,01:00,4,2024-01-09,Tuesday,2024-01-08 18:00:00+00:00,2024-01-08 22:00:00+00:00,2024-01-08 22:00:00+00:00,2024-01-09 02:00:00+00:00,307.81,302.63,5.180000000000007,False,BREAK_BEFORE_K1,0,0,,,False,,,BREAK_BEFORE_K1,2024-01-09 00:30:00+00:00,
60,01:00,4,2024-01-10,Wednesday,2024-01-09 18:00:00+00:00,2024-01-09 22:00:00+00:00,2024-01-09 22:00:00+00:00,2024-01-10 02:00:00+00:00,302.74,295.85,6.889999999999986,True,,1,0,2024-01-10 00:25:00+00:00,2024-01-10 00:30:00+00:00,False,,,BREAK_DURING_K1,2024-01-10 00:30:00+00:00,
60,01:00,4,2024-01-11,Thursday,2024-01-10 18:00:00+00:00,2024-01-10 22:00:00+00:00,2024-01-10 22:00:00+00:00,2024-01-11 02:00:00+00:00,303.15,291.0,12.149999999999977,True,,1,0,2024-01-10 22:00:00+00:00,2024-01-10 22:05:00+00:00,False,,,BREAK_DURING_K1,2024-01-10 22:05:00+00:00,
60,01:00,4,2024-01-12,Friday,2024-01-11 18:00:00+00:00,2024-01-11 22:00:00+00:00,2024-01-11 22:00:00+00:00,2024-01-12 02:00:00+00:00,310.32,306.5,3.819999999999993,False,OPPOSITE_VISIT_BEFORE_K1,0,1,,,False,,,OPPOSITE_VISIT_BEFORE_K1,2024-01-11 22:30:00+00:00,
60,01:00,4,2024-01-13,Saturday,2024-01-12 18:00:00+00:00,2024-01-12 22:00:00+00:00,2024-01-12 22:00:00+00:00,2024-01-13 02:00:00+00:00,302.55,296.0,6.550000000000011,False,BREAK_BEFORE_K1,0,0,,,False,,,BREAK_BEFORE_K1,2024-01-12 22:00:00+00:00,
60,01:00,4,2024-01-14,Sunday,2024-01-13 18:00:00+00:00,2024-01-13 22:00:00+00:00,2024-01-13 22:00:00+00:00,2024-01-14 02:00:00+00:00,303.27,301.28,1.990000000000009,False,BREAK_BEFORE_K1,0,0,,,False,,,BREAK_BEFORE_K1,2024-01-14 00:25:00+00:00,
60,01:00,4,2024-01-15,Monday,2024-01-14 18:00:00+00:00,2024-01-14 22:00:00+00:00,2024-01-14 22:00:00+00:00,2024-01-15 02:00:00+00:00,306.77,301.48,5.289999999999964,False,OPPOSITE_VISIT_BEFORE_K1,0,1,,,False,,,OPPOSITE_VISIT_BEFORE_K1,2024-01-14 23:15:00+00:00,
60,01:00,4,2024-01-16,Tuesday,2024-01-15 18:00:00+00:00,2024-01-15 22:00:00+00:00,2024-01-15 22:00:00+00:00,2024-01-16 02:00:00+00:00,318.68,314.61,4.069999999999993,False,BREAK_BEFORE_K1,0,0,,,False,,,BREAK_BEFORE_K1,2024-01-15 22:10:00+00:00,
60,01:00,4,2024-01-17,Wednesday,2024-01-16 18:00:00+00:00,2024-01-16 22:00:00+00:00,2024-01-16 22:00:00+00:00,2024-01-17 02:00:00+00:00,316.99,312.83,4.160000000000025,False,NO_K1,0,0,,,False,,,NO_K1,,
60,01:00,4,2024-01-18,Thursday,2024-01-17 18:00:00+00:00,2024-01-17 22:00:00+00:00,2024-01-17 22:00:00+00:00,2024-01-18 02:00:00+00:00,310.1,307.34,2.7600000000000477,False,BREAK_BEFORE_K1,0,0,,,False,,,BREAK_BEFORE_K1,2024-01-17 22:20:00+00:00,
60,01:00,4,2024-01-19,Friday,2024-01-18 18:00:00+00:00,2024-01-18 22:00:00+00:00,2024-01-18 22:00:00+00:00,2024-01-19 02:00:00+00:00,312.17,307.35,4.819999999999993,True,,1,0,2024-01-18 22:00:00+00:00,2024-01-18 22:05:00+00:00,True,2024-01-18 22:10:00+00:00,2024-01-18 22:15:00+00:00,H2_ARRIVAL,2024-01-18 22:50:00+00:00,40.0
60,01:00,4,2024-01-20,Saturday,2024-01-19 18:00:00+00:00,2024-01-19 22:00:00+00:00,2024-01-19 22:00:00+00:00,2024-01-20 02:00:00+00:00,313.84,309.76,4.079999999999984,False,BREAK_BEFORE_K1,0,0,,,False,,,BREAK_BEFORE_K1,2024-01-19 23:40:00+00:00,
60,01:00,4,2024-01-21,Sunday,2024-01-20 18:00:00+00:00,2024-01-20 22:00:00+00:00,2024-01-20 22:00:00+00:00,2024-01-21 02:00:00+00:00,316.9,313.66,3.2399999999999523,True,,1,0,2024-01-20 23:15:00+00:00,2024-01-20 23:20:00+00:00,True,2024-01-20 23:30:00+00:00,2024-01-20 23:35:00+00:00,H2_ARRIVAL,2024-01-20 23:55:00+00:00,25.0
60,01:00,4,2024-01-22,Monday,2024-01-21 18:00:00+00:00,2024-01-21 22:00:00+00:00,2024-01-21 22:00:00+00:00,2024-01-22 02:00:00+00:00,321.58,318.5,3.079999999999984,False,BREAK_BEFORE_K1,0,0,,,False,,,BREAK_BEFORE_K1,2024-01-21 23:15:00+00:00,
60,01:00,4,2024-01-23,Tuesday,2024-01-22 18:00:00+00:00,2024-01-22 22:00:00+00:00,2024-01-22 22:00:00+00:00,2024-01-23 02:00:00+00:00,312.19,303.3,8.889999999999986,False,NO_K1,0,0,,,False,,,NO_K1,,
60,01:00,4,2024-01-24,Wednesday,2024-01-23 18:00:00+00:00,2024-01-23 22:00:00+00:00,2024-01-23 22:00:00+00:00,2024-01-24 02:00:00+00:00,298.8,291.99,6.810000000000002,True,,1,0,2024-01-24 00:00:00+00:00,2024-01-24 00:05:00+00:00,True,2024-01-24 00:05:00+00:00,2024-01-24 00:10:00+00:00,H2_ARRIVAL,2024-01-24 00:30:00+00:00,25.0
60,01:00,4,2024-01-25,Thursday,2024-01-24 18:00:00+00:00,2024-01-24 22:00:00+00:00,2024-01-24 22:00:00+00:00,2024-01-25 02:00:00+00:00,293.3,289.94,3.3600000000000136,False,BREAK_BEFORE_K1,0,0,,,False,,,BREAK_BEFORE_K1,2024-01-24 23:05:00+00:00,
60,01:00,4,2024-01-26,Friday,2024-01-25 18:00:00+00:00,2024-01-25 22:00:00+00:00,2024-01-25 22:00:00+00:00,2024-01-26 02:00:00+00:00,292.95,290.37,2.579999999999984,False,BREAK_BEFORE_K1,0,0,,,False,,,BREAK_BEFORE_K1,2024-01-26 01:25:00+00:00,
60,01:00,4,2024-01-27,Saturday,2024-01-26 18:00:00+00:00,2024-01-26 22:00:00+00:00,2024-01-26 22:00:00+00:00,2024-01-27 02:00:00+00:00,302.91,301.13,1.7800000000000296,False,BREAK_BEFORE_K1,0,0,,,False,,,BREAK_BEFORE_K1,2024-01-27 00:25:00+00:00,
60,01:00,4,2024-01-28,Sunday,2024-01-27 18:00:00+00:00,2024-01-27 22:00:00+00:00,2024-01-27 22:00:00+00:00,2024-01-28 02:00:00+00:00,306.66,303.87,2.7900000000000205,False,NO_K1,0,0,,,False,,,NO_K1,,
60,01:00,4,2024-01-29,Monday,2024-01-28 18:00:00+00:00,2024-01-28 22:00:00+00:00,2024-01-28 22:00:00+00:00,2024-01-29 02:00:00+00:00,305.9,303.11,2.7899999999999636,True,,1,0,2024-01-29 00:35:00+00:00,2024-01-29 00:40:00+00:00,True,2024-01-29 00:40:00+00:00,2024-01-29 00:45:00+00:00,H2_ARRIVAL,2024-01-29 01:05:00+00:00,25.0
60,01:00,4,2024-01-30,Tuesday,2024-01-29 18:00:00+00:00,2024-01-29 22:00:00+00:00,2024-01-29 22:00:00+00:00,2024-01-30 02:00:00+00:00,310.66,309.11,1.5500000000000114,True,,1,0,2024-01-29 22:35:00+00:00,2024-01-29 22:40:00+00:00,True,2024-01-29 22:45:00+00:00,2024-01-29 22:50:00+00:00,H2_ARRIVAL,2024-01-29 23:35:00+00:00,50.0
60,01:00,4,2024-01-31,Wednesday,2024-01-30 18:00:00+00:00,2024-01-30 22:00:00+00:00,2024-01-30 22:00:00+00:00,2024-01-31 02:00:00+00:00,310.92,309.04,1.8799999999999955,False,BREAK_BEFORE_K1,0,0,,,False,,,BREAK_BEFORE_K1,2024-01-30 23:20:00+00:00,
60,01:00,4,2024-02-01,Thursday,2024-01-31 18:00:00+00:00,2024-01-31 22:00:00+00:00,2024-01-31 22:00:00+00:00,2024-02-01 02:00:00+00:00,305.74,298.46,7.28000000000003,False,BREAK_BEFORE_K1,0,0,,,False,,,BREAK_BEFORE_K1,2024-02-01 01:15:00+00:00,
60,01:00,4,2024-02-02,Friday,2024-02-01 18:00:00+00:00,2024-02-01 22:00:00+00:00,2024-02-01 22:00:00+00:00,2024-02-02 02:00:00+00:00,301.2,299.44,1.759999999999991,False,BREAK_BEFORE_K1,0,0,,,False,,,BREAK_BEFORE_K1,2024-02-01 22:50:00+00:00,
60,01:00,4,2024-02-03,Saturday,2024-02-02 18:00:00+00:00,2024-02-02 22:00:00+00:00,2024-02-02 22:00:00+00:00,2024-02-03 02:00:00+00:00,301.3,300.02,1.2800000000000296,False,BREAK_BEFORE_K1,0,0,,,False,,,BREAK_BEFORE_K1,2024-02-02 22:20:00+00:00,
60,01:00,4,2024-02-04,Sunday,2024-02-03 18:00:00+00:00,2024-02-03 22:00:00+00:00,2024-02-03 22:00:00+00:00,2024-02-04 02:00:00+00:00,301.51,299.76,1.75,False,OPPOSITE_VISIT_BEFORE_K1,0,1,,,False,,,OPPOSITE_VISIT_BEFORE_K1,2024-02-03 23:15:00+00:00,
60,01:00,4,2024-02-05,Monday,2024-02-04 18:00:00+00:00,2024-02-04 22:00:00+00:00,2024-02-04 22:00:00+00:00,2024-02-05 02:00:00+00:00,307.59,303.96,3.6299999999999955,True,,1,0,2024-02-04 22:15:00+00:00,2024-02-04 22:20:00+00:00,True,2024-02-04 22:25:00+00:00,2024-02-04 22:30:00+00:00,OPPOSITE_BREAK_BEFORE_H2,2024-02-05 01:05:00+00:00,
60,01:00,4,2024-02-06,Tuesday,2024-02-05 18:00:00+00:00,2024-02-05 22:00:00+00:00,2024-02-05 22:00:00+00:00,2024-02-06 02:00:00+00:00,301.91,300.1,1.8100000000000023,False,OPPOSITE_VISIT_BEFORE_K1,0,1,,,False,,,OPPOSITE_VISIT_BEFORE_K1,2024-02-05 22:25:00+00:00,
60,01:00,4,2024-02-07,Wednesday,2024-02-06 18:00:00+00:00,2024-02-06 22:00:00+00:00,2024-02-06 22:00:00+00:00,2024-02-07 02:00:00+00:00,303.62,302.16,1.4599999999999795,False,OPPOSITE_VISIT_BEFORE_K1,0,1,,,False,,,OPPOSITE_VISIT_BEFORE_K1,2024-02-07 01:00:00+00:00,
60,01:00,4,2024-02-08,Thursday,2024-02-07 18:00:00+00:00,2024-02-07 22:00:00+00:00,2024-02-07 22:00:00+00:00,2024-02-08 02:00:00+00:00,308.55,306.17,2.3799999999999955,True,,1,0,2024-02-07 22:20:00+00:00,2024-02-07 22:25:00+00:00,False,,,BREAK_DURING_K1,2024-02-07 22:30:00+00:00,
60,01:00,4,2024-02-09,Friday,2024-02-08 18:00:00+00:00,2024-02-08 22:00:00+00:00,2024-02-08 22:00:00+00:00,2024-02-09 02:00:00+00:00,318.52,315.78,2.740000000000009,True,,1,0,2024-02-08 22:25:00+00:00,2024-02-08 22:30:00+00:00,True,2024-02-08 22:35:00+00:00,2024-02-08 22:40:00+00:00,H2_ARRIVAL,2024-02-08 22:40:00+00:00,5.0
60,01:00,4,2024-02-10,Saturday,2024-02-09 18:00:00+00:00,2024-02-09 22:00:00+00:00,2024-02-09 22:00:00+00:00,2024-02-10 02:00:00+00:00,324.8,321.21,3.590000000000032,False,NO_K1,0,0,,,False,,,NO_K1,,
60,01:00,4,2024-02-11,Sunday,2024-02-10 18:00:00+00:00,2024-02-10 22:00:00+00:00,2024-02-10 22:00:00+00:00,2024-02-11 02:00:00+00:00,323.4,320.43,2.9699999999999704,True,,1,0,2024-02-10 23:00:00+00:00,2024-02-10 23:05:00+00:00,True,2024-02-10 23:05:00+00:00,2024-02-10 23:10:00+00:00,NO_H2_BY_END,,
60,01:00,4,2024-02-12,Monday,2024-02-11 18:00:00+00:00,2024-02-11 22:00:00+00:00,2024-02-11 22:00:00+00:00,2024-02-12 02:00:00+00:00,321.86,319.61,2.25,False,NO_K1,0,0,,,False,,,NO_K1,,
60,01:00,4,2024-02-13,Tuesday,2024-02-12 18:00:00+00:00,2024-02-12 22:00:00+00:00,2024-02-12 22:00:00+00:00,2024-02-13 02:00:00+00:00,330.54,323.14,7.400000000000034,False,NO_K1,0,0,,,False,,,NO_K1,,
60,01:00,4,2024-02-14,Wednesday,2024-02-13 18:00:00+00:00,2024-02-13 22:00:00+00:00,2024-02-13 22:00:00+00:00,2024-02-14 02:00:00+00:00,324.37,321.92,2.4499999999999886,True,,1,0,2024-02-13 23:05:00+00:00,2024-02-13 23:10:00+00:00,True,2024-02-13 23:10:00+00:00,2024-02-13 23:15:00+00:00,H2_ARRIVAL,2024-02-13 23:20:00+00:00,10.0
60,01:00,4,2024-02-15,Thursday,2024-02-14 18:00:00+00:00,2024-02-14 22:00:00+00:00,2024-02-14 22:00:00+00:00,2024-02-15 02:00:00+00:00,333.78,330.26,3.519999999999982,True,,1,0,2024-02-14 22:00:00+00:00,2024-02-14 22:05:00+00:00,True,2024-02-14 22:05:00+00:00,2024-02-14 22:10:00+00:00,H2_ARRIVAL,2024-02-14 22:10:00+00:00,5.0
60,01:00,4,2024-02-16,Friday,2024-02-15 18:00:00+00:00,2024-02-15 22:00:00+00:00,2024-02-15 22:00:00+00:00,2024-02-16 02:00:00+00:00,356.2,348.91,7.289999999999964,False,BREAK_BEFORE_K1,0,0,,,False,,,BREAK_BEFORE_K1,2024-02-16 01:35:00+00:00,
60,01:00,4,2024-02-17,Saturday,2024-02-16 18:00:00+00:00,2024-02-16 22:00:00+00:00,2024-02-16 22:00:00+00:00,2024-02-17 02:00:00+00:00,359.06,353.2,5.860000000000014,False,BREAK_BEFORE_K1,0,0,,,False,,,BREAK_BEFORE_K1,2024-02-16 22:00:00+00:00,
60,01:00,4,2024-02-18,Sunday,2024-02-17 18:00:00+00:00,2024-02-17 22:00:00+00:00,2024-02-17 22:00:00+00:00,2024-02-18 02:00:00+00:00,354.55,351.53,3.0200000000000387,False,OPPOSITE_VISIT_BEFORE_K1,0,1,,,False,,,OPPOSITE_VISIT_BEFORE_K1,2024-02-17 22:40:00+00:00,
60,01:00,4,2024-02-19,Monday,2024-02-18 18:00:00+00:00,2024-02-18 22:00:00+00:00,2024-02-18 22:00:00+00:00,2024-02-19 02:00:00+00:00,352.11,349.32,2.7900000000000205,False,BREAK_BEFORE_K1,0,0,,,False,,,BREAK_BEFORE_K1,2024-02-18 22:10:00+00:00,
60,01:00,4,2024-02-20,Tuesday,2024-02-19 18:00:00+00:00,2024-02-19 22:00:00+00:00,2024-02-19 22:00:00+00:00,2024-02-20 02:00:00+00:00,353.88,351.78,2.1000000000000227,False,BREAK_BEFORE_K1,0,0,,,False,,,BREAK_BEFORE_K1,2024-02-19 22:00:00+00:00,
60,01:00,4,2024-02-21,Wednesday,2024-02-20 18:00:00+00:00,2024-02-20 22:00:00+00:00,2024-02-20 22:00:00+00:00,2024-02-21 02:00:00+00:00,354.95,348.38,6.569999999999993,False,BREAK_BEFORE_K1,0,0,,,False,,,BREAK_BEFORE_K1,2024-02-20 22:55:00+00:00,
60,01:00,4,2024-02-22,Thursday,2024-02-21 18:00:00+00:00,2024-02-21 22:00:00+00:00,2024-02-21 22:00:00+00:00,2024-02-22 02:00:00+00:00,376.0,363.85,12.149999999999977,False,BREAK_BEFORE_K1,0,0,,,False,,,BREAK_BEFORE_K1,2024-02-21 23:30:00+00:00,
60,01:00,4,2024-02-23,Friday,2024-02-22 18:00:00+00:00,2024-02-22 22:00:00+00:00,2024-02-22 22:00:00+00:00,2024-02-23 02:00:00+00:00,387.21,379.4,7.810000000000002,False,NO_K1,0,0,,,False,,,NO_K1,,
60,01:00,4,2024-02-24,Saturday,2024-02-23 18:00:00+00:00,2024-02-23 22:00:00+00:00,2024-02-23 22:00:00+00:00,2024-02-24 02:00:00+00:00,377.72,373.5,4.220000000000027,False,BREAK_BEFORE_K1,0,0,,,False,,,BREAK_BEFORE_K1,2024-02-23 22:40:00+00:00,
60,01:00,4,2024-02-25,Sunday,2024-02-24 18:00:00+00:00,2024-02-24 22:00:00+00:00,2024-02-24 22:00:00+00:00,2024-02-25 02:00:00+00:00,382.77,380.91,1.8599999999999568,False,BREAK_BEFORE_K1,0,0,,,False,,,BREAK_BEFORE_K1,2024-02-25 00:15:00+00:00,
60,01:00,4,2024-02-26,Monday,2024-02-25 18:00:00+00:00,2024-02-25 22:00:00+00:00,2024-02-25 22:00:00+00:00,2024-02-26 02:00:00+00:00,391.03,385.47,5.559999999999945,False,BREAK_BEFORE_K1,0,0,,,False,,,BREAK_BEFORE_K1,2024-02-26 01:40:00+00:00,
60,01:00,4,2024-02-27,Tuesday,2024-02-26 18:00:00+00:00,2024-02-26 22:00:00+00:00,2024-02-26 22:00:00+00:00,2024-02-27 02:00:00+00:00,405.0,394.97,10.029999999999973,False,NO_K1,0,0,,,False,,,NO_K1,,
60,01:00,4,2024-02-28,Wednesday,2024-02-27 18:00:00+00:00,2024-02-27 22:00:00+00:00,2024-02-27 22:00:00+00:00,2024-02-28 02:00:00+00:00,396.4,392.01,4.389999999999986,False,NO_K1,0,0,,,False,,,NO_K1,,
60,01:00,4,2024-02-29,Thursday,2024-02-28 18:00:00+00:00,2024-02-28 22:00:00+00:00,2024-02-28 22:00:00+00:00,2024-02-29 02:00:00+00:00,413.47,399.65,13.82000000000005,False,BREAK_BEFORE_K1,0,0,,,False,,,BREAK_BEFORE_K1,2024-02-28 23:10:00+00:00,
60,01:00,4,2024-03-01,Friday,2024-02-29 18:00:00+00:00,2024-02-29 22:00:00+00:00,2024-02-29 22:00:00+00:00,2024-03-01 02:00:00+00:00,407.53,397.97,9.559999999999945,False,OPPOSITE_VISIT_BEFORE_K1,0,1,,,False,,,OPPOSITE_VISIT_BEFORE_K1,2024-02-29 22:20:00+00:00,
60,01:00,4,2024-03-02,Saturday,2024-03-01 18:00:00+00:00,2024-03-01 22:00:00+00:00,2024-03-01 22:00:00+00:00,2024-03-02 02:00:00+00:00,408.33,405.32,3.009999999999991,False,BREAK_BEFORE_K1,0,0,,,False,,,BREAK_BEFORE_K1,2024-03-01 23:10:00+00:00,
60,01:00,4,2024-03-03,Sunday,2024-03-02 18:00:00+00:00,2024-03-02 22:00:00+00:00,2024-03-02 22:00:00+00:00,2024-03-03 02:00:00+00:00,410.24,407.44,2.8000000000000114,False,BREAK_BEFORE_K1,0,0,,,False,,,BREAK_BEFORE_K1,2024-03-02 23:05:00+00:00,
60,01:00,4,2024-03-04,Monday,2024-03-03 18:00:00+00:00,2024-03-03 22:00:00+00:00,2024-03-03 22:00:00+00:00,2024-03-04 02:00:00+00:00,417.07,413.23,3.839999999999975,True,,1,0,2024-03-03 22:30:00+00:00,2024-03-03 22:35:00+00:00,True,2024-03-03 22:35:00+00:00,2024-03-03 22:40:00+00:00,H2_ARRIVAL,2024-03-04 00:30:00+00:00,115.0
60,01:00,4,2024-03-05,Tuesday,2024-03-04 18:00:00+00:00,2024-03-04 22:00:00+00:00,2024-03-04 22:00:00+00:00,2024-03-05 02:00:00+00:00,417.29,410.77,6.520000000000039,True,,1,0,2024-03-04 22:00:00+00:00,2024-03-04 22:05:00+00:00,True,2024-03-04 22:05:00+00:00,2024-03-04 22:10:00+00:00,H2_ARRIVAL,2024-03-04 22:15:00+00:00,10.0
60,01:00,4,2024-03-06,Wednesday,2024-03-05 18:00:00+00:00,2024-03-05 22:00:00+00:00,2024-03-05 22:00:00+00:00,2024-03-06 02:00:00+00:00,408.12,352.01,56.110000000000014,False,NO_K1,0,0,,,False,,,NO_K1,,
60,01:00,4,2024-03-07,Thursday,2024-03-06 18:00:00+00:00,2024-03-06 22:00:00+00:00,2024-03-06 22:00:00+00:00,2024-03-07 02:00:00+00:00,428.59,422.0,6.589999999999975,True,,1,0,2024-03-06 22:15:00+00:00,2024-03-06 22:20:00+00:00,False,,,BREAK_DURING_K1,2024-03-06 22:20:00+00:00,
60,01:00,4,2024-03-08,Friday,2024-03-07 18:00:00+00:00,2024-03-07 22:00:00+00:00,2024-03-07 22:00:00+00:00,2024-03-08 02:00:00+00:00,473.99,455.86,18.129999999999995,False,BREAK_BEFORE_K1,0,0,,,False,,,BREAK_BEFORE_K1,2024-03-07 23:10:00+00:00,
60,01:00,4,2024-03-09,Saturday,2024-03-08 18:00:00+00:00,2024-03-08 22:00:00+00:00,2024-03-08 22:00:00+00:00,2024-03-09 02:00:00+00:00,486.99,477.93,9.060000000000002,False,OPPOSITE_VISIT_BEFORE_K1,0,1,,,False,,,OPPOSITE_VISIT_BEFORE_K1,2024-03-08 22:00:00+00:00,
60,01:00,4,2024-03-10,Sunday,2024-03-09 18:00:00+00:00,2024-03-09 22:00:00+00:00,2024-03-09 22:00:00+00:00,2024-03-10 02:00:00+00:00,487.43,481.13,6.300000000000011,True,,1,0,2024-03-09 22:05:00+00:00,2024-03-09 22:10:00+00:00,False,,,BREAK_DURING_K1,2024-03-09 22:10:00+00:00,
60,01:00,4,2024-03-11,Monday,2024-03-10 18:00:00+00:00,2024-03-10 22:00:00+00:00,2024-03-10 22:00:00+00:00,2024-03-11 02:00:00+00:00,532.4,525.15,7.25,False,BREAK_BEFORE_K1,0,0,,,False,,,BREAK_BEFORE_K1,2024-03-10 22:15:00+00:00,
60,01:00,4,2024-03-12,Tuesday,2024-03-11 18:00:00+00:00,2024-03-11 22:00:00+00:00,2024-03-11 22:00:00+00:00,2024-03-12 02:00:00+00:00,522.5,517.24,5.259999999999991,False,BREAK_BEFORE_K1,0,0,,,False,,,BREAK_BEFORE_K1,2024-03-11 22:20:00+00:00,
60,01:00,4,2024-03-13,Wednesday,2024-03-12 18:00:00+00:00,2024-03-12 22:00:00+00:00,2024-03-12 22:00:00+00:00,2024-03-13 02:00:00+00:00,546.32,532.65,13.670000000000073,False,OPPOSITE_VISIT_BEFORE_K1,0,1,,,False,,,OPPOSITE_VISIT_BEFORE_K1,2024-03-13 01:00:00+00:00,
60,01:00,4,2024-03-14,Thursday,2024-03-13 18:00:00+00:00,2024-03-13 22:00:00+00:00,2024-03-13 22:00:00+00:00,2024-03-14 02:00:00+00:00,599.8,589.55,10.25,True,,1,0,2024-03-13 22:05:00+00:00,2024-03-13 22:10:00+00:00,False,,,BREAK_DURING_K1,2024-03-13 22:15:00+00:00,
60,01:00,4,2024-03-15,Friday,2024-03-14 18:00:00+00:00,2024-03-14 22:00:00+00:00,2024-03-14 22:00:00+00:00,2024-03-15 02:00:00+00:00,600.86,565.55,35.31000000000006,False,BREAK_BEFORE_K1,0,0,,,False,,,BREAK_BEFORE_K1,2024-03-14 22:00:00+00:00,
60,01:00,4,2024-03-16,Saturday,2024-03-15 18:00:00+00:00,2024-03-15 22:00:00+00:00,2024-03-15 22:00:00+00:00,2024-03-16 02:00:00+00:00,614.93,582.1,32.82999999999993,False,BREAK_BEFORE_K1,0,0,,,False,,,BREAK_BEFORE_K1,2024-03-15 23:20:00+00:00,
60,01:00,4,2024-03-17,Sunday,2024-03-16 18:00:00+00:00,2024-03-16 22:00:00+00:00,2024-03-16 22:00:00+00:00,2024-03-17 02:00:00+00:00,592.24,579.12,13.120000000000005,False,BREAK_BEFORE_K1,0,0,,,False,,,BREAK_BEFORE_K1,2024-03-16 23:10:00+00:00,
60,01:00,4,2024-03-18,Monday,2024-03-17 18:00:00+00:00,2024-03-17 22:00:00+00:00,2024-03-17 22:00:00+00:00,2024-03-18 02:00:00+00:00,585.25,572.59,12.659999999999968,False,BREAK_BEFORE_K1,0,0,,,False,,,BREAK_BEFORE_K1,2024-03-17 23:05:00+00:00,
60,01:00,4,2024-03-19,Tuesday,2024-03-18 18:00:00+00:00,2024-03-18 22:00:00+00:00,2024-03-18 22:00:00+00:00,2024-03-19 02:00:00+00:00,557.99,545.39,12.600000000000023,False,BREAK_BEFORE_K1,0,0,,,False,,,BREAK_BEFORE_K1,2024-03-18 23:20:00+00:00,
60,01:00,4,2024-03-20,Wednesday,2024-03-19 18:00:00+00:00,2024-03-19 22:00:00+00:00,2024-03-19 22:00:00+00:00,2024-03-20 02:00:00+00:00,536.78,516.49,20.289999999999964,False,BREAK_BEFORE_K1,0,0,,,False,,,BREAK_BEFORE_K1,2024-03-19 22:10:00+00:00,
60,01:00,4,2024-03-21,Thursday,2024-03-20 18:00:00+00:00,2024-03-20 22:00:00+00:00,2024-03-20 22:00:00+00:00,2024-03-21 02:00:00+00:00,556.41,524.96,31.449999999999932,False,BREAK_BEFORE_K1,0,0,,,False,,,BREAK_BEFORE_K1,2024-03-20 22:00:00+00:00,
60,01:00,4,2024-03-22,Friday,2024-03-21 18:00:00+00:00,2024-03-21 22:00:00+00:00,2024-03-21 22:00:00+00:00,2024-03-22 02:00:00+00:00,558.72,544.51,14.210000000000036,True,,1,0,2024-03-21 22:05:00+00:00,2024-03-21 22:10:00+00:00,True,2024-03-21 22:10:00+00:00,2024-03-21 22:15:00+00:00,H2_ARRIVAL,2024-03-22 00:15:00+00:00,125.0
60,01:00,4,2024-03-23,Saturday,2024-03-22 18:00:00+00:00,2024-03-22 22:00:00+00:00,2024-03-22 22:00:00+00:00,2024-03-23 02:00:00+00:00,552.8,534.5,18.299999999999955,False,BREAK_BEFORE_K1,0,0,,,False,,,BREAK_BEFORE_K1,2024-03-22 23:55:00+00:00,
60,01:00,4,2024-03-24,Sunday,2024-03-23 18:00:00+00:00,2024-03-23 22:00:00+00:00,2024-03-23 22:00:00+00:00,2024-03-24 02:00:00+00:00,563.55,558.34,5.209999999999923,False,BREAK_BEFORE_K1,0,0,,,False,,,BREAK_BEFORE_K1,2024-03-23 22:40:00+00:00,
60,01:00,4,2024-03-25,Monday,2024-03-24 18:00:00+00:00,2024-03-24 22:00:00+00:00,2024-03-24 22:00:00+00:00,2024-03-25 02:00:00+00:00,570.04,560.35,9.68999999999994,True,,1,0,2024-03-24 22:00:00+00:00,2024-03-24 22:05:00+00:00,False,,,BREAK_DURING_K1,2024-03-24 22:05:00+00:00,
60,01:00,4,2024-03-26,Tuesday,2024-03-25 18:00:00+00:00,2024-03-25 22:00:00+00:00,2024-03-25 22:00:00+00:00,2024-03-26 02:00:00+00:00,596.41,585.06,11.350000000000023,False,NO_K1,0,0,,,False,,,NO_K1,,
60,01:00,4,2024-03-27,Wednesday,2024-03-26 18:00:00+00:00,2024-03-26 22:00:00+00:00,2024-03-26 22:00:00+00:00,2024-03-27 02:00:00+00:00,580.58,573.54,7.040000000000077,False,BREAK_BEFORE_K1,0,0,,,False,,,BREAK_BEFORE_K1,2024-03-26 22:55:00+00:00,
60,01:00,4,2024-03-28,Thursday,2024-03-27 18:00:00+00:00,2024-03-27 22:00:00+00:00,2024-03-27 22:00:00+00:00,2024-03-28 02:00:00+00:00,574.1,566.2,7.899999999999977,True,,1,0,2024-03-27 22:05:00+00:00,2024-03-27 22:10:00+00:00,True,2024-03-27 22:10:00+00:00,2024-03-27 22:15:00+00:00,H2_ARRIVAL,2024-03-27 22:20:00+00:00,10.0
60,01:00,4,2024-03-29,Friday,2024-03-28 18:00:00+00:00,2024-03-28 22:00:00+00:00,2024-03-28 22:00:00+00:00,2024-03-29 02:00:00+00:00,583.96,581.0,2.9600000000000364,False,BREAK_BEFORE_K1,0,0,,,False,,,BREAK_BEFORE_K1,2024-03-28 22:00:00+00:00,
60,01:00,4,2024-03-30,Saturday,2024-03-29 18:00:00+00:00,2024-03-29 22:00:00+00:00,2024-03-29 22:00:00+00:00,2024-03-30 02:00:00+00:00,615.29,609.39,5.899999999999977,True,,1,0,2024-03-29 22:00:00+00:00,2024-03-29 22:05:00+00:00,False,,,BREAK_DURING_K1,2024-03-29 22:05:00+00:00,
60,01:00,4,2024-03-31,Sunday,2024-03-30 18:00:00+00:00,2024-03-30 22:00:00+00:00,2024-03-30 22:00:00+00:00,2024-03-31 02:00:00+00:00,609.07,601.58,7.490000000000009,False,BREAK_BEFORE_K1,0,0,,,False,,,BREAK_BEFORE_K1,2024-03-30 23:25:00+00:00,
60,01:00,4,2024-04-01,Monday,2024-03-31 18:00:00+00:00,2024-03-31 22:00:00+00:00,2024-03-31 22:00:00+00:00,2024-04-01 02:00:00+00:00,608.12,602.53,5.590000000000032,False,NO_K1,0,0,,,False,,,NO_K1,,
60,01:00,4,2024-04-02,Tuesday,2024-04-01 18:00:00+00:00,2024-04-01 22:00:00+00:00,2024-04-01 22:00:00+00:00,2024-04-02 02:00:00+00:00,581.79,569.76,12.029999999999973,False,NO_K1,0,0,,,False,,,NO_K1,,
60,01:00,4,2024-04-03,Wednesday,2024-04-02 18:00:00+00:00,2024-04-02 22:00:00+00:00,2024-04-02 22:00:00+00:00,2024-04-03 02:00:00+00:00,560.42,553.72,6.699999999999932,False,BREAK_BEFORE_K1,0,0,,,False,,,BREAK_BEFORE_K1,2024-04-02 23:30:00+00:00,
60,01:00,4,2024-04-04,Thursday,2024-04-03 18:00:00+00:00,2024-04-03 22:00:00+00:00,2024-04-03 22:00:00+00:00,2024-04-04 02:00:00+00:00,561.17,551.12,10.049999999999955,False,BREAK_BEFORE_K1,0,0,,,False,,,BREAK_BEFORE_K1,2024-04-03 22:00:00+00:00,
60,01:00,4,2024-04-05,Friday,2024-04-04 18:00:00+00:00,2024-04-04 22:00:00+00:00,2024-04-04 22:00:00+00:00,2024-04-05 02:00:00+00:00,597.19,581.03,16.160000000000082,False,OPPOSITE_VISIT_BEFORE_K1,0,1,,,False,,,OPPOSITE_VISIT_BEFORE_K1,2024-04-04 22:45:00+00:00,
60,01:00,4,2024-04-06,Saturday,2024-04-05 18:00:00+00:00,2024-04-05 22:00:00+00:00,2024-04-05 22:00:00+00:00,2024-04-06 02:00:00+00:00,583.78,576.65,7.1299999999999955,False,BREAK_BEFORE_K1,0,0,,,False,,,BREAK_BEFORE_K1,2024-04-06 00:00:00+00:00,
60,01:00,4,2024-04-07,Sunday,2024-04-06 18:00:00+00:00,2024-04-06 22:00:00+00:00,2024-04-06 22:00:00+00:00,2024-04-07 02:00:00+00:00,585.51,582.32,3.189999999999941,False,BREAK_BEFORE_K1,0,0,,,False,,,BREAK_BEFORE_K1,2024-04-06 22:25:00+00:00,
60,01:00,4,2024-04-08,Monday,2024-04-07 18:00:00+00:00,2024-04-07 22:00:00+00:00,2024-04-07 22:00:00+00:00,2024-04-08 02:00:00+00:00,582.84,577.44,5.399999999999977,False,BREAK_BEFORE_K1,0,0,,,False,,,BREAK_BEFORE_K1,2024-04-07 23:10:00+00:00,
60,01:00,4,2024-04-09,Tuesday,2024-04-08 18:00:00+00:00,2024-04-08 22:00:00+00:00,2024-04-08 22:00:00+00:00,2024-04-09 02:00:00+00:00,590.96,587.8,3.160000000000082,False,BREAK_BEFORE_K1,0,0,,,False,,,BREAK_BEFORE_K1,2024-04-08 22:25:00+00:00,
60,01:00,4,2024-04-10,Wednesday,2024-04-09 18:00:00+00:00,2024-04-09 22:00:00+00:00,2024-04-09 22:00:00+00:00,2024-04-10 02:00:00+00:00,582.5,577.96,4.539999999999964,False,BREAK_BEFORE_K1,0,0,,,False,,,BREAK_BEFORE_K1,2024-04-09 22:15:00+00:00,
60,01:00,4,2024-04-11,Thursday,2024-04-10 18:00:00+00:00,2024-04-10 22:00:00+00:00,2024-04-10 22:00:00+00:00,2024-04-11 02:00:00+00:00,608.3,599.62,8.67999999999995,False,BREAK_BEFORE_K1,0,0,,,False,,,BREAK_BEFORE_K1,2024-04-10 22:00:00+00:00,
60,01:00,4,2024-04-12,Friday,2024-04-11 18:00:00+00:00,2024-04-11 22:00:00+00:00,2024-04-11 22:00:00+00:00,2024-04-12 02:00:00+00:00,607.73,602.11,5.6200000000000045,False,BREAK_BEFORE_K1,0,0,,,False,,,BREAK_BEFORE_K1,2024-04-12 00:40:00+00:00,
60,01:00,4,2024-04-13,Saturday,2024-04-12 18:00:00+00:00,2024-04-12 22:00:00+00:00,2024-04-12 22:00:00+00:00,2024-04-13 02:00:00+00:00,604.06,563.33,40.729999999999905,False,NO_K1,0,0,,,False,,,NO_K1,,
60,01:00,4,2024-04-14,Sunday,2024-04-13 18:00:00+00:00,2024-04-13 22:00:00+00:00,2024-04-13 22:00:00+00:00,2024-04-14 02:00:00+00:00,582.66,489.0,93.65999999999997,False,NO_K1,0,0,,,False,,,NO_K1,,
60,01:00,4,2024-04-15,Monday,2024-04-14 18:00:00+00:00,2024-04-14 22:00:00+00:00,2024-04-14 22:00:00+00:00,2024-04-15 02:00:00+00:00,553.77,544.23,9.539999999999964,False,BREAK_BEFORE_K1,0,0,,,False,,,BREAK_BEFORE_K1,2024-04-14 22:00:00+00:00,
60,01:00,4,2024-04-16,Tuesday,2024-04-15 18:00:00+00:00,2024-04-15 22:00:00+00:00,2024-04-15 22:00:00+00:00,2024-04-16 02:00:00+00:00,560.72,543.62,17.100000000000023,False,NO_K1,0,0,,,False,,,NO_K1,,
60,01:00,4,2024-04-17,Wednesday,2024-04-16 18:00:00+00:00,2024-04-16 22:00:00+00:00,2024-04-16 22:00:00+00:00,2024-04-17 02:00:00+00:00,544.0,531.35,12.649999999999977,False,NO_K1,0,0,,,False,,,NO_K1,,
60,01:00,4,2024-04-18,Thursday,2024-04-17 18:00:00+00:00,2024-04-17 22:00:00+00:00,2024-04-17 22:00:00+00:00,2024-04-18 02:00:00+00:00,540.42,529.46,10.959999999999923,False,BREAK_BEFORE_K1,0,0,,,False,,,BREAK_BEFORE_K1,2024-04-18 00:20:00+00:00,
60,01:00,4,2024-04-19,Friday,2024-04-18 18:00:00+00:00,2024-04-18 22:00:00+00:00,2024-04-18 22:00:00+00:00,2024-04-19 02:00:00+00:00,551.86,545.41,6.4500000000000455,False,BREAK_BEFORE_K1,0,0,,,False,,,BREAK_BEFORE_K1,2024-04-18 22:35:00+00:00,
60,01:00,4,2024-04-20,Saturday,2024-04-19 18:00:00+00:00,2024-04-19 22:00:00+00:00,2024-04-19 22:00:00+00:00,2024-04-20 02:00:00+00:00,561.0,557.1,3.8999999999999773,True,,1,0,2024-04-19 22:05:00+00:00,2024-04-19 22:10:00+00:00,False,,,BREAK_DURING_K1,2024-04-19 22:10:00+00:00,
60,01:00,4,2024-04-21,Sunday,2024-04-20 18:00:00+00:00,2024-04-20 22:00:00+00:00,2024-04-20 22:00:00+00:00,2024-04-21 02:00:00+00:00,574.0,569.27,4.730000000000018,False,BREAK_BEFORE_K1,0,0,,,False,,,BREAK_BEFORE_K1,2024-04-20 22:10:00+00:00,
60,01:00,4,2024-04-22,Monday,2024-04-21 18:00:00+00:00,2024-04-21 22:00:00+00:00,2024-04-21 22:00:00+00:00,2024-04-22 02:00:00+00:00,579.53,571.26,8.269999999999982,False,BREAK_BEFORE_K1,0,0,,,False,,,BREAK_BEFORE_K1,2024-04-21 22:05:00+00:00,
60,01:00,4,2024-04-23,Tuesday,2024-04-22 18:00:00+00:00,2024-04-22 22:00:00+00:00,2024-04-22 22:00:00+00:00,2024-04-23 02:00:00+00:00,598.41,593.64,4.769999999999982,False,BREAK_BEFORE_K1,0,0,,,False,,,BREAK_BEFORE_K1,2024-04-22 22:05:00+00:00,
60,01:00,4,2024-04-24,Wednesday,2024-04-23 18:00:00+00:00,2024-04-23 22:00:00+00:00,2024-04-23 22:00:00+00:00,2024-04-24 02:00:00+00:00,610.23,604.48,5.75,False,BREAK_BEFORE_K1,0,0,,,False,,,BREAK_BEFORE_K1,2024-04-24 00:15:00+00:00,
60,01:00,4,2024-04-25,Thursday,2024-04-24 18:00:00+00:00,2024-04-24 22:00:00+00:00,2024-04-24 22:00:00+00:00,2024-04-25 02:00:00+00:00,612.7,592.29,20.410000000000082,False,NO_K1,0,0,,,False,,,NO_K1,,
60,01:00,4,2024-04-26,Friday,2024-04-25 18:00:00+00:00,2024-04-25 22:00:00+00:00,2024-04-25 22:00:00+00:00,2024-04-26 02:00:00+00:00,617.31,611.99,5.319999999999936,False,OPPOSITE_VISIT_BEFORE_K1,0,1,,,False,,,OPPOSITE_VISIT_BEFORE_K1,2024-04-26 00:15:00+00:00,
60,01:00,4,2024-04-27,Saturday,2024-04-26 18:00:00+00:00,2024-04-26 22:00:00+00:00,2024-04-26 22:00:00+00:00,2024-04-27 02:00:00+00:00,604.24,600.13,4.110000000000014,False,BREAK_BEFORE_K1,0,0,,,False,,,BREAK_BEFORE_K1,2024-04-26 22:10:00+00:00,
60,01:00,4,2024-04-28,Sunday,2024-04-27 18:00:00+00:00,2024-04-27 22:00:00+00:00,2024-04-27 22:00:00+00:00,2024-04-28 02:00:00+00:00,597.16,589.2,7.959999999999923,False,BREAK_BEFORE_K1,0,0,,,False,,,BREAK_BEFORE_K1,2024-04-28 00:25:00+00:00,
60,01:00,4,2024-04-29,Monday,2024-04-28 18:00:00+00:00,2024-04-28 22:00:00+00:00,2024-04-28 22:00:00+00:00,2024-04-29 02:00:00+00:00,606.59,601.86,4.730000000000018,False,BREAK_BEFORE_K1,0,0,,,False,,,BREAK_BEFORE_K1,2024-04-28 22:30:00+00:00,
60,01:00,4,2024-04-30,Tuesday,2024-04-29 18:00:00+00:00,2024-04-29 22:00:00+00:00,2024-04-29 22:00:00+00:00,2024-04-30 02:00:00+00:00,593.59,588.31,5.280000000000086,False,BREAK_BEFORE_K1,0,0,,,False,,,BREAK_BEFORE_K1,2024-04-29 22:30:00+00:00,
60,01:00,4,2024-05-01,Wednesday,2024-04-30 18:00:00+00:00,2024-04-30 22:00:00+00:00,2024-04-30 22:00:00+00:00,2024-05-01 02:00:00+00:00,579.99,562.16,17.83000000000004,True,,1,0,2024-04-30 22:05:00+00:00,2024-04-30 22:10:00+00:00,False,,,BREAK_DURING_K1,2024-04-30 22:10:00+00:00,
60,01:00,4,2024-05-02,Thursday,2024-05-01 18:00:00+00:00,2024-05-01 22:00:00+00:00,2024-05-01 22:00:00+00:00,2024-05-02 02:00:00+00:00,565.9,547.34,18.559999999999945,False,BREAK_BEFORE_K1,0,0,,,False,,,BREAK_BEFORE_K1,2024-05-02 01:50:00+00:00,
60,01:00,4,2024-05-03,Friday,2024-05-02 18:00:00+00:00,2024-05-02 22:00:00+00:00,2024-05-02 22:00:00+00:00,2024-05-03 02:00:00+00:00,564.86,557.91,6.9500000000000455,True,,1,0,2024-05-03 01:20:00+00:00,2024-05-03 01:25:00+00:00,True,2024-05-03 01:25:00+00:00,2024-05-03 01:30:00+00:00,H2_ARRIVAL,2024-05-03 01:30:00+00:00,5.0
60,01:00,4,2024-05-04,Saturday,2024-05-03 18:00:00+00:00,2024-05-03 22:00:00+00:00,2024-05-03 22:00:00+00:00,2024-05-04 02:00:00+00:00,589.83,577.46,12.370000000000005,False,NO_K1,0,0,,,False,,,NO_K1,,
60,01:00,4,2024-05-05,Sunday,2024-05-04 18:00:00+00:00,2024-05-04 22:00:00+00:00,2024-05-04 22:00:00+00:00,2024-05-05 02:00:00+00:00,591.37,582.71,8.659999999999968,False,OPPOSITE_VISIT_BEFORE_K1,0,1,,,False,,,OPPOSITE_VISIT_BEFORE_K1,2024-05-05 00:35:00+00:00,
60,01:00,4,2024-05-06,Monday,2024-05-05 18:00:00+00:00,2024-05-05 22:00:00+00:00,2024-05-05 22:00:00+00:00,2024-05-06 02:00:00+00:00,593.76,589.66,4.100000000000023,False,OPPOSITE_VISIT_BEFORE_K1,0,1,,,False,,,OPPOSITE_VISIT_BEFORE_K1,2024-05-05 22:00:00+00:00,
60,01:00,4,2024-05-07,Tuesday,2024-05-06 18:00:00+00:00,2024-05-06 22:00:00+00:00,2024-05-06 22:00:00+00:00,2024-05-07 02:00:00+00:00,593.3,585.21,8.089999999999918,False,NO_K1,0,0,,,False,,,NO_K1,,
60,01:00,4,2024-05-08,Wednesday,2024-05-07 18:00:00+00:00,2024-05-07 22:00:00+00:00,2024-05-07 22:00:00+00:00,2024-05-08 02:00:00+00:00,591.91,579.84,12.069999999999936,False,OPPOSITE_VISIT_BEFORE_K1,0,1,,,False,,,OPPOSITE_VISIT_BEFORE_K1,2024-05-07 22:05:00+00:00,
60,01:00,4,2024-05-09,Thursday,2024-05-08 18:00:00+00:00,2024-05-08 22:00:00+00:00,2024-05-08 22:00:00+00:00,2024-05-09 02:00:00+00:00,589.88,579.06,10.82000000000005,False,BREAK_BEFORE_K1,0,0,,,False,,,BREAK_BEFORE_K1,2024-05-09 00:05:00+00:00,
60,01:00,4,2024-05-10,Friday,2024-05-09 18:00:00+00:00,2024-05-09 22:00:00+00:00,2024-05-09 22:00:00+00:00,2024-05-10 02:00:00+00:00,597.85,592.14,5.710000000000036,False,BREAK_BEFORE_K1,0,0,,,False,,,BREAK_BEFORE_K1,2024-05-09 22:45:00+00:00,
60,01:00,4,2024-05-11,Saturday,2024-05-10 18:00:00+00:00,2024-05-10 22:00:00+00:00,2024-05-10 22:00:00+00:00,2024-05-11 02:00:00+00:00,587.3,583.14,4.159999999999968,True,,1,0,2024-05-10 22:05:00+00:00,2024-05-10 22:10:00+00:00,True,2024-05-10 22:10:00+00:00,2024-05-10 22:15:00+00:00,H2_ARRIVAL,2024-05-10 22:15:00+00:00,5.0
60,01:00,4,2024-05-12,Sunday,2024-05-11 18:00:00+00:00,2024-05-11 22:00:00+00:00,2024-05-11 22:00:00+00:00,2024-05-12 02:00:00+00:00,594.43,590.3,4.1299999999999955,False,BREAK_BEFORE_K1,0,0,,,False,,,BREAK_BEFORE_K1,2024-05-12 01:50:00+00:00,
60,01:00,4,2024-05-13,Monday,2024-05-12 18:00:00+00:00,2024-05-12 22:00:00+00:00,2024-05-12 22:00:00+00:00,2024-05-13 02:00:00+00:00,598.67,593.14,5.529999999999973,False,OPPOSITE_VISIT_BEFORE_K1,0,1,,,False,,,OPPOSITE_VISIT_BEFORE_K1,2024-05-12 22:15:00+00:00,
60,01:00,4,2024-05-14,Tuesday,2024-05-13 18:00:00+00:00,2024-05-13 22:00:00+00:00,2024-05-13 22:00:00+00:00,2024-05-14 02:00:00+00:00,595.2,591.3,3.900000000000091,False,BREAK_BEFORE_K1,0,0,,,False,,,BREAK_BEFORE_K1,2024-05-13 22:40:00+00:00,
60,01:00,4,2024-05-15,Wednesday,2024-05-14 18:00:00+00:00,2024-05-14 22:00:00+00:00,2024-05-14 22:00:00+00:00,2024-05-15 02:00:00+00:00,568.85,564.61,4.240000000000009,False,OPPOSITE_VISIT_BEFORE_K1,0,1,,,False,,,OPPOSITE_VISIT_BEFORE_K1,2024-05-14 22:25:00+00:00,
60,01:00,4,2024-05-16,Thursday,2024-05-15 18:00:00+00:00,2024-05-15 22:00:00+00:00,2024-05-15 22:00:00+00:00,2024-05-16 02:00:00+00:00,586.4,580.2,6.199999999999932,False,OPPOSITE_VISIT_BEFORE_K1,0,1,,,False,,,OPPOSITE_VISIT_BEFORE_K1,2024-05-15 23:55:00+00:00,
60,01:00,4,2024-05-17,Friday,2024-05-16 18:00:00+00:00,2024-05-16 22:00:00+00:00,2024-05-16 22:00:00+00:00,2024-05-17 02:00:00+00:00,569.79,566.17,3.6200000000000045,False,OPPOSITE_VISIT_BEFORE_K1,0,1,,,False,,,OPPOSITE_VISIT_BEFORE_K1,2024-05-16 22:15:00+00:00,
60,01:00,4,2024-05-18,Saturday,2024-05-17 18:00:00+00:00,2024-05-17 22:00:00+00:00,2024-05-17 22:00:00+00:00,2024-05-18 02:00:00+00:00,579.96,577.04,2.9200000000000728,False,BREAK_BEFORE_K1,0,0,,,False,,,BREAK_BEFORE_K1,2024-05-17 22:10:00+00:00,
60,01:00,4,2024-05-19,Sunday,2024-05-18 18:00:00+00:00,2024-05-18 22:00:00+00:00,2024-05-18 22:00:00+00:00,2024-05-19 02:00:00+00:00,578.18,576.5,1.67999999999995,True,,1,0,2024-05-18 22:00:00+00:00,2024-05-18 22:05:00+00:00,True,2024-05-18 22:10:00+00:00,2024-05-18 22:15:00+00:00,H2_ARRIVAL,2024-05-18 22:45:00+00:00,35.0
60,01:00,4,2024-05-20,Monday,2024-05-19 18:00:00+00:00,2024-05-19 22:00:00+00:00,2024-05-19 22:00:00+00:00,2024-05-20 02:00:00+00:00,576.0,571.0,5.0,False,OPPOSITE_VISIT_BEFORE_K1,0,1,,,False,,,OPPOSITE_VISIT_BEFORE_K1,2024-05-20 01:30:00+00:00,
60,01:00,4,2024-05-21,Tuesday,2024-05-20 18:00:00+00:00,2024-05-20 22:00:00+00:00,2024-05-20 22:00:00+00:00,2024-05-21 02:00:00+00:00,594.72,577.27,17.450000000000045,True,,1,0,2024-05-20 22:00:00+00:00,2024-05-20 22:05:00+00:00,True,2024-05-20 22:05:00+00:00,2024-05-20 22:10:00+00:00,H2_ARRIVAL,2024-05-20 23:15:00+00:00,70.0
60,01:00,4,2024-05-22,Wednesday,2024-05-21 18:00:00+00:00,2024-05-21 22:00:00+00:00,2024-05-21 22:00:00+00:00,2024-05-22 02:00:00+00:00,618.23,608.01,10.220000000000027,True,,1,0,2024-05-21 22:40:00+00:00,2024-05-21 22:45:00+00:00,False,,,BREAK_DURING_K1,2024-05-21 22:50:00+00:00,
60,01:00,4,2024-05-23,Thursday,2024-05-22 18:00:00+00:00,2024-05-22 22:00:00+00:00,2024-05-22 22:00:00+00:00,2024-05-23 02:00:00+00:00,617.24,610.27,6.970000000000027,False,BREAK_BEFORE_K1,0,0,,,False,,,BREAK_BEFORE_K1,2024-05-23 00:35:00+00:00,
60,01:00,4,2024-05-24,Friday,2024-05-23 18:00:00+00:00,2024-05-23 22:00:00+00:00,2024-05-23 22:00:00+00:00,2024-05-24 02:00:00+00:00,601.62,577.73,23.889999999999986,True,,1,0,2024-05-24 00:35:00+00:00,2024-05-24 00:40:00+00:00,False,,,BREAK_DURING_K1,2024-05-24 00:40:00+00:00,
60,01:00,4,2024-05-25,Saturday,2024-05-24 18:00:00+00:00,2024-05-24 22:00:00+00:00,2024-05-24 22:00:00+00:00,2024-05-25 02:00:00+00:00,603.4,600.15,3.25,False,OPPOSITE_VISIT_BEFORE_K1,0,1,,,False,,,OPPOSITE_VISIT_BEFORE_K1,2024-05-25 00:00:00+00:00,
60,01:00,4,2024-05-26,Sunday,2024-05-25 18:00:00+00:00,2024-05-25 22:00:00+00:00,2024-05-25 22:00:00+00:00,2024-05-26 02:00:00+00:00,603.18,600.85,2.3299999999999272,False,OPPOSITE_VISIT_BEFORE_K1,0,1,,,False,,,OPPOSITE_VISIT_BEFORE_K1,2024-05-25 22:25:00+00:00,
60,01:00,4,2024-05-27,Monday,2024-05-26 18:00:00+00:00,2024-05-26 22:00:00+00:00,2024-05-26 22:00:00+00:00,2024-05-27 02:00:00+00:00,602.11,598.2,3.909999999999968,False,BREAK_BEFORE_K1,0,0,,,False,,,BREAK_BEFORE_K1,2024-05-27 01:35:00+00:00,
60,01:00,4,2024-05-28,Tuesday,2024-05-27 18:00:00+00:00,2024-05-27 22:00:00+00:00,2024-05-27 22:00:00+00:00,2024-05-28 02:00:00+00:00,611.86,600.77,11.090000000000032,False,OPPOSITE_VISIT_BEFORE_K1,0,1,,,False,,,OPPOSITE_VISIT_BEFORE_K1,2024-05-28 01:50:00+00:00,
60,01:00,4,2024-05-29,Wednesday,2024-05-28 18:00:00+00:00,2024-05-28 22:00:00+00:00,2024-05-28 22:00:00+00:00,2024-05-29 02:00:00+00:00,603.26,595.73,7.529999999999973,True,,1,0,2024-05-28 22:05:00+00:00,2024-05-28 22:10:00+00:00,True,2024-05-28 22:10:00+00:00,2024-05-28 22:15:00+00:00,H2_ARRIVAL,2024-05-28 22:20:00+00:00,10.0
60,01:00,4,2024-05-30,Thursday,2024-05-29 18:00:00+00:00,2024-05-29 22:00:00+00:00,2024-05-29 22:00:00+00:00,2024-05-30 02:00:00+00:00,597.53,593.86,3.669999999999959,True,,1,0,2024-05-29 22:25:00+00:00,2024-05-29 22:30:00+00:00,True,2024-05-29 22:35:00+00:00,2024-05-29 22:40:00+00:00,NO_H2_BY_END,,
60,01:00,4,2024-05-31,Friday,2024-05-30 18:00:00+00:00,2024-05-30 22:00:00+00:00,2024-05-30 22:00:00+00:00,2024-05-31 02:00:00+00:00,602.89,591.51,11.379999999999995,False,NO_K1,0,0,,,False,,,NO_K1,,
60,01:00,4,2024-06-01,Saturday,2024-05-31 18:00:00+00:00,2024-05-31 22:00:00+00:00,2024-05-31 22:00:00+00:00,2024-06-01 02:00:00+00:00,596.34,592.7,3.6399999999999864,False,NO_K1,0,0,,,False,,,NO_K1,,
60,01:00,4,2024-06-02,Sunday,2024-06-01 18:00:00+00:00,2024-06-01 22:00:00+00:00,2024-06-01 22:00:00+00:00,2024-06-02 02:00:00+00:00,609.0,596.68,12.32000000000005,False,NO_K1,0,0,,,False,,,NO_K1,,
60,01:00,4,2024-06-03,Monday,2024-06-02 18:00:00+00:00,2024-06-02 22:00:00+00:00,2024-06-02 22:00:00+00:00,2024-06-03 02:00:00+00:00,603.24,596.31,6.930000000000064,True,,1,0,2024-06-02 23:05:00+00:00,2024-06-02 23:10:00+00:00,False,,,BREAK_DURING_K1,2024-06-02 23:10:00+00:00,
60,01:00,4,2024-06-04,Tuesday,2024-06-03 18:00:00+00:00,2024-06-03 22:00:00+00:00,2024-06-03 22:00:00+00:00,2024-06-04 02:00:00+00:00,627.27,621.99,5.279999999999973,False,BREAK_BEFORE_K1,0,0,,,False,,,BREAK_BEFORE_K1,2024-06-03 22:30:00+00:00,
60,01:00,4,2024-06-05,Wednesday,2024-06-04 18:00:00+00:00,2024-06-04 22:00:00+00:00,2024-06-04 22:00:00+00:00,2024-06-05 02:00:00+00:00,675.88,665.03,10.850000000000023,True,,1,0,2024-06-04 22:00:00+00:00,2024-06-04 22:05:00+00:00,False,,,BREAK_DURING_K1,2024-06-04 22:05:00+00:00,
60,01:00,4,2024-06-06,Thursday,2024-06-05 18:00:00+00:00,2024-06-05 22:00:00+00:00,2024-06-05 22:00:00+00:00,2024-06-06 02:00:00+00:00,702.79,688.35,14.43999999999994,False,NO_K1,0,0,,,False,,,NO_K1,,
60,01:00,4,2024-06-07,Friday,2024-06-06 18:00:00+00:00,2024-06-06 22:00:00+00:00,2024-06-06 22:00:00+00:00,2024-06-07 02:00:00+00:00,711.22,700.37,10.850000000000023,False,BREAK_BEFORE_K1,0,0,,,False,,,BREAK_BEFORE_K1,2024-06-06 22:55:00+00:00,
60,01:00,4,2024-06-08,Saturday,2024-06-07 18:00:00+00:00,2024-06-07 22:00:00+00:00,2024-06-07 22:00:00+00:00,2024-06-08 02:00:00+00:00,687.77,657.42,30.350000000000023,False,NO_K1,0,0,,,False,,,NO_K1,,
60,01:00,4,2024-06-09,Sunday,2024-06-08 18:00:00+00:00,2024-06-08 22:00:00+00:00,2024-06-08 22:00:00+00:00,2024-06-09 02:00:00+00:00,687.6,683.57,4.029999999999973,False,BREAK_BEFORE_K1,0,0,,,False,,,BREAK_BEFORE_K1,2024-06-08 22:20:00+00:00,
60,01:00,4,2024-06-10,Monday,2024-06-09 18:00:00+00:00,2024-06-09 22:00:00+00:00,2024-06-09 22:00:00+00:00,2024-06-10 02:00:00+00:00,678.77,670.15,8.620000000000005,False,NO_K1,0,0,,,False,,,NO_K1,,
60,01:00,4,2024-06-11,Tuesday,2024-06-10 18:00:00+00:00,2024-06-10 22:00:00+00:00,2024-06-10 22:00:00+00:00,2024-06-11 02:00:00+00:00,653.28,613.48,39.799999999999955,False,NO_K1,0,0,,,False,,,NO_K1,,
60,01:00,4,2024-06-12,Wednesday,2024-06-11 18:00:00+00:00,2024-06-11 22:00:00+00:00,2024-06-11 22:00:00+00:00,2024-06-12 02:00:00+00:00,610.0,602.58,7.419999999999959,False,OPPOSITE_VISIT_BEFORE_K1,0,1,,,False,,,OPPOSITE_VISIT_BEFORE_K1,2024-06-11 22:50:00+00:00,
60,01:00,4,2024-06-13,Thursday,2024-06-12 18:00:00+00:00,2024-06-12 22:00:00+00:00,2024-06-12 22:00:00+00:00,2024-06-13 02:00:00+00:00,632.93,609.5,23.42999999999995,False,NO_K1,0,0,,,False,,,NO_K1,,
60,01:00,4,2024-06-14,Friday,2024-06-13 18:00:00+00:00,2024-06-13 22:00:00+00:00,2024-06-13 22:00:00+00:00,2024-06-14 02:00:00+00:00,605.72,597.0,8.720000000000027,False,OPPOSITE_VISIT_BEFORE_K1,0,1,,,False,,,OPPOSITE_VISIT_BEFORE_K1,2024-06-14 00:20:00+00:00,
60,01:00,4,2024-06-15,Saturday,2024-06-14 18:00:00+00:00,2024-06-14 22:00:00+00:00,2024-06-14 22:00:00+00:00,2024-06-15 02:00:00+00:00,604.99,590.0,14.990000000000009,False,BREAK_BEFORE_K1,0,0,,,False,,,BREAK_BEFORE_K1,2024-06-15 00:40:00+00:00,
60,01:00,4,2024-06-16,Sunday,2024-06-15 18:00:00+00:00,2024-06-15 22:00:00+00:00,2024-06-15 22:00:00+00:00,2024-06-16 02:00:00+00:00,607.5,604.02,3.480000000000018,False,BREAK_BEFORE_K1,0,0,,,False,,,BREAK_BEFORE_K1,2024-06-15 22:55:00+00:00,
60,01:00,4,2024-06-17,Monday,2024-06-16 18:00:00+00:00,2024-06-16 22:00:00+00:00,2024-06-16 22:00:00+00:00,2024-06-17 02:00:00+00:00,609.86,607.55,2.310000000000059,False,BREAK_BEFORE_K1,0,0,,,False,,,BREAK_BEFORE_K1,2024-06-16 22:05:00+00:00,
60,01:00,4,2024-06-18,Tuesday,2024-06-17 18:00:00+00:00,2024-06-17 22:00:00+00:00,2024-06-17 22:00:00+00:00,2024-06-18 02:00:00+00:00,610.24,604.08,6.159999999999968,False,OPPOSITE_VISIT_BEFORE_K1,0,1,,,False,,,OPPOSITE_VISIT_BEFORE_K1,2024-06-17 23:40:00+00:00,
60,01:00,4,2024-06-19,Wednesday,2024-06-18 18:00:00+00:00,2024-06-18 22:00:00+00:00,2024-06-18 22:00:00+00:00,2024-06-19 02:00:00+00:00,589.25,575.67,13.580000000000041,True,,1,0,2024-06-18 22:40:00+00:00,2024-06-18 22:45:00+00:00,True,2024-06-18 22:45:00+00:00,2024-06-18 22:50:00+00:00,H2_ARRIVAL,2024-06-18 22:55:00+00:00,10.0
60,01:00,4,2024-06-20,Thursday,2024-06-19 18:00:00+00:00,2024-06-19 22:00:00+00:00,2024-06-19 22:00:00+00:00,2024-06-20 02:00:00+00:00,602.4,597.22,5.17999999999995,False,OPPOSITE_VISIT_BEFORE_K1,0,1,,,False,,,OPPOSITE_VISIT_BEFORE_K1,2024-06-19 23:40:00+00:00,
60,01:00,4,2024-06-21,Friday,2024-06-20 18:00:00+00:00,2024-06-20 22:00:00+00:00,2024-06-20 22:00:00+00:00,2024-06-21 02:00:00+00:00,595.24,591.11,4.1299999999999955,False,BREAK_BEFORE_K1,0,0,,,False,,,BREAK_BEFORE_K1,2024-06-20 22:35:00+00:00,
60,01:00,4,2024-06-22,Saturday,2024-06-21 18:00:00+00:00,2024-06-21 22:00:00+00:00,2024-06-21 22:00:00+00:00,2024-06-22 02:00:00+00:00,587.43,581.67,5.759999999999991,True,,1,0,2024-06-21 22:15:00+00:00,2024-06-21 22:20:00+00:00,False,,,BREAK_DURING_K1,2024-06-21 22:20:00+00:00,
60,01:00,4,2024-06-23,Sunday,2024-06-22 18:00:00+00:00,2024-06-22 22:00:00+00:00,2024-06-22 22:00:00+00:00,2024-06-23 02:00:00+00:00,588.99,585.69,3.2999999999999545,False,BREAK_BEFORE_K1,0,0,,,False,,,BREAK_BEFORE_K1,2024-06-22 22:25:00+00:00,
60,01:00,4,2024-06-24,Monday,2024-06-23 18:00:00+00:00,2024-06-23 22:00:00+00:00,2024-06-23 22:00:00+00:00,2024-06-24 02:00:00+00:00,585.78,579.14,6.639999999999986,False,OPPOSITE_VISIT_BEFORE_K1,0,1,,,False,,,OPPOSITE_VISIT_BEFORE_K1,2024-06-23 22:30:00+00:00,
60,01:00,4,2024-06-25,Tuesday,2024-06-24 18:00:00+00:00,2024-06-24 22:00:00+00:00,2024-06-24 22:00:00+00:00,2024-06-25 02:00:00+00:00,565.03,550.55,14.480000000000018,False,BREAK_BEFORE_K1,0,0,,,False,,,BREAK_BEFORE_K1,2024-06-24 22:00:00+00:00,
60,01:00,4,2024-06-26,Wednesday,2024-06-25 18:00:00+00:00,2024-06-25 22:00:00+00:00,2024-06-25 22:00:00+00:00,2024-06-26 02:00:00+00:00,579.93,573.67,6.259999999999991,False,BREAK_BEFORE_K1,0,0,,,False,,,BREAK_BEFORE_K1,2024-06-26 01:40:00+00:00,
60,01:00,4,2024-06-27,Thursday,2024-06-26 18:00:00+00:00,2024-06-26 22:00:00+00:00,2024-06-26 22:00:00+00:00,2024-06-27 02:00:00+00:00,576.0,569.21,6.789999999999964,False,NO_K1,0,0,,,False,,,NO_K1,,
60,01:00,4,2024-06-28,Friday,2024-06-27 18:00:00+00:00,2024-06-27 22:00:00+00:00,2024-06-27 22:00:00+00:00,2024-06-28 02:00:00+00:00,582.47,579.13,3.340000000000032,False,OPPOSITE_VISIT_BEFORE_K1,0,1,,,False,,,OPPOSITE_VISIT_BEFORE_K1,2024-06-28 00:30:00+00:00,
60,01:00,4,2024-06-29,Saturday,2024-06-28 18:00:00+00:00,2024-06-28 22:00:00+00:00,2024-06-28 22:00:00+00:00,2024-06-29 02:00:00+00:00,572.69,566.58,6.110000000000014,False,BREAK_BEFORE_K1,0,0,,,False,,,BREAK_BEFORE_K1,2024-06-28 22:10:00+00:00,
60,01:00,4,2024-06-30,Sunday,2024-06-29 18:00:00+00:00,2024-06-29 22:00:00+00:00,2024-06-29 22:00:00+00:00,2024-06-30 02:00:00+00:00,572.79,570.39,2.3999999999999773,False,BREAK_BEFORE_K1,0,0,,,False,,,BREAK_BEFORE_K1,2024-06-29 22:15:00+00:00,
60,01:00,4,2024-07-01,Monday,2024-06-30 18:00:00+00:00,2024-06-30 22:00:00+00:00,2024-06-30 22:00:00+00:00,2024-07-01 02:00:00+00:00,580.93,577.14,3.7899999999999636,False,BREAK_BEFORE_K1,0,0,,,False,,,BREAK_BEFORE_K1,2024-06-30 22:25:00+00:00,
60,01:00,4,2024-07-02,Tuesday,2024-07-01 18:00:00+00:00,2024-07-01 22:00:00+00:00,2024-07-01 22:00:00+00:00,2024-07-02 02:00:00+00:00,583.49,580.03,3.4600000000000364,False,BREAK_BEFORE_K1,0,0,,,False,,,BREAK_BEFORE_K1,2024-07-01 22:10:00+00:00,
60,01:00,4,2024-07-03,Wednesday,2024-07-02 18:00:00+00:00,2024-07-02 22:00:00+00:00,2024-07-02 22:00:00+00:00,2024-07-03 02:00:00+00:00,581.71,577.47,4.240000000000009,False,BREAK_BEFORE_K1,0,0,,,False,,,BREAK_BEFORE_K1,2024-07-03 01:55:00+00:00,
60,01:00,4,2024-07-04,Thursday,2024-07-03 18:00:00+00:00,2024-07-03 22:00:00+00:00,2024-07-03 22:00:00+00:00,2024-07-04 02:00:00+00:00,559.18,550.05,9.129999999999995,False,OPPOSITE_VISIT_BEFORE_K1,0,1,,,False,,,OPPOSITE_VISIT_BEFORE_K1,2024-07-04 01:15:00+00:00,
60,01:00,4,2024-07-05,Friday,2024-07-04 18:00:00+00:00,2024-07-04 22:00:00+00:00,2024-07-04 22:00:00+00:00,2024-07-05 02:00:00+00:00,528.37,522.2,6.169999999999959,False,BREAK_BEFORE_K1,0,0,,,False,,,BREAK_BEFORE_K1,2024-07-04 22:00:00+00:00,
60,01:00,4,2024-07-06,Saturday,2024-07-05 18:00:00+00:00,2024-07-05 22:00:00+00:00,2024-07-05 22:00:00+00:00,2024-07-06 02:00:00+00:00,498.91,492.16,6.75,True,,1,0,2024-07-05 23:20:00+00:00,2024-07-05 23:25:00+00:00,False,,,BREAK_DURING_K1,2024-07-05 23:30:00+00:00,
60,01:00,4,2024-07-07,Sunday,2024-07-06 18:00:00+00:00,2024-07-06 22:00:00+00:00,2024-07-06 22:00:00+00:00,2024-07-07 02:00:00+00:00,529.3,523.6,5.699999999999932,False,BREAK_BEFORE_K1,0,0,,,False,,,BREAK_BEFORE_K1,2024-07-06 23:15:00+00:00,
60,01:00,4,2024-07-08,Monday,2024-07-07 18:00:00+00:00,2024-07-07 22:00:00+00:00,2024-07-07 22:00:00+00:00,2024-07-08 02:00:00+00:00,503.87,491.26,12.610000000000014,False,BREAK_BEFORE_K1,0,0,,,False,,,BREAK_BEFORE_K1,2024-07-07 23:40:00+00:00,
60,01:00,4,2024-07-09,Tuesday,2024-07-08 18:00:00+00:00,2024-07-08 22:00:00+00:00,2024-07-08 22:00:00+00:00,2024-07-09 02:00:00+00:00,511.29,504.23,7.060000000000002,True,,1,0,2024-07-08 22:10:00+00:00,2024-07-08 22:15:00+00:00,True,2024-07-08 22:15:00+00:00,2024-07-08 22:20:00+00:00,H2_ARRIVAL,2024-07-08 22:20:00+00:00,5.0
60,01:00,4,2024-07-10,Wednesday,2024-07-09 18:00:00+00:00,2024-07-09 22:00:00+00:00,2024-07-09 22:00:00+00:00,2024-07-10 02:00:00+00:00,521.16,515.36,5.7999999999999545,False,BREAK_BEFORE_K1,0,0,,,False,,,BREAK_BEFORE_K1,2024-07-09 22:00:00+00:00,
60,01:00,4,2024-07-11,Thursday,2024-07-10 18:00:00+00:00,2024-07-10 22:00:00+00:00,2024-07-10 22:00:00+00:00,2024-07-11 02:00:00+00:00,524.49,520.85,3.6399999999999864,False,BREAK_BEFORE_K1,0,0,,,False,,,BREAK_BEFORE_K1,2024-07-10 23:35:00+00:00,
60,01:00,4,2024-07-12,Friday,2024-07-11 18:00:00+00:00,2024-07-11 22:00:00+00:00,2024-07-11 22:00:00+00:00,2024-07-12 02:00:00+00:00,530.97,523.16,7.810000000000059,False,OPPOSITE_VISIT_BEFORE_K1,0,1,,,False,,,OPPOSITE_VISIT_BEFORE_K1,2024-07-11 22:15:00+00:00,
60,01:00,4,2024-07-13,Saturday,2024-07-12 18:00:00+00:00,2024-07-12 22:00:00+00:00,2024-07-12 22:00:00+00:00,2024-07-13 02:00:00+00:00,537.6,527.19,10.409999999999968,False,NO_K1,0,0,,,False,,,NO_K1,,
60,01:00,4,2024-07-14,Sunday,2024-07-13 18:00:00+00:00,2024-07-13 22:00:00+00:00,2024-07-13 22:00:00+00:00,2024-07-14 02:00:00+00:00,530.81,528.73,2.0799999999999272,False,BREAK_BEFORE_K1,0,0,,,False,,,BREAK_BEFORE_K1,2024-07-13 22:15:00+00:00,
60,01:00,4,2024-07-15,Monday,2024-07-14 18:00:00+00:00,2024-07-14 22:00:00+00:00,2024-07-14 22:00:00+00:00,2024-07-15 02:00:00+00:00,544.69,535.03,9.660000000000082,True,,1,0,2024-07-14 22:00:00+00:00,2024-07-14 22:05:00+00:00,False,,,BREAK_DURING_K1,2024-07-14 22:05:00+00:00,
60,01:00,4,2024-07-16,Tuesday,2024-07-15 18:00:00+00:00,2024-07-15 22:00:00+00:00,2024-07-15 22:00:00+00:00,2024-07-16 02:00:00+00:00,579.59,574.65,4.940000000000055,False,BREAK_BEFORE_K1,0,0,,,False,,,BREAK_BEFORE_K1,2024-07-15 22:10:00+00:00,
60,01:00,4,2024-07-17,Wednesday,2024-07-16 18:00:00+00:00,2024-07-16 22:00:00+00:00,2024-07-16 22:00:00+00:00,2024-07-17 02:00:00+00:00,578.88,573.63,5.25,False,BREAK_BEFORE_K1,0,0,,,False,,,BREAK_BEFORE_K1,2024-07-16 22:05:00+00:00,
60,01:00,4,2024-07-18,Thursday,2024-07-17 18:00:00+00:00,2024-07-17 22:00:00+00:00,2024-07-17 22:00:00+00:00,2024-07-18 02:00:00+00:00,573.72,568.24,5.480000000000018,False,BREAK_BEFORE_K1,0,0,,,False,,,BREAK_BEFORE_K1,2024-07-17 22:15:00+00:00,
60,01:00,4,2024-07-19,Friday,2024-07-18 18:00:00+00:00,2024-07-18 22:00:00+00:00,2024-07-18 22:00:00+00:00,2024-07-19 02:00:00+00:00,570.88,565.1,5.779999999999973,False,BREAK_BEFORE_K1,0,0,,,False,,,BREAK_BEFORE_K1,2024-07-18 22:15:00+00:00,
60,01:00,4,2024-07-20,Saturday,2024-07-19 18:00:00+00:00,2024-07-19 22:00:00+00:00,2024-07-19 22:00:00+00:00,2024-07-20 02:00:00+00:00,597.49,588.59,8.899999999999977,False,BREAK_BEFORE_K1,0,0,,,False,,,BREAK_BEFORE_K1,2024-07-20 00:55:00+00:00,
60,01:00,4,2024-07-21,Sunday,2024-07-20 18:00:00+00:00,2024-07-20 22:00:00+00:00,2024-07-20 22:00:00+00:00,2024-07-21 02:00:00+00:00,598.22,593.78,4.440000000000055,False,OPPOSITE_VISIT_BEFORE_K1,0,1,,,False,,,OPPOSITE_VISIT_BEFORE_K1,2024-07-20 22:25:00+00:00,
60,01:00,4,2024-07-22,Monday,2024-07-21 18:00:00+00:00,2024-07-21 22:00:00+00:00,2024-07-21 22:00:00+00:00,2024-07-22 02:00:00+00:00,603.3,580.79,22.50999999999999,False,BREAK_BEFORE_K1,0,0,,,False,,,BREAK_BEFORE_K1,2024-07-21 22:00:00+00:00,
60,01:00,4,2024-07-23,Tuesday,2024-07-22 18:00:00+00:00,2024-07-22 22:00:00+00:00,2024-07-22 22:00:00+00:00,2024-07-23 02:00:00+00:00,596.72,589.75,6.970000000000027,False,OPPOSITE_VISIT_BEFORE_K1,0,1,,,False,,,OPPOSITE_VISIT_BEFORE_K1,2024-07-22 22:10:00+00:00,
60,01:00,4,2024-07-24,Wednesday,2024-07-23 18:00:00+00:00,2024-07-23 22:00:00+00:00,2024-07-23 22:00:00+00:00,2024-07-24 02:00:00+00:00,584.97,580.65,4.32000000000005,False,OPPOSITE_VISIT_BEFORE_K1,0,1,,,False,,,OPPOSITE_VISIT_BEFORE_K1,2024-07-23 22:00:00+00:00,
60,01:00,4,2024-07-25,Thursday,2024-07-24 18:00:00+00:00,2024-07-24 22:00:00+00:00,2024-07-24 22:00:00+00:00,2024-07-25 02:00:00+00:00,585.2,570.0,15.200000000000045,False,BREAK_BEFORE_K1,0,0,,,False,,,BREAK_BEFORE_K1,2024-07-25 01:05:00+00:00,
60,01:00,4,2024-07-26,Friday,2024-07-25 18:00:00+00:00,2024-07-25 22:00:00+00:00,2024-07-25 22:00:00+00:00,2024-07-26 02:00:00+00:00,572.99,560.89,12.100000000000023,True,,1,0,2024-07-25 22:05:00+00:00,2024-07-25 22:10:00+00:00,True,2024-07-25 22:10:00+00:00,2024-07-25 22:15:00+00:00,H2_ARRIVAL,2024-07-25 22:30:00+00:00,20.0
60,01:00,4,2024-07-27,Saturday,2024-07-26 18:00:00+00:00,2024-07-26 22:00:00+00:00,2024-07-26 22:00:00+00:00,2024-07-27 02:00:00+00:00,582.44,577.7,4.740000000000009,False,BREAK_BEFORE_K1,0,0,,,False,,,BREAK_BEFORE_K1,2024-07-26 22:20:00+00:00,
60,01:00,4,2024-07-28,Sunday,2024-07-27 18:00:00+00:00,2024-07-27 22:00:00+00:00,2024-07-27 22:00:00+00:00,2024-07-28 02:00:00+00:00,585.55,573.04,12.509999999999991,True,,1,0,2024-07-27 22:15:00+00:00,2024-07-27 22:20:00+00:00,False,,,BREAK_DURING_K1,2024-07-27 22:20:00+00:00,
60,01:00,4,2024-07-29,Monday,2024-07-28 18:00:00+00:00,2024-07-28 22:00:00+00:00,2024-07-28 22:00:00+00:00,2024-07-29 02:00:00+00:00,584.95,580.87,4.080000000000041,True,,1,0,2024-07-28 23:20:00+00:00,2024-07-28 23:25:00+00:00,False,,,BREAK_DURING_K1,2024-07-28 23:25:00+00:00,
60,01:00,4,2024-07-30,Tuesday,2024-07-29 18:00:00+00:00,2024-07-29 22:00:00+00:00,2024-07-29 22:00:00+00:00,2024-07-30 02:00:00+00:00,579.31,575.73,3.5799999999999272,True,,1,0,2024-07-29 22:00:00+00:00,2024-07-29 22:05:00+00:00,False,,,BREAK_DURING_K1,2024-07-29 22:05:00+00:00,
60,01:00,4,2024-07-31,Wednesday,2024-07-30 18:00:00+00:00,2024-07-30 22:00:00+00:00,2024-07-30 22:00:00+00:00,2024-07-31 02:00:00+00:00,578.2,570.08,8.120000000000005,False,BREAK_BEFORE_K1,0,0,,,False,,,BREAK_BEFORE_K1,2024-07-30 22:00:00+00:00,
60,01:00,4,2024-08-01,Thursday,2024-07-31 18:00:00+00:00,2024-07-31 22:00:00+00:00,2024-07-31 22:00:00+00:00,2024-08-01 02:00:00+00:00,591.47,575.17,16.300000000000068,False,BREAK_BEFORE_K1,0,0,,,False,,,BREAK_BEFORE_K1,2024-08-01 00:45:00+00:00,
60,01:00,4,2024-08-02,Friday,2024-08-01 18:00:00+00:00,2024-08-01 22:00:00+00:00,2024-08-01 22:00:00+00:00,2024-08-02 02:00:00+00:00,574.66,553.74,20.91999999999996,False,BREAK_BEFORE_K1,0,0,,,False,,,BREAK_BEFORE_K1,2024-08-01 22:05:00+00:00,
60,01:00,4,2024-08-03,Saturday,2024-08-02 18:00:00+00:00,2024-08-02 22:00:00+00:00,2024-08-02 22:00:00+00:00,2024-08-03 02:00:00+00:00,558.92,545.18,13.740000000000009,False,BREAK_BEFORE_K1,0,0,,,False,,,BREAK_BEFORE_K1,2024-08-02 22:30:00+00:00,
60,01:00,4,2024-08-04,Sunday,2024-08-03 18:00:00+00:00,2024-08-03 22:00:00+00:00,2024-08-03 22:00:00+00:00,2024-08-04 02:00:00+00:00,529.77,521.36,8.409999999999968,False,BREAK_BEFORE_K1,0,0,,,False,,,BREAK_BEFORE_K1,2024-08-03 23:20:00+00:00,
60,01:00,4,2024-08-05,Monday,2024-08-04 18:00:00+00:00,2024-08-04 22:00:00+00:00,2024-08-04 22:00:00+00:00,2024-08-05 02:00:00+00:00,511.65,493.0,18.649999999999977,False,BREAK_BEFORE_K1,0,0,,,False,,,BREAK_BEFORE_K1,2024-08-05 00:10:00+00:00,
60,01:00,4,2024-08-06,Tuesday,2024-08-05 18:00:00+00:00,2024-08-05 22:00:00+00:00,2024-08-05 22:00:00+00:00,2024-08-06 02:00:00+00:00,469.59,450.74,18.849999999999966,True,,1,0,2024-08-05 22:20:00+00:00,2024-08-05 22:25:00+00:00,False,,,BREAK_DURING_K1,2024-08-05 22:25:00+00:00,
60,01:00,4,2024-08-07,Wednesday,2024-08-06 18:00:00+00:00,2024-08-06 22:00:00+00:00,2024-08-06 22:00:00+00:00,2024-08-07 02:00:00+00:00,491.45,483.75,7.699999999999989,False,BREAK_BEFORE_K1,0,0,,,False,,,BREAK_BEFORE_K1,2024-08-06 22:05:00+00:00,
60,01:00,4,2024-08-08,Thursday,2024-08-07 18:00:00+00:00,2024-08-07 22:00:00+00:00,2024-08-07 22:00:00+00:00,2024-08-08 02:00:00+00:00,478.08,468.06,10.019999999999982,False,BREAK_BEFORE_K1,0,0,,,False,,,BREAK_BEFORE_K1,2024-08-08 00:35:00+00:00,
60,01:00,4,2024-08-09,Friday,2024-08-08 18:00:00+00:00,2024-08-08 22:00:00+00:00,2024-08-08 22:00:00+00:00,2024-08-09 02:00:00+00:00,513.82,501.63,12.190000000000055,True,,1,0,2024-08-08 22:00:00+00:00,2024-08-08 22:05:00+00:00,True,2024-08-08 22:05:00+00:00,2024-08-08 22:10:00+00:00,H2_ARRIVAL,2024-08-08 22:30:00+00:00,25.0
60,01:00,4,2024-08-10,Saturday,2024-08-09 18:00:00+00:00,2024-08-09 22:00:00+00:00,2024-08-09 22:00:00+00:00,2024-08-10 02:00:00+00:00,508.85,503.42,5.430000000000007,True,,1,0,2024-08-09 22:00:00+00:00,2024-08-09 22:05:00+00:00,True,2024-08-09 22:05:00+00:00,2024-08-09 22:10:00+00:00,H2_ARRIVAL,2024-08-09 22:30:00+00:00,25.0
60,01:00,4,2024-08-11,Sunday,2024-08-10 18:00:00+00:00,2024-08-10 22:00:00+00:00,2024-08-10 22:00:00+00:00,2024-08-11 02:00:00+00:00,525.71,517.61,8.100000000000023,False,BREAK_BEFORE_K1,0,0,,,False,,,BREAK_BEFORE_K1,2024-08-11 00:20:00+00:00,
60,01:00,4,2024-08-12,Monday,2024-08-11 18:00:00+00:00,2024-08-11 22:00:00+00:00,2024-08-11 22:00:00+00:00,2024-08-12 02:00:00+00:00,522.11,503.39,18.720000000000027,False,OPPOSITE_VISIT_BEFORE_K1,0,1,,,False,,,OPPOSITE_VISIT_BEFORE_K1,2024-08-11 22:30:00+00:00,
60,01:00,4,2024-08-13,Tuesday,2024-08-12 18:00:00+00:00,2024-08-12 22:00:00+00:00,2024-08-12 22:00:00+00:00,2024-08-13 02:00:00+00:00,517.01,507.4,9.610000000000014,False,BREAK_BEFORE_K1,0,0,,,False,,,BREAK_BEFORE_K1,2024-08-12 23:10:00+00:00,
60,01:00,4,2024-08-14,Wednesday,2024-08-13 18:00:00+00:00,2024-08-13 22:00:00+00:00,2024-08-13 22:00:00+00:00,2024-08-14 02:00:00+00:00,525.67,518.8,6.8700000000000045,True,,1,0,2024-08-13 22:00:00+00:00,2024-08-13 22:05:00+00:00,True,2024-08-13 22:05:00+00:00,2024-08-13 22:10:00+00:00,H2_ARRIVAL,2024-08-14 00:55:00+00:00,170.0
60,01:00,4,2024-08-15,Thursday,2024-08-14 18:00:00+00:00,2024-08-14 22:00:00+00:00,2024-08-14 22:00:00+00:00,2024-08-15 02:00:00+00:00,525.85,521.74,4.110000000000014,False,BREAK_BEFORE_K1,0,0,,,False,,,BREAK_BEFORE_K1,2024-08-14 22:00:00+00:00,
60,01:00,4,2024-08-16,Friday,2024-08-15 18:00:00+00:00,2024-08-15 22:00:00+00:00,2024-08-15 22:00:00+00:00,2024-08-16 02:00:00+00:00,526.88,509.88,17.0,False,NO_K1,0,0,,,False,,,NO_K1,,
60,01:00,4,2024-08-17,Saturday,2024-08-16 18:00:00+00:00,2024-08-16 22:00:00+00:00,2024-08-16 22:00:00+00:00,2024-08-17 02:00:00+00:00,522.96,517.22,5.740000000000009,False,NO_K1,0,0,,,False,,,NO_K1,,
60,01:00,4,2024-08-18,Sunday,2024-08-17 18:00:00+00:00,2024-08-17 22:00:00+00:00,2024-08-17 22:00:00+00:00,2024-08-18 02:00:00+00:00,547.9,535.1,12.799999999999955,False,NO_K1,0,0,,,False,,,NO_K1,,
60,01:00,4,2024-08-19,Monday,2024-08-18 18:00:00+00:00,2024-08-18 22:00:00+00:00,2024-08-18 22:00:00+00:00,2024-08-19 02:00:00+00:00,538.4,535.02,3.3799999999999955,False,BREAK_BEFORE_K1,0,0,,,False,,,BREAK_BEFORE_K1,2024-08-18 23:20:00+00:00,
60,01:00,4,2024-08-20,Tuesday,2024-08-19 18:00:00+00:00,2024-08-19 22:00:00+00:00,2024-08-19 22:00:00+00:00,2024-08-20 02:00:00+00:00,557.33,550.46,6.8700000000000045,True,,1,0,2024-08-19 22:10:00+00:00,2024-08-19 22:15:00+00:00,False,,,BREAK_DURING_K1,2024-08-19 22:30:00+00:00,
60,01:00,4,2024-08-21,Wednesday,2024-08-20 18:00:00+00:00,2024-08-20 22:00:00+00:00,2024-08-20 22:00:00+00:00,2024-08-21 02:00:00+00:00,573.58,565.09,8.490000000000009,False,BREAK_BEFORE_K1,0,0,,,False,,,BREAK_BEFORE_K1,2024-08-20 22:05:00+00:00,
60,01:00,4,2024-08-22,Thursday,2024-08-21 18:00:00+00:00,2024-08-21 22:00:00+00:00,2024-08-21 22:00:00+00:00,2024-08-22 02:00:00+00:00,574.76,556.18,18.58000000000004,False,NO_K1,0,0,,,False,,,NO_K1,,
60,01:00,4,2024-08-23,Friday,2024-08-22 18:00:00+00:00,2024-08-22 22:00:00+00:00,2024-08-22 22:00:00+00:00,2024-08-23 02:00:00+00:00,586.63,574.68,11.950000000000045,True,,1,0,2024-08-23 01:50:00+00:00,2024-08-23 01:55:00+00:00,True,2024-08-23 01:55:00+00:00,2024-08-23 02:00:00+00:00,NO_H2_BY_END,,
60,01:00,4,2024-08-24,Saturday,2024-08-23 18:00:00+00:00,2024-08-23 22:00:00+00:00,2024-08-23 22:00:00+00:00,2024-08-24 02:00:00+00:00,596.3,581.72,14.579999999999927,False,BREAK_BEFORE_K1,0,0,,,False,,,BREAK_BEFORE_K1,2024-08-23 22:00:00+00:00,
60,01:00,4,2024-08-25,Sunday,2024-08-24 18:00:00+00:00,2024-08-24 22:00:00+00:00,2024-08-24 22:00:00+00:00,2024-08-25 02:00:00+00:00,591.57,576.6,14.970000000000027,False,BREAK_BEFORE_K1,0,0,,,False,,,BREAK_BEFORE_K1,2024-08-24 22:10:00+00:00,
60,01:00,4,2024-08-26,Monday,2024-08-25 18:00:00+00:00,2024-08-25 22:00:00+00:00,2024-08-25 22:00:00+00:00,2024-08-26 02:00:00+00:00,578.33,574.0,4.330000000000041,True,,1,0,2024-08-25 23:05:00+00:00,2024-08-25 23:10:00+00:00,False,,,BREAK_DURING_K1,2024-08-25 23:10:00+00:00,
60,01:00,4,2024-08-27,Tuesday,2024-08-26 18:00:00+00:00,2024-08-26 22:00:00+00:00,2024-08-26 22:00:00+00:00,2024-08-27 02:00:00+00:00,558.59,546.41,12.180000000000064,False,NO_K1,0,0,,,False,,,NO_K1,,
60,01:00,4,2024-08-28,Wednesday,2024-08-27 18:00:00+00:00,2024-08-27 22:00:00+00:00,2024-08-27 22:00:00+00:00,2024-08-28 02:00:00+00:00,551.2,532.0,19.200000000000045,False,BREAK_BEFORE_K1,0,0,,,False,,,BREAK_BEFORE_K1,2024-08-27 22:10:00+00:00,
60,01:00,4,2024-08-29,Thursday,2024-08-28 18:00:00+00:00,2024-08-28 22:00:00+00:00,2024-08-28 22:00:00+00:00,2024-08-29 02:00:00+00:00,540.4,528.09,12.309999999999945,True,,1,0,2024-08-29 00:20:00+00:00,2024-08-29 00:25:00+00:00,True,2024-08-29 00:25:00+00:00,2024-08-29 00:30:00+00:00,H2_ARRIVAL,2024-08-29 01:00:00+00:00,35.0
60,01:00,4,2024-08-30,Friday,2024-08-29 18:00:00+00:00,2024-08-29 22:00:00+00:00,2024-08-29 22:00:00+00:00,2024-08-30 02:00:00+00:00,540.08,530.42,9.660000000000082,False,NO_K1,0,0,,,False,,,NO_K1,,
60,01:00,4,2024-08-31,Saturday,2024-08-30 18:00:00+00:00,2024-08-30 22:00:00+00:00,2024-08-30 22:00:00+00:00,2024-08-31 02:00:00+00:00,536.96,529.01,7.9500000000000455,False,BREAK_BEFORE_K1,0,0,,,False,,,BREAK_BEFORE_K1,2024-08-31 00:30:00+00:00,
60,01:00,4,2024-09-01,Sunday,2024-08-31 18:00:00+00:00,2024-08-31 22:00:00+00:00,2024-08-31 22:00:00+00:00,2024-09-01 02:00:00+00:00,534.78,531.08,3.699999999999932,False,BREAK_BEFORE_K1,0,0,,,False,,,BREAK_BEFORE_K1,2024-09-01 00:30:00+00:00,
60,01:00,4,2024-09-02,Monday,2024-09-01 18:00:00+00:00,2024-09-01 22:00:00+00:00,2024-09-01 22:00:00+00:00,2024-09-02 02:00:00+00:00,523.96,517.82,6.139999999999986,False,OPPOSITE_VISIT_BEFORE_K1,0,1,,,False,,,OPPOSITE_VISIT_BEFORE_K1,2024-09-01 22:00:00+00:00,
60,01:00,4,2024-09-03,Tuesday,2024-09-02 18:00:00+00:00,2024-09-02 22:00:00+00:00,2024-09-02 22:00:00+00:00,2024-09-03 02:00:00+00:00,530.6,520.0,10.600000000000023,False,BREAK_BEFORE_K1,0,0,,,False,,,BREAK_BEFORE_K1,2024-09-03 01:05:00+00:00,
60,01:00,4,2024-09-04,Wednesday,2024-09-03 18:00:00+00:00,2024-09-03 22:00:00+00:00,2024-09-03 22:00:00+00:00,2024-09-04 02:00:00+00:00,526.24,519.74,6.5,False,BREAK_BEFORE_K1,0,0,,,False,,,BREAK_BEFORE_K1,2024-09-03 23:50:00+00:00,
60,01:00,4,2024-09-05,Thursday,2024-09-04 18:00:00+00:00,2024-09-04 22:00:00+00:00,2024-09-04 22:00:00+00:00,2024-09-05 02:00:00+00:00,511.81,505.3,6.509999999999991,True,,1,0,2024-09-04 22:00:00+00:00,2024-09-04 22:05:00+00:00,False,,,BREAK_DURING_K1,2024-09-04 22:05:00+00:00,
60,01:00,4,2024-09-06,Friday,2024-09-05 18:00:00+00:00,2024-09-05 22:00:00+00:00,2024-09-05 22:00:00+00:00,2024-09-06 02:00:00+00:00,503.76,497.62,6.139999999999986,True,,1,0,2024-09-06 00:10:00+00:00,2024-09-06 00:15:00+00:00,False,,,BREAK_DURING_K1,2024-09-06 00:15:00+00:00,
60,01:00,4,2024-09-07,Saturday,2024-09-06 18:00:00+00:00,2024-09-06 22:00:00+00:00,2024-09-06 22:00:00+00:00,2024-09-07 02:00:00+00:00,488.63,471.0,17.629999999999995,False,BREAK_BEFORE_K1,0,0,,,False,,,BREAK_BEFORE_K1,2024-09-07 00:35:00+00:00,
60,01:00,4,2024-09-08,Sunday,2024-09-07 18:00:00+00:00,2024-09-07 22:00:00+00:00,2024-09-07 22:00:00+00:00,2024-09-08 02:00:00+00:00,496.72,491.34,5.380000000000052,False,OPPOSITE_VISIT_BEFORE_K1,0,1,,,False,,,OPPOSITE_VISIT_BEFORE_K1,2024-09-07 22:00:00+00:00,
60,01:00,4,2024-09-09,Monday,2024-09-08 18:00:00+00:00,2024-09-08 22:00:00+00:00,2024-09-08 22:00:00+00:00,2024-09-09 02:00:00+00:00,499.33,494.72,4.609999999999957,False,BREAK_BEFORE_K1,0,0,,,False,,,BREAK_BEFORE_K1,2024-09-08 22:00:00+00:00,
60,01:00,4,2024-09-10,Tuesday,2024-09-09 18:00:00+00:00,2024-09-09 22:00:00+00:00,2024-09-09 22:00:00+00:00,2024-09-10 02:00:00+00:00,527.61,515.24,12.370000000000005,False,BREAK_BEFORE_K1,0,0,,,False,,,BREAK_BEFORE_K1,2024-09-10 00:25:00+00:00,
60,01:00,4,2024-09-11,Wednesday,2024-09-10 18:00:00+00:00,2024-09-10 22:00:00+00:00,2024-09-10 22:00:00+00:00,2024-09-11 02:00:00+00:00,524.46,517.74,6.720000000000027,False,OPPOSITE_VISIT_BEFORE_K1,0,1,,,False,,,OPPOSITE_VISIT_BEFORE_K1,2024-09-10 23:35:00+00:00,
60,01:00,4,2024-09-12,Thursday,2024-09-11 18:00:00+00:00,2024-09-11 22:00:00+00:00,2024-09-11 22:00:00+00:00,2024-09-12 02:00:00+00:00,534.94,529.16,5.780000000000086,False,OPPOSITE_VISIT_BEFORE_K1,0,1,,,False,,,OPPOSITE_VISIT_BEFORE_K1,2024-09-11 22:15:00+00:00,
60,01:00,4,2024-09-13,Friday,2024-09-12 18:00:00+00:00,2024-09-12 22:00:00+00:00,2024-09-12 22:00:00+00:00,2024-09-13 02:00:00+00:00,543.92,538.58,5.339999999999918,False,OPPOSITE_VISIT_BEFORE_K1,0,1,,,False,,,OPPOSITE_VISIT_BEFORE_K1,2024-09-12 22:00:00+00:00,
60,01:00,4,2024-09-14,Saturday,2024-09-13 18:00:00+00:00,2024-09-13 22:00:00+00:00,2024-09-13 22:00:00+00:00,2024-09-14 02:00:00+00:00,559.61,551.9,7.710000000000036,False,NO_K1,0,0,,,False,,,NO_K1,,
60,01:00,4,2024-09-15,Sunday,2024-09-14 18:00:00+00:00,2024-09-14 22:00:00+00:00,2024-09-14 22:00:00+00:00,2024-09-15 02:00:00+00:00,553.3,547.13,6.169999999999959,True,,1,0,2024-09-14 23:00:00+00:00,2024-09-14 23:05:00+00:00,False,,,BREAK_DURING_K1,2024-09-14 23:05:00+00:00,
60,01:00,4,2024-09-16,Monday,2024-09-15 18:00:00+00:00,2024-09-15 22:00:00+00:00,2024-09-15 22:00:00+00:00,2024-09-16 02:00:00+00:00,560.74,555.21,5.529999999999973,False,OPPOSITE_VISIT_BEFORE_K1,0,1,,,False,,,OPPOSITE_VISIT_BEFORE_K1,2024-09-15 23:10:00+00:00,
60,01:00,4,2024-09-17,Tuesday,2024-09-16 18:00:00+00:00,2024-09-16 22:00:00+00:00,2024-09-16 22:00:00+00:00,2024-09-17 02:00:00+00:00,536.17,526.5,9.669999999999959,False,NO_K1,0,0,,,False,,,NO_K1,,
60,01:00,4,2024-09-18,Wednesday,2024-09-17 18:00:00+00:00,2024-09-17 22:00:00+00:00,2024-09-17 22:00:00+00:00,2024-09-18 02:00:00+00:00,549.62,541.38,8.240000000000009,False,NO_K1,0,0,,,False,,,NO_K1,,
60,01:00,4,2024-09-19,Thursday,2024-09-18 18:00:00+00:00,2024-09-18 22:00:00+00:00,2024-09-18 22:00:00+00:00,2024-09-19 02:00:00+00:00,551.97,540.86,11.110000000000014,True,,1,0,2024-09-18 22:45:00+00:00,2024-09-18 22:50:00+00:00,False,,,BREAK_DURING_K1,2024-09-18 22:55:00+00:00,
60,01:00,4,2024-09-20,Friday,2024-09-19 18:00:00+00:00,2024-09-19 22:00:00+00:00,2024-09-19 22:00:00+00:00,2024-09-20 02:00:00+00:00,570.34,562.32,8.019999999999982,False,OPPOSITE_VISIT_BEFORE_K1,0,1,,,False,,,OPPOSITE_VISIT_BEFORE_K1,2024-09-19 22:10:00+00:00,
60,01:00,4,2024-09-21,Saturday,2024-09-20 18:00:00+00:00,2024-09-20 22:00:00+00:00,2024-09-20 22:00:00+00:00,2024-09-21 02:00:00+00:00,570.24,564.15,6.090000000000032,False,BREAK_BEFORE_K1,0,0,,,False,,,BREAK_BEFORE_K1,2024-09-21 00:20:00+00:00,
60,01:00,4,2024-09-22,Sunday,2024-09-21 18:00:00+00:00,2024-09-21 22:00:00+00:00,2024-09-21 22:00:00+00:00,2024-09-22 02:00:00+00:00,586.09,583.67,2.4200000000000728,True,,1,0,2024-09-21 22:05:00+00:00,2024-09-21 22:10:00+00:00,False,,,BREAK_DURING_K1,2024-09-21 22:20:00+00:00,
60,01:00,4,2024-09-23,Monday,2024-09-22 18:00:00+00:00,2024-09-22 22:00:00+00:00,2024-09-22 22:00:00+00:00,2024-09-23 02:00:00+00:00,595.08,580.2,14.879999999999995,False,BREAK_BEFORE_K1,0,0,,,False,,,BREAK_BEFORE_K1,2024-09-22 22:00:00+00:00,
60,01:00,4,2024-09-24,Tuesday,2024-09-23 18:00:00+00:00,2024-09-23 22:00:00+00:00,2024-09-23 22:00:00+00:00,2024-09-24 02:00:00+00:00,616.69,607.84,8.850000000000023,False,OPPOSITE_VISIT_BEFORE_K1,0,1,,,False,,,OPPOSITE_VISIT_BEFORE_K1,2024-09-23 22:25:00+00:00,
60,01:00,4,2024-09-25,Wednesday,2024-09-24 18:00:00+00:00,2024-09-24 22:00:00+00:00,2024-09-24 22:00:00+00:00,2024-09-25 02:00:00+00:00,612.2,606.51,5.690000000000055,False,BREAK_BEFORE_K1,0,0,,,False,,,BREAK_BEFORE_K1,2024-09-24 22:25:00+00:00,
60,01:00,4,2024-09-26,Thursday,2024-09-25 18:00:00+00:00,2024-09-25 22:00:00+00:00,2024-09-25 22:00:00+00:00,2024-09-26 02:00:00+00:00,591.71,586.5,5.210000000000036,False,OPPOSITE_VISIT_BEFORE_K1,0,1,,,False,,,OPPOSITE_VISIT_BEFORE_K1,2024-09-25 22:05:00+00:00,
60,01:00,4,2024-09-27,Friday,2024-09-26 18:00:00+00:00,2024-09-26 22:00:00+00:00,2024-09-26 22:00:00+00:00,2024-09-27 02:00:00+00:00,599.74,591.33,8.409999999999968,True,,1,0,2024-09-27 01:05:00+00:00,2024-09-27 01:10:00+00:00,True,2024-09-27 01:10:00+00:00,2024-09-27 01:15:00+00:00,NO_H2_BY_END,,
60,01:00,4,2024-09-28,Saturday,2024-09-27 18:00:00+00:00,2024-09-27 22:00:00+00:00,2024-09-27 22:00:00+00:00,2024-09-28 02:00:00+00:00,611.9,604.31,7.590000000000032,False,NO_K1,0,0,,,False,,,NO_K1,,
60,01:00,4,2024-09-29,Sunday,2024-09-28 18:00:00+00:00,2024-09-28 22:00:00+00:00,2024-09-28 22:00:00+00:00,2024-09-29 02:00:00+00:00,602.04,595.76,6.279999999999973,True,,1,0,2024-09-28 23:50:00+00:00,2024-09-28 23:55:00+00:00,True,2024-09-28 23:55:00+00:00,2024-09-29 00:00:00+00:00,H2_ARRIVAL,2024-09-29 00:15:00+00:00,20.0
60,01:00,4,2024-09-30,Monday,2024-09-29 18:00:00+00:00,2024-09-29 22:00:00+00:00,2024-09-29 22:00:00+00:00,2024-09-30 02:00:00+00:00,601.67,597.19,4.4799999999999045,False,OPPOSITE_VISIT_BEFORE_K1,0,1,,,False,,,OPPOSITE_VISIT_BEFORE_K1,2024-09-29 22:55:00+00:00,
60,01:00,4,2024-10-01,Tuesday,2024-09-30 18:00:00+00:00,2024-09-30 22:00:00+00:00,2024-09-30 22:00:00+00:00,2024-10-01 02:00:00+00:00,575.82,568.0,7.82000000000005,False,BREAK_BEFORE_K1,0,0,,,False,,,BREAK_BEFORE_K1,2024-09-30 23:30:00+00:00,
60,01:00,4,2024-10-02,Wednesday,2024-10-01 18:00:00+00:00,2024-10-01 22:00:00+00:00,2024-10-01 22:00:00+00:00,2024-10-02 02:00:00+00:00,556.61,536.11,20.5,False,NO_K1,0,0,,,False,,,NO_K1,,
60,01:00,4,2024-10-03,Thursday,2024-10-02 18:00:00+00:00,2024-10-02 22:00:00+00:00,2024-10-02 22:00:00+00:00,2024-10-03 02:00:00+00:00,547.38,534.4,12.980000000000018,False,BREAK_BEFORE_K1,0,0,,,False,,,BREAK_BEFORE_K1,2024-10-03 01:20:00+00:00,
60,01:00,4,2024-10-04,Friday,2024-10-03 18:00:00+00:00,2024-10-03 22:00:00+00:00,2024-10-03 22:00:00+00:00,2024-10-04 02:00:00+00:00,546.45,540.99,5.460000000000036,False,BREAK_BEFORE_K1,0,0,,,False,,,BREAK_BEFORE_K1,2024-10-04 01:20:00+00:00,
60,01:00,4,2024-10-05,Saturday,2024-10-04 18:00:00+00:00,2024-10-04 22:00:00+00:00,2024-10-04 22:00:00+00:00,2024-10-05 02:00:00+00:00,557.97,552.34,5.6299999999999955,False,NO_K1,0,0,,,False,,,NO_K1,,
60,01:00,4,2024-10-06,Sunday,2024-10-05 18:00:00+00:00,2024-10-05 22:00:00+00:00,2024-10-05 22:00:00+00:00,2024-10-06 02:00:00+00:00,563.96,558.0,5.960000000000036,False,BREAK_BEFORE_K1,0,0,,,False,,,BREAK_BEFORE_K1,2024-10-05 22:55:00+00:00,
60,01:00,4,2024-10-07,Monday,2024-10-06 18:00:00+00:00,2024-10-06 22:00:00+00:00,2024-10-06 22:00:00+00:00,2024-10-07 02:00:00+00:00,567.95,563.25,4.7000000000000455,False,BREAK_BEFORE_K1,0,0,,,False,,,BREAK_BEFORE_K1,2024-10-06 23:00:00+00:00,
60,01:00,4,2024-10-08,Tuesday,2024-10-07 18:00:00+00:00,2024-10-07 22:00:00+00:00,2024-10-07 22:00:00+00:00,2024-10-08 02:00:00+00:00,576.6,566.5,10.100000000000023,False,BREAK_BEFORE_K1,0,0,,,False,,,BREAK_BEFORE_K1,2024-10-07 23:00:00+00:00,
60,01:00,4,2024-10-09,Wednesday,2024-10-08 18:00:00+00:00,2024-10-08 22:00:00+00:00,2024-10-08 22:00:00+00:00,2024-10-09 02:00:00+00:00,586.8,577.55,9.25,False,BREAK_BEFORE_K1,0,0,,,False,,,BREAK_BEFORE_K1,2024-10-09 00:35:00+00:00,
60,01:00,4,2024-10-10,Thursday,2024-10-09 18:00:00+00:00,2024-10-09 22:00:00+00:00,2024-10-09 22:00:00+00:00,2024-10-10 02:00:00+00:00,578.15,565.85,12.299999999999955,False,NO_K1,0,0,,,False,,,NO_K1,,
60,01:00,4,2024-10-11,Friday,2024-10-10 18:00:00+00:00,2024-10-10 22:00:00+00:00,2024-10-10 22:00:00+00:00,2024-10-11 02:00:00+00:00,561.73,551.27,10.460000000000036,True,,1,0,2024-10-10 22:45:00+00:00,2024-10-10 22:50:00+00:00,True,2024-10-10 22:50:00+00:00,2024-10-10 22:55:00+00:00,H2_ARRIVAL,2024-10-10 23:20:00+00:00,30.0
60,01:00,4,2024-10-12,Saturday,2024-10-11 18:00:00+00:00,2024-10-11 22:00:00+00:00,2024-10-11 22:00:00+00:00,2024-10-12 02:00:00+00:00,577.48,572.23,5.25,False,NO_K1,0,0,,,False,,,NO_K1,,
60,01:00,4,2024-10-13,Sunday,2024-10-12 18:00:00+00:00,2024-10-12 22:00:00+00:00,2024-10-12 22:00:00+00:00,2024-10-13 02:00:00+00:00,578.16,575.72,2.439999999999941,True,,1,0,2024-10-12 23:05:00+00:00,2024-10-12 23:10:00+00:00,True,2024-10-12 23:15:00+00:00,2024-10-12 23:20:00+00:00,H2_ARRIVAL,2024-10-13 00:30:00+00:00,75.0
60,01:00,4,2024-10-14,Monday,2024-10-13 18:00:00+00:00,2024-10-13 22:00:00+00:00,2024-10-13 22:00:00+00:00,2024-10-14 02:00:00+00:00,571.82,566.63,5.190000000000055,False,BREAK_BEFORE_K1,0,0,,,False,,,BREAK_BEFORE_K1,2024-10-13 22:00:00+00:00,
60,01:00,4,2024-10-15,Tuesday,2024-10-14 18:00:00+00:00,2024-10-14 22:00:00+00:00,2024-10-14 22:00:00+00:00,2024-10-15 02:00:00+00:00,591.32,587.44,3.8799999999999955,False,BREAK_BEFORE_K1,0,0,,,False,,,BREAK_BEFORE_K1,2024-10-14 22:55:00+00:00,
60,01:00,4,2024-10-16,Wednesday,2024-10-15 18:00:00+00:00,2024-10-15 22:00:00+00:00,2024-10-15 22:00:00+00:00,2024-10-16 02:00:00+00:00,595.85,587.32,8.529999999999973,False,BREAK_BEFORE_K1,0,0,,,False,,,BREAK_BEFORE_K1,2024-10-16 01:20:00+00:00,
60,01:00,4,2024-10-17,Thursday,2024-10-16 18:00:00+00:00,2024-10-16 22:00:00+00:00,2024-10-16 22:00:00+00:00,2024-10-17 02:00:00+00:00,605.84,596.09,9.75,False,BREAK_BEFORE_K1,0,0,,,False,,,BREAK_BEFORE_K1,2024-10-17 01:15:00+00:00,
60,01:00,4,2024-10-18,Friday,2024-10-17 18:00:00+00:00,2024-10-17 22:00:00+00:00,2024-10-17 22:00:00+00:00,2024-10-18 02:00:00+00:00,591.0,584.56,6.440000000000055,False,BREAK_BEFORE_K1,0,0,,,False,,,BREAK_BEFORE_K1,2024-10-17 22:05:00+00:00,
60,01:00,4,2024-10-19,Saturday,2024-10-18 18:00:00+00:00,2024-10-18 22:00:00+00:00,2024-10-18 22:00:00+00:00,2024-10-19 02:00:00+00:00,602.54,597.75,4.789999999999964,False,NO_K1,0,0,,,False,,,NO_K1,,
60,01:00,4,2024-10-20,Sunday,2024-10-19 18:00:00+00:00,2024-10-19 22:00:00+00:00,2024-10-19 22:00:00+00:00,2024-10-20 02:00:00+00:00,597.75,595.75,2.0,True,,1,0,2024-10-19 22:45:00+00:00,2024-10-19 22:50:00+00:00,True,2024-10-19 22:50:00+00:00,2024-10-19 22:55:00+00:00,H2_ARRIVAL,2024-10-19 23:05:00+00:00,15.0
60,01:00,4,2024-10-21,Monday,2024-10-20 18:00:00+00:00,2024-10-20 22:00:00+00:00,2024-10-20 22:00:00+00:00,2024-10-21 02:00:00+00:00,600.8,597.9,2.8999999999999773,False,BREAK_BEFORE_K1,0,0,,,False,,,BREAK_BEFORE_K1,2024-10-20 22:00:00+00:00,
60,01:00,4,2024-10-22,Tuesday,2024-10-21 18:00:00+00:00,2024-10-21 22:00:00+00:00,2024-10-21 22:00:00+00:00,2024-10-22 02:00:00+00:00,600.94,596.69,4.25,True,,1,0,2024-10-21 22:10:00+00:00,2024-10-21 22:15:00+00:00,True,2024-10-21 22:15:00+00:00,2024-10-21 22:20:00+00:00,H2_ARRIVAL,2024-10-21 22:20:00+00:00,5.0
60,01:00,4,2024-10-23,Wednesday,2024-10-22 18:00:00+00:00,2024-10-22 22:00:00+00:00,2024-10-22 22:00:00+00:00,2024-10-23 02:00:00+00:00,595.8,593.05,2.75,False,BREAK_BEFORE_K1,0,0,,,False,,,BREAK_BEFORE_K1,2024-10-22 22:05:00+00:00,
60,01:00,4,2024-10-24,Thursday,2024-10-23 18:00:00+00:00,2024-10-23 22:00:00+00:00,2024-10-23 22:00:00+00:00,2024-10-24 02:00:00+00:00,584.53,572.82,11.709999999999923,True,,1,0,2024-10-23 23:05:00+00:00,2024-10-23 23:10:00+00:00,False,,,BREAK_DURING_K1,2024-10-23 23:10:00+00:00,
60,01:00,4,2024-10-25,Friday,2024-10-24 18:00:00+00:00,2024-10-24 22:00:00+00:00,2024-10-24 22:00:00+00:00,2024-10-25 02:00:00+00:00,598.23,591.57,6.659999999999968,False,NO_K1,0,0,,,False,,,NO_K1,,
60,01:00,4,2024-10-26,Saturday,2024-10-25 18:00:00+00:00,2024-10-25 22:00:00+00:00,2024-10-25 22:00:00+00:00,2024-10-26 02:00:00+00:00,589.16,578.23,10.92999999999995,False,BREAK_BEFORE_K1,0,0,,,False,,,BREAK_BEFORE_K1,2024-10-25 23:05:00+00:00,
60,01:00,4,2024-10-27,Sunday,2024-10-26 18:00:00+00:00,2024-10-26 22:00:00+00:00,2024-10-26 22:00:00+00:00,2024-10-27 02:00:00+00:00,587.1,583.43,3.6700000000000728,False,BREAK_BEFORE_K1,0,0,,,False,,,BREAK_BEFORE_K1,2024-10-26 22:15:00+00:00,
60,01:00,4,2024-10-28,Monday,2024-10-27 18:00:00+00:00,2024-10-27 22:00:00+00:00,2024-10-27 22:00:00+00:00,2024-10-28 02:00:00+00:00,590.0,585.5,4.5,False,BREAK_BEFORE_K1,0,0,,,False,,,BREAK_BEFORE_K1,2024-10-27 22:00:00+00:00,
60,01:00,4,2024-10-29,Tuesday,2024-10-28 18:00:00+00:00,2024-10-28 22:00:00+00:00,2024-10-28 22:00:00+00:00,2024-10-29 02:00:00+00:00,602.42,590.41,12.009999999999991,True,,1,0,2024-10-28 22:00:00+00:00,2024-10-28 22:05:00+00:00,False,,,BREAK_DURING_K1,2024-10-28 22:05:00+00:00,
60,01:00,4,2024-10-30,Wednesday,2024-10-29 18:00:00+00:00,2024-10-29 22:00:00+00:00,2024-10-29 22:00:00+00:00,2024-10-30 02:00:00+00:00,612.0,600.69,11.309999999999945,False,OPPOSITE_VISIT_BEFORE_K1,0,1,,,False,,,OPPOSITE_VISIT_BEFORE_K1,2024-10-30 01:00:00+00:00,
60,01:00,4,2024-10-31,Thursday,2024-10-30 18:00:00+00:00,2024-10-30 22:00:00+00:00,2024-10-30 22:00:00+00:00,2024-10-31 02:00:00+00:00,600.84,595.02,5.82000000000005,False,BREAK_BEFORE_K1,0,0,,,False,,,BREAK_BEFORE_K1,2024-10-31 00:50:00+00:00,
60,01:00,4,2024-11-01,Friday,2024-10-31 18:00:00+00:00,2024-10-31 22:00:00+00:00,2024-10-31 22:00:00+00:00,2024-11-01 02:00:00+00:00,577.43,571.14,6.289999999999964,False,BREAK_BEFORE_K1,0,0,,,False,,,BREAK_BEFORE_K1,2024-10-31 23:15:00+00:00,
60,01:00,4,2024-11-02,Saturday,2024-11-01 18:00:00+00:00,2024-11-01 22:00:00+00:00,2024-11-01 22:00:00+00:00,2024-11-02 02:00:00+00:00,574.32,567.52,6.800000000000068,True,,1,0,2024-11-02 00:30:00+00:00,2024-11-02 00:35:00+00:00,False,,,BREAK_DURING_K1,2024-11-02 00:35:00+00:00,
60,01:00,4,2024-11-03,Sunday,2024-11-02 18:00:00+00:00,2024-11-02 22:00:00+00:00,2024-11-02 22:00:00+00:00,2024-11-03 02:00:00+00:00,570.64,566.76,3.8799999999999955,False,OPPOSITE_VISIT_BEFORE_K1,0,1,,,False,,,OPPOSITE_VISIT_BEFORE_K1,2024-11-02 23:30:00+00:00,
60,01:00,4,2024-11-04,Monday,2024-11-03 18:00:00+00:00,2024-11-03 22:00:00+00:00,2024-11-03 22:00:00+00:00,2024-11-04 02:00:00+00:00,560.0,548.43,11.57000000000005,False,BREAK_BEFORE_K1,0,0,,,False,,,BREAK_BEFORE_K1,2024-11-03 22:05:00+00:00,
60,01:00,4,2024-11-05,Tuesday,2024-11-04 18:00:00+00:00,2024-11-04 22:00:00+00:00,2024-11-04 22:00:00+00:00,2024-11-05 02:00:00+00:00,554.83,543.22,11.610000000000014,False,BREAK_BEFORE_K1,0,0,,,False,,,BREAK_BEFORE_K1,2024-11-05 00:45:00+00:00,
60,01:00,4,2024-11-06,Wednesday,2024-11-05 18:00:00+00:00,2024-11-05 22:00:00+00:00,2024-11-05 22:00:00+00:00,2024-11-06 02:00:00+00:00,570.54,559.03,11.509999999999991,True,,1,0,2024-11-06 00:35:00+00:00,2024-11-06 00:40:00+00:00,False,,,BREAK_DURING_K1,2024-11-06 00:40:00+00:00,
60,01:00,4,2024-11-07,Thursday,2024-11-06 18:00:00+00:00,2024-11-06 22:00:00+00:00,2024-11-06 22:00:00+00:00,2024-11-07 02:00:00+00:00,590.96,582.17,8.790000000000077,False,BREAK_BEFORE_K1,0,0,,,False,,,BREAK_BEFORE_K1,2024-11-06 22:00:00+00:00,
60,01:00,4,2024-11-08,Friday,2024-11-07 18:00:00+00:00,2024-11-07 22:00:00+00:00,2024-11-07 22:00:00+00:00,2024-11-08 02:00:00+00:00,603.17,596.03,7.139999999999986,True,,1,0,2024-11-08 00:10:00+00:00,2024-11-08 00:15:00+00:00,False,,,BREAK_DURING_K1,2024-11-08 00:15:00+00:00,
60,01:00,4,2024-11-09,Saturday,2024-11-08 18:00:00+00:00,2024-11-08 22:00:00+00:00,2024-11-08 22:00:00+00:00,2024-11-09 02:00:00+00:00,599.29,592.18,7.110000000000014,False,BREAK_BEFORE_K1,0,0,,,False,,,BREAK_BEFORE_K1,2024-11-09 00:10:00+00:00,
60,01:00,4,2024-11-10,Sunday,2024-11-09 18:00:00+00:00,2024-11-09 22:00:00+00:00,2024-11-09 22:00:00+00:00,2024-11-10 02:00:00+00:00,621.21,614.19,7.019999999999982,False,BREAK_BEFORE_K1,0,0,,,False,,,BREAK_BEFORE_K1,2024-11-09 22:20:00+00:00,
60,01:00,4,2024-11-11,Monday,2024-11-10 18:00:00+00:00,2024-11-10 22:00:00+00:00,2024-11-10 22:00:00+00:00,2024-11-11 02:00:00+00:00,643.7,612.02,31.680000000000064,False,NO_K1,0,0,,,False,,,NO_K1,,
60,01:00,4,2024-11-12,Tuesday,2024-11-11 18:00:00+00:00,2024-11-11 22:00:00+00:00,2024-11-11 22:00:00+00:00,2024-11-12 02:00:00+00:00,643.4,628.98,14.419999999999959,False,OPPOSITE_VISIT_BEFORE_K1,0,1,,,False,,,OPPOSITE_VISIT_BEFORE_K1,2024-11-11 22:15:00+00:00,
60,01:00,4,2024-11-13,Wednesday,2024-11-12 18:00:00+00:00,2024-11-12 22:00:00+00:00,2024-11-12 22:00:00+00:00,2024-11-13 02:00:00+00:00,633.09,622.5,10.590000000000032,False,BREAK_BEFORE_K1,0,0,,,False,,,BREAK_BEFORE_K1,2024-11-12 22:35:00+00:00,
60,01:00,4,2024-11-14,Thursday,2024-11-13 18:00:00+00:00,2024-11-13 22:00:00+00:00,2024-11-13 22:00:00+00:00,2024-11-14 02:00:00+00:00,633.48,605.0,28.480000000000018,False,NO_K1,0,0,,,False,,,NO_K1,,
60,01:00,4,2024-11-15,Friday,2024-11-14 18:00:00+00:00,2024-11-14 22:00:00+00:00,2024-11-14 22:00:00+00:00,2024-11-15 02:00:00+00:00,639.26,632.68,6.580000000000041,False,BREAK_BEFORE_K1,0,0,,,False,,,BREAK_BEFORE_K1,2024-11-14 22:30:00+00:00,
60,01:00,4,2024-11-16,Saturday,2024-11-15 18:00:00+00:00,2024-11-15 22:00:00+00:00,2024-11-15 22:00:00+00:00,2024-11-16 02:00:00+00:00,619.63,609.17,10.460000000000036,True,,1,0,2024-11-15 22:30:00+00:00,2024-11-15 22:35:00+00:00,False,,,BREAK_DURING_K1,2024-11-15 22:35:00+00:00,
60,01:00,4,2024-11-17,Sunday,2024-11-16 18:00:00+00:00,2024-11-16 22:00:00+00:00,2024-11-16 22:00:00+00:00,2024-11-17 02:00:00+00:00,631.26,624.55,6.710000000000036,False,OPPOSITE_VISIT_BEFORE_K1,0,1,,,False,,,OPPOSITE_VISIT_BEFORE_K1,2024-11-16 22:50:00+00:00,
60,01:00,4,2024-11-18,Monday,2024-11-17 18:00:00+00:00,2024-11-17 22:00:00+00:00,2024-11-17 22:00:00+00:00,2024-11-18 02:00:00+00:00,624.05,614.37,9.67999999999995,False,BREAK_BEFORE_K1,0,0,,,False,,,BREAK_BEFORE_K1,2024-11-17 22:00:00+00:00,
60,01:00,4,2024-11-19,Tuesday,2024-11-18 18:00:00+00:00,2024-11-18 22:00:00+00:00,2024-11-18 22:00:00+00:00,2024-11-19 02:00:00+00:00,635.0,612.83,22.16999999999996,False,NO_K1,0,0,,,False,,,NO_K1,,
60,01:00,4,2024-11-20,Wednesday,2024-11-19 18:00:00+00:00,2024-11-19 22:00:00+00:00,2024-11-19 22:00:00+00:00,2024-11-20 02:00:00+00:00,619.81,606.52,13.289999999999964,False,OPPOSITE_VISIT_BEFORE_K1,0,1,,,False,,,OPPOSITE_VISIT_BEFORE_K1,2024-11-19 22:30:00+00:00,
60,01:00,4,2024-11-21,Thursday,2024-11-20 18:00:00+00:00,2024-11-20 22:00:00+00:00,2024-11-20 22:00:00+00:00,2024-11-21 02:00:00+00:00,611.57,600.25,11.32000000000005,False,BREAK_BEFORE_K1,0,0,,,False,,,BREAK_BEFORE_K1,2024-11-20 22:00:00+00:00,
60,01:00,4,2024-11-22,Friday,2024-11-21 18:00:00+00:00,2024-11-21 22:00:00+00:00,2024-11-21 22:00:00+00:00,2024-11-22 02:00:00+00:00,626.08,618.58,7.5,False,BREAK_BEFORE_K1,0,0,,,False,,,BREAK_BEFORE_K1,2024-11-22 00:20:00+00:00,
60,01:00,4,2024-11-23,Saturday,2024-11-22 18:00:00+00:00,2024-11-22 22:00:00+00:00,2024-11-22 22:00:00+00:00,2024-11-23 02:00:00+00:00,629.7,618.76,10.940000000000055,True,,1,0,2024-11-22 22:00:00+00:00,2024-11-22 22:05:00+00:00,True,2024-11-22 22:05:00+00:00,2024-11-22 22:10:00+00:00,H2_ARRIVAL,2024-11-22 22:50:00+00:00,45.0
60,01:00,4,2024-11-24,Sunday,2024-11-23 18:00:00+00:00,2024-11-23 22:00:00+00:00,2024-11-23 22:00:00+00:00,2024-11-24 02:00:00+00:00,659.38,642.65,16.730000000000018,False,BREAK_BEFORE_K1,0,0,,,False,,,BREAK_BEFORE_K1,2024-11-24 00:45:00+00:00,
60,01:00,4,2024-11-25,Monday,2024-11-24 18:00:00+00:00,2024-11-24 22:00:00+00:00,2024-11-24 22:00:00+00:00,2024-11-25 02:00:00+00:00,658.61,646.89,11.720000000000027,False,BREAK_BEFORE_K1,0,0,,,False,,,BREAK_BEFORE_K1,2024-11-24 22:00:00+00:00,
60,01:00,4,2024-11-26,Tuesday,2024-11-25 18:00:00+00:00,2024-11-25 22:00:00+00:00,2024-11-25 22:00:00+00:00,2024-11-26 02:00:00+00:00,647.57,634.41,13.160000000000082,False,OPPOSITE_VISIT_BEFORE_K1,0,1,,,False,,,OPPOSITE_VISIT_BEFORE_K1,2024-11-25 22:20:00+00:00,
60,01:00,4,2024-11-27,Wednesday,2024-11-26 18:00:00+00:00,2024-11-26 22:00:00+00:00,2024-11-26 22:00:00+00:00,2024-11-27 02:00:00+00:00,618.33,599.92,18.410000000000082,False,NO_K1,0,0,,,False,,,NO_K1,,
60,01:00,4,2024-11-28,Thursday,2024-11-27 18:00:00+00:00,2024-11-27 22:00:00+00:00,2024-11-27 22:00:00+00:00,2024-11-28 02:00:00+00:00,644.13,636.0,8.129999999999995,False,BREAK_BEFORE_K1,0,0,,,False,,,BREAK_BEFORE_K1,2024-11-27 22:00:00+00:00,
60,01:00,4,2024-11-29,Friday,2024-11-28 18:00:00+00:00,2024-11-28 22:00:00+00:00,2024-11-28 22:00:00+00:00,2024-11-29 02:00:00+00:00,660.0,648.0,12.0,True,,1,0,2024-11-28 23:00:00+00:00,2024-11-28 23:05:00+00:00,True,2024-11-28 23:05:00+00:00,2024-11-28 23:10:00+00:00,NO_H2_BY_END,,
60,01:00,4,2024-11-30,Saturday,2024-11-29 18:00:00+00:00,2024-11-29 22:00:00+00:00,2024-11-29 22:00:00+00:00,2024-11-30 02:00:00+00:00,661.5,650.39,11.110000000000014,False,OPPOSITE_VISIT_BEFORE_K1,0,1,,,False,,,OPPOSITE_VISIT_BEFORE_K1,2024-11-30 00:40:00+00:00,
60,01:00,4,2024-12-01,Sunday,2024-11-30 18:00:00+00:00,2024-11-30 22:00:00+00:00,2024-11-30 22:00:00+00:00,2024-12-01 02:00:00+00:00,658.76,653.03,5.730000000000018,False,BREAK_BEFORE_K1,0,0,,,False,,,BREAK_BEFORE_K1,2024-12-01 00:40:00+00:00,
60,01:00,4,2024-12-02,Monday,2024-12-01 18:00:00+00:00,2024-12-01 22:00:00+00:00,2024-12-01 22:00:00+00:00,2024-12-02 02:00:00+00:00,660.54,651.91,8.629999999999995,False,BREAK_BEFORE_K1,0,0,,,False,,,BREAK_BEFORE_K1,2024-12-02 01:20:00+00:00,
60,01:00,4,2024-12-03,Tuesday,2024-12-02 18:00:00+00:00,2024-12-02 22:00:00+00:00,2024-12-02 22:00:00+00:00,2024-12-03 02:00:00+00:00,643.94,629.98,13.960000000000036,False,BREAK_BEFORE_K1,0,0,,,False,,,BREAK_BEFORE_K1,2024-12-02 23:00:00+00:00,
60,01:00,4,2024-12-04,Wednesday,2024-12-03 18:00:00+00:00,2024-12-03 22:00:00+00:00,2024-12-03 22:00:00+00:00,2024-12-04 02:00:00+00:00,717.64,659.19,58.44999999999993,False,BREAK_BEFORE_K1,0,0,,,False,,,BREAK_BEFORE_K1,2024-12-03 22:50:00+00:00,
60,01:00,4,2024-12-05,Thursday,2024-12-04 18:00:00+00:00,2024-12-04 22:00:00+00:00,2024-12-04 22:00:00+00:00,2024-12-05 02:00:00+00:00,747.46,726.82,20.639999999999986,False,OPPOSITE_VISIT_BEFORE_K1,0,1,,,False,,,OPPOSITE_VISIT_BEFORE_K1,2024-12-05 00:45:00+00:00,
60,01:00,4,2024-12-06,Friday,2024-12-05 18:00:00+00:00,2024-12-05 22:00:00+00:00,2024-12-05 22:00:00+00:00,2024-12-06 02:00:00+00:00,734.71,703.16,31.550000000000068,False,BREAK_BEFORE_K1,0,0,,,False,,,BREAK_BEFORE_K1,2024-12-05 22:25:00+00:00,
60,01:00,4,2024-12-07,Saturday,2024-12-06 18:00:00+00:00,2024-12-06 22:00:00+00:00,2024-12-06 22:00:00+00:00,2024-12-07 02:00:00+00:00,744.66,731.96,12.699999999999932,False,OPPOSITE_VISIT_BEFORE_K1,0,1,,,False,,,OPPOSITE_VISIT_BEFORE_K1,2024-12-06 23:15:00+00:00,
60,01:00,4,2024-12-08,Sunday,2024-12-07 18:00:00+00:00,2024-12-07 22:00:00+00:00,2024-12-07 22:00:00+00:00,2024-12-08 02:00:00+00:00,761.69,752.36,9.330000000000041,False,OPPOSITE_VISIT_BEFORE_K1,0,1,,,False,,,OPPOSITE_VISIT_BEFORE_K1,2024-12-07 22:30:00+00:00,
60,01:00,4,2024-12-09,Monday,2024-12-08 18:00:00+00:00,2024-12-08 22:00:00+00:00,2024-12-08 22:00:00+00:00,2024-12-09 02:00:00+00:00,741.77,735.23,6.539999999999964,True,,1,0,2024-12-08 22:05:00+00:00,2024-12-08 22:10:00+00:00,True,2024-12-08 22:10:00+00:00,2024-12-08 22:15:00+00:00,H2_ARRIVAL,2024-12-08 22:15:00+00:00,5.0
60,01:00,4,2024-12-10,Tuesday,2024-12-09 18:00:00+00:00,2024-12-09 22:00:00+00:00,2024-12-09 22:00:00+00:00,2024-12-10 02:00:00+00:00,722.56,633.0,89.55999999999995,False,NO_K1,0,0,,,False,,,NO_K1,,
60,01:00,4,2024-12-11,Wednesday,2024-12-10 18:00:00+00:00,2024-12-10 22:00:00+00:00,2024-12-10 22:00:00+00:00,2024-12-11 02:00:00+00:00,680.68,649.47,31.209999999999923,False,NO_K1,0,0,,,False,,,NO_K1,,
60,01:00,4,2024-12-12,Thursday,2024-12-11 18:00:00+00:00,2024-12-11 22:00:00+00:00,2024-12-11 22:00:00+00:00,2024-12-12 02:00:00+00:00,709.72,699.8,9.920000000000073,False,BREAK_BEFORE_K1,0,0,,,False,,,BREAK_BEFORE_K1,2024-12-11 22:10:00+00:00,
60,01:00,4,2024-12-13,Friday,2024-12-12 18:00:00+00:00,2024-12-12 22:00:00+00:00,2024-12-12 22:00:00+00:00,2024-12-13 02:00:00+00:00,722.9,704.11,18.789999999999964,False,BREAK_BEFORE_K1,0,0,,,False,,,BREAK_BEFORE_K1,2024-12-12 22:00:00+00:00,
60,01:00,4,2024-12-14,Saturday,2024-12-13 18:00:00+00:00,2024-12-13 22:00:00+00:00,2024-12-13 22:00:00+00:00,2024-12-14 02:00:00+00:00,730.24,716.61,13.629999999999995,False,BREAK_BEFORE_K1,0,0,,,False,,,BREAK_BEFORE_K1,2024-12-14 01:20:00+00:00,
60,01:00,4,2024-12-15,Sunday,2024-12-14 18:00:00+00:00,2024-12-14 22:00:00+00:00,2024-12-14 22:00:00+00:00,2024-12-15 02:00:00+00:00,711.77,704.65,7.1200000000000045,True,,1,0,2024-12-14 22:00:00+00:00,2024-12-14 22:05:00+00:00,False,,,BREAK_DURING_K1,2024-12-14 22:05:00+00:00,
60,01:00,4,2024-12-16,Monday,2024-12-15 18:00:00+00:00,2024-12-15 22:00:00+00:00,2024-12-15 22:00:00+00:00,2024-12-16 02:00:00+00:00,720.5,708.03,12.470000000000027,False,BREAK_BEFORE_K1,0,0,,,False,,,BREAK_BEFORE_K1,2024-12-15 22:00:00+00:00,
60,01:00,4,2024-12-17,Tuesday,2024-12-16 18:00:00+00:00,2024-12-16 22:00:00+00:00,2024-12-16 22:00:00+00:00,2024-12-17 02:00:00+00:00,731.0,723.24,7.759999999999991,False,BREAK_BEFORE_K1,0,0,,,False,,,BREAK_BEFORE_K1,2024-12-16 23:05:00+00:00,
60,01:00,4,2024-12-18,Wednesday,2024-12-17 18:00:00+00:00,2024-12-17 22:00:00+00:00,2024-12-17 22:00:00+00:00,2024-12-18 02:00:00+00:00,737.22,720.75,16.470000000000027,False,BREAK_BEFORE_K1,0,0,,,False,,,BREAK_BEFORE_K1,2024-12-17 22:50:00+00:00,
60,01:00,4,2024-12-19,Thursday,2024-12-18 18:00:00+00:00,2024-12-18 22:00:00+00:00,2024-12-18 22:00:00+00:00,2024-12-19 02:00:00+00:00,721.1,680.0,41.10000000000002,False,NO_K1,0,0,,,False,,,NO_K1,,
60,01:00,4,2024-12-20,Friday,2024-12-19 18:00:00+00:00,2024-12-19 22:00:00+00:00,2024-12-19 22:00:00+00:00,2024-12-20 02:00:00+00:00,674.81,647.59,27.219999999999914,True,,1,0,2024-12-19 22:20:00+00:00,2024-12-19 22:25:00+00:00,True,2024-12-19 22:25:00+00:00,2024-12-19 22:30:00+00:00,H2_ARRIVAL,2024-12-19 22:45:00+00:00,20.0
60,01:00,4,2024-12-21,Saturday,2024-12-20 18:00:00+00:00,2024-12-20 22:00:00+00:00,2024-12-20 22:00:00+00:00,2024-12-21 02:00:00+00:00,675.0,664.48,10.519999999999982,True,,1,0,2024-12-20 22:05:00+00:00,2024-12-20 22:10:00+00:00,False,,,BREAK_DURING_K1,2024-12-20 22:15:00+00:00,
60,01:00,4,2024-12-22,Sunday,2024-12-21 18:00:00+00:00,2024-12-21 22:00:00+00:00,2024-12-21 22:00:00+00:00,2024-12-22 02:00:00+00:00,670.45,649.64,20.81000000000006,False,NO_K1,0,0,,,False,,,NO_K1,,
60,01:00,4,2024-12-23,Monday,2024-12-22 18:00:00+00:00,2024-12-22 22:00:00+00:00,2024-12-22 22:00:00+00:00,2024-12-23 02:00:00+00:00,660.6,639.2,21.399999999999977,False,BREAK_BEFORE_K1,0,0,,,False,,,BREAK_BEFORE_K1,2024-12-23 01:15:00+00:00,
60,01:00,4,2024-12-24,Tuesday,2024-12-23 18:00:00+00:00,2024-12-23 22:00:00+00:00,2024-12-23 22:00:00+00:00,2024-12-24 02:00:00+00:00,693.35,679.02,14.330000000000041,True,,1,0,2024-12-23 22:10:00+00:00,2024-12-23 22:15:00+00:00,False,,,BREAK_DURING_K1,2024-12-23 22:15:00+00:00,
60,01:00,4,2024-12-25,Wednesday,2024-12-24 18:00:00+00:00,2024-12-24 22:00:00+00:00,2024-12-24 22:00:00+00:00,2024-12-25 02:00:00+00:00,698.35,686.09,12.259999999999991,True,,1,0,2024-12-24 22:20:00+00:00,2024-12-24 22:25:00+00:00,True,2024-12-24 22:25:00+00:00,2024-12-24 22:30:00+00:00,H2_ARRIVAL,2024-12-25 00:40:00+00:00,135.0
60,01:00,4,2024-12-26,Thursday,2024-12-25 18:00:00+00:00,2024-12-25 22:00:00+00:00,2024-12-25 22:00:00+00:00,2024-12-26 02:00:00+00:00,704.85,695.51,9.340000000000032,True,,1,0,2024-12-26 01:35:00+00:00,2024-12-26 01:40:00+00:00,True,2024-12-26 01:40:00+00:00,2024-12-26 01:45:00+00:00,H2_ARRIVAL,2024-12-26 01:55:00+00:00,15.0
60,01:00,4,2024-12-27,Friday,2024-12-26 18:00:00+00:00,2024-12-26 22:00:00+00:00,2024-12-26 22:00:00+00:00,2024-12-27 02:00:00+00:00,692.79,685.04,7.75,True,,1,0,2024-12-26 22:05:00+00:00,2024-12-26 22:10:00+00:00,False,,,BREAK_DURING_K1,2024-12-26 22:10:00+00:00,
60,01:00,4,2024-12-28,Saturday,2024-12-27 18:00:00+00:00,2024-12-27 22:00:00+00:00,2024-12-27 22:00:00+00:00,2024-12-28 02:00:00+00:00,696.57,689.58,6.990000000000009,False,BREAK_BEFORE_K1,0,0,,,False,,,BREAK_BEFORE_K1,2024-12-27 22:00:00+00:00,
60,01:00,4,2024-12-29,Sunday,2024-12-28 18:00:00+00:00,2024-12-28 22:00:00+00:00,2024-12-28 22:00:00+00:00,2024-12-29 02:00:00+00:00,731.25,723.96,7.289999999999964,False,BREAK_BEFORE_K1,0,0,,,False,,,BREAK_BEFORE_K1,2024-12-28 22:00:00+00:00,
60,01:00,4,2024-12-30,Monday,2024-12-29 18:00:00+00:00,2024-12-29 22:00:00+00:00,2024-12-29 22:00:00+00:00,2024-12-30 02:00:00+00:00,703.23,692.59,10.639999999999986,False,BREAK_BEFORE_K1,0,0,,,False,,,BREAK_BEFORE_K1,2024-12-29 22:10:00+00:00,
60,01:00,4,2024-12-31,Tuesday,2024-12-30 18:00:00+00:00,2024-12-30 22:00:00+00:00,2024-12-30 22:00:00+00:00,2024-12-31 02:00:00+00:00,712.16,695.04,17.120000000000005,False,OPPOSITE_VISIT_BEFORE_K1,0,1,,,False,,,OPPOSITE_VISIT_BEFORE_K1,2024-12-30 22:00:00+00:00,
90,01:30,4,2022-01-02,Sunday,2022-01-01 18:30:00+00:00,2022-01-01 22:30:00+00:00,2022-01-01 22:30:00+00:00,2022-01-02 02:30:00+00:00,527.39,522.41,4.980000000000018,True,,1,0,2022-01-01 23:50:00+00:00,2022-01-01 23:55:00+00:00,False,,,BREAK_DURING_K1,2022-01-02 00:00:00+00:00,
90,01:30,4,2022-01-03,Monday,2022-01-02 18:30:00+00:00,2022-01-02 22:30:00+00:00,2022-01-02 22:30:00+00:00,2022-01-03 02:30:00+00:00,530.98,523.29,7.690000000000055,True,,1,0,2022-01-02 22:30:00+00:00,2022-01-02 22:35:00+00:00,False,,,BREAK_DURING_K1,2022-01-02 22:35:00+00:00,
90,01:30,4,2022-01-04,Tuesday,2022-01-03 18:30:00+00:00,2022-01-03 22:30:00+00:00,2022-01-03 22:30:00+00:00,2022-01-04 02:30:00+00:00,519.01,510.41,8.599999999999966,False,BREAK_BEFORE_K1,0,0,,,False,,,BREAK_BEFORE_K1,2022-01-04 00:20:00+00:00,
90,01:30,4,2022-01-05,Wednesday,2022-01-04 18:30:00+00:00,2022-01-04 22:30:00+00:00,2022-01-04 22:30:00+00:00,2022-01-05 02:30:00+00:00,513.04,505.52,7.519999999999982,False,OPPOSITE_VISIT_BEFORE_K1,0,1,,,False,,,OPPOSITE_VISIT_BEFORE_K1,2022-01-05 00:00:00+00:00,
90,01:30,4,2022-01-06,Thursday,2022-01-05 18:30:00+00:00,2022-01-05 22:30:00+00:00,2022-01-05 22:30:00+00:00,2022-01-06 02:30:00+00:00,509.68,469.5,40.18000000000001,False,BREAK_BEFORE_K1,0,0,,,False,,,BREAK_BEFORE_K1,2022-01-05 22:30:00+00:00,
90,01:30,4,2022-01-07,Friday,2022-01-06 18:30:00+00:00,2022-01-06 22:30:00+00:00,2022-01-06 22:30:00+00:00,2022-01-07 02:30:00+00:00,480.96,473.51,7.449999999999989,False,BREAK_BEFORE_K1,0,0,,,False,,,BREAK_BEFORE_K1,2022-01-06 23:45:00+00:00,
90,01:30,4,2022-01-08,Saturday,2022-01-07 18:30:00+00:00,2022-01-07 22:30:00+00:00,2022-01-07 22:30:00+00:00,2022-01-08 02:30:00+00:00,452.88,447.08,5.800000000000011,False,BREAK_BEFORE_K1,0,0,,,False,,,BREAK_BEFORE_K1,2022-01-07 22:50:00+00:00,
90,01:30,4,2022-01-09,Sunday,2022-01-08 18:30:00+00:00,2022-01-08 22:30:00+00:00,2022-01-08 22:30:00+00:00,2022-01-09 02:30:00+00:00,435.46,415.46,20.0,True,,1,0,2022-01-08 22:30:00+00:00,2022-01-08 22:35:00+00:00,True,2022-01-08 22:35:00+00:00,2022-01-08 22:40:00+00:00,H2_ARRIVAL,2022-01-08 22:40:00+00:00,5.0
90,01:30,4,2022-01-10,Monday,2022-01-09 18:30:00+00:00,2022-01-09 22:30:00+00:00,2022-01-09 22:30:00+00:00,2022-01-10 02:30:00+00:00,444.14,438.07,6.069999999999993,False,BREAK_BEFORE_K1,0,0,,,False,,,BREAK_BEFORE_K1,2022-01-09 23:20:00+00:00,
90,01:30,4,2022-01-11,Tuesday,2022-01-10 18:30:00+00:00,2022-01-10 22:30:00+00:00,2022-01-10 22:30:00+00:00,2022-01-11 02:30:00+00:00,425.6,416.3,9.300000000000011,True,,1,0,2022-01-11 02:00:00+00:00,2022-01-11 02:05:00+00:00,False,,,BREAK_DURING_K1,2022-01-11 02:05:00+00:00,
90,01:30,4,2022-01-12,Wednesday,2022-01-11 18:30:00+00:00,2022-01-11 22:30:00+00:00,2022-01-11 22:30:00+00:00,2022-01-12 02:30:00+00:00,461.73,455.64,6.090000000000032,True,,1,0,2022-01-11 22:45:00+00:00,2022-01-11 22:50:00+00:00,True,2022-01-11 22:50:00+00:00,2022-01-11 22:55:00+00:00,H2_ARRIVAL,2022-01-11 23:05:00+00:00,15.0
90,01:30,4,2022-01-13,Thursday,2022-01-12 18:30:00+00:00,2022-01-12 22:30:00+00:00,2022-01-12 22:30:00+00:00,2022-01-13 02:30:00+00:00,488.41,482.27,6.140000000000043,True,,1,0,2022-01-13 00:05:00+00:00,2022-01-13 00:10:00+00:00,True,2022-01-13 00:10:00+00:00,2022-01-13 00:15:00+00:00,OPPOSITE_BREAK_BEFORE_H2,2022-01-13 00:55:00+00:00,
90,01:30,4,2022-01-14,Friday,2022-01-13 18:30:00+00:00,2022-01-13 22:30:00+00:00,2022-01-13 22:30:00+00:00,2022-01-14 02:30:00+00:00,479.31,468.62,10.689999999999998,True,,1,0,2022-01-14 00:45:00+00:00,2022-01-14 00:50:00+00:00,False,,,BREAK_DURING_K1,2022-01-14 00:50:00+00:00,
90,01:30,4,2022-01-15,Saturday,2022-01-14 18:30:00+00:00,2022-01-14 22:30:00+00:00,2022-01-14 22:30:00+00:00,2022-01-15 02:30:00+00:00,492.28,480.63,11.649999999999977,True,,1,0,2022-01-15 00:00:00+00:00,2022-01-15 00:05:00+00:00,True,2022-01-15 00:05:00+00:00,2022-01-15 00:10:00+00:00,NO_H2_BY_END,,
90,01:30,4,2022-01-16,Sunday,2022-01-15 18:30:00+00:00,2022-01-15 22:30:00+00:00,2022-01-15 22:30:00+00:00,2022-01-16 02:30:00+00:00,499.45,493.2,6.25,False,OPPOSITE_VISIT_BEFORE_K1,0,1,,,False,,,OPPOSITE_VISIT_BEFORE_K1,2022-01-15 22:30:00+00:00,
90,01:30,4,2022-01-17,Monday,2022-01-16 18:30:00+00:00,2022-01-16 22:30:00+00:00,2022-01-16 22:30:00+00:00,2022-01-17 02:30:00+00:00,500.53,496.6,3.92999999999995,False,OPPOSITE_VISIT_BEFORE_K1,0,1,,,False,,,OPPOSITE_VISIT_BEFORE_K1,2022-01-17 00:00:00+00:00,
90,01:30,4,2022-01-18,Tuesday,2022-01-17 18:30:00+00:00,2022-01-17 22:30:00+00:00,2022-01-17 22:30:00+00:00,2022-01-18 02:30:00+00:00,477.89,466.47,11.419999999999959,False,BREAK_BEFORE_K1,0,0,,,False,,,BREAK_BEFORE_K1,2022-01-18 01:10:00+00:00,
90,01:30,4,2022-01-19,Wednesday,2022-01-18 18:30:00+00:00,2022-01-18 22:30:00+00:00,2022-01-18 22:30:00+00:00,2022-01-19 02:30:00+00:00,472.63,457.3,15.329999999999984,True,,1,0,2022-01-18 22:30:00+00:00,2022-01-18 22:35:00+00:00,False,,,BREAK_DURING_K1,2022-01-18 22:35:00+00:00,
90,01:30,4,2022-01-20,Thursday,2022-01-19 18:30:00+00:00,2022-01-19 22:30:00+00:00,2022-01-19 22:30:00+00:00,2022-01-20 02:30:00+00:00,471.92,464.67,7.25,False,BREAK_BEFORE_K1,0,0,,,False,,,BREAK_BEFORE_K1,2022-01-19 23:45:00+00:00,
90,01:30,4,2022-01-21,Friday,2022-01-20 18:30:00+00:00,2022-01-20 22:30:00+00:00,2022-01-20 22:30:00+00:00,2022-01-21 02:30:00+00:00,467.91,444.87,23.04000000000002,False,OPPOSITE_VISIT_BEFORE_K1,0,1,,,False,,,OPPOSITE_VISIT_BEFORE_K1,2022-01-20 22:45:00+00:00,
90,01:30,4,2022-01-22,Saturday,2022-01-21 18:30:00+00:00,2022-01-21 22:30:00+00:00,2022-01-21 22:30:00+00:00,2022-01-22 02:30:00+00:00,420.3,378.98,41.31999999999999,False,BREAK_BEFORE_K1,0,0,,,False,,,BREAK_BEFORE_K1,2022-01-21 22:45:00+00:00,
90,01:30,4,2022-01-23,Sunday,2022-01-22 18:30:00+00:00,2022-01-22 22:30:00+00:00,2022-01-22 22:30:00+00:00,2022-01-23 02:30:00+00:00,366.46,346.0,20.45999999999998,False,BREAK_BEFORE_K1,0,0,,,False,,,BREAK_BEFORE_K1,2022-01-23 00:50:00+00:00,
90,01:30,4,2022-01-24,Monday,2022-01-23 18:30:00+00:00,2022-01-23 22:30:00+00:00,2022-01-23 22:30:00+00:00,2022-01-24 02:30:00+00:00,372.4,363.12,9.279999999999973,False,BREAK_BEFORE_K1,0,0,,,False,,,BREAK_BEFORE_K1,2022-01-23 23:00:00+00:00,
90,01:30,4,2022-01-25,Tuesday,2022-01-24 18:30:00+00:00,2022-01-24 22:30:00+00:00,2022-01-24 22:30:00+00:00,2022-01-25 02:30:00+00:00,376.33,359.78,16.55000000000001,False,NO_K1,0,0,,,False,,,NO_K1,,
90,01:30,4,2022-01-26,Wednesday,2022-01-25 18:30:00+00:00,2022-01-25 22:30:00+00:00,2022-01-25 22:30:00+00:00,2022-01-26 02:30:00+00:00,387.9,376.73,11.169999999999959,False,NO_K1,0,0,,,False,,,NO_K1,,
90,01:30,4,2022-01-27,Thursday,2022-01-26 18:30:00+00:00,2022-01-26 22:30:00+00:00,2022-01-26 22:30:00+00:00,2022-01-27 02:30:00+00:00,402.42,366.0,36.420000000000016,False,BREAK_BEFORE_K1,0,0,,,False,,,BREAK_BEFORE_K1,2022-01-27 02:05:00+00:00,
90,01:30,4,2022-01-28,Friday,2022-01-27 18:30:00+00:00,2022-01-27 22:30:00+00:00,2022-01-27 22:30:00+00:00,2022-01-28 02:30:00+00:00,392.88,359.63,33.25,True,,1,0,2022-01-28 00:05:00+00:00,2022-01-28 00:10:00+00:00,True,2022-01-28 00:10:00+00:00,2022-01-28 00:15:00+00:00,NO_H2_BY_END,,
90,01:30,4,2022-01-29,Saturday,2022-01-28 18:30:00+00:00,2022-01-28 22:30:00+00:00,2022-01-28 22:30:00+00:00,2022-01-29 02:30:00+00:00,392.0,381.58,10.420000000000016,False,NO_K1,0,0,,,False,,,NO_K1,,
90,01:30,4,2022-01-30,Sunday,2022-01-29 18:30:00+00:00,2022-01-29 22:30:00+00:00,2022-01-29 22:30:00+00:00,2022-01-30 02:30:00+00:00,390.5,383.61,6.889999999999986,True,,1,0,2022-01-29 22:45:00+00:00,2022-01-29 22:50:00+00:00,True,2022-01-29 22:50:00+00:00,2022-01-29 22:55:00+00:00,NO_H2_BY_END,,
90,01:30,4,2022-01-31,Monday,2022-01-30 18:30:00+00:00,2022-01-30 22:30:00+00:00,2022-01-30 22:30:00+00:00,2022-01-31 02:30:00+00:00,380.24,372.13,8.110000000000014,False,BREAK_BEFORE_K1,0,0,,,False,,,BREAK_BEFORE_K1,2022-01-31 00:40:00+00:00,
90,01:30,4,2022-02-01,Tuesday,2022-01-31 18:30:00+00:00,2022-01-31 22:30:00+00:00,2022-01-31 22:30:00+00:00,2022-02-01 02:30:00+00:00,385.01,377.49,7.519999999999982,False,OPPOSITE_VISIT_BEFORE_K1,0,1,,,False,,,OPPOSITE_VISIT_BEFORE_K1,2022-01-31 22:30:00+00:00,
90,01:30,4,2022-02-02,Wednesday,2022-02-01 18:30:00+00:00,2022-02-01 22:30:00+00:00,2022-02-01 22:30:00+00:00,2022-02-02 02:30:00+00:00,387.34,382.28,5.060000000000002,False,BREAK_BEFORE_K1,0,0,,,False,,,BREAK_BEFORE_K1,2022-02-02 00:30:00+00:00,
90,01:30,4,2022-02-03,Thursday,2022-02-02 18:30:00+00:00,2022-02-02 22:30:00+00:00,2022-02-02 22:30:00+00:00,2022-02-03 02:30:00+00:00,376.99,366.1,10.889999999999986,False,OPPOSITE_VISIT_BEFORE_K1,0,1,,,False,,,OPPOSITE_VISIT_BEFORE_K1,2022-02-02 23:50:00+00:00,
90,01:30,4,2022-02-04,Friday,2022-02-03 18:30:00+00:00,2022-02-03 22:30:00+00:00,2022-02-03 22:30:00+00:00,2022-02-04 02:30:00+00:00,370.62,361.56,9.060000000000002,False,BREAK_BEFORE_K1,0,0,,,False,,,BREAK_BEFORE_K1,2022-02-03 23:55:00+00:00,
90,01:30,4,2022-02-05,Saturday,2022-02-04 18:30:00+00:00,2022-02-04 22:30:00+00:00,2022-02-04 22:30:00+00:00,2022-02-05 02:30:00+00:00,398.19,391.22,6.96999999999997,False,BREAK_BEFORE_K1,0,0,,,False,,,BREAK_BEFORE_K1,2022-02-04 23:45:00+00:00,
90,01:30,4,2022-02-06,Sunday,2022-02-05 18:30:00+00:00,2022-02-05 22:30:00+00:00,2022-02-05 22:30:00+00:00,2022-02-06 02:30:00+00:00,416.41,409.85,6.560000000000002,False,BREAK_BEFORE_K1,0,0,,,False,,,BREAK_BEFORE_K1,2022-02-06 00:55:00+00:00,
90,01:30,4,2022-02-07,Monday,2022-02-06 18:30:00+00:00,2022-02-06 22:30:00+00:00,2022-02-06 22:30:00+00:00,2022-02-07 02:30:00+00:00,414.27,410.17,4.099999999999966,True,,1,0,2022-02-06 23:10:00+00:00,2022-02-06 23:15:00+00:00,False,,,BREAK_DURING_K1,2022-02-06 23:15:00+00:00,
90,01:30,4,2022-02-08,Tuesday,2022-02-07 18:30:00+00:00,2022-02-07 22:30:00+00:00,2022-02-07 22:30:00+00:00,2022-02-08 02:30:00+00:00,437.7,432.24,5.4599999999999795,False,OPPOSITE_VISIT_BEFORE_K1,0,1,,,False,,,OPPOSITE_VISIT_BEFORE_K1,2022-02-07 23:25:00+00:00,
90,01:30,4,2022-02-09,Wednesday,2022-02-08 18:30:00+00:00,2022-02-08 22:30:00+00:00,2022-02-08 22:30:00+00:00,2022-02-09 02:30:00+00:00,417.42,406.26,11.160000000000025,False,NO_K1,0,0,,,False,,,NO_K1,,
90,01:30,4,2022-02-10,Thursday,2022-02-09 18:30:00+00:00,2022-02-09 22:30:00+00:00,2022-02-09 22:30:00+00:00,2022-02-10 02:30:00+00:00,427.49,419.75,7.740000000000009,False,OPPOSITE_VISIT_BEFORE_K1,0,1,,,False,,,OPPOSITE_VISIT_BEFORE_K1,2022-02-10 00:15:00+00:00,
90,01:30,4,2022-02-11,Friday,2022-02-10 18:30:00+00:00,2022-02-10 22:30:00+00:00,2022-02-10 22:30:00+00:00,2022-02-11 02:30:00+00:00,427.0,414.77,12.230000000000018,False,OPPOSITE_VISIT_BEFORE_K1,0,1,,,False,,,OPPOSITE_VISIT_BEFORE_K1,2022-02-10 23:30:00+00:00,
90,01:30,4,2022-02-12,Saturday,2022-02-11 18:30:00+00:00,2022-02-11 22:30:00+00:00,2022-02-11 22:30:00+00:00,2022-02-12 02:30:00+00:00,412.75,394.8,17.94999999999999,False,BREAK_BEFORE_K1,0,0,,,False,,,BREAK_BEFORE_K1,2022-02-11 22:45:00+00:00,
90,01:30,4,2022-02-13,Sunday,2022-02-12 18:30:00+00:00,2022-02-12 22:30:00+00:00,2022-02-12 22:30:00+00:00,2022-02-13 02:30:00+00:00,405.92,397.5,8.420000000000016,False,BREAK_BEFORE_K1,0,0,,,False,,,BREAK_BEFORE_K1,2022-02-13 00:35:00+00:00,
90,01:30,4,2022-02-14,Monday,2022-02-13 18:30:00+00:00,2022-02-13 22:30:00+00:00,2022-02-13 22:30:00+00:00,2022-02-14 02:30:00+00:00,400.67,394.38,6.2900000000000205,False,BREAK_BEFORE_K1,0,0,,,False,,,BREAK_BEFORE_K1,2022-02-14 01:25:00+00:00,
90,01:30,4,2022-02-15,Tuesday,2022-02-14 18:30:00+00:00,2022-02-14 22:30:00+00:00,2022-02-14 22:30:00+00:00,2022-02-15 02:30:00+00:00,403.63,395.62,8.009999999999991,True,,1,0,2022-02-14 22:50:00+00:00,2022-02-14 22:55:00+00:00,True,2022-02-14 22:55:00+00:00,2022-02-14 23:00:00+00:00,H2_ARRIVAL,2022-02-14 23:00:00+00:00,5.0
90,01:30,4,2022-02-16,Wednesday,2022-02-15 18:30:00+00:00,2022-02-15 22:30:00+00:00,2022-02-15 22:30:00+00:00,2022-02-16 02:30:00+00:00,432.77,426.1,6.669999999999959,False,BREAK_BEFORE_K1,0,0,,,False,,,BREAK_BEFORE_K1,2022-02-15 23:35:00+00:00,
90,01:30,4,2022-02-17,Thursday,2022-02-16 18:30:00+00:00,2022-02-16 22:30:00+00:00,2022-02-16 22:30:00+00:00,2022-02-17 02:30:00+00:00,432.0,423.35,8.649999999999977,False,NO_K1,0,0,,,False,,,NO_K1,,
90,01:30,4,2022-02-18,Friday,2022-02-17 18:30:00+00:00,2022-02-17 22:30:00+00:00,2022-02-17 22:30:00+00:00,2022-02-18 02:30:00+00:00,408.64,399.52,9.120000000000005,False,OPPOSITE_VISIT_BEFORE_K1,0,1,,,False,,,OPPOSITE_VISIT_BEFORE_K1,2022-02-18 00:00:00+00:00,
90,01:30,4,2022-02-19,Saturday,2022-02-18 18:30:00+00:00,2022-02-18 22:30:00+00:00,2022-02-18 22:30:00+00:00,2022-02-19 02:30:00+00:00,399.91,394.73,5.180000000000007,True,,1,0,2022-02-18 23:45:00+00:00,2022-02-18 23:50:00+00:00,True,2022-02-18 23:55:00+00:00,2022-02-19 00:00:00+00:00,H2_ARRIVAL,2022-02-19 00:20:00+00:00,25.0
90,01:30,4,2022-02-20,Sunday,2022-02-19 18:30:00+00:00,2022-02-19 22:30:00+00:00,2022-02-19 22:30:00+00:00,2022-02-20 02:30:00+00:00,401.48,395.56,5.920000000000016,False,OPPOSITE_VISIT_BEFORE_K1,0,1,,,False,,,OPPOSITE_VISIT_BEFORE_K1,2022-02-20 00:50:00+00:00,
90,01:30,4,2022-02-21,Monday,2022-02-20 18:30:00+00:00,2022-02-20 22:30:00+00:00,2022-02-20 22:30:00+00:00,2022-02-21 02:30:00+00:00,383.95,377.37,6.579999999999984,False,BREAK_BEFORE_K1,0,0,,,False,,,BREAK_BEFORE_K1,2022-02-20 22:55:00+00:00,
90,01:30,4,2022-02-22,Tuesday,2022-02-21 18:30:00+00:00,2022-02-21 22:30:00+00:00,2022-02-21 22:30:00+00:00,2022-02-22 02:30:00+00:00,374.74,359.53,15.210000000000036,False,OPPOSITE_VISIT_BEFORE_K1,0,1,,,False,,,OPPOSITE_VISIT_BEFORE_K1,2022-02-21 23:15:00+00:00,
90,01:30,4,2022-02-23,Wednesday,2022-02-22 18:30:00+00:00,2022-02-22 22:30:00+00:00,2022-02-22 22:30:00+00:00,2022-02-23 02:30:00+00:00,373.52,364.06,9.45999999999998,False,BREAK_BEFORE_K1,0,0,,,False,,,BREAK_BEFORE_K1,2022-02-22 23:40:00+00:00,
90,01:30,4,2022-02-24,Thursday,2022-02-23 18:30:00+00:00,2022-02-23 22:30:00+00:00,2022-02-23 22:30:00+00:00,2022-02-24 02:30:00+00:00,375.33,365.88,9.449999999999989,False,BREAK_BEFORE_K1,0,0,,,False,,,BREAK_BEFORE_K1,2022-02-23 23:15:00+00:00,
90,01:30,4,2022-02-25,Friday,2022-02-24 18:30:00+00:00,2022-02-24 22:30:00+00:00,2022-02-24 22:30:00+00:00,2022-02-25 02:30:00+00:00,370.77,343.26,27.50999999999999,False,NO_K1,0,0,,,False,,,NO_K1,,
90,01:30,4,2022-02-26,Saturday,2022-02-25 18:30:00+00:00,2022-02-25 22:30:00+00:00,2022-02-25 22:30:00+00:00,2022-02-26 02:30:00+00:00,369.6,362.78,6.82000000000005,False,BREAK_BEFORE_K1,0,0,,,False,,,BREAK_BEFORE_K1,2022-02-25 22:35:00+00:00,
90,01:30,4,2022-02-27,Sunday,2022-02-26 18:30:00+00:00,2022-02-26 22:30:00+00:00,2022-02-26 22:30:00+00:00,2022-02-27 02:30:00+00:00,378.23,371.0,7.230000000000018,False,OPPOSITE_VISIT_BEFORE_K1,0,1,,,False,,,OPPOSITE_VISIT_BEFORE_K1,2022-02-26 23:30:00+00:00,
90,01:30,4,2022-02-28,Monday,2022-02-27 18:30:00+00:00,2022-02-27 22:30:00+00:00,2022-02-27 22:30:00+00:00,2022-02-28 02:30:00+00:00,371.48,357.87,13.610000000000014,False,BREAK_BEFORE_K1,0,0,,,False,,,BREAK_BEFORE_K1,2022-02-28 00:20:00+00:00,
90,01:30,4,2022-03-01,Tuesday,2022-02-28 18:30:00+00:00,2022-02-28 22:30:00+00:00,2022-02-28 22:30:00+00:00,2022-03-01 02:30:00+00:00,389.0,381.77,7.230000000000018,False,BREAK_BEFORE_K1,0,0,,,False,,,BREAK_BEFORE_K1,2022-02-28 22:30:00+00:00,
90,01:30,4,2022-03-02,Wednesday,2022-03-01 18:30:00+00:00,2022-03-01 22:30:00+00:00,2022-03-01 22:30:00+00:00,2022-03-02 02:30:00+00:00,409.63,403.26,6.3700000000000045,True,,1,0,2022-03-02 00:00:00+00:00,2022-03-02 00:05:00+00:00,True,2022-03-02 00:10:00+00:00,2022-03-02 00:15:00+00:00,H2_ARRIVAL,2022-03-02 01:00:00+00:00,50.0
90,01:30,4,2022-03-03,Thursday,2022-03-02 18:30:00+00:00,2022-03-02 22:30:00+00:00,2022-03-02 22:30:00+00:00,2022-03-03 02:30:00+00:00,410.56,404.73,5.829999999999984,False,BREAK_BEFORE_K1,0,0,,,False,,,BREAK_BEFORE_K1,2022-03-03 01:00:00+00:00,
90,01:30,4,2022-03-04,Friday,2022-03-03 18:30:00+00:00,2022-03-03 22:30:00+00:00,2022-03-03 22:30:00+00:00,2022-03-04 02:30:00+00:00,402.5,397.34,5.160000000000025,False,BREAK_BEFORE_K1,0,0,,,False,,,BREAK_BEFORE_K1,2022-03-03 22:40:00+00:00,
90,01:30,4,2022-03-05,Saturday,2022-03-04 18:30:00+00:00,2022-03-04 22:30:00+00:00,2022-03-04 22:30:00+00:00,2022-03-05 02:30:00+00:00,389.65,372.41,17.239999999999952,False,OPPOSITE_VISIT_BEFORE_K1,0,1,,,False,,,OPPOSITE_VISIT_BEFORE_K1,2022-03-04 22:30:00+00:00,
90,01:30,4,2022-03-06,Sunday,2022-03-05 18:30:00+00:00,2022-03-05 22:30:00+00:00,2022-03-05 22:30:00+00:00,2022-03-06 02:30:00+00:00,387.22,378.34,8.880000000000052,False,NO_K1,0,0,,,False,,,NO_K1,,
90,01:30,4,2022-03-07,Monday,2022-03-06 18:30:00+00:00,2022-03-06 22:30:00+00:00,2022-03-06 22:30:00+00:00,2022-03-07 02:30:00+00:00,381.9,376.17,5.729999999999961,False,OPPOSITE_VISIT_BEFORE_K1,0,1,,,False,,,OPPOSITE_VISIT_BEFORE_K1,2022-03-06 23:15:00+00:00,
90,01:30,4,2022-03-08,Tuesday,2022-03-07 18:30:00+00:00,2022-03-07 22:30:00+00:00,2022-03-07 22:30:00+00:00,2022-03-08 02:30:00+00:00,385.62,362.36,23.25999999999999,False,NO_K1,0,0,,,False,,,NO_K1,,
90,01:30,4,2022-03-09,Wednesday,2022-03-08 18:30:00+00:00,2022-03-08 22:30:00+00:00,2022-03-08 22:30:00+00:00,2022-03-09 02:30:00+00:00,385.38,378.68,6.699999999999989,False,BREAK_BEFORE_K1,0,0,,,False,,,BREAK_BEFORE_K1,2022-03-09 01:30:00+00:00,
90,01:30,4,2022-03-10,Thursday,2022-03-09 18:30:00+00:00,2022-03-09 22:30:00+00:00,2022-03-09 22:30:00+00:00,2022-03-10 02:30:00+00:00,394.68,390.17,4.509999999999991,False,BREAK_BEFORE_K1,0,0,,,False,,,BREAK_BEFORE_K1,2022-03-10 01:40:00+00:00,
90,01:30,4,2022-03-11,Friday,2022-03-10 18:30:00+00:00,2022-03-10 22:30:00+00:00,2022-03-10 22:30:00+00:00,2022-03-11 02:30:00+00:00,372.08,366.55,5.529999999999973,True,,1,0,2022-03-10 22:45:00+00:00,2022-03-10 22:50:00+00:00,False,,,BREAK_DURING_K1,2022-03-10 22:50:00+00:00,
90,01:30,4,2022-03-12,Saturday,2022-03-11 18:30:00+00:00,2022-03-11 22:30:00+00:00,2022-03-11 22:30:00+00:00,2022-03-12 02:30:00+00:00,374.1,368.25,5.850000000000023,False,BREAK_BEFORE_K1,0,0,,,False,,,BREAK_BEFORE_K1,2022-03-11 22:45:00+00:00,
90,01:30,4,2022-03-13,Sunday,2022-03-12 18:30:00+00:00,2022-03-12 22:30:00+00:00,2022-03-12 22:30:00+00:00,2022-03-13 02:30:00+00:00,376.9,374.24,2.659999999999968,False,BREAK_BEFORE_K1,0,0,,,False,,,BREAK_BEFORE_K1,2022-03-12 23:15:00+00:00,
90,01:30,4,2022-03-14,Monday,2022-03-13 18:30:00+00:00,2022-03-13 22:30:00+00:00,2022-03-13 22:30:00+00:00,2022-03-14 02:30:00+00:00,373.42,368.64,4.78000000000003,False,BREAK_BEFORE_K1,0,0,,,False,,,BREAK_BEFORE_K1,2022-03-13 22:45:00+00:00,
90,01:30,4,2022-03-15,Tuesday,2022-03-14 18:30:00+00:00,2022-03-14 22:30:00+00:00,2022-03-14 22:30:00+00:00,2022-03-15 02:30:00+00:00,368.11,363.42,4.689999999999998,False,BREAK_BEFORE_K1,0,0,,,False,,,BREAK_BEFORE_K1,2022-03-14 22:40:00+00:00,
90,01:30,4,2022-03-16,Wednesday,2022-03-15 18:30:00+00:00,2022-03-15 22:30:00+00:00,2022-03-15 22:30:00+00:00,2022-03-16 02:30:00+00:00,374.46,369.94,4.519999999999982,False,OPPOSITE_VISIT_BEFORE_K1,0,1,,,False,,,OPPOSITE_VISIT_BEFORE_K1,2022-03-15 23:20:00+00:00,
90,01:30,4,2022-03-17,Thursday,2022-03-16 18:30:00+00:00,2022-03-16 22:30:00+00:00,2022-03-16 22:30:00+00:00,2022-03-17 02:30:00+00:00,386.6,371.45,15.150000000000034,False,NO_K1,0,0,,,False,,,NO_K1,,
90,01:30,4,2022-03-18,Friday,2022-03-17 18:30:00+00:00,2022-03-17 22:30:00+00:00,2022-03-17 22:30:00+00:00,2022-03-18 02:30:00+00:00,390.59,386.98,3.609999999999957,False,BREAK_BEFORE_K1,0,0,,,False,,,BREAK_BEFORE_K1,2022-03-17 22:50:00+00:00,
90,01:30,4,2022-03-19,Saturday,2022-03-18 18:30:00+00:00,2022-03-18 22:30:00+00:00,2022-03-18 22:30:00+00:00,2022-03-19 02:30:00+00:00,400.3,395.23,5.069999999999993,True,,1,0,2022-03-19 01:55:00+00:00,2022-03-19 02:00:00+00:00,True,2022-03-19 02:00:00+00:00,2022-03-19 02:05:00+00:00,NO_H2_BY_END,,
90,01:30,4,2022-03-20,Sunday,2022-03-19 18:30:00+00:00,2022-03-19 22:30:00+00:00,2022-03-19 22:30:00+00:00,2022-03-20 02:30:00+00:00,402.54,395.6,6.939999999999998,False,BREAK_BEFORE_K1,0,0,,,False,,,BREAK_BEFORE_K1,2022-03-20 01:15:00+00:00,
90,01:30,4,2022-03-21,Monday,2022-03-20 18:30:00+00:00,2022-03-20 22:30:00+00:00,2022-03-20 22:30:00+00:00,2022-03-21 02:30:00+00:00,394.23,387.34,6.890000000000043,False,NO_K1,0,0,,,False,,,NO_K1,,
90,01:30,4,2022-03-22,Tuesday,2022-03-21 18:30:00+00:00,2022-03-21 22:30:00+00:00,2022-03-21 22:30:00+00:00,2022-03-22 02:30:00+00:00,397.92,395.75,2.170000000000016,False,OPPOSITE_VISIT_BEFORE_K1,0,1,,,False,,,OPPOSITE_VISIT_BEFORE_K1,2022-03-21 23:20:00+00:00,
90,01:30,4,2022-03-23,Wednesday,2022-03-22 18:30:00+00:00,2022-03-22 22:30:00+00:00,2022-03-22 22:30:00+00:00,2022-03-23 02:30:00+00:00,407.0,402.0,5.0,False,OPPOSITE_VISIT_BEFORE_K1,0,1,,,False,,,OPPOSITE_VISIT_BEFORE_K1,2022-03-23 01:00:00+00:00,
90,01:30,4,2022-03-24,Thursday,2022-03-23 18:30:00+00:00,2022-03-23 22:30:00+00:00,2022-03-23 22:30:00+00:00,2022-03-24 02:30:00+00:00,406.45,402.01,4.439999999999998,False,BREAK_BEFORE_K1,0,0,,,False,,,BREAK_BEFORE_K1,2022-03-23 22:30:00+00:00,
90,01:30,4,2022-03-25,Friday,2022-03-24 18:30:00+00:00,2022-03-24 22:30:00+00:00,2022-03-24 22:30:00+00:00,2022-03-25 02:30:00+00:00,415.57,412.61,2.9599999999999795,False,BREAK_BEFORE_K1,0,0,,,False,,,BREAK_BEFORE_K1,2022-03-25 00:15:00+00:00,
90,01:30,4,2022-03-26,Saturday,2022-03-25 18:30:00+00:00,2022-03-25 22:30:00+00:00,2022-03-25 22:30:00+00:00,2022-03-26 02:30:00+00:00,412.86,408.2,4.660000000000025,False,OPPOSITE_VISIT_BEFORE_K1,0,1,,,False,,,OPPOSITE_VISIT_BEFORE_K1,2022-03-26 01:00:00+00:00,
90,01:30,4,2022-03-27,Sunday,2022-03-26 18:30:00+00:00,2022-03-26 22:30:00+00:00,2022-03-26 22:30:00+00:00,2022-03-27 02:30:00+00:00,416.29,412.82,3.4700000000000273,True,,1,0,2022-03-27 00:20:00+00:00,2022-03-27 00:25:00+00:00,True,2022-03-27 00:25:00+00:00,2022-03-27 00:30:00+00:00,H2_ARRIVAL,2022-03-27 00:30:00+00:00,5.0
90,01:30,4,2022-03-28,Monday,2022-03-27 18:30:00+00:00,2022-03-27 22:30:00+00:00,2022-03-27 22:30:00+00:00,2022-03-28 02:30:00+00:00,430.29,416.0,14.29000000000002,False,BREAK_BEFORE_K1,0,0,,,False,,,BREAK_BEFORE_K1,2022-03-27 22:30:00+00:00,
90,01:30,4,2022-03-29,Tuesday,2022-03-28 18:30:00+00:00,2022-03-28 22:30:00+00:00,2022-03-28 22:30:00+00:00,2022-03-29 02:30:00+00:00,440.72,432.12,8.600000000000023,False,BREAK_BEFORE_K1,0,0,,,False,,,BREAK_BEFORE_K1,2022-03-28 23:15:00+00:00,
90,01:30,4,2022-03-30,Wednesday,2022-03-29 18:30:00+00:00,2022-03-29 22:30:00+00:00,2022-03-29 22:30:00+00:00,2022-03-30 02:30:00+00:00,437.85,431.31,6.5400000000000205,False,BREAK_BEFORE_K1,0,0,,,False,,,BREAK_BEFORE_K1,2022-03-29 22:30:00+00:00,
90,01:30,4,2022-03-31,Thursday,2022-03-30 18:30:00+00:00,2022-03-30 22:30:00+00:00,2022-03-30 22:30:00+00:00,2022-03-31 02:30:00+00:00,448.0,441.19,6.810000000000002,False,BREAK_BEFORE_K1,0,0,,,False,,,BREAK_BEFORE_K1,2022-03-31 00:00:00+00:00,
90,01:30,4,2022-04-01,Friday,2022-03-31 18:30:00+00:00,2022-03-31 22:30:00+00:00,2022-03-31 22:30:00+00:00,2022-04-01 02:30:00+00:00,431.17,426.02,5.150000000000034,False,BREAK_BEFORE_K1,0,0,,,False,,,BREAK_BEFORE_K1,2022-03-31 22:45:00+00:00,
90,01:30,4,2022-04-02,Saturday,2022-04-01 18:30:00+00:00,2022-04-01 22:30:00+00:00,2022-04-01 22:30:00+00:00,2022-04-02 02:30:00+00:00,447.08,442.43,4.649999999999977,False,BREAK_BEFORE_K1,0,0,,,False,,,BREAK_BEFORE_K1,2022-04-01 23:55:00+00:00,
90,01:30,4,2022-04-03,Sunday,2022-04-02 18:30:00+00:00,2022-04-02 22:30:00+00:00,2022-04-02 22:30:00+00:00,2022-04-03 02:30:00+00:00,444.12,439.04,5.079999999999984,False,BREAK_BEFORE_K1,0,0,,,False,,,BREAK_BEFORE_K1,2022-04-02 23:05:00+00:00,
90,01:30,4,2022-04-04,Monday,2022-04-03 18:30:00+00:00,2022-04-03 22:30:00+00:00,2022-04-03 22:30:00+00:00,2022-04-04 02:30:00+00:00,454.84,446.32,8.519999999999982,False,BREAK_BEFORE_K1,0,0,,,False,,,BREAK_BEFORE_K1,2022-04-03 22:30:00+00:00,
90,01:30,4,2022-04-05,Tuesday,2022-04-04 18:30:00+00:00,2022-04-04 22:30:00+00:00,2022-04-04 22:30:00+00:00,2022-04-05 02:30:00+00:00,446.7,435.37,11.329999999999984,False,BREAK_BEFORE_K1,0,0,,,False,,,BREAK_BEFORE_K1,2022-04-04 22:35:00+00:00,
90,01:30,4,2022-04-06,Wednesday,2022-04-05 18:30:00+00:00,2022-04-05 22:30:00+00:00,2022-04-05 22:30:00+00:00,2022-04-06 02:30:00+00:00,451.44,446.0,5.439999999999998,False,BREAK_BEFORE_K1,0,0,,,False,,,BREAK_BEFORE_K1,2022-04-05 23:45:00+00:00,
90,01:30,4,2022-04-07,Thursday,2022-04-06 18:30:00+00:00,2022-04-06 22:30:00+00:00,2022-04-06 22:30:00+00:00,2022-04-07 02:30:00+00:00,427.91,420.06,7.850000000000023,False,BREAK_BEFORE_K1,0,0,,,False,,,BREAK_BEFORE_K1,2022-04-06 23:50:00+00:00,
90,01:30,4,2022-04-08,Friday,2022-04-07 18:30:00+00:00,2022-04-07 22:30:00+00:00,2022-04-07 22:30:00+00:00,2022-04-08 02:30:00+00:00,438.42,433.72,4.699999999999989,True,,1,0,2022-04-08 00:10:00+00:00,2022-04-08 00:15:00+00:00,True,2022-04-08 00:20:00+00:00,2022-04-08 00:25:00+00:00,H2_ARRIVAL,2022-04-08 01:30:00+00:00,70.0
90,01:30,4,2022-04-09,Saturday,2022-04-08 18:30:00+00:00,2022-04-08 22:30:00+00:00,2022-04-08 22:30:00+00:00,2022-04-09 02:30:00+00:00,430.67,421.53,9.140000000000043,False,OPPOSITE_VISIT_BEFORE_K1,0,1,,,False,,,OPPOSITE_VISIT_BEFORE_K1,2022-04-08 22:40:00+00:00,
90,01:30,4,2022-04-10,Sunday,2022-04-09 18:30:00+00:00,2022-04-09 22:30:00+00:00,2022-04-09 22:30:00+00:00,2022-04-10 02:30:00+00:00,423.78,420.37,3.409999999999968,False,BREAK_BEFORE_K1,0,0,,,False,,,BREAK_BEFORE_K1,2022-04-09 22:55:00+00:00,
90,01:30,4,2022-04-11,Monday,2022-04-10 18:30:00+00:00,2022-04-10 22:30:00+00:00,2022-04-10 22:30:00+00:00,2022-04-11 02:30:00+00:00,429.54,422.05,7.490000000000009,False,BREAK_BEFORE_K1,0,0,,,False,,,BREAK_BEFORE_K1,2022-04-10 22:30:00+00:00,
90,01:30,4,2022-04-12,Tuesday,2022-04-11 18:30:00+00:00,2022-04-11 22:30:00+00:00,2022-04-11 22:30:00+00:00,2022-04-12 02:30:00+00:00,403.49,391.0,12.490000000000009,False,NO_K1,0,0,,,False,,,NO_K1,,
90,01:30,4,2022-04-13,Wednesday,2022-04-12 18:30:00+00:00,2022-04-12 22:30:00+00:00,2022-04-12 22:30:00+00:00,2022-04-13 02:30:00+00:00,412.99,406.4,6.590000000000032,True,,1,0,2022-04-12 23:00:00+00:00,2022-04-12 23:05:00+00:00,True,2022-04-12 23:05:00+00:00,2022-04-12 23:10:00+00:00,H2_ARRIVAL,2022-04-12 23:20:00+00:00,15.0
90,01:30,4,2022-04-14,Thursday,2022-04-13 18:30:00+00:00,2022-04-13 22:30:00+00:00,2022-04-13 22:30:00+00:00,2022-04-14 02:30:00+00:00,423.17,418.34,4.830000000000041,False,BREAK_BEFORE_K1,0,0,,,False,,,BREAK_BEFORE_K1,2022-04-13 22:30:00+00:00,
90,01:30,4,2022-04-15,Friday,2022-04-14 18:30:00+00:00,2022-04-14 22:30:00+00:00,2022-04-14 22:30:00+00:00,2022-04-15 02:30:00+00:00,416.27,411.53,4.740000000000009,True,,1,0,2022-04-15 00:20:00+00:00,2022-04-15 00:25:00+00:00,False,,,BREAK_DURING_K1,2022-04-15 00:25:00+00:00,
90,01:30,4,2022-04-16,Saturday,2022-04-15 18:30:00+00:00,2022-04-15 22:30:00+00:00,2022-04-15 22:30:00+00:00,2022-04-16 02:30:00+00:00,418.78,415.71,3.069999999999993,False,BREAK_BEFORE_K1,0,0,,,False,,,BREAK_BEFORE_K1,2022-04-15 22:50:00+00:00,
90,01:30,4,2022-04-17,Sunday,2022-04-16 18:30:00+00:00,2022-04-16 22:30:00+00:00,2022-04-16 22:30:00+00:00,2022-04-17 02:30:00+00:00,418.89,412.97,5.919999999999959,False,NO_K1,0,0,,,False,,,NO_K1,,
90,01:30,4,2022-04-18,Monday,2022-04-17 18:30:00+00:00,2022-04-17 22:30:00+00:00,2022-04-17 22:30:00+00:00,2022-04-18 02:30:00+00:00,416.16,412.01,4.150000000000034,False,BREAK_BEFORE_K1,0,0,,,False,,,BREAK_BEFORE_K1,2022-04-17 23:00:00+00:00,
90,01:30,4,2022-04-19,Tuesday,2022-04-18 18:30:00+00:00,2022-04-18 22:30:00+00:00,2022-04-18 22:30:00+00:00,2022-04-19 02:30:00+00:00,417.64,413.46,4.180000000000007,False,BREAK_BEFORE_K1,0,0,,,False,,,BREAK_BEFORE_K1,2022-04-18 22:50:00+00:00,
90,01:30,4,2022-04-20,Wednesday,2022-04-19 18:30:00+00:00,2022-04-19 22:30:00+00:00,2022-04-19 22:30:00+00:00,2022-04-20 02:30:00+00:00,421.06,417.6,3.4599999999999795,False,BREAK_BEFORE_K1,0,0,,,False,,,BREAK_BEFORE_K1,2022-04-19 22:35:00+00:00,
90,01:30,4,2022-04-21,Thursday,2022-04-20 18:30:00+00:00,2022-04-20 22:30:00+00:00,2022-04-20 22:30:00+00:00,2022-04-21 02:30:00+00:00,420.4,414.56,5.839999999999975,True,,1,0,2022-04-21 00:45:00+00:00,2022-04-21 00:50:00+00:00,False,,,BREAK_DURING_K1,2022-04-21 00:55:00+00:00,
90,01:30,4,2022-04-22,Friday,2022-04-21 18:30:00+00:00,2022-04-21 22:30:00+00:00,2022-04-21 22:30:00+00:00,2022-04-22 02:30:00+00:00,417.77,404.37,13.399999999999977,False,BREAK_BEFORE_K1,0,0,,,False,,,BREAK_BEFORE_K1,2022-04-21 22:30:00+00:00,
90,01:30,4,2022-04-23,Saturday,2022-04-22 18:30:00+00:00,2022-04-22 22:30:00+00:00,2022-04-22 22:30:00+00:00,2022-04-23 02:30:00+00:00,409.75,404.8,4.949999999999989,False,OPPOSITE_VISIT_BEFORE_K1,0,1,,,False,,,OPPOSITE_VISIT_BEFORE_K1,2022-04-23 00:55:00+00:00,
90,01:30,4,2022-04-24,Sunday,2022-04-23 18:30:00+00:00,2022-04-23 22:30:00+00:00,2022-04-23 22:30:00+00:00,2022-04-24 02:30:00+00:00,407.37,404.82,2.5500000000000114,False,BREAK_BEFORE_K1,0,0,,,False,,,BREAK_BEFORE_K1,2022-04-23 22:50:00+00:00,
90,01:30,4,2022-04-25,Monday,2022-04-24 18:30:00+00:00,2022-04-24 22:30:00+00:00,2022-04-24 22:30:00+00:00,2022-04-25 02:30:00+00:00,403.27,399.73,3.5399999999999636,False,OPPOSITE_VISIT_BEFORE_K1,0,1,,,False,,,OPPOSITE_VISIT_BEFORE_K1,2022-04-24 23:05:00+00:00,
90,01:30,4,2022-04-26,Tuesday,2022-04-25 18:30:00+00:00,2022-04-25 22:30:00+00:00,2022-04-25 22:30:00+00:00,2022-04-26 02:30:00+00:00,403.57,398.45,5.1200000000000045,True,,1,0,2022-04-25 22:45:00+00:00,2022-04-25 22:50:00+00:00,True,2022-04-25 22:50:00+00:00,2022-04-25 22:55:00+00:00,H2_ARRIVAL,2022-04-25 22:55:00+00:00,5.0
90,01:30,4,2022-04-27,Wednesday,2022-04-26 18:30:00+00:00,2022-04-26 22:30:00+00:00,2022-04-26 22:30:00+00:00,2022-04-27 02:30:00+00:00,389.91,382.08,7.830000000000041,False,BREAK_BEFORE_K1,0,0,,,False,,,BREAK_BEFORE_K1,2022-04-26 23:15:00+00:00,
90,01:30,4,2022-04-28,Thursday,2022-04-27 18:30:00+00:00,2022-04-27 22:30:00+00:00,2022-04-27 22:30:00+00:00,2022-04-28 02:30:00+00:00,391.22,386.6,4.6200000000000045,True,,1,0,2022-04-27 23:30:00+00:00,2022-04-27 23:35:00+00:00,False,,,BREAK_DURING_K1,2022-04-27 23:35:00+00:00,
90,01:30,4,2022-04-29,Friday,2022-04-28 18:30:00+00:00,2022-04-28 22:30:00+00:00,2022-04-28 22:30:00+00:00,2022-04-29 02:30:00+00:00,407.23,402.88,4.350000000000023,False,BREAK_BEFORE_K1,0,0,,,False,,,BREAK_BEFORE_K1,2022-04-28 22:45:00+00:00,
90,01:30,4,2022-04-30,Saturday,2022-04-29 18:30:00+00:00,2022-04-29 22:30:00+00:00,2022-04-29 22:30:00+00:00,2022-04-30 02:30:00+00:00,395.13,389.46,5.670000000000016,True,,1,0,2022-04-30 00:25:00+00:00,2022-04-30 00:30:00+00:00,True,2022-04-30 00:30:00+00:00,2022-04-30 00:35:00+00:00,H2_ARRIVAL,2022-04-30 01:00:00+00:00,30.0
90,01:30,4,2022-05-01,Sunday,2022-04-30 18:30:00+00:00,2022-04-30 22:30:00+00:00,2022-04-30 22:30:00+00:00,2022-05-01 02:30:00+00:00,391.78,385.46,6.319999999999993,False,BREAK_BEFORE_K1,0,0,,,False,,,BREAK_BEFORE_K1,2022-04-30 22:55:00+00:00,
90,01:30,4,2022-05-02,Monday,2022-05-01 18:30:00+00:00,2022-05-01 22:30:00+00:00,2022-05-01 22:30:00+00:00,2022-05-02 02:30:00+00:00,389.91,382.42,7.490000000000009,False,BREAK_BEFORE_K1,0,0,,,False,,,BREAK_BEFORE_K1,2022-05-01 23:20:00+00:00,
90,01:30,4,2022-05-03,Tuesday,2022-05-02 18:30:00+00:00,2022-05-02 22:30:00+00:00,2022-05-02 22:30:00+00:00,2022-05-03 02:30:00+00:00,390.57,382.28,8.29000000000002,True,,1,0,2022-05-02 23:15:00+00:00,2022-05-02 23:20:00+00:00,True,2022-05-02 23:25:00+00:00,2022-05-02 23:30:00+00:00,H2_ARRIVAL,2022-05-03 01:35:00+00:00,130.0
90,01:30,4,2022-05-04,Wednesday,2022-05-03 18:30:00+00:00,2022-05-03 22:30:00+00:00,2022-05-03 22:30:00+00:00,2022-05-04 02:30:00+00:00,383.92,379.5,4.420000000000016,False,BREAK_BEFORE_K1,0,0,,,False,,,BREAK_BEFORE_K1,2022-05-04 00:05:00+00:00,
90,01:30,4,2022-05-05,Thursday,2022-05-04 18:30:00+00:00,2022-05-04 22:30:00+00:00,2022-05-04 22:30:00+00:00,2022-05-05 02:30:00+00:00,402.93,390.43,12.5,False,BREAK_BEFORE_K1,0,0,,,False,,,BREAK_BEFORE_K1,2022-05-05 00:00:00+00:00,
90,01:30,4,2022-05-06,Friday,2022-05-05 18:30:00+00:00,2022-05-05 22:30:00+00:00,2022-05-05 22:30:00+00:00,2022-05-06 02:30:00+00:00,378.39,370.0,8.389999999999986,True,,1,0,2022-05-05 23:10:00+00:00,2022-05-05 23:15:00+00:00,True,2022-05-05 23:20:00+00:00,2022-05-05 23:25:00+00:00,H2_ARRIVAL,2022-05-05 23:50:00+00:00,30.0
90,01:30,4,2022-05-07,Saturday,2022-05-06 18:30:00+00:00,2022-05-06 22:30:00+00:00,2022-05-06 22:30:00+00:00,2022-05-07 02:30:00+00:00,382.38,378.09,4.2900000000000205,False,OPPOSITE_VISIT_BEFORE_K1,0,1,,,False,,,OPPOSITE_VISIT_BEFORE_K1,2022-05-07 01:45:00+00:00,
90,01:30,4,2022-05-08,Sunday,2022-05-07 18:30:00+00:00,2022-05-07 22:30:00+00:00,2022-05-07 22:30:00+00:00,2022-05-08 02:30:00+00:00,377.98,363.13,14.850000000000023,False,BREAK_BEFORE_K1,0,0,,,False,,,BREAK_BEFORE_K1,2022-05-07 22:45:00+00:00,
90,01:30,4,2022-05-09,Monday,2022-05-08 18:30:00+00:00,2022-05-08 22:30:00+00:00,2022-05-08 22:30:00+00:00,2022-05-09 02:30:00+00:00,359.51,355.25,4.259999999999991,False,OPPOSITE_VISIT_BEFORE_K1,0,1,,,False,,,OPPOSITE_VISIT_BEFORE_K1,2022-05-08 23:25:00+00:00,
90,01:30,4,2022-05-10,Tuesday,2022-05-09 18:30:00+00:00,2022-05-09 22:30:00+00:00,2022-05-09 22:30:00+00:00,2022-05-10 02:30:00+00:00,316.41,300.61,15.800000000000011,False,BREAK_BEFORE_K1,0,0,,,False,,,BREAK_BEFORE_K1,2022-05-09 23:40:00+00:00,
90,01:30,4,2022-05-11,Wednesday,2022-05-10 18:30:00+00:00,2022-05-10 22:30:00+00:00,2022-05-10 22:30:00+00:00,2022-05-11 02:30:00+00:00,326.36,307.84,18.52000000000004,False,NO_K1,0,0,,,False,,,NO_K1,,
90,01:30,4,2022-05-12,Thursday,2022-05-11 18:30:00+00:00,2022-05-11 22:30:00+00:00,2022-05-11 22:30:00+00:00,2022-05-12 02:30:00+00:00,280.18,260.04,20.139999999999986,True,,1,0,2022-05-12 00:40:00+00:00,2022-05-12 00:45:00+00:00,True,2022-05-12 00:45:00+00:00,2022-05-12 00:50:00+00:00,NO_H2_BY_END,,
90,01:30,4,2022-05-13,Friday,2022-05-12 18:30:00+00:00,2022-05-12 22:30:00+00:00,2022-05-12 22:30:00+00:00,2022-05-13 02:30:00+00:00,272.21,262.0,10.20999999999998,False,BREAK_BEFORE_K1,0,0,,,False,,,BREAK_BEFORE_K1,2022-05-13 00:35:00+00:00,
90,01:30,4,2022-05-14,Saturday,2022-05-13 18:30:00+00:00,2022-05-13 22:30:00+00:00,2022-05-13 22:30:00+00:00,2022-05-14 02:30:00+00:00,300.0,290.94,9.060000000000002,False,OPPOSITE_VISIT_BEFORE_K1,0,1,,,False,,,OPPOSITE_VISIT_BEFORE_K1,2022-05-13 23:35:00+00:00,
90,01:30,4,2022-05-15,Sunday,2022-05-14 18:30:00+00:00,2022-05-14 22:30:00+00:00,2022-05-14 22:30:00+00:00,2022-05-15 02:30:00+00:00,291.74,284.76,6.980000000000018,False,BREAK_BEFORE_K1,0,0,,,False,,,BREAK_BEFORE_K1,2022-05-14 22:45:00+00:00,
90,01:30,4,2022-05-16,Monday,2022-05-15 18:30:00+00:00,2022-05-15 22:30:00+00:00,2022-05-15 22:30:00+00:00,2022-05-16 02:30:00+00:00,311.34,300.58,10.759999999999991,False,BREAK_BEFORE_K1,0,0,,,False,,,BREAK_BEFORE_K1,2022-05-15 23:40:00+00:00,
90,01:30,4,2022-05-17,Tuesday,2022-05-16 18:30:00+00:00,2022-05-16 22:30:00+00:00,2022-05-16 22:30:00+00:00,2022-05-17 02:30:00+00:00,301.77,294.0,7.769999999999982,False,BREAK_BEFORE_K1,0,0,,,False,,,BREAK_BEFORE_K1,2022-05-17 00:50:00+00:00,
90,01:30,4,2022-05-18,Wednesday,2022-05-17 18:30:00+00:00,2022-05-17 22:30:00+00:00,2022-05-17 22:30:00+00:00,2022-05-18 02:30:00+00:00,305.9,295.83,10.069999999999993,True,,1,0,2022-05-17 23:05:00+00:00,2022-05-17 23:10:00+00:00,False,,,BREAK_DURING_K1,2022-05-17 23:10:00+00:00,
90,01:30,4,2022-05-19,Thursday,2022-05-18 18:30:00+00:00,2022-05-18 22:30:00+00:00,2022-05-18 22:30:00+00:00,2022-05-19 02:30:00+00:00,297.5,290.6,6.899999999999977,False,BREAK_BEFORE_K1,0,0,,,False,,,BREAK_BEFORE_K1,2022-05-18 23:25:00+00:00,
90,01:30,4,2022-05-20,Friday,2022-05-19 18:30:00+00:00,2022-05-19 22:30:00+00:00,2022-05-19 22:30:00+00:00,2022-05-20 02:30:00+00:00,306.82,302.83,3.990000000000009,False,OPPOSITE_VISIT_BEFORE_K1,0,1,,,False,,,OPPOSITE_VISIT_BEFORE_K1,2022-05-19 22:30:00+00:00,
90,01:30,4,2022-05-21,Saturday,2022-05-20 18:30:00+00:00,2022-05-20 22:30:00+00:00,2022-05-20 22:30:00+00:00,2022-05-21 02:30:00+00:00,304.39,296.01,8.379999999999995,True,,1,0,2022-05-20 22:30:00+00:00,2022-05-20 22:35:00+00:00,True,2022-05-20 22:40:00+00:00,2022-05-20 22:45:00+00:00,H2_ARRIVAL,2022-05-20 22:45:00+00:00,5.0
90,01:30,4,2022-05-22,Sunday,2022-05-21 18:30:00+00:00,2022-05-21 22:30:00+00:00,2022-05-21 22:30:00+00:00,2022-05-22 02:30:00+00:00,313.98,310.82,3.160000000000025,False,BREAK_BEFORE_K1,0,0,,,False,,,BREAK_BEFORE_K1,2022-05-22 01:15:00+00:00,
90,01:30,4,2022-05-23,Monday,2022-05-22 18:30:00+00:00,2022-05-22 22:30:00+00:00,2022-05-22 22:30:00+00:00,2022-05-23 02:30:00+00:00,320.65,315.97,4.67999999999995,False,BREAK_BEFORE_K1,0,0,,,False,,,BREAK_BEFORE_K1,2022-05-23 00:15:00+00:00,
90,01:30,4,2022-05-24,Tuesday,2022-05-23 18:30:00+00:00,2022-05-23 22:30:00+00:00,2022-05-23 22:30:00+00:00,2022-05-24 02:30:00+00:00,334.11,318.91,15.199999999999989,False,OPPOSITE_VISIT_BEFORE_K1,0,1,,,False,,,OPPOSITE_VISIT_BEFORE_K1,2022-05-23 22:30:00+00:00,
90,01:30,4,2022-05-25,Wednesday,2022-05-24 18:30:00+00:00,2022-05-24 22:30:00+00:00,2022-05-24 22:30:00+00:00,2022-05-25 02:30:00+00:00,330.45,319.06,11.389999999999986,False,BREAK_BEFORE_K1,0,0,,,False,,,BREAK_BEFORE_K1,2022-05-25 01:05:00+00:00,
90,01:30,4,2022-05-26,Thursday,2022-05-25 18:30:00+00:00,2022-05-25 22:30:00+00:00,2022-05-25 22:30:00+00:00,2022-05-26 02:30:00+00:00,329.57,325.24,4.329999999999984,False,OPPOSITE_VISIT_BEFORE_K1,0,1,,,False,,,OPPOSITE_VISIT_BEFORE_K1,2022-05-25 23:50:00+00:00,
90,01:30,4,2022-05-27,Friday,2022-05-26 18:30:00+00:00,2022-05-26 22:30:00+00:00,2022-05-26 22:30:00+00:00,2022-05-27 02:30:00+00:00,313.72,307.46,6.260000000000048,False,BREAK_BEFORE_K1,0,0,,,False,,,BREAK_BEFORE_K1,2022-05-26 23:45:00+00:00,
90,01:30,4,2022-05-28,Saturday,2022-05-27 18:30:00+00:00,2022-05-27 22:30:00+00:00,2022-05-27 22:30:00+00:00,2022-05-28 02:30:00+00:00,303.7,295.42,8.279999999999973,True,,1,0,2022-05-27 22:40:00+00:00,2022-05-27 22:45:00+00:00,True,2022-05-27 22:45:00+00:00,2022-05-27 22:50:00+00:00,H2_ARRIVAL,2022-05-27 22:55:00+00:00,10.0
90,01:30,4,2022-05-29,Sunday,2022-05-28 18:30:00+00:00,2022-05-28 22:30:00+00:00,2022-05-28 22:30:00+00:00,2022-05-29 02:30:00+00:00,309.57,306.12,3.4499999999999886,True,,1,0,2022-05-28 23:40:00+00:00,2022-05-28 23:45:00+00:00,True,2022-05-28 23:50:00+00:00,2022-05-28 23:55:00+00:00,OPPOSITE_BREAK_BEFORE_H2,2022-05-29 00:30:00+00:00,
90,01:30,4,2022-05-30,Monday,2022-05-29 18:30:00+00:00,2022-05-29 22:30:00+00:00,2022-05-29 22:30:00+00:00,2022-05-30 02:30:00+00:00,306.58,301.47,5.109999999999957,True,,1,0,2022-05-29 22:30:00+00:00,2022-05-29 22:35:00+00:00,False,,,BREAK_DURING_K1,2022-05-29 22:35:00+00:00,
90,01:30,4,2022-05-31,Tuesday,2022-05-30 18:30:00+00:00,2022-05-30 22:30:00+00:00,2022-05-30 22:30:00+00:00,2022-05-31 02:30:00+00:00,323.26,311.78,11.480000000000018,True,,1,0,2022-05-30 23:05:00+00:00,2022-05-30 23:10:00+00:00,False,,,BREAK_DURING_K1,2022-05-30 23:10:00+00:00,
90,01:30,4,2022-06-01,Wednesday,2022-05-31 18:30:00+00:00,2022-05-31 22:30:00+00:00,2022-05-31 22:30:00+00:00,2022-06-01 02:30:00+00:00,322.19,318.08,4.110000000000014,False,BREAK_BEFORE_K1,0,0,,,False,,,BREAK_BEFORE_K1,2022-05-31 22:55:00+00:00,
90,01:30,4,2022-06-02,Thursday,2022-06-01 18:30:00+00:00,2022-06-01 22:30:00+00:00,2022-06-01 22:30:00+00:00,2022-06-02 02:30:00+00:00,304.5,297.15,7.350000000000023,False,NO_K1,0,0,,,False,,,NO_K1,,
90,01:30,4,2022-06-03,Friday,2022-06-02 18:30:00+00:00,2022-06-02 22:30:00+00:00,2022-06-02 22:30:00+00:00,2022-06-03 02:30:00+00:00,308.17,302.72,5.449999999999989,True,,1,0,2022-06-02 22:40:00+00:00,2022-06-02 22:45:00+00:00,True,2022-06-02 22:45:00+00:00,2022-06-02 22:50:00+00:00,H2_ARRIVAL,2022-06-02 23:05:00+00:00,20.0
90,01:30,4,2022-06-04,Saturday,2022-06-03 18:30:00+00:00,2022-06-03 22:30:00+00:00,2022-06-03 22:30:00+00:00,2022-06-04 02:30:00+00:00,299.48,295.74,3.740000000000009,False,BREAK_BEFORE_K1,0,0,,,False,,,BREAK_BEFORE_K1,2022-06-04 01:55:00+00:00,
90,01:30,4,2022-06-05,Sunday,2022-06-04 18:30:00+00:00,2022-06-04 22:30:00+00:00,2022-06-04 22:30:00+00:00,2022-06-05 02:30:00+00:00,303.0,299.08,3.920000000000016,False,OPPOSITE_VISIT_BEFORE_K1,0,1,,,False,,,OPPOSITE_VISIT_BEFORE_K1,2022-06-05 00:30:00+00:00,
90,01:30,4,2022-06-06,Monday,2022-06-05 18:30:00+00:00,2022-06-05 22:30:00+00:00,2022-06-05 22:30:00+00:00,2022-06-06 02:30:00+00:00,302.43,299.57,2.8600000000000136,False,BREAK_BEFORE_K1,0,0,,,False,,,BREAK_BEFORE_K1,2022-06-05 22:30:00+00:00,
90,01:30,4,2022-06-07,Tuesday,2022-06-06 18:30:00+00:00,2022-06-06 22:30:00+00:00,2022-06-06 22:30:00+00:00,2022-06-07 02:30:00+00:00,302.13,286.8,15.329999999999984,False,BREAK_BEFORE_K1,0,0,,,False,,,BREAK_BEFORE_K1,2022-06-07 00:35:00+00:00,
90,01:30,4,2022-06-08,Wednesday,2022-06-07 18:30:00+00:00,2022-06-07 22:30:00+00:00,2022-06-07 22:30:00+00:00,2022-06-08 02:30:00+00:00,295.98,286.0,9.980000000000018,False,BREAK_BEFORE_K1,0,0,,,False,,,BREAK_BEFORE_K1,2022-06-07 22:45:00+00:00,
90,01:30,4,2022-06-09,Thursday,2022-06-08 18:30:00+00:00,2022-06-08 22:30:00+00:00,2022-06-08 22:30:00+00:00,2022-06-09 02:30:00+00:00,290.33,285.96,4.3700000000000045,False,BREAK_BEFORE_K1,0,0,,,False,,,BREAK_BEFORE_K1,2022-06-08 22:40:00+00:00,
90,01:30,4,2022-06-10,Friday,2022-06-09 18:30:00+00:00,2022-06-09 22:30:00+00:00,2022-06-09 22:30:00+00:00,2022-06-10 02:30:00+00:00,290.77,286.5,4.269999999999982,False,BREAK_BEFORE_K1,0,0,,,False,,,BREAK_BEFORE_K1,2022-06-10 00:15:00+00:00,
90,01:30,4,2022-06-11,Saturday,2022-06-10 18:30:00+00:00,2022-06-10 22:30:00+00:00,2022-06-10 22:30:00+00:00,2022-06-11 02:30:00+00:00,288.23,282.91,5.319999999999993,True,,1,0,2022-06-11 00:20:00+00:00,2022-06-11 00:25:00+00:00,False,,,BREAK_DURING_K1,2022-06-11 00:35:00+00:00,
90,01:30,4,2022-06-12,Sunday,2022-06-11 18:30:00+00:00,2022-06-11 22:30:00+00:00,2022-06-11 22:30:00+00:00,2022-06-12 02:30:00+00:00,273.9,268.29,5.609999999999957,False,OPPOSITE_VISIT_BEFORE_K1,0,1,,,False,,,OPPOSITE_VISIT_BEFORE_K1,2022-06-11 23:40:00+00:00,
90,01:30,4,2022-06-13,Monday,2022-06-12 18:30:00+00:00,2022-06-12 22:30:00+00:00,2022-06-12 22:30:00+00:00,2022-06-13 02:30:00+00:00,265.88,258.94,6.939999999999998,False,OPPOSITE_VISIT_BEFORE_K1,0,1,,,False,,,OPPOSITE_VISIT_BEFORE_K1,2022-06-12 22:35:00+00:00,
90,01:30,4,2022-06-14,Tuesday,2022-06-13 18:30:00+00:00,2022-06-13 22:30:00+00:00,2022-06-13 22:30:00+00:00,2022-06-14 02:30:00+00:00,231.98,222.62,9.359999999999985,False,BREAK_BEFORE_K1,0,0,,,False,,,BREAK_BEFORE_K1,2022-06-13 22:35:00+00:00,
90,01:30,4,2022-06-15,Wednesday,2022-06-14 18:30:00+00:00,2022-06-14 22:30:00+00:00,2022-06-14 22:30:00+00:00,2022-06-15 02:30:00+00:00,223.83,214.28,9.550000000000011,True,,1,0,2022-06-14 23:35:00+00:00,2022-06-14 23:40:00+00:00,True,2022-06-14 23:40:00+00:00,2022-06-14 23:45:00+00:00,H2_ARRIVAL,2022-06-14 23:50:00+00:00,10.0
90,01:30,4,2022-06-16,Thursday,2022-06-15 18:30:00+00:00,2022-06-15 22:30:00+00:00,2022-06-15 22:30:00+00:00,2022-06-16 02:30:00+00:00,232.92,206.12,26.799999999999983,False,BREAK_BEFORE_K1,0,0,,,False,,,BREAK_BEFORE_K1,2022-06-15 23:15:00+00:00,
90,01:30,4,2022-06-17,Friday,2022-06-16 18:30:00+00:00,2022-06-16 22:30:00+00:00,2022-06-16 22:30:00+00:00,2022-06-17 02:30:00+00:00,217.16,212.19,4.969999999999999,False,BREAK_BEFORE_K1,0,0,,,False,,,BREAK_BEFORE_K1,2022-06-16 22:45:00+00:00,
90,01:30,4,2022-06-18,Saturday,2022-06-17 18:30:00+00:00,2022-06-17 22:30:00+00:00,2022-06-17 22:30:00+00:00,2022-06-18 02:30:00+00:00,217.28,213.65,3.6299999999999955,False,BREAK_BEFORE_K1,0,0,,,False,,,BREAK_BEFORE_K1,2022-06-18 00:10:00+00:00,
90,01:30,4,2022-06-19,Sunday,2022-06-18 18:30:00+00:00,2022-06-18 22:30:00+00:00,2022-06-18 22:30:00+00:00,2022-06-19 02:30:00+00:00,199.98,182.97,17.00999999999999,True,,1,0,2022-06-18 22:30:00+00:00,2022-06-18 22:35:00+00:00,True,2022-06-18 22:35:00+00:00,2022-06-18 22:40:00+00:00,NO_H2_BY_END,,
90,01:30,4,2022-06-20,Monday,2022-06-19 18:30:00+00:00,2022-06-19 22:30:00+00:00,2022-06-19 22:30:00+00:00,2022-06-20 02:30:00+00:00,216.8,207.16,9.640000000000015,False,BREAK_BEFORE_K1,0,0,,,False,,,BREAK_BEFORE_K1,2022-06-20 01:40:00+00:00,
90,01:30,4,2022-06-21,Tuesday,2022-06-20 18:30:00+00:00,2022-06-20 22:30:00+00:00,2022-06-20 22:30:00+00:00,2022-06-21 02:30:00+00:00,216.62,211.7,4.920000000000016,False,BREAK_BEFORE_K1,0,0,,,False,,,BREAK_BEFORE_K1,2022-06-20 23:30:00+00:00,
90,01:30,4,2022-06-22,Wednesday,2022-06-21 18:30:00+00:00,2022-06-21 22:30:00+00:00,2022-06-21 22:30:00+00:00,2022-06-22 02:30:00+00:00,224.8,218.61,6.189999999999998,False,OPPOSITE_VISIT_BEFORE_K1,0,1,,,False,,,OPPOSITE_VISIT_BEFORE_K1,2022-06-21 23:20:00+00:00,
90,01:30,4,2022-06-23,Thursday,2022-06-22 18:30:00+00:00,2022-06-22 22:30:00+00:00,2022-06-22 22:30:00+00:00,2022-06-23 02:30:00+00:00,217.94,212.72,5.219999999999999,True,,1,0,2022-06-23 00:15:00+00:00,2022-06-23 00:20:00+00:00,False,,,BREAK_DURING_K1,2022-06-23 00:20:00+00:00,
90,01:30,4,2022-06-24,Friday,2022-06-23 18:30:00+00:00,2022-06-23 22:30:00+00:00,2022-06-23 22:30:00+00:00,2022-06-24 02:30:00+00:00,230.67,222.42,8.25,True,,1,0,2022-06-24 00:15:00+00:00,2022-06-24 00:20:00+00:00,True,2022-06-24 00:25:00+00:00,2022-06-24 00:30:00+00:00,H2_ARRIVAL,2022-06-24 01:15:00+00:00,50.0
90,01:30,4,2022-06-25,Saturday,2022-06-24 18:30:00+00:00,2022-06-24 22:30:00+00:00,2022-06-24 22:30:00+00:00,2022-06-25 02:30:00+00:00,243.4,235.42,7.980000000000018,False,NO_K1,0,0,,,False,,,NO_K1,,
90,01:30,4,2022-06-26,Sunday,2022-06-25 18:30:00+00:00,2022-06-25 22:30:00+00:00,2022-06-25 22:30:00+00:00,2022-06-26 02:30:00+00:00,240.0,233.24,6.759999999999991,True,,1,0,2022-06-25 23:05:00+00:00,2022-06-25 23:10:00+00:00,False,,,BREAK_DURING_K1,2022-06-25 23:10:00+00:00,
90,01:30,4,2022-06-27,Monday,2022-06-26 18:30:00+00:00,2022-06-26 22:30:00+00:00,2022-06-26 22:30:00+00:00,2022-06-27 02:30:00+00:00,240.0,235.08,4.9199999999999875,False,BREAK_BEFORE_K1,0,0,,,False,,,BREAK_BEFORE_K1,2022-06-26 22:30:00+00:00,
90,01:30,4,2022-06-28,Tuesday,2022-06-27 18:30:00+00:00,2022-06-27 22:30:00+00:00,2022-06-27 22:30:00+00:00,2022-06-28 02:30:00+00:00,236.76,232.94,3.819999999999993,False,OPPOSITE_VISIT_BEFORE_K1,0,1,,,False,,,OPPOSITE_VISIT_BEFORE_K1,2022-06-27 23:45:00+00:00,
90,01:30,4,2022-06-29,Wednesday,2022-06-28 18:30:00+00:00,2022-06-28 22:30:00+00:00,2022-06-28 22:30:00+00:00,2022-06-29 02:30:00+00:00,234.13,230.5,3.6299999999999955,False,BREAK_BEFORE_K1,0,0,,,False,,,BREAK_BEFORE_K1,2022-06-28 22:30:00+00:00,
90,01:30,4,2022-06-30,Thursday,2022-06-29 18:30:00+00:00,2022-06-29 22:30:00+00:00,2022-06-29 22:30:00+00:00,2022-06-30 02:30:00+00:00,222.44,217.92,4.52000000000001,False,OPPOSITE_VISIT_BEFORE_K1,0,1,,,False,,,OPPOSITE_VISIT_BEFORE_K1,2022-06-30 00:35:00+00:00,
90,01:30,4,2022-07-01,Friday,2022-06-30 18:30:00+00:00,2022-06-30 22:30:00+00:00,2022-06-30 22:30:00+00:00,2022-07-01 02:30:00+00:00,213.78,209.62,4.159999999999997,False,BREAK_BEFORE_K1,0,0,,,False,,,BREAK_BEFORE_K1,2022-06-30 22:35:00+00:00,
90,01:30,4,2022-07-02,Saturday,2022-07-01 18:30:00+00:00,2022-07-01 22:30:00+00:00,2022-07-01 22:30:00+00:00,2022-07-02 02:30:00+00:00,220.77,216.18,4.590000000000003,False,BREAK_BEFORE_K1,0,0,,,False,,,BREAK_BEFORE_K1,2022-07-01 23:50:00+00:00,
90,01:30,4,2022-07-03,Sunday,2022-07-02 18:30:00+00:00,2022-07-02 22:30:00+00:00,2022-07-02 22:30:00+00:00,2022-07-03 02:30:00+00:00,219.68,217.1,2.5800000000000125,False,OPPOSITE_VISIT_BEFORE_K1,0,1,,,False,,,OPPOSITE_VISIT_BEFORE_K1,2022-07-03 00:20:00+00:00,
90,01:30,4,2022-07-04,Monday,2022-07-03 18:30:00+00:00,2022-07-03 22:30:00+00:00,2022-07-03 22:30:00+00:00,2022-07-04 02:30:00+00:00,220.2,215.97,4.22999999999999,False,NO_K1,0,0,,,False,,,NO_K1,,
90,01:30,4,2022-07-05,Tuesday,2022-07-04 18:30:00+00:00,2022-07-04 22:30:00+00:00,2022-07-04 22:30:00+00:00,2022-07-05 02:30:00+00:00,229.6,226.59,3.009999999999991,False,BREAK_BEFORE_K1,0,0,,,False,,,BREAK_BEFORE_K1,2022-07-04 22:30:00+00:00,
90,01:30,4,2022-07-06,Wednesday,2022-07-05 18:30:00+00:00,2022-07-05 22:30:00+00:00,2022-07-05 22:30:00+00:00,2022-07-06 02:30:00+00:00,233.69,226.31,7.3799999999999955,False,BREAK_BEFORE_K1,0,0,,,False,,,BREAK_BEFORE_K1,2022-07-06 00:45:00+00:00,
90,01:30,4,2022-07-07,Thursday,2022-07-06 18:30:00+00:00,2022-07-06 22:30:00+00:00,2022-07-06 22:30:00+00:00,2022-07-07 02:30:00+00:00,239.87,236.91,2.960000000000008,True,,1,0,2022-07-06 23:05:00+00:00,2022-07-06 23:10:00+00:00,True,2022-07-06 23:10:00+00:00,2022-07-06 23:15:00+00:00,NO_H2_BY_END,,
90,01:30,4,2022-07-08,Friday,2022-07-07 18:30:00+00:00,2022-07-07 22:30:00+00:00,2022-07-07 22:30:00+00:00,2022-07-08 02:30:00+00:00,243.71,240.76,2.950000000000017,False,BREAK_BEFORE_K1,0,0,,,False,,,BREAK_BEFORE_K1,2022-07-07 22:35:00+00:00,
90,01:30,4,2022-07-09,Saturday,2022-07-08 18:30:00+00:00,2022-07-08 22:30:00+00:00,2022-07-08 22:30:00+00:00,2022-07-09 02:30:00+00:00,243.6,240.74,2.859999999999985,True,,1,0,2022-07-08 23:25:00+00:00,2022-07-08 23:30:00+00:00,True,2022-07-08 23:30:00+00:00,2022-07-08 23:35:00+00:00,OPPOSITE_BREAK_BEFORE_H2,2022-07-08 23:55:00+00:00,
90,01:30,4,2022-07-10,Sunday,2022-07-09 18:30:00+00:00,2022-07-09 22:30:00+00:00,2022-07-09 22:30:00+00:00,2022-07-10 02:30:00+00:00,244.92,241.87,3.049999999999983,False,BREAK_BEFORE_K1,0,0,,,False,,,BREAK_BEFORE_K1,2022-07-10 00:45:00+00:00,
90,01:30,4,2022-07-11,Monday,2022-07-10 18:30:00+00:00,2022-07-10 22:30:00+00:00,2022-07-10 22:30:00+00:00,2022-07-11 02:30:00+00:00,235.65,232.48,3.170000000000016,False,BREAK_BEFORE_K1,0,0,,,False,,,BREAK_BEFORE_K1,2022-07-11 01:20:00+00:00,
90,01:30,4,2022-07-12,Tuesday,2022-07-11 18:30:00+00:00,2022-07-11 22:30:00+00:00,2022-07-11 22:30:00+00:00,2022-07-12 02:30:00+00:00,233.7,225.85,7.849999999999994,False,BREAK_BEFORE_K1,0,0,,,False,,,BREAK_BEFORE_K1,2022-07-11 22:35:00+00:00,
90,01:30,4,2022-07-13,Wednesday,2022-07-12 18:30:00+00:00,2022-07-12 22:30:00+00:00,2022-07-12 22:30:00+00:00,2022-07-13 02:30:00+00:00,226.67,221.15,5.519999999999982,False,BREAK_BEFORE_K1,0,0,,,False,,,BREAK_BEFORE_K1,2022-07-12 23:50:00+00:00,
90,01:30,4,2022-07-14,Thursday,2022-07-13 18:30:00+00:00,2022-07-13 22:30:00+00:00,2022-07-13 22:30:00+00:00,2022-07-14 02:30:00+00:00,227.35,224.14,3.210000000000008,True,,1,0,2022-07-13 23:10:00+00:00,2022-07-13 23:15:00+00:00,False,,,BREAK_DURING_K1,2022-07-13 23:15:00+00:00,
90,01:30,4,2022-07-15,Friday,2022-07-14 18:30:00+00:00,2022-07-14 22:30:00+00:00,2022-07-14 22:30:00+00:00,2022-07-15 02:30:00+00:00,239.94,237.01,2.930000000000007,False,BREAK_BEFORE_K1,0,0,,,False,,,BREAK_BEFORE_K1,2022-07-14 22:50:00+00:00,
90,01:30,4,2022-07-16,Saturday,2022-07-15 18:30:00+00:00,2022-07-15 22:30:00+00:00,2022-07-15 22:30:00+00:00,2022-07-16 02:30:00+00:00,242.6,237.6,5.0,False,OPPOSITE_VISIT_BEFORE_K1,0,1,,,False,,,OPPOSITE_VISIT_BEFORE_K1,2022-07-16 00:00:00+00:00,
90,01:30,4,2022-07-17,Sunday,2022-07-16 18:30:00+00:00,2022-07-16 22:30:00+00:00,2022-07-16 22:30:00+00:00,2022-07-17 02:30:00+00:00,250.4,246.46,3.9399999999999977,False,BREAK_BEFORE_K1,0,0,,,False,,,BREAK_BEFORE_K1,2022-07-16 22:50:00+00:00,
90,01:30,4,2022-07-18,Monday,2022-07-17 18:30:00+00:00,2022-07-17 22:30:00+00:00,2022-07-17 22:30:00+00:00,2022-07-18 02:30:00+00:00,251.18,247.57,3.6100000000000136,False,OPPOSITE_VISIT_BEFORE_K1,0,1,,,False,,,OPPOSITE_VISIT_BEFORE_K1,2022-07-17 23:50:00+00:00,
90,01:30,4,2022-07-19,Tuesday,2022-07-18 18:30:00+00:00,2022-07-18 22:30:00+00:00,2022-07-18 22:30:00+00:00,2022-07-19 02:30:00+00:00,258.84,254.68,4.159999999999968,True,,1,0,2022-07-18 22:45:00+00:00,2022-07-18 22:50:00+00:00,False,,,BREAK_DURING_K1,2022-07-18 22:50:00+00:00,
90,01:30,4,2022-07-20,Wednesday,2022-07-19 18:30:00+00:00,2022-07-19 22:30:00+00:00,2022-07-19 22:30:00+00:00,2022-07-20 02:30:00+00:00,274.77,269.7,5.069999999999993,False,BREAK_BEFORE_K1,0,0,,,False,,,BREAK_BEFORE_K1,2022-07-19 22:40:00+00:00,
90,01:30,4,2022-07-21,Thursday,2022-07-20 18:30:00+00:00,2022-07-20 22:30:00+00:00,2022-07-20 22:30:00+00:00,2022-07-21 02:30:00+00:00,267.09,256.74,10.349999999999966,False,OPPOSITE_VISIT_BEFORE_K1,0,1,,,False,,,OPPOSITE_VISIT_BEFORE_K1,2022-07-20 23:15:00+00:00,
90,01:30,4,2022-07-22,Friday,2022-07-21 18:30:00+00:00,2022-07-21 22:30:00+00:00,2022-07-21 22:30:00+00:00,2022-07-22 02:30:00+00:00,265.88,260.86,5.019999999999982,False,BREAK_BEFORE_K1,0,0,,,False,,,BREAK_BEFORE_K1,2022-07-22 00:10:00+00:00,
90,01:30,4,2022-07-23,Saturday,2022-07-22 18:30:00+00:00,2022-07-22 22:30:00+00:00,2022-07-22 22:30:00+00:00,2022-07-23 02:30:00+00:00,266.99,261.07,5.920000000000016,False,OPPOSITE_VISIT_BEFORE_K1,0,1,,,False,,,OPPOSITE_VISIT_BEFORE_K1,2022-07-23 00:05:00+00:00,
90,01:30,4,2022-07-24,Sunday,2022-07-23 18:30:00+00:00,2022-07-23 22:30:00+00:00,2022-07-23 22:30:00+00:00,2022-07-24 02:30:00+00:00,257.65,252.56,5.089999999999975,False,BREAK_BEFORE_K1,0,0,,,False,,,BREAK_BEFORE_K1,2022-07-23 22:30:00+00:00,
90,01:30,4,2022-07-25,Monday,2022-07-24 18:30:00+00:00,2022-07-24 22:30:00+00:00,2022-07-24 22:30:00+00:00,2022-07-25 02:30:00+00:00,264.64,261.61,3.0299999999999727,False,BREAK_BEFORE_K1,0,0,,,False,,,BREAK_BEFORE_K1,2022-07-24 22:35:00+00:00,
90,01:30,4,2022-07-26,Tuesday,2022-07-25 18:30:00+00:00,2022-07-25 22:30:00+00:00,2022-07-25 22:30:00+00:00,2022-07-26 02:30:00+00:00,256.05,249.24,6.810000000000002,False,OPPOSITE_VISIT_BEFORE_K1,0,1,,,False,,,OPPOSITE_VISIT_BEFORE_K1,2022-07-25 23:10:00+00:00,
90,01:30,4,2022-07-27,Wednesday,2022-07-26 18:30:00+00:00,2022-07-26 22:30:00+00:00,2022-07-26 22:30:00+00:00,2022-07-27 02:30:00+00:00,246.66,241.39,5.27000000000001,False,BREAK_BEFORE_K1,0,0,,,False,,,BREAK_BEFORE_K1,2022-07-26 22:30:00+00:00,
90,01:30,4,2022-07-28,Thursday,2022-07-27 18:30:00+00:00,2022-07-27 22:30:00+00:00,2022-07-27 22:30:00+00:00,2022-07-28 02:30:00+00:00,270.59,262.11,8.479999999999961,True,,1,0,2022-07-27 23:45:00+00:00,2022-07-27 23:50:00+00:00,False,,,BREAK_DURING_K1,2022-07-27 23:50:00+00:00,
90,01:30,4,2022-07-29,Friday,2022-07-28 18:30:00+00:00,2022-07-28 22:30:00+00:00,2022-07-28 22:30:00+00:00,2022-07-29 02:30:00+00:00,280.93,274.54,6.389999999999986,False,NO_K1,0,0,,,False,,,NO_K1,,
90,01:30,4,2022-07-30,Saturday,2022-07-29 18:30:00+00:00,2022-07-29 22:30:00+00:00,2022-07-29 22:30:00+00:00,2022-07-30 02:30:00+00:00,299.0,293.7,5.300000000000011,True,,1,0,2022-07-29 22:40:00+00:00,2022-07-29 22:45:00+00:00,True,2022-07-29 22:45:00+00:00,2022-07-29 22:50:00+00:00,OPPOSITE_BREAK_BEFORE_H2,2022-07-29 23:50:00+00:00,
90,01:30,4,2022-07-31,Sunday,2022-07-30 18:30:00+00:00,2022-07-30 22:30:00+00:00,2022-07-30 22:30:00+00:00,2022-07-31 02:30:00+00:00,297.11,286.1,11.009999999999991,False,OPPOSITE_VISIT_BEFORE_K1,0,1,,,False,,,OPPOSITE_VISIT_BEFORE_K1,2022-07-30 23:15:00+00:00,
90,01:30,4,2022-08-01,Monday,2022-07-31 18:30:00+00:00,2022-07-31 22:30:00+00:00,2022-07-31 22:30:00+00:00,2022-08-01 02:30:00+00:00,292.74,283.0,9.740000000000009,False,OPPOSITE_VISIT_BEFORE_K1,0,1,,,False,,,OPPOSITE_VISIT_BEFORE_K1,2022-07-31 22:30:00+00:00,
90,01:30,4,2022-08-02,Tuesday,2022-08-01 18:30:00+00:00,2022-08-01 22:30:00+00:00,2022-08-01 22:30:00+00:00,2022-08-02 02:30:00+00:00,281.98,277.89,4.090000000000032,True,,1,0,2022-08-01 22:40:00+00:00,2022-08-01 22:45:00+00:00,False,,,BREAK_DURING_K1,2022-08-01 22:45:00+00:00,
90,01:30,4,2022-08-03,Wednesday,2022-08-02 18:30:00+00:00,2022-08-02 22:30:00+00:00,2022-08-02 22:30:00+00:00,2022-08-03 02:30:00+00:00,288.45,283.21,5.240000000000009,False,OPPOSITE_VISIT_BEFORE_K1,0,1,,,False,,,OPPOSITE_VISIT_BEFORE_K1,2022-08-02 23:15:00+00:00,
90,01:30,4,2022-08-04,Thursday,2022-08-03 18:30:00+00:00,2022-08-03 22:30:00+00:00,2022-08-03 22:30:00+00:00,2022-08-04 02:30:00+00:00,305.9,300.01,5.889999999999986,False,BREAK_BEFORE_K1,0,0,,,False,,,BREAK_BEFORE_K1,2022-08-03 22:40:00+00:00,
90,01:30,4,2022-08-05,Friday,2022-08-04 18:30:00+00:00,2022-08-04 22:30:00+00:00,2022-08-04 22:30:00+00:00,2022-08-05 02:30:00+00:00,312.69,303.24,9.449999999999989,True,,1,0,2022-08-04 22:40:00+00:00,2022-08-04 22:45:00+00:00,True,2022-08-04 22:50:00+00:00,2022-08-04 22:55:00+00:00,H2_ARRIVAL,2022-08-05 01:45:00+00:00,175.0
90,01:30,4,2022-08-06,Saturday,2022-08-05 18:30:00+00:00,2022-08-05 22:30:00+00:00,2022-08-05 22:30:00+00:00,2022-08-06 02:30:00+00:00,316.74,311.67,5.069999999999993,False,BREAK_BEFORE_K1,0,0,,,False,,,BREAK_BEFORE_K1,2022-08-05 22:50:00+00:00,
90,01:30,4,2022-08-07,Sunday,2022-08-06 18:30:00+00:00,2022-08-06 22:30:00+00:00,2022-08-06 22:30:00+00:00,2022-08-07 02:30:00+00:00,321.99,317.56,4.430000000000007,False,BREAK_BEFORE_K1,0,0,,,False,,,BREAK_BEFORE_K1,2022-08-06 22:30:00+00:00,
90,01:30,4,2022-08-08,Monday,2022-08-07 18:30:00+00:00,2022-08-07 22:30:00+00:00,2022-08-07 22:30:00+00:00,2022-08-08 02:30:00+00:00,325.93,321.44,4.490000000000009,False,BREAK_BEFORE_K1,0,0,,,False,,,BREAK_BEFORE_K1,2022-08-08 00:15:00+00:00,
90,01:30,4,2022-08-09,Tuesday,2022-08-08 18:30:00+00:00,2022-08-08 22:30:00+00:00,2022-08-08 22:30:00+00:00,2022-08-09 02:30:00+00:00,329.64,323.1,6.539999999999964,False,BREAK_BEFORE_K1,0,0,,,False,,,BREAK_BEFORE_K1,2022-08-08 22:40:00+00:00,
90,01:30,4,2022-08-10,Wednesday,2022-08-09 18:30:00+00:00,2022-08-09 22:30:00+00:00,2022-08-09 22:30:00+00:00,2022-08-10 02:30:00+00:00,326.44,318.68,7.759999999999991,False,BREAK_BEFORE_K1,0,0,,,False,,,BREAK_BEFORE_K1,2022-08-09 23:00:00+00:00,
90,01:30,4,2022-08-11,Thursday,2022-08-10 18:30:00+00:00,2022-08-10 22:30:00+00:00,2022-08-10 22:30:00+00:00,2022-08-11 02:30:00+00:00,330.49,325.79,4.699999999999989,True,,1,0,2022-08-11 00:20:00+00:00,2022-08-11 00:25:00+00:00,True,2022-08-11 00:25:00+00:00,2022-08-11 00:30:00+00:00,H2_ARRIVAL,2022-08-11 00:35:00+00:00,10.0
90,01:30,4,2022-08-12,Friday,2022-08-11 18:30:00+00:00,2022-08-11 22:30:00+00:00,2022-08-11 22:30:00+00:00,2022-08-12 02:30:00+00:00,327.42,323.88,3.5400000000000205,False,BREAK_BEFORE_K1,0,0,,,False,,,BREAK_BEFORE_K1,2022-08-11 22:50:00+00:00,
90,01:30,4,2022-08-13,Saturday,2022-08-12 18:30:00+00:00,2022-08-12 22:30:00+00:00,2022-08-12 22:30:00+00:00,2022-08-13 02:30:00+00:00,326.0,322.87,3.1299999999999955,False,BREAK_BEFORE_K1,0,0,,,False,,,BREAK_BEFORE_K1,2022-08-12 23:15:00+00:00,
90,01:30,4,2022-08-14,Sunday,2022-08-13 18:30:00+00:00,2022-08-13 22:30:00+00:00,2022-08-13 22:30:00+00:00,2022-08-14 02:30:00+00:00,326.85,323.0,3.8500000000000227,False,OPPOSITE_VISIT_BEFORE_K1,0,1,,,False,,,OPPOSITE_VISIT_BEFORE_K1,2022-08-13 23:00:00+00:00,
90,01:30,4,2022-08-15,Monday,2022-08-14 18:30:00+00:00,2022-08-14 22:30:00+00:00,2022-08-14 22:30:00+00:00,2022-08-15 02:30:00+00:00,320.48,316.32,4.160000000000025,False,BREAK_BEFORE_K1,0,0,,,False,,,BREAK_BEFORE_K1,2022-08-15 00:05:00+00:00,
90,01:30,4,2022-08-16,Tuesday,2022-08-15 18:30:00+00:00,2022-08-15 22:30:00+00:00,2022-08-15 22:30:00+00:00,2022-08-16 02:30:00+00:00,320.18,316.64,3.5400000000000205,False,BREAK_BEFORE_K1,0,0,,,False,,,BREAK_BEFORE_K1,2022-08-15 23:00:00+00:00,
90,01:30,4,2022-08-17,Wednesday,2022-08-16 18:30:00+00:00,2022-08-16 22:30:00+00:00,2022-08-16 22:30:00+00:00,2022-08-17 02:30:00+00:00,317.58,311.69,5.889999999999986,False,BREAK_BEFORE_K1,0,0,,,False,,,BREAK_BEFORE_K1,2022-08-17 00:35:00+00:00,
90,01:30,4,2022-08-18,Thursday,2022-08-17 18:30:00+00:00,2022-08-17 22:30:00+00:00,2022-08-17 22:30:00+00:00,2022-08-18 02:30:00+00:00,311.45,303.5,7.949999999999989,False,BREAK_BEFORE_K1,0,0,,,False,,,BREAK_BEFORE_K1,2022-08-18 00:25:00+00:00,
90,01:30,4,2022-08-19,Friday,2022-08-18 18:30:00+00:00,2022-08-18 22:30:00+00:00,2022-08-18 22:30:00+00:00,2022-08-19 02:30:00+00:00,304.8,301.56,3.240000000000009,False,BREAK_BEFORE_K1,0,0,,,False,,,BREAK_BEFORE_K1,2022-08-18 23:10:00+00:00,
90,01:30,4,2022-08-20,Saturday,2022-08-19 18:30:00+00:00,2022-08-19 22:30:00+00:00,2022-08-19 22:30:00+00:00,2022-08-20 02:30:00+00:00,287.83,278.68,9.149999999999977,False,BREAK_BEFORE_K1,0,0,,,False,,,BREAK_BEFORE_K1,2022-08-19 22:35:00+00:00,
90,01:30,4,2022-08-21,Sunday,2022-08-20 18:30:00+00:00,2022-08-20 22:30:00+00:00,2022-08-20 22:30:00+00:00,2022-08-21 02:30:00+00:00,283.8,276.55,7.25,False,BREAK_BEFORE_K1,0,0,,,False,,,BREAK_BEFORE_K1,2022-08-20 23:25:00+00:00,
90,01:30,4,2022-08-22,Monday,2022-08-21 18:30:00+00:00,2022-08-21 22:30:00+00:00,2022-08-21 22:30:00+00:00,2022-08-22 02:30:00+00:00,304.31,296.43,7.8799999999999955,True,,1,0,2022-08-22 00:20:00+00:00,2022-08-22 00:25:00+00:00,True,2022-08-22 00:25:00+00:00,2022-08-22 00:30:00+00:00,NO_H2_BY_END,,
90,01:30,4,2022-08-23,Tuesday,2022-08-22 18:30:00+00:00,2022-08-22 22:30:00+00:00,2022-08-22 22:30:00+00:00,2022-08-23 02:30:00+00:00,300.7,292.84,7.860000000000014,False,BREAK_BEFORE_K1,0,0,,,False,,,BREAK_BEFORE_K1,2022-08-22 22:35:00+00:00,
90,01:30,4,2022-08-24,Wednesday,2022-08-23 18:30:00+00:00,2022-08-23 22:30:00+00:00,2022-08-23 22:30:00+00:00,2022-08-24 02:30:00+00:00,299.57,297.01,2.5600000000000023,True,,1,0,2022-08-23 23:10:00+00:00,2022-08-23 23:15:00+00:00,False,,,BREAK_DURING_K1,2022-08-23 23:20:00+00:00,
90,01:30,4,2022-08-25,Thursday,2022-08-24 18:30:00+00:00,2022-08-24 22:30:00+00:00,2022-08-24 22:30:00+00:00,2022-08-25 02:30:00+00:00,300.17,296.71,3.4600000000000364,False,OPPOSITE_VISIT_BEFORE_K1,0,1,,,False,,,OPPOSITE_VISIT_BEFORE_K1,2022-08-24 22:30:00+00:00,
90,01:30,4,2022-08-26,Friday,2022-08-25 18:30:00+00:00,2022-08-25 22:30:00+00:00,2022-08-25 22:30:00+00:00,2022-08-26 02:30:00+00:00,303.78,300.4,3.3799999999999955,False,OPPOSITE_VISIT_BEFORE_K1,0,1,,,False,,,OPPOSITE_VISIT_BEFORE_K1,2022-08-25 23:00:00+00:00,
90,01:30,4,2022-08-27,Saturday,2022-08-26 18:30:00+00:00,2022-08-26 22:30:00+00:00,2022-08-26 22:30:00+00:00,2022-08-27 02:30:00+00:00,286.23,282.58,3.650000000000034,False,BREAK_BEFORE_K1,0,0,,,False,,,BREAK_BEFORE_K1,2022-08-26 22:35:00+00:00,
90,01:30,4,2022-08-28,Sunday,2022-08-27 18:30:00+00:00,2022-08-27 22:30:00+00:00,2022-08-27 22:30:00+00:00,2022-08-28 02:30:00+00:00,278.31,272.8,5.509999999999991,False,BREAK_BEFORE_K1,0,0,,,False,,,BREAK_BEFORE_K1,2022-08-28 01:20:00+00:00,
90,01:30,4,2022-08-29,Monday,2022-08-28 18:30:00+00:00,2022-08-28 22:30:00+00:00,2022-08-28 22:30:00+00:00,2022-08-29 02:30:00+00:00,282.94,278.51,4.430000000000007,False,OPPOSITE_VISIT_BEFORE_K1,0,1,,,False,,,OPPOSITE_VISIT_BEFORE_K1,2022-08-28 22:35:00+00:00,
90,01:30,4,2022-08-30,Tuesday,2022-08-29 18:30:00+00:00,2022-08-29 22:30:00+00:00,2022-08-29 22:30:00+00:00,2022-08-30 02:30:00+00:00,284.35,279.85,4.5,True,,1,0,2022-08-29 23:00:00+00:00,2022-08-29 23:05:00+00:00,True,2022-08-29 23:05:00+00:00,2022-08-29 23:10:00+00:00,H2_ARRIVAL,2022-08-29 23:20:00+00:00,15.0
90,01:30,4,2022-08-31,Wednesday,2022-08-30 18:30:00+00:00,2022-08-30 22:30:00+00:00,2022-08-30 22:30:00+00:00,2022-08-31 02:30:00+00:00,284.58,277.9,6.680000000000007,True,,1,0,2022-08-31 00:25:00+00:00,2022-08-31 00:30:00+00:00,True,2022-08-31 00:35:00+00:00,2022-08-31 00:40:00+00:00,H2_ARRIVAL,2022-08-31 01:35:00+00:00,60.0
90,01:30,4,2022-09-01,Thursday,2022-08-31 18:30:00+00:00,2022-08-31 22:30:00+00:00,2022-08-31 22:30:00+00:00,2022-09-01 02:30:00+00:00,283.3,278.82,4.480000000000018,False,BREAK_BEFORE_K1,0,0,,,False,,,BREAK_BEFORE_K1,2022-08-31 23:05:00+00:00,
90,01:30,4,2022-09-02,Friday,2022-09-01 18:30:00+00:00,2022-09-01 22:30:00+00:00,2022-09-01 22:30:00+00:00,2022-09-02 02:30:00+00:00,278.5,273.99,4.509999999999991,True,,1,0,2022-09-01 23:35:00+00:00,2022-09-01 23:40:00+00:00,True,2022-09-01 23:40:00+00:00,2022-09-01 23:45:00+00:00,NO_H2_BY_END,,
90,01:30,4,2022-09-03,Saturday,2022-09-02 18:30:00+00:00,2022-09-02 22:30:00+00:00,2022-09-02 22:30:00+00:00,2022-09-03 02:30:00+00:00,277.73,273.33,4.400000000000034,True,,1,0,2022-09-02 22:55:00+00:00,2022-09-02 23:00:00+00:00,True,2022-09-02 23:00:00+00:00,2022-09-02 23:05:00+00:00,H2_ARRIVAL,2022-09-03 00:20:00+00:00,80.0
90,01:30,4,2022-09-04,Sunday,2022-09-03 18:30:00+00:00,2022-09-03 22:30:00+00:00,2022-09-03 22:30:00+00:00,2022-09-04 02:30:00+00:00,277.99,275.28,2.7100000000000364,False,BREAK_BEFORE_K1,0,0,,,False,,,BREAK_BEFORE_K1,2022-09-04 00:25:00+00:00,
90,01:30,4,2022-09-05,Monday,2022-09-04 18:30:00+00:00,2022-09-04 22:30:00+00:00,2022-09-04 22:30:00+00:00,2022-09-05 02:30:00+00:00,279.22,276.9,2.32000000000005,False,BREAK_BEFORE_K1,0,0,,,False,,,BREAK_BEFORE_K1,2022-09-05 00:00:00+00:00,
90,01:30,4,2022-09-06,Tuesday,2022-09-05 18:30:00+00:00,2022-09-05 22:30:00+00:00,2022-09-05 22:30:00+00:00,2022-09-06 02:30:00+00:00,275.73,273.42,2.3100000000000023,False,BREAK_BEFORE_K1,0,0,,,False,,,BREAK_BEFORE_K1,2022-09-05 22:30:00+00:00,
90,01:30,4,2022-09-07,Wednesday,2022-09-06 18:30:00+00:00,2022-09-06 22:30:00+00:00,2022-09-06 22:30:00+00:00,2022-09-07 02:30:00+00:00,267.09,260.44,6.649999999999977,False,OPPOSITE_VISIT_BEFORE_K1,0,1,,,False,,,OPPOSITE_VISIT_BEFORE_K1,2022-09-06 23:55:00+00:00,
90,01:30,4,2022-09-08,Thursday,2022-09-07 18:30:00+00:00,2022-09-07 22:30:00+00:00,2022-09-07 22:30:00+00:00,2022-09-08 02:30:00+00:00,280.68,268.57,12.110000000000014,False,NO_K1,0,0,,,False,,,NO_K1,,
90,01:30,4,2022-09-09,Friday,2022-09-08 18:30:00+00:00,2022-09-08 22:30:00+00:00,2022-09-08 22:30:00+00:00,2022-09-09 02:30:00+00:00,281.94,279.2,2.740000000000009,True,,1,0,2022-09-09 01:15:00+00:00,2022-09-09 01:20:00+00:00,True,2022-09-09 01:20:00+00:00,2022-09-09 01:25:00+00:00,H2_ARRIVAL,2022-09-09 02:25:00+00:00,65.0
90,01:30,4,2022-09-10,Saturday,2022-09-09 18:30:00+00:00,2022-09-09 22:30:00+00:00,2022-09-09 22:30:00+00:00,2022-09-10 02:30:00+00:00,292.74,289.45,3.2900000000000205,False,BREAK_BEFORE_K1,0,0,,,False,,,BREAK_BEFORE_K1,2022-09-09 22:35:00+00:00,
90,01:30,4,2022-09-11,Sunday,2022-09-10 18:30:00+00:00,2022-09-10 22:30:00+00:00,2022-09-10 22:30:00+00:00,2022-09-11 02:30:00+00:00,297.91,292.55,5.360000000000014,True,,1,0,2022-09-10 22:40:00+00:00,2022-09-10 22:45:00+00:00,True,2022-09-10 22:45:00+00:00,2022-09-10 22:50:00+00:00,H2_ARRIVAL,2022-09-10 23:05:00+00:00,20.0
90,01:30,4,2022-09-12,Monday,2022-09-11 18:30:00+00:00,2022-09-11 22:30:00+00:00,2022-09-11 22:30:00+00:00,2022-09-12 02:30:00+00:00,295.33,289.35,5.979999999999961,True,,1,0,2022-09-11 23:45:00+00:00,2022-09-11 23:50:00+00:00,True,2022-09-11 23:50:00+00:00,2022-09-11 23:55:00+00:00,H2_ARRIVAL,2022-09-12 00:05:00+00:00,15.0
90,01:30,4,2022-09-13,Tuesday,2022-09-12 18:30:00+00:00,2022-09-12 22:30:00+00:00,2022-09-12 22:30:00+00:00,2022-09-13 02:30:00+00:00,294.77,291.29,3.4799999999999613,False,OPPOSITE_VISIT_BEFORE_K1,0,1,,,False,,,OPPOSITE_VISIT_BEFORE_K1,2022-09-12 22:35:00+00:00,
90,01:30,4,2022-09-14,Wednesday,2022-09-13 18:30:00+00:00,2022-09-13 22:30:00+00:00,2022-09-13 22:30:00+00:00,2022-09-14 02:30:00+00:00,282.6,275.4,7.2000000000000455,False,OPPOSITE_VISIT_BEFORE_K1,0,1,,,False,,,OPPOSITE_VISIT_BEFORE_K1,2022-09-13 23:20:00+00:00,
90,01:30,4,2022-09-15,Thursday,2022-09-14 18:30:00+00:00,2022-09-14 22:30:00+00:00,2022-09-14 22:30:00+00:00,2022-09-15 02:30:00+00:00,279.68,275.39,4.2900000000000205,False,BREAK_BEFORE_K1,0,0,,,False,,,BREAK_BEFORE_K1,2022-09-14 22:40:00+00:00,
90,01:30,4,2022-09-16,Friday,2022-09-15 18:30:00+00:00,2022-09-15 22:30:00+00:00,2022-09-15 22:30:00+00:00,2022-09-16 02:30:00+00:00,272.57,269.95,2.6200000000000045,False,BREAK_BEFORE_K1,0,0,,,False,,,BREAK_BEFORE_K1,2022-09-15 22:35:00+00:00,
90,01:30,4,2022-09-17,Saturday,2022-09-16 18:30:00+00:00,2022-09-16 22:30:00+00:00,2022-09-16 22:30:00+00:00,2022-09-17 02:30:00+00:00,274.35,272.04,2.3100000000000023,True,,1,0,2022-09-16 22:30:00+00:00,2022-09-16 22:35:00+00:00,True,2022-09-16 22:55:00+00:00,2022-09-16 23:00:00+00:00,H2_ARRIVAL,2022-09-16 23:00:00+00:00,5.0
90,01:30,4,2022-09-18,Sunday,2022-09-17 18:30:00+00:00,2022-09-17 22:30:00+00:00,2022-09-17 22:30:00+00:00,2022-09-18 02:30:00+00:00,279.38,277.35,2.0299999999999727,True,,1,0,2022-09-17 23:35:00+00:00,2022-09-17 23:40:00+00:00,True,2022-09-17 23:50:00+00:00,2022-09-17 23:55:00+00:00,OPPOSITE_BREAK_BEFORE_H2,2022-09-18 00:15:00+00:00,
90,01:30,4,2022-09-19,Monday,2022-09-18 18:30:00+00:00,2022-09-18 22:30:00+00:00,2022-09-18 22:30:00+00:00,2022-09-19 02:30:00+00:00,273.38,262.13,11.25,False,OPPOSITE_VISIT_BEFORE_K1,0,1,,,False,,,OPPOSITE_VISIT_BEFORE_K1,2022-09-19 02:15:00+00:00,
90,01:30,4,2022-09-20,Tuesday,2022-09-19 18:30:00+00:00,2022-09-19 22:30:00+00:00,2022-09-19 22:30:00+00:00,2022-09-20 02:30:00+00:00,270.94,265.21,5.730000000000018,False,BREAK_BEFORE_K1,0,0,,,False,,,BREAK_BEFORE_K1,2022-09-19 22:55:00+00:00,
90,01:30,4,2022-09-21,Wednesday,2022-09-20 18:30:00+00:00,2022-09-20 22:30:00+00:00,2022-09-20 22:30:00+00:00,2022-09-21 02:30:00+00:00,268.87,265.23,3.6399999999999864,False,OPPOSITE_VISIT_BEFORE_K1,0,1,,,False,,,OPPOSITE_VISIT_BEFORE_K1,2022-09-20 23:10:00+00:00,
90,01:30,4,2022-09-22,Thursday,2022-09-21 18:30:00+00:00,2022-09-21 22:30:00+00:00,2022-09-21 22:30:00+00:00,2022-09-22 02:30:00+00:00,276.47,260.0,16.470000000000027,False,NO_K1,0,0,,,False,,,NO_K1,,
90,01:30,4,2022-09-23,Friday,2022-09-22 18:30:00+00:00,2022-09-22 22:30:00+00:00,2022-09-22 22:30:00+00:00,2022-09-23 02:30:00+00:00,275.55,270.06,5.490000000000009,True,,1,0,2022-09-22 22:35:00+00:00,2022-09-22 22:40:00+00:00,True,2022-09-22 22:40:00+00:00,2022-09-22 22:45:00+00:00,H2_ARRIVAL,2022-09-22 23:05:00+00:00,25.0
90,01:30,4,2022-09-24,Saturday,2022-09-23 18:30:00+00:00,2022-09-23 22:30:00+00:00,2022-09-23 22:30:00+00:00,2022-09-24 02:30:00+00:00,276.34,268.1,8.239999999999952,True,,1,0,2022-09-23 22:30:00+00:00,2022-09-23 22:35:00+00:00,True,2022-09-23 22:35:00+00:00,2022-09-23 22:40:00+00:00,H2_ARRIVAL,2022-09-23 22:50:00+00:00,15.0
90,01:30,4,2022-09-25,Sunday,2022-09-24 18:30:00+00:00,2022-09-24 22:30:00+00:00,2022-09-24 22:30:00+00:00,2022-09-25 02:30:00+00:00,278.36,275.0,3.3600000000000136,False,BREAK_BEFORE_K1,0,0,,,False,,,BREAK_BEFORE_K1,2022-09-24 23:30:00+00:00,
90,01:30,4,2022-09-26,Monday,2022-09-25 18:30:00+00:00,2022-09-25 22:30:00+00:00,2022-09-25 22:30:00+00:00,2022-09-26 02:30:00+00:00,275.96,270.9,5.060000000000002,False,BREAK_BEFORE_K1,0,0,,,False,,,BREAK_BEFORE_K1,2022-09-26 00:10:00+00:00,
90,01:30,4,2022-09-27,Tuesday,2022-09-26 18:30:00+00:00,2022-09-26 22:30:00+00:00,2022-09-26 22:30:00+00:00,2022-09-27 02:30:00+00:00,275.76,273.55,2.2099999999999795,True,,1,0,2022-09-26 23:35:00+00:00,2022-09-26 23:40:00+00:00,True,2022-09-26 23:40:00+00:00,2022-09-26 23:45:00+00:00,H2_ARRIVAL,2022-09-26 23:50:00+00:00,10.0
90,01:30,4,2022-09-28,Wednesday,2022-09-27 18:30:00+00:00,2022-09-27 22:30:00+00:00,2022-09-27 22:30:00+00:00,2022-09-28 02:30:00+00:00,272.9,270.14,2.759999999999991,False,BREAK_BEFORE_K1,0,0,,,False,,,BREAK_BEFORE_K1,2022-09-28 00:10:00+00:00,
90,01:30,4,2022-09-29,Thursday,2022-09-28 18:30:00+00:00,2022-09-28 22:30:00+00:00,2022-09-28 22:30:00+00:00,2022-09-29 02:30:00+00:00,283.68,278.41,5.269999999999982,False,BREAK_BEFORE_K1,0,0,,,False,,,BREAK_BEFORE_K1,2022-09-29 01:30:00+00:00,
90,01:30,4,2022-09-30,Friday,2022-09-29 18:30:00+00:00,2022-09-29 22:30:00+00:00,2022-09-29 22:30:00+00:00,2022-09-30 02:30:00+00:00,283.8,281.39,2.410000000000025,True,,1,0,2022-09-29 23:40:00+00:00,2022-09-29 23:45:00+00:00,False,,,BREAK_DURING_K1,2022-09-29 23:50:00+00:00,
90,01:30,4,2022-10-01,Saturday,2022-09-30 18:30:00+00:00,2022-09-30 22:30:00+00:00,2022-09-30 22:30:00+00:00,2022-10-01 02:30:00+00:00,286.75,280.38,6.3700000000000045,False,NO_K1,0,0,,,False,,,NO_K1,,
90,01:30,4,2022-10-02,Sunday,2022-10-01 18:30:00+00:00,2022-10-01 22:30:00+00:00,2022-10-01 22:30:00+00:00,2022-10-02 02:30:00+00:00,284.37,278.07,6.300000000000011,False,NO_K1,0,0,,,False,,,NO_K1,,
90,01:30,4,2022-10-03,Monday,2022-10-02 18:30:00+00:00,2022-10-02 22:30:00+00:00,2022-10-02 22:30:00+00:00,2022-10-03 02:30:00+00:00,287.99,283.33,4.660000000000025,False,BREAK_BEFORE_K1,0,0,,,False,,,BREAK_BEFORE_K1,2022-10-02 23:30:00+00:00,
90,01:30,4,2022-10-04,Tuesday,2022-10-03 18:30:00+00:00,2022-10-03 22:30:00+00:00,2022-10-03 22:30:00+00:00,2022-10-04 02:30:00+00:00,287.92,285.25,2.670000000000016,False,NO_K1,0,0,,,False,,,NO_K1,,
90,01:30,4,2022-10-05,Wednesday,2022-10-04 18:30:00+00:00,2022-10-04 22:30:00+00:00,2022-10-04 22:30:00+00:00,2022-10-05 02:30:00+00:00,298.35,294.2,4.150000000000034,False,OPPOSITE_VISIT_BEFORE_K1,0,1,,,False,,,OPPOSITE_VISIT_BEFORE_K1,2022-10-05 02:05:00+00:00,
90,01:30,4,2022-10-06,Thursday,2022-10-05 18:30:00+00:00,2022-10-05 22:30:00+00:00,2022-10-05 22:30:00+00:00,2022-10-06 02:30:00+00:00,294.77,292.06,2.7099999999999795,True,,1,0,2022-10-06 00:10:00+00:00,2022-10-06 00:15:00+00:00,True,2022-10-06 00:20:00+00:00,2022-10-06 00:25:00+00:00,H2_ARRIVAL,2022-10-06 00:30:00+00:00,10.0
90,01:30,4,2022-10-07,Friday,2022-10-06 18:30:00+00:00,2022-10-06 22:30:00+00:00,2022-10-06 22:30:00+00:00,2022-10-07 02:30:00+00:00,293.25,278.0,15.25,False,NO_K1,0,0,,,False,,,NO_K1,,
90,01:30,4,2022-10-08,Saturday,2022-10-07 18:30:00+00:00,2022-10-07 22:30:00+00:00,2022-10-07 22:30:00+00:00,2022-10-08 02:30:00+00:00,283.61,280.8,2.8100000000000023,False,NO_K1,0,0,,,False,,,NO_K1,,
90,01:30,4,2022-10-09,Sunday,2022-10-08 18:30:00+00:00,2022-10-08 22:30:00+00:00,2022-10-08 22:30:00+00:00,2022-10-09 02:30:00+00:00,281.76,275.27,6.490000000000009,False,NO_K1,0,0,,,False,,,NO_K1,,
90,01:30,4,2022-10-10,Monday,2022-10-09 18:30:00+00:00,2022-10-09 22:30:00+00:00,2022-10-09 22:30:00+00:00,2022-10-10 02:30:00+00:00,278.76,276.59,2.170000000000016,False,BREAK_BEFORE_K1,0,0,,,False,,,BREAK_BEFORE_K1,2022-10-10 01:00:00+00:00,
90,01:30,4,2022-10-11,Tuesday,2022-10-10 18:30:00+00:00,2022-10-10 22:30:00+00:00,2022-10-10 22:30:00+00:00,2022-10-11 02:30:00+00:00,275.44,271.6,3.839999999999975,False,OPPOSITE_VISIT_BEFORE_K1,0,1,,,False,,,OPPOSITE_VISIT_BEFORE_K1,2022-10-10 23:45:00+00:00,
90,01:30,4,2022-10-12,Wednesday,2022-10-11 18:30:00+00:00,2022-10-11 22:30:00+00:00,2022-10-11 22:30:00+00:00,2022-10-12 02:30:00+00:00,272.34,269.1,3.2399999999999523,True,,1,0,2022-10-12 00:15:00+00:00,2022-10-12 00:20:00+00:00,True,2022-10-12 00:20:00+00:00,2022-10-12 00:25:00+00:00,H2_ARRIVAL,2022-10-12 00:40:00+00:00,20.0
90,01:30,4,2022-10-13,Thursday,2022-10-12 18:30:00+00:00,2022-10-12 22:30:00+00:00,2022-10-12 22:30:00+00:00,2022-10-13 02:30:00+00:00,271.88,270.49,1.3899999999999864,False,BREAK_BEFORE_K1,0,0,,,False,,,BREAK_BEFORE_K1,2022-10-13 01:00:00+00:00,
90,01:30,4,2022-10-14,Friday,2022-10-13 18:30:00+00:00,2022-10-13 22:30:00+00:00,2022-10-13 22:30:00+00:00,2022-10-14 02:30:00+00:00,273.66,269.58,4.080000000000041,True,,1,0,2022-10-14 01:20:00+00:00,2022-10-14 01:25:00+00:00,False,,,BREAK_DURING_K1,2022-10-14 01:25:00+00:00,
90,01:30,4,2022-10-15,Saturday,2022-10-14 18:30:00+00:00,2022-10-14 22:30:00+00:00,2022-10-14 22:30:00+00:00,2022-10-15 02:30:00+00:00,270.41,267.39,3.0200000000000387,False,NO_K1,0,0,,,False,,,NO_K1,,
90,01:30,4,2022-10-16,Sunday,2022-10-15 18:30:00+00:00,2022-10-15 22:30:00+00:00,2022-10-15 22:30:00+00:00,2022-10-16 02:30:00+00:00,270.04,268.04,2.0,False,BREAK_BEFORE_K1,0,0,,,False,,,BREAK_BEFORE_K1,2022-10-15 23:00:00+00:00,
90,01:30,4,2022-10-17,Monday,2022-10-16 18:30:00+00:00,2022-10-16 22:30:00+00:00,2022-10-16 22:30:00+00:00,2022-10-17 02:30:00+00:00,273.74,269.88,3.8600000000000136,False,NO_K1,0,0,,,False,,,NO_K1,,
90,01:30,4,2022-10-18,Tuesday,2022-10-17 18:30:00+00:00,2022-10-17 22:30:00+00:00,2022-10-17 22:30:00+00:00,2022-10-18 02:30:00+00:00,275.82,274.36,1.4599999999999795,True,,1,0,2022-10-18 00:00:00+00:00,2022-10-18 00:05:00+00:00,True,2022-10-18 00:05:00+00:00,2022-10-18 00:10:00+00:00,OPPOSITE_BREAK_BEFORE_H2,2022-10-18 01:30:00+00:00,
90,01:30,4,2022-10-19,Wednesday,2022-10-18 18:30:00+00:00,2022-10-18 22:30:00+00:00,2022-10-18 22:30:00+00:00,2022-10-19 02:30:00+00:00,273.98,270.12,3.8600000000000136,False,NO_K1,0,0,,,False,,,NO_K1,,
90,01:30,4,2022-10-20,Thursday,2022-10-19 18:30:00+00:00,2022-10-19 22:30:00+00:00,2022-10-19 22:30:00+00:00,2022-10-20 02:30:00+00:00,273.87,272.27,1.6000000000000227,False,OPPOSITE_VISIT_BEFORE_K1,0,1,,,False,,,OPPOSITE_VISIT_BEFORE_K1,2022-10-19 22:30:00+00:00,
90,01:30,4,2022-10-21,Friday,2022-10-20 18:30:00+00:00,2022-10-20 22:30:00+00:00,2022-10-20 22:30:00+00:00,2022-10-21 02:30:00+00:00,269.42,267.1,2.319999999999993,False,BREAK_BEFORE_K1,0,0,,,False,,,BREAK_BEFORE_K1,2022-10-21 00:20:00+00:00,
90,01:30,4,2022-10-22,Saturday,2022-10-21 18:30:00+00:00,2022-10-21 22:30:00+00:00,2022-10-21 22:30:00+00:00,2022-10-22 02:30:00+00:00,271.0,268.77,2.230000000000018,False,BREAK_BEFORE_K1,0,0,,,False,,,BREAK_BEFORE_K1,2022-10-22 01:20:00+00:00,
90,01:30,4,2022-10-23,Sunday,2022-10-22 18:30:00+00:00,2022-10-22 22:30:00+00:00,2022-10-22 22:30:00+00:00,2022-10-23 02:30:00+00:00,271.06,269.51,1.5500000000000114,False,OPPOSITE_VISIT_BEFORE_K1,0,1,,,False,,,OPPOSITE_VISIT_BEFORE_K1,2022-10-23 01:40:00+00:00,
90,01:30,4,2022-10-24,Monday,2022-10-23 18:30:00+00:00,2022-10-23 22:30:00+00:00,2022-10-23 22:30:00+00:00,2022-10-24 02:30:00+00:00,276.56,272.65,3.910000000000025,True,,1,0,2022-10-23 22:30:00+00:00,2022-10-23 22:35:00+00:00,True,2022-10-23 22:40:00+00:00,2022-10-23 22:45:00+00:00,H2_ARRIVAL,2022-10-24 00:30:00+00:00,110.0
90,01:30,4,2022-10-25,Tuesday,2022-10-24 18:30:00+00:00,2022-10-24 22:30:00+00:00,2022-10-24 22:30:00+00:00,2022-10-25 02:30:00+00:00,274.23,272.53,1.7000000000000455,True,,1,0,2022-10-25 00:00:00+00:00,2022-10-25 00:05:00+00:00,False,,,BREAK_DURING_K1,2022-10-25 00:10:00+00:00,
90,01:30,4,2022-10-26,Wednesday,2022-10-25 18:30:00+00:00,2022-10-25 22:30:00+00:00,2022-10-25 22:30:00+00:00,2022-10-26 02:30:00+00:00,289.75,285.28,4.470000000000027,False,OPPOSITE_VISIT_BEFORE_K1,0,1,,,False,,,OPPOSITE_VISIT_BEFORE_K1,2022-10-25 22:35:00+00:00,
90,01:30,4,2022-10-27,Thursday,2022-10-26 18:30:00+00:00,2022-10-26 22:30:00+00:00,2022-10-26 22:30:00+00:00,2022-10-27 02:30:00+00:00,291.87,288.71,3.160000000000025,True,,1,0,2022-10-26 23:10:00+00:00,2022-10-26 23:15:00+00:00,True,2022-10-26 23:15:00+00:00,2022-10-26 23:20:00+00:00,H2_ARRIVAL,2022-10-27 00:15:00+00:00,60.0
90,01:30,4,2022-10-28,Friday,2022-10-27 18:30:00+00:00,2022-10-27 22:30:00+00:00,2022-10-27 22:30:00+00:00,2022-10-28 02:30:00+00:00,289.02,284.42,4.599999999999966,False,NO_K1,0,0,,,False,,,NO_K1,,
90,01:30,4,2022-10-29,Saturday,2022-10-28 18:30:00+00:00,2022-10-28 22:30:00+00:00,2022-10-28 22:30:00+00:00,2022-10-29 02:30:00+00:00,301.08,297.07,4.009999999999991,False,BREAK_BEFORE_K1,0,0,,,False,,,BREAK_BEFORE_K1,2022-10-29 00:20:00+00:00,
90,01:30,4,2022-10-30,Sunday,2022-10-29 18:30:00+00:00,2022-10-29 22:30:00+00:00,2022-10-29 22:30:00+00:00,2022-10-30 02:30:00+00:00,305.89,302.25,3.6399999999999864,False,OPPOSITE_VISIT_BEFORE_K1,0,1,,,False,,,OPPOSITE_VISIT_BEFORE_K1,2022-10-29 22:45:00+00:00,
90,01:30,4,2022-10-31,Monday,2022-10-30 18:30:00+00:00,2022-10-30 22:30:00+00:00,2022-10-30 22:30:00+00:00,2022-10-31 02:30:00+00:00,317.64,310.11,7.529999999999973,False,OPPOSITE_VISIT_BEFORE_K1,0,1,,,False,,,OPPOSITE_VISIT_BEFORE_K1,2022-10-30 22:30:00+00:00,
90,01:30,4,2022-11-01,Tuesday,2022-10-31 18:30:00+00:00,2022-10-31 22:30:00+00:00,2022-10-31 22:30:00+00:00,2022-11-01 02:30:00+00:00,329.94,325.21,4.730000000000018,False,OPPOSITE_VISIT_BEFORE_K1,0,1,,,False,,,OPPOSITE_VISIT_BEFORE_K1,2022-11-01 00:00:00+00:00,
90,01:30,4,2022-11-02,Wednesday,2022-11-01 18:30:00+00:00,2022-11-01 22:30:00+00:00,2022-11-01 22:30:00+00:00,2022-11-02 02:30:00+00:00,326.26,321.97,4.289999999999964,False,NO_K1,0,0,,,False,,,NO_K1,,
90,01:30,4,2022-11-03,Thursday,2022-11-02 18:30:00+00:00,2022-11-02 22:30:00+00:00,2022-11-02 22:30:00+00:00,2022-11-03 02:30:00+00:00,328.75,315.31,13.439999999999998,False,NO_K1,0,0,,,False,,,NO_K1,,
90,01:30,4,2022-11-04,Friday,2022-11-03 18:30:00+00:00,2022-11-03 22:30:00+00:00,2022-11-03 22:30:00+00:00,2022-11-04 02:30:00+00:00,334.78,328.92,5.859999999999957,False,BREAK_BEFORE_K1,0,0,,,False,,,BREAK_BEFORE_K1,2022-11-03 23:15:00+00:00,
90,01:30,4,2022-11-05,Saturday,2022-11-04 18:30:00+00:00,2022-11-04 22:30:00+00:00,2022-11-04 22:30:00+00:00,2022-11-05 02:30:00+00:00,354.86,351.24,3.6200000000000045,True,,1,0,2022-11-05 00:00:00+00:00,2022-11-05 00:05:00+00:00,True,2022-11-05 00:05:00+00:00,2022-11-05 00:10:00+00:00,H2_ARRIVAL,2022-11-05 00:35:00+00:00,30.0
90,01:30,4,2022-11-06,Sunday,2022-11-05 18:30:00+00:00,2022-11-05 22:30:00+00:00,2022-11-05 22:30:00+00:00,2022-11-06 02:30:00+00:00,351.23,348.13,3.1000000000000227,False,BREAK_BEFORE_K1,0,0,,,False,,,BREAK_BEFORE_K1,2022-11-05 22:30:00+00:00,
90,01:30,4,2022-11-07,Monday,2022-11-06 18:30:00+00:00,2022-11-06 22:30:00+00:00,2022-11-06 22:30:00+00:00,2022-11-07 02:30:00+00:00,353.48,348.07,5.410000000000025,False,BREAK_BEFORE_K1,0,0,,,False,,,BREAK_BEFORE_K1,2022-11-06 22:35:00+00:00,
90,01:30,4,2022-11-08,Tuesday,2022-11-07 18:30:00+00:00,2022-11-07 22:30:00+00:00,2022-11-07 22:30:00+00:00,2022-11-08 02:30:00+00:00,344.19,328.35,15.839999999999975,False,NO_K1,0,0,,,False,,,NO_K1,,
90,01:30,4,2022-11-09,Wednesday,2022-11-08 18:30:00+00:00,2022-11-08 22:30:00+00:00,2022-11-08 22:30:00+00:00,2022-11-09 02:30:00+00:00,343.23,298.17,45.06,False,NO_K1,0,0,,,False,,,NO_K1,,
90,01:30,4,2022-11-10,Thursday,2022-11-09 18:30:00+00:00,2022-11-09 22:30:00+00:00,2022-11-09 22:30:00+00:00,2022-11-10 02:30:00+00:00,287.06,260.0,27.060000000000002,False,NO_K1,0,0,,,False,,,NO_K1,,
90,01:30,4,2022-11-11,Friday,2022-11-10 18:30:00+00:00,2022-11-10 22:30:00+00:00,2022-11-10 22:30:00+00:00,2022-11-11 02:30:00+00:00,308.55,297.02,11.53000000000003,False,BREAK_BEFORE_K1,0,0,,,False,,,BREAK_BEFORE_K1,2022-11-11 01:50:00+00:00,
90,01:30,4,2022-11-12,Saturday,2022-11-11 18:30:00+00:00,2022-11-11 22:30:00+00:00,2022-11-11 22:30:00+00:00,2022-11-12 02:30:00+00:00,289.22,284.7,4.520000000000039,True,,1,0,2022-11-11 22:55:00+00:00,2022-11-11 23:00:00+00:00,False,,,BREAK_DURING_K1,2022-11-11 23:00:00+00:00,
90,01:30,4,2022-11-13,Sunday,2022-11-12 18:30:00+00:00,2022-11-12 22:30:00+00:00,2022-11-12 22:30:00+00:00,2022-11-13 02:30:00+00:00,283.36,280.52,2.840000000000032,True,,1,0,2022-11-13 00:20:00+00:00,2022-11-13 00:25:00+00:00,False,,,BREAK_DURING_K1,2022-11-13 00:25:00+00:00,
90,01:30,4,2022-11-14,Monday,2022-11-13 18:30:00+00:00,2022-11-13 22:30:00+00:00,2022-11-13 22:30:00+00:00,2022-11-14 02:30:00+00:00,279.18,273.0,6.180000000000007,False,BREAK_BEFORE_K1,0,0,,,False,,,BREAK_BEFORE_K1,2022-11-14 00:20:00+00:00,
90,01:30,4,2022-11-15,Tuesday,2022-11-14 18:30:00+00:00,2022-11-14 22:30:00+00:00,2022-11-14 22:30:00+00:00,2022-11-15 02:30:00+00:00,277.75,271.74,6.009999999999991,False,BREAK_BEFORE_K1,0,0,,,False,,,BREAK_BEFORE_K1,2022-11-14 23:15:00+00:00,
90,01:30,4,2022-11-16,Wednesday,2022-11-15 18:30:00+00:00,2022-11-15 22:30:00+00:00,2022-11-15 22:30:00+00:00,2022-11-16 02:30:00+00:00,277.81,272.9,4.910000000000025,True,,1,0,2022-11-16 01:05:00+00:00,2022-11-16 01:10:00+00:00,True,2022-11-16 01:10:00+00:00,2022-11-16 01:15:00+00:00,H2_ARRIVAL,2022-11-16 01:25:00+00:00,15.0
90,01:30,4,2022-11-17,Thursday,2022-11-16 18:30:00+00:00,2022-11-16 22:30:00+00:00,2022-11-16 22:30:00+00:00,2022-11-17 02:30:00+00:00,272.99,269.48,3.509999999999991,True,,1,0,2022-11-17 00:45:00+00:00,2022-11-17 00:50:00+00:00,True,2022-11-17 00:55:00+00:00,2022-11-17 01:00:00+00:00,H2_ARRIVAL,2022-11-17 01:05:00+00:00,10.0
90,01:30,4,2022-11-18,Friday,2022-11-17 18:30:00+00:00,2022-11-17 22:30:00+00:00,2022-11-17 22:30:00+00:00,2022-11-18 02:30:00+00:00,268.78,267.08,1.6999999999999886,True,,1,0,2022-11-17 23:00:00+00:00,2022-11-17 23:05:00+00:00,True,2022-11-17 23:05:00+00:00,2022-11-17 23:10:00+00:00,H2_ARRIVAL,2022-11-18 00:10:00+00:00,65.0
90,01:30,4,2022-11-19,Saturday,2022-11-18 18:30:00+00:00,2022-11-18 22:30:00+00:00,2022-11-18 22:30:00+00:00,2022-11-19 02:30:00+00:00,274.78,270.65,4.1299999999999955,False,NO_K1,0,0,,,False,,,NO_K1,,
90,01:30,4,2022-11-20,Sunday,2022-11-19 18:30:00+00:00,2022-11-19 22:30:00+00:00,2022-11-19 22:30:00+00:00,2022-11-20 02:30:00+00:00,273.61,271.06,2.5500000000000114,True,,1,0,2022-11-19 22:30:00+00:00,2022-11-19 22:35:00+00:00,False,,,BREAK_DURING_K1,2022-11-19 22:35:00+00:00,
90,01:30,4,2022-11-21,Monday,2022-11-20 18:30:00+00:00,2022-11-20 22:30:00+00:00,2022-11-20 22:30:00+00:00,2022-11-21 02:30:00+00:00,269.84,261.36,8.479999999999961,False,OPPOSITE_VISIT_BEFORE_K1,0,1,,,False,,,OPPOSITE_VISIT_BEFORE_K1,2022-11-21 00:05:00+00:00,
90,01:30,4,2022-11-22,Tuesday,2022-11-21 18:30:00+00:00,2022-11-21 22:30:00+00:00,2022-11-21 22:30:00+00:00,2022-11-22 02:30:00+00:00,256.08,249.12,6.9599999999999795,False,BREAK_BEFORE_K1,0,0,,,False,,,BREAK_BEFORE_K1,2022-11-22 00:20:00+00:00,
90,01:30,4,2022-11-23,Wednesday,2022-11-22 18:30:00+00:00,2022-11-22 22:30:00+00:00,2022-11-22 22:30:00+00:00,2022-11-23 02:30:00+00:00,266.2,262.2,4.0,True,,1,0,2022-11-22 22:30:00+00:00,2022-11-22 22:35:00+00:00,True,2022-11-22 22:35:00+00:00,2022-11-22 22:40:00+00:00,H2_ARRIVAL,2022-11-22 22:45:00+00:00,10.0
90,01:30,4,2022-11-24,Thursday,2022-11-23 18:30:00+00:00,2022-11-23 22:30:00+00:00,2022-11-23 22:30:00+00:00,2022-11-24 02:30:00+00:00,302.16,294.45,7.710000000000036,False,BREAK_BEFORE_K1,0,0,,,False,,,BREAK_BEFORE_K1,2022-11-23 22:30:00+00:00,
90,01:30,4,2022-11-25,Friday,2022-11-24 18:30:00+00:00,2022-11-24 22:30:00+00:00,2022-11-24 22:30:00+00:00,2022-11-25 02:30:00+00:00,299.81,297.34,2.4700000000000273,True,,1,0,2022-11-24 22:50:00+00:00,2022-11-24 22:55:00+00:00,False,,,BREAK_DURING_K1,2022-11-24 22:55:00+00:00,
90,01:30,4,2022-11-26,Saturday,2022-11-25 18:30:00+00:00,2022-11-25 22:30:00+00:00,2022-11-25 22:30:00+00:00,2022-11-26 02:30:00+00:00,302.5,299.4,3.1000000000000227,False,BREAK_BEFORE_K1,0,0,,,False,,,BREAK_BEFORE_K1,2022-11-25 22:45:00+00:00,
90,01:30,4,2022-11-27,Sunday,2022-11-26 18:30:00+00:00,2022-11-26 22:30:00+00:00,2022-11-26 22:30:00+00:00,2022-11-27 02:30:00+00:00,313.51,311.01,2.5,False,BREAK_BEFORE_K1,0,0,,,False,,,BREAK_BEFORE_K1,2022-11-26 22:40:00+00:00,
90,01:30,4,2022-11-28,Monday,2022-11-27 18:30:00+00:00,2022-11-27 22:30:00+00:00,2022-11-27 22:30:00+00:00,2022-11-28 02:30:00+00:00,314.4,309.39,5.009999999999991,False,BREAK_BEFORE_K1,0,0,,,False,,,BREAK_BEFORE_K1,2022-11-27 23:20:00+00:00,
90,01:30,4,2022-11-29,Tuesday,2022-11-28 18:30:00+00:00,2022-11-28 22:30:00+00:00,2022-11-28 22:30:00+00:00,2022-11-29 02:30:00+00:00,294.16,291.1,3.0600000000000023,False,BREAK_BEFORE_K1,0,0,,,False,,,BREAK_BEFORE_K1,2022-11-29 00:10:00+00:00,
90,01:30,4,2022-11-30,Wednesday,2022-11-29 18:30:00+00:00,2022-11-29 22:30:00+00:00,2022-11-29 22:30:00+00:00,2022-11-30 02:30:00+00:00,297.27,295.02,2.25,True,,1,0,2022-11-29 23:00:00+00:00,2022-11-29 23:05:00+00:00,True,2022-11-29 23:05:00+00:00,2022-11-29 23:10:00+00:00,H2_ARRIVAL,2022-11-30 00:30:00+00:00,85.0
90,01:30,4,2022-12-01,Thursday,2022-11-30 18:30:00+00:00,2022-11-30 22:30:00+00:00,2022-11-30 22:30:00+00:00,2022-12-01 02:30:00+00:00,301.36,293.15,8.210000000000036,True,,1,0,2022-11-30 23:35:00+00:00,2022-11-30 23:40:00+00:00,False,,,BREAK_DURING_K1,2022-11-30 23:40:00+00:00,
90,01:30,4,2022-12-02,Friday,2022-12-01 18:30:00+00:00,2022-12-01 22:30:00+00:00,2022-12-01 22:30:00+00:00,2022-12-02 02:30:00+00:00,293.58,290.86,2.7199999999999704,True,,1,0,2022-12-02 00:40:00+00:00,2022-12-02 00:45:00+00:00,True,2022-12-02 00:50:00+00:00,2022-12-02 00:55:00+00:00,OPPOSITE_BREAK_BEFORE_H2,2022-12-02 01:40:00+00:00,
90,01:30,4,2022-12-03,Saturday,2022-12-02 18:30:00+00:00,2022-12-02 22:30:00+00:00,2022-12-02 22:30:00+00:00,2022-12-03 02:30:00+00:00,292.4,289.42,2.9799999999999613,False,BREAK_BEFORE_K1,0,0,,,False,,,BREAK_BEFORE_K1,2022-12-02 22:30:00+00:00,
90,01:30,4,2022-12-04,Sunday,2022-12-03 18:30:00+00:00,2022-12-03 22:30:00+00:00,2022-12-03 22:30:00+00:00,2022-12-04 02:30:00+00:00,292.57,290.65,1.920000000000016,False,BREAK_BEFORE_K1,0,0,,,False,,,BREAK_BEFORE_K1,2022-12-03 22:30:00+00:00,
90,01:30,4,2022-12-05,Monday,2022-12-04 18:30:00+00:00,2022-12-04 22:30:00+00:00,2022-12-04 22:30:00+00:00,2022-12-05 02:30:00+00:00,291.97,290.36,1.6100000000000136,False,BREAK_BEFORE_K1,0,0,,,False,,,BREAK_BEFORE_K1,2022-12-04 23:30:00+00:00,
90,01:30,4,2022-12-06,Tuesday,2022-12-05 18:30:00+00:00,2022-12-05 22:30:00+00:00,2022-12-05 22:30:00+00:00,2022-12-06 02:30:00+00:00,290.19,286.01,4.180000000000007,True,,1,0,2022-12-06 02:00:00+00:00,2022-12-06 02:05:00+00:00,False,,,BREAK_DURING_K1,2022-12-06 02:05:00+00:00,
90,01:30,4,2022-12-07,Wednesday,2022-12-06 18:30:00+00:00,2022-12-06 22:30:00+00:00,2022-12-06 22:30:00+00:00,2022-12-07 02:30:00+00:00,289.19,286.78,2.410000000000025,True,,1,0,2022-12-06 22:30:00+00:00,2022-12-06 22:35:00+00:00,True,2022-12-06 22:50:00+00:00,2022-12-06 22:55:00+00:00,H2_ARRIVAL,2022-12-06 23:00:00+00:00,10.0
90,01:30,4,2022-12-08,Thursday,2022-12-07 18:30:00+00:00,2022-12-07 22:30:00+00:00,2022-12-07 22:30:00+00:00,2022-12-08 02:30:00+00:00,283.96,282.23,1.7299999999999613,False,BREAK_BEFORE_K1,0,0,,,False,,,BREAK_BEFORE_K1,2022-12-07 22:45:00+00:00,
90,01:30,4,2022-12-09,Friday,2022-12-08 18:30:00+00:00,2022-12-08 22:30:00+00:00,2022-12-08 22:30:00+00:00,2022-12-09 02:30:00+00:00,291.99,288.04,3.9499999999999886,False,NO_K1,0,0,,,False,,,NO_K1,,
90,01:30,4,2022-12-10,Saturday,2022-12-09 18:30:00+00:00,2022-12-09 22:30:00+00:00,2022-12-09 22:30:00+00:00,2022-12-10 02:30:00+00:00,288.72,284.5,4.220000000000027,False,NO_K1,0,0,,,False,,,NO_K1,,
90,01:30,4,2022-12-11,Sunday,2022-12-10 18:30:00+00:00,2022-12-10 22:30:00+00:00,2022-12-10 22:30:00+00:00,2022-12-11 02:30:00+00:00,288.55,287.53,1.0200000000000387,False,OPPOSITE_VISIT_BEFORE_K1,0,1,,,False,,,OPPOSITE_VISIT_BEFORE_K1,2022-12-10 22:45:00+00:00,
90,01:30,4,2022-12-12,Monday,2022-12-11 18:30:00+00:00,2022-12-11 22:30:00+00:00,2022-12-11 22:30:00+00:00,2022-12-12 02:30:00+00:00,291.49,284.0,7.490000000000009,False,OPPOSITE_VISIT_BEFORE_K1,0,1,,,False,,,OPPOSITE_VISIT_BEFORE_K1,2022-12-11 23:35:00+00:00,
90,01:30,4,2022-12-13,Tuesday,2022-12-12 18:30:00+00:00,2022-12-12 22:30:00+00:00,2022-12-12 22:30:00+00:00,2022-12-13 02:30:00+00:00,277.4,272.95,4.449999999999989,True,,1,0,2022-12-12 23:40:00+00:00,2022-12-12 23:45:00+00:00,True,2022-12-12 23:50:00+00:00,2022-12-12 23:55:00+00:00,OPPOSITE_BREAK_BEFORE_H2,2022-12-13 02:00:00+00:00,
90,01:30,4,2022-12-14,Wednesday,2022-12-13 18:30:00+00:00,2022-12-13 22:30:00+00:00,2022-12-13 22:30:00+00:00,2022-12-14 02:30:00+00:00,273.99,268.07,5.920000000000016,True,,1,0,2022-12-14 00:00:00+00:00,2022-12-14 00:05:00+00:00,True,2022-12-14 00:05:00+00:00,2022-12-14 00:10:00+00:00,H2_ARRIVAL,2022-12-14 00:40:00+00:00,35.0
90,01:30,4,2022-12-15,Thursday,2022-12-14 18:30:00+00:00,2022-12-14 22:30:00+00:00,2022-12-14 22:30:00+00:00,2022-12-15 02:30:00+00:00,274.09,265.0,9.089999999999975,False,BREAK_BEFORE_K1,0,0,,,False,,,BREAK_BEFORE_K1,2022-12-15 01:35:00+00:00,
90,01:30,4,2022-12-16,Friday,2022-12-15 18:30:00+00:00,2022-12-15 22:30:00+00:00,2022-12-15 22:30:00+00:00,2022-12-16 02:30:00+00:00,261.72,256.53,5.190000000000055,False,OPPOSITE_VISIT_BEFORE_K1,0,1,,,False,,,OPPOSITE_VISIT_BEFORE_K1,2022-12-15 22:40:00+00:00,
90,01:30,4,2022-12-17,Saturday,2022-12-16 18:30:00+00:00,2022-12-16 22:30:00+00:00,2022-12-16 22:30:00+00:00,2022-12-17 02:30:00+00:00,246.62,240.36,6.259999999999991,False,BREAK_BEFORE_K1,0,0,,,False,,,BREAK_BEFORE_K1,2022-12-16 22:30:00+00:00,
90,01:30,4,2022-12-18,Sunday,2022-12-17 18:30:00+00:00,2022-12-17 22:30:00+00:00,2022-12-17 22:30:00+00:00,2022-12-18 02:30:00+00:00,237.7,234.65,3.049999999999983,False,BREAK_BEFORE_K1,0,0,,,False,,,BREAK_BEFORE_K1,2022-12-17 22:35:00+00:00,
90,01:30,4,2022-12-19,Monday,2022-12-18 18:30:00+00:00,2022-12-18 22:30:00+00:00,2022-12-18 22:30:00+00:00,2022-12-19 02:30:00+00:00,251.0,246.39,4.610000000000014,False,BREAK_BEFORE_K1,0,0,,,False,,,BREAK_BEFORE_K1,2022-12-18 22:35:00+00:00,
90,01:30,4,2022-12-20,Tuesday,2022-12-19 18:30:00+00:00,2022-12-19 22:30:00+00:00,2022-12-19 22:30:00+00:00,2022-12-20 02:30:00+00:00,244.8,240.3,4.5,False,BREAK_BEFORE_K1,0,0,,,False,,,BREAK_BEFORE_K1,2022-12-19 22:30:00+00:00,
90,01:30,4,2022-12-21,Wednesday,2022-12-20 18:30:00+00:00,2022-12-20 22:30:00+00:00,2022-12-20 22:30:00+00:00,2022-12-21 02:30:00+00:00,251.26,248.65,2.609999999999985,True,,1,0,2022-12-20 22:45:00+00:00,2022-12-20 22:50:00+00:00,True,2022-12-20 22:50:00+00:00,2022-12-20 22:55:00+00:00,H2_ARRIVAL,2022-12-20 23:00:00+00:00,10.0
90,01:30,4,2022-12-22,Thursday,2022-12-21 18:30:00+00:00,2022-12-21 22:30:00+00:00,2022-12-21 22:30:00+00:00,2022-12-22 02:30:00+00:00,247.91,245.0,2.9099999999999966,False,BREAK_BEFORE_K1,0,0,,,False,,,BREAK_BEFORE_K1,2022-12-22 00:55:00+00:00,
90,01:30,4,2022-12-23,Friday,2022-12-22 18:30:00+00:00,2022-12-22 22:30:00+00:00,2022-12-22 22:30:00+00:00,2022-12-23 02:30:00+00:00,247.0,241.06,5.939999999999998,False,NO_K1,0,0,,,False,,,NO_K1,,
90,01:30,4,2022-12-24,Saturday,2022-12-23 18:30:00+00:00,2022-12-23 22:30:00+00:00,2022-12-23 22:30:00+00:00,2022-12-24 02:30:00+00:00,246.34,245.38,0.960000000000008,False,OPPOSITE_VISIT_BEFORE_K1,0,1,,,False,,,OPPOSITE_VISIT_BEFORE_K1,2022-12-24 00:45:00+00:00,
90,01:30,4,2022-12-25,Sunday,2022-12-24 18:30:00+00:00,2022-12-24 22:30:00+00:00,2022-12-24 22:30:00+00:00,2022-12-25 02:30:00+00:00,244.85,243.81,1.039999999999992,True,,1,0,2022-12-25 00:25:00+00:00,2022-12-25 00:30:00+00:00,False,,,BREAK_DURING_K1,2022-12-25 00:30:00+00:00,
90,01:30,4,2022-12-26,Monday,2022-12-25 18:30:00+00:00,2022-12-25 22:30:00+00:00,2022-12-25 22:30:00+00:00,2022-12-26 02:30:00+00:00,243.76,241.2,2.5600000000000023,False,BREAK_BEFORE_K1,0,0,,,False,,,BREAK_BEFORE_K1,2022-12-26 01:45:00+00:00,
90,01:30,4,2022-12-27,Tuesday,2022-12-26 18:30:00+00:00,2022-12-26 22:30:00+00:00,2022-12-26 22:30:00+00:00,2022-12-27 02:30:00+00:00,243.13,242.1,1.0300000000000011,True,,1,0,2022-12-26 23:30:00+00:00,2022-12-26 23:35:00+00:00,False,,,BREAK_DURING_K1,2022-12-26 23:35:00+00:00,
90,01:30,4,2022-12-28,Wednesday,2022-12-27 18:30:00+00:00,2022-12-27 22:30:00+00:00,2022-12-27 22:30:00+00:00,2022-12-28 02:30:00+00:00,246.34,244.34,2.0,True,,1,0,2022-12-27 22:55:00+00:00,2022-12-27 23:00:00+00:00,True,2022-12-27 23:15:00+00:00,2022-12-27 23:20:00+00:00,H2_ARRIVAL,2022-12-27 23:25:00+00:00,10.0
90,01:30,4,2022-12-29,Thursday,2022-12-28 18:30:00+00:00,2022-12-28 22:30:00+00:00,2022-12-28 22:30:00+00:00,2022-12-29 02:30:00+00:00,244.44,241.89,2.5500000000000114,True,,1,0,2022-12-28 23:55:00+00:00,2022-12-29 00:00:00+00:00,False,,,BREAK_DURING_K1,2022-12-29 00:00:00+00:00,
90,01:30,4,2022-12-30,Friday,2022-12-29 18:30:00+00:00,2022-12-29 22:30:00+00:00,2022-12-29 22:30:00+00:00,2022-12-30 02:30:00+00:00,246.29,244.46,1.829999999999984,True,,1,0,2022-12-29 22:35:00+00:00,2022-12-29 22:40:00+00:00,True,2022-12-29 22:40:00+00:00,2022-12-29 22:45:00+00:00,H2_ARRIVAL,2022-12-29 23:15:00+00:00,35.0
90,01:30,4,2022-12-31,Saturday,2022-12-30 18:30:00+00:00,2022-12-30 22:30:00+00:00,2022-12-30 22:30:00+00:00,2022-12-31 02:30:00+00:00,245.72,244.52,1.1999999999999886,False,BREAK_BEFORE_K1,0,0,,,False,,,BREAK_BEFORE_K1,2022-12-30 23:05:00+00:00,
90,01:30,4,2023-01-01,Sunday,2022-12-31 18:30:00+00:00,2022-12-31 22:30:00+00:00,2022-12-31 22:30:00+00:00,2023-01-01 02:30:00+00:00,247.35,246.31,1.039999999999992,False,BREAK_BEFORE_K1,0,0,,,False,,,BREAK_BEFORE_K1,2022-12-31 22:50:00+00:00,
90,01:30,4,2023-01-02,Monday,2023-01-01 18:30:00+00:00,2023-01-01 22:30:00+00:00,2023-01-01 22:30:00+00:00,2023-01-02 02:30:00+00:00,245.81,244.57,1.240000000000009,False,BREAK_BEFORE_K1,0,0,,,False,,,BREAK_BEFORE_K1,2023-01-01 23:00:00+00:00,
90,01:30,4,2023-01-03,Tuesday,2023-01-02 18:30:00+00:00,2023-01-02 22:30:00+00:00,2023-01-02 22:30:00+00:00,2023-01-03 02:30:00+00:00,247.73,246.08,1.6499999999999773,False,OPPOSITE_VISIT_BEFORE_K1,0,1,,,False,,,OPPOSITE_VISIT_BEFORE_K1,2023-01-02 22:45:00+00:00,
90,01:30,4,2023-01-04,Wednesday,2023-01-03 18:30:00+00:00,2023-01-03 22:30:00+00:00,2023-01-03 22:30:00+00:00,2023-01-04 02:30:00+00:00,245.98,244.71,1.2699999999999818,True,,1,0,2023-01-03 23:00:00+00:00,2023-01-03 23:05:00+00:00,False,,,BREAK_DURING_K1,2023-01-03 23:05:00+00:00,
90,01:30,4,2023-01-05,Thursday,2023-01-04 18:30:00+00:00,2023-01-04 22:30:00+00:00,2023-01-04 22:30:00+00:00,2023-01-05 02:30:00+00:00,260.3,254.7,5.600000000000023,False,NO_K1,0,0,,,False,,,NO_K1,,
90,01:30,4,2023-01-06,Friday,2023-01-05 18:30:00+00:00,2023-01-05 22:30:00+00:00,2023-01-05 22:30:00+00:00,2023-01-06 02:30:00+00:00,258.22,256.57,1.650000000000034,False,BREAK_BEFORE_K1,0,0,,,False,,,BREAK_BEFORE_K1,2023-01-05 22:45:00+00:00,
90,01:30,4,2023-01-07,Saturday,2023-01-06 18:30:00+00:00,2023-01-06 22:30:00+00:00,2023-01-06 22:30:00+00:00,2023-01-07 02:30:00+00:00,260.5,258.21,2.2900000000000205,False,BREAK_BEFORE_K1,0,0,,,False,,,BREAK_BEFORE_K1,2023-01-07 00:55:00+00:00,
90,01:30,4,2023-01-08,Sunday,2023-01-07 18:30:00+00:00,2023-01-07 22:30:00+00:00,2023-01-07 22:30:00+00:00,2023-01-08 02:30:00+00:00,261.62,260.41,1.2099999999999795,False,BREAK_BEFORE_K1,0,0,,,False,,,BREAK_BEFORE_K1,2023-01-08 00:05:00+00:00,
90,01:30,4,2023-01-09,Monday,2023-01-08 18:30:00+00:00,2023-01-08 22:30:00+00:00,2023-01-08 22:30:00+00:00,2023-01-09 02:30:00+00:00,271.13,265.09,6.0400000000000205,False,BREAK_BEFORE_K1,0,0,,,False,,,BREAK_BEFORE_K1,2023-01-08 22:50:00+00:00,
90,01:30,4,2023-01-10,Tuesday,2023-01-09 18:30:00+00:00,2023-01-09 22:30:00+00:00,2023-01-09 22:30:00+00:00,2023-01-10 02:30:00+00:00,281.13,271.31,9.819999999999993,False,OPPOSITE_VISIT_BEFORE_K1,0,1,,,False,,,OPPOSITE_VISIT_BEFORE_K1,2023-01-09 23:10:00+00:00,
90,01:30,4,2023-01-11,Wednesday,2023-01-10 18:30:00+00:00,2023-01-10 22:30:00+00:00,2023-01-10 22:30:00+00:00,2023-01-11 02:30:00+00:00,278.65,275.33,3.319999999999993,False,OPPOSITE_VISIT_BEFORE_K1,0,1,,,False,,,OPPOSITE_VISIT_BEFORE_K1,2023-01-11 02:20:00+00:00,
90,01:30,4,2023-01-12,Thursday,2023-01-11 18:30:00+00:00,2023-01-11 22:30:00+00:00,2023-01-11 22:30:00+00:00,2023-01-12 02:30:00+00:00,280.45,277.86,2.589999999999975,False,BREAK_BEFORE_K1,0,0,,,False,,,BREAK_BEFORE_K1,2023-01-11 22:45:00+00:00,
90,01:30,4,2023-01-13,Friday,2023-01-12 18:30:00+00:00,2023-01-12 22:30:00+00:00,2023-01-12 22:30:00+00:00,2023-01-13 02:30:00+00:00,288.67,284.53,4.140000000000043,False,NO_K1,0,0,,,False,,,NO_K1,,
90,01:30,4,2023-01-14,Saturday,2023-01-13 18:30:00+00:00,2023-01-13 22:30:00+00:00,2023-01-13 22:30:00+00:00,2023-01-14 02:30:00+00:00,294.67,286.7,7.970000000000027,False,BREAK_BEFORE_K1,0,0,,,False,,,BREAK_BEFORE_K1,2023-01-13 22:35:00+00:00,
90,01:30,4,2023-01-15,Sunday,2023-01-14 18:30:00+00:00,2023-01-14 22:30:00+00:00,2023-01-14 22:30:00+00:00,2023-01-15 02:30:00+00:00,304.84,302.53,2.3100000000000023,False,BREAK_BEFORE_K1,0,0,,,False,,,BREAK_BEFORE_K1,2023-01-14 22:35:00+00:00,
90,01:30,4,2023-01-16,Monday,2023-01-15 18:30:00+00:00,2023-01-15 22:30:00+00:00,2023-01-15 22:30:00+00:00,2023-01-16 02:30:00+00:00,302.66,300.23,2.430000000000007,False,BREAK_BEFORE_K1,0,0,,,False,,,BREAK_BEFORE_K1,2023-01-15 22:50:00+00:00,
90,01:30,4,2023-01-17,Tuesday,2023-01-16 18:30:00+00:00,2023-01-16 22:30:00+00:00,2023-01-16 22:30:00+00:00,2023-01-17 02:30:00+00:00,302.55,298.2,4.350000000000023,False,BREAK_BEFORE_K1,0,0,,,False,,,BREAK_BEFORE_K1,2023-01-17 00:00:00+00:00,
90,01:30,4,2023-01-18,Wednesday,2023-01-17 18:30:00+00:00,2023-01-17 22:30:00+00:00,2023-01-17 22:30:00+00:00,2023-01-18 02:30:00+00:00,303.63,301.51,2.1200000000000045,False,BREAK_BEFORE_K1,0,0,,,False,,,BREAK_BEFORE_K1,2023-01-17 22:30:00+00:00,
90,01:30,4,2023-01-19,Thursday,2023-01-18 18:30:00+00:00,2023-01-18 22:30:00+00:00,2023-01-18 22:30:00+00:00,2023-01-19 02:30:00+00:00,296.36,287.44,8.920000000000016,False,BREAK_BEFORE_K1,0,0,,,False,,,BREAK_BEFORE_K1,2023-01-18 23:35:00+00:00,
90,01:30,4,2023-01-20,Friday,2023-01-19 18:30:00+00:00,2023-01-19 22:30:00+00:00,2023-01-19 22:30:00+00:00,2023-01-20 02:30:00+00:00,295.4,290.66,4.739999999999952,True,,1,0,2023-01-20 00:05:00+00:00,2023-01-20 00:10:00+00:00,True,2023-01-20 00:10:00+00:00,2023-01-20 00:15:00+00:00,H2_ARRIVAL,2023-01-20 02:15:00+00:00,125.0
90,01:30,4,2023-01-21,Saturday,2023-01-20 18:30:00+00:00,2023-01-20 22:30:00+00:00,2023-01-20 22:30:00+00:00,2023-01-21 02:30:00+00:00,305.12,291.97,13.149999999999977,True,,1,0,2023-01-20 23:10:00+00:00,2023-01-20 23:15:00+00:00,False,,,BREAK_DURING_K1,2023-01-20 23:15:00+00:00,
90,01:30,4,2023-01-22,Sunday,2023-01-21 18:30:00+00:00,2023-01-21 22:30:00+00:00,2023-01-21 22:30:00+00:00,2023-01-22 02:30:00+00:00,305.19,302.72,2.4699999999999704,False,BREAK_BEFORE_K1,0,0,,,False,,,BREAK_BEFORE_K1,2023-01-21 22:55:00+00:00,
90,01:30,4,2023-01-23,Monday,2023-01-22 18:30:00+00:00,2023-01-22 22:30:00+00:00,2023-01-22 22:30:00+00:00,2023-01-23 02:30:00+00:00,308.26,298.5,9.759999999999991,False,NO_K1,0,0,,,False,,,NO_K1,,
90,01:30,4,2023-01-24,Tuesday,2023-01-23 18:30:00+00:00,2023-01-23 22:30:00+00:00,2023-01-23 22:30:00+00:00,2023-01-24 02:30:00+00:00,306.78,303.5,3.2799999999999727,True,,1,0,2023-01-23 22:45:00+00:00,2023-01-23 22:50:00+00:00,True,2023-01-23 22:50:00+00:00,2023-01-23 22:55:00+00:00,H2_ARRIVAL,2023-01-24 00:25:00+00:00,95.0
90,01:30,4,2023-01-25,Wednesday,2023-01-24 18:30:00+00:00,2023-01-24 22:30:00+00:00,2023-01-24 22:30:00+00:00,2023-01-25 02:30:00+00:00,311.36,299.5,11.860000000000014,False,BREAK_BEFORE_K1,0,0,,,False,,,BREAK_BEFORE_K1,2023-01-24 23:15:00+00:00,
90,01:30,4,2023-01-26,Thursday,2023-01-25 18:30:00+00:00,2023-01-25 22:30:00+00:00,2023-01-25 22:30:00+00:00,2023-01-26 02:30:00+00:00,314.05,300.07,13.980000000000018,False,NO_K1,0,0,,,False,,,NO_K1,,
90,01:30,4,2023-01-27,Friday,2023-01-26 18:30:00+00:00,2023-01-26 22:30:00+00:00,2023-01-26 22:30:00+00:00,2023-01-27 02:30:00+00:00,307.1,303.57,3.5300000000000296,False,BREAK_BEFORE_K1,0,0,,,False,,,BREAK_BEFORE_K1,2023-01-27 00:15:00+00:00,
90,01:30,4,2023-01-28,Saturday,2023-01-27 18:30:00+00:00,2023-01-27 22:30:00+00:00,2023-01-27 22:30:00+00:00,2023-01-28 02:30:00+00:00,310.73,305.29,5.439999999999998,False,NO_K1,0,0,,,False,,,NO_K1,,
90,01:30,4,2023-01-29,Sunday,2023-01-28 18:30:00+00:00,2023-01-28 22:30:00+00:00,2023-01-28 22:30:00+00:00,2023-01-29 02:30:00+00:00,306.89,304.08,2.8100000000000023,True,,1,0,2023-01-29 00:30:00+00:00,2023-01-29 00:35:00+00:00,False,,,BREAK_DURING_K1,2023-01-29 00:35:00+00:00,
90,01:30,4,2023-01-30,Monday,2023-01-29 18:30:00+00:00,2023-01-29 22:30:00+00:00,2023-01-29 22:30:00+00:00,2023-01-30 02:30:00+00:00,320.71,315.0,5.7099999999999795,False,BREAK_BEFORE_K1,0,0,,,False,,,BREAK_BEFORE_K1,2023-01-30 00:45:00+00:00,
90,01:30,4,2023-01-31,Tuesday,2023-01-30 18:30:00+00:00,2023-01-30 22:30:00+00:00,2023-01-30 22:30:00+00:00,2023-01-31 02:30:00+00:00,309.0,300.88,8.120000000000005,False,BREAK_BEFORE_K1,0,0,,,False,,,BREAK_BEFORE_K1,2023-01-31 01:10:00+00:00,
90,01:30,4,2023-02-01,Wednesday,2023-01-31 18:30:00+00:00,2023-01-31 22:30:00+00:00,2023-01-31 22:30:00+00:00,2023-02-01 02:30:00+00:00,314.12,309.3,4.819999999999993,False,OPPOSITE_VISIT_BEFORE_K1,0,1,,,False,,,OPPOSITE_VISIT_BEFORE_K1,2023-01-31 22:30:00+00:00,
90,01:30,4,2023-02-02,Thursday,2023-02-01 18:30:00+00:00,2023-02-01 22:30:00+00:00,2023-02-01 22:30:00+00:00,2023-02-02 02:30:00+00:00,319.58,306.77,12.810000000000002,False,BREAK_BEFORE_K1,0,0,,,False,,,BREAK_BEFORE_K1,2023-02-02 00:40:00+00:00,
90,01:30,4,2023-02-03,Friday,2023-02-02 18:30:00+00:00,2023-02-02 22:30:00+00:00,2023-02-02 22:30:00+00:00,2023-02-03 02:30:00+00:00,332.98,321.36,11.620000000000005,False,NO_K1,0,0,,,False,,,NO_K1,,
90,01:30,4,2023-02-04,Saturday,2023-02-03 18:30:00+00:00,2023-02-03 22:30:00+00:00,2023-02-03 22:30:00+00:00,2023-02-04 02:30:00+00:00,332.93,328.32,4.610000000000014,True,,1,0,2023-02-04 00:00:00+00:00,2023-02-04 00:05:00+00:00,True,2023-02-04 00:10:00+00:00,2023-02-04 00:15:00+00:00,H2_ARRIVAL,2023-02-04 00:20:00+00:00,10.0
90,01:30,4,2023-02-05,Sunday,2023-02-04 18:30:00+00:00,2023-02-04 22:30:00+00:00,2023-02-04 22:30:00+00:00,2023-02-05 02:30:00+00:00,331.61,329.55,2.0600000000000023,False,BREAK_BEFORE_K1,0,0,,,False,,,BREAK_BEFORE_K1,2023-02-04 23:00:00+00:00,
90,01:30,4,2023-02-06,Monday,2023-02-05 18:30:00+00:00,2023-02-05 22:30:00+00:00,2023-02-05 22:30:00+00:00,2023-02-06 02:30:00+00:00,327.5,324.41,3.089999999999975,False,BREAK_BEFORE_K1,0,0,,,False,,,BREAK_BEFORE_K1,2023-02-05 22:30:00+00:00,
90,01:30,4,2023-02-07,Tuesday,2023-02-06 18:30:00+00:00,2023-02-06 22:30:00+00:00,2023-02-06 22:30:00+00:00,2023-02-07 02:30:00+00:00,330.0,327.13,2.8700000000000045,False,OPPOSITE_VISIT_BEFORE_K1,0,1,,,False,,,OPPOSITE_VISIT_BEFORE_K1,2023-02-06 22:30:00+00:00,
90,01:30,4,2023-02-08,Wednesday,2023-02-07 18:30:00+00:00,2023-02-07 22:30:00+00:00,2023-02-07 22:30:00+00:00,2023-02-08 02:30:00+00:00,332.94,326.07,6.8700000000000045,False,BREAK_BEFORE_K1,0,0,,,False,,,BREAK_BEFORE_K1,2023-02-07 22:45:00+00:00,
90,01:30,4,2023-02-09,Thursday,2023-02-08 18:30:00+00:00,2023-02-08 22:30:00+00:00,2023-02-08 22:30:00+00:00,2023-02-09 02:30:00+00:00,328.11,325.01,3.1000000000000227,True,,1,0,2023-02-08 22:30:00+00:00,2023-02-08 22:35:00+00:00,True,2023-02-08 22:40:00+00:00,2023-02-08 22:45:00+00:00,H2_ARRIVAL,2023-02-08 22:45:00+00:00,5.0
90,01:30,4,2023-02-10,Friday,2023-02-09 18:30:00+00:00,2023-02-09 22:30:00+00:00,2023-02-09 22:30:00+00:00,2023-02-10 02:30:00+00:00,317.85,302.0,15.850000000000023,False,BREAK_BEFORE_K1,0,0,,,False,,,BREAK_BEFORE_K1,2023-02-09 22:50:00+00:00,
90,01:30,4,2023-02-11,Saturday,2023-02-10 18:30:00+00:00,2023-02-10 22:30:00+00:00,2023-02-10 22:30:00+00:00,2023-02-11 02:30:00+00:00,308.56,304.14,4.420000000000016,False,NO_K1,0,0,,,False,,,NO_K1,,
90,01:30,4,2023-02-12,Sunday,2023-02-11 18:30:00+00:00,2023-02-11 22:30:00+00:00,2023-02-11 22:30:00+00:00,2023-02-12 02:30:00+00:00,310.98,306.7,4.28000000000003,True,,1,0,2023-02-11 22:40:00+00:00,2023-02-11 22:45:00+00:00,True,2023-02-11 22:50:00+00:00,2023-02-11 22:55:00+00:00,H2_ARRIVAL,2023-02-11 23:25:00+00:00,35.0
90,01:30,4,2023-02-13,Monday,2023-02-12 18:30:00+00:00,2023-02-12 22:30:00+00:00,2023-02-12 22:30:00+00:00,2023-02-13 02:30:00+00:00,320.18,313.0,7.180000000000007,False,BREAK_BEFORE_K1,0,0,,,False,,,BREAK_BEFORE_K1,2023-02-12 23:25:00+00:00,
90,01:30,4,2023-02-14,Tuesday,2023-02-13 18:30:00+00:00,2023-02-13 22:30:00+00:00,2023-02-13 22:30:00+00:00,2023-02-14 02:30:00+00:00,291.0,287.07,3.930000000000007,False,BREAK_BEFORE_K1,0,0,,,False,,,BREAK_BEFORE_K1,2023-02-13 22:30:00+00:00,
90,01:30,4,2023-02-15,Wednesday,2023-02-14 18:30:00+00:00,2023-02-14 22:30:00+00:00,2023-02-14 22:30:00+00:00,2023-02-15 02:30:00+00:00,298.4,295.84,2.5600000000000023,False,OPPOSITE_VISIT_BEFORE_K1,0,1,,,False,,,OPPOSITE_VISIT_BEFORE_K1,2023-02-14 22:30:00+00:00,
90,01:30,4,2023-02-16,Thursday,2023-02-15 18:30:00+00:00,2023-02-15 22:30:00+00:00,2023-02-15 22:30:00+00:00,2023-02-16 02:30:00+00:00,317.28,302.56,14.71999999999997,True,,1,0,2023-02-15 22:35:00+00:00,2023-02-15 22:40:00+00:00,True,2023-02-15 22:40:00+00:00,2023-02-15 22:45:00+00:00,H2_ARRIVAL,2023-02-15 23:10:00+00:00,30.0
90,01:30,4,2023-02-17,Friday,2023-02-16 18:30:00+00:00,2023-02-16 22:30:00+00:00,2023-02-16 22:30:00+00:00,2023-02-17 02:30:00+00:00,322.61,309.28,13.330000000000041,False,BREAK_BEFORE_K1,0,0,,,False,,,BREAK_BEFORE_K1,2023-02-16 22:30:00+00:00,
90,01:30,4,2023-02-18,Saturday,2023-02-17 18:30:00+00:00,2023-02-17 22:30:00+00:00,2023-02-17 22:30:00+00:00,2023-02-18 02:30:00+00:00,317.0,309.17,7.829999999999984,False,NO_K1,0,0,,,False,,,NO_K1,,
90,01:30,4,2023-02-19,Sunday,2023-02-18 18:30:00+00:00,2023-02-18 22:30:00+00:00,2023-02-18 22:30:00+00:00,2023-02-19 02:30:00+00:00,316.99,313.73,3.259999999999991,True,,1,0,2023-02-19 00:00:00+00:00,2023-02-19 00:05:00+00:00,True,2023-02-19 00:05:00+00:00,2023-02-19 00:10:00+00:00,H2_ARRIVAL,2023-02-19 00:45:00+00:00,40.0
90,01:30,4,2023-02-20,Monday,2023-02-19 18:30:00+00:00,2023-02-19 22:30:00+00:00,2023-02-19 22:30:00+00:00,2023-02-20 02:30:00+00:00,313.64,310.0,3.6399999999999864,False,BREAK_BEFORE_K1,0,0,,,False,,,BREAK_BEFORE_K1,2023-02-20 00:30:00+00:00,
90,01:30,4,2023-02-21,Tuesday,2023-02-20 18:30:00+00:00,2023-02-20 22:30:00+00:00,2023-02-20 22:30:00+00:00,2023-02-21 02:30:00+00:00,315.08,312.93,2.1499999999999773,True,,1,0,2023-02-20 23:10:00+00:00,2023-02-20 23:15:00+00:00,True,2023-02-20 23:15:00+00:00,2023-02-20 23:20:00+00:00,H2_ARRIVAL,2023-02-20 23:50:00+00:00,35.0
90,01:30,4,2023-02-22,Wednesday,2023-02-21 18:30:00+00:00,2023-02-21 22:30:00+00:00,2023-02-21 22:30:00+00:00,2023-02-22 02:30:00+00:00,314.02,309.03,4.990000000000009,False,OPPOSITE_VISIT_BEFORE_K1,0,1,,,False,,,OPPOSITE_VISIT_BEFORE_K1,2023-02-22 00:45:00+00:00,
90,01:30,4,2023-02-23,Thursday,2023-02-22 18:30:00+00:00,2023-02-22 22:30:00+00:00,2023-02-22 22:30:00+00:00,2023-02-23 02:30:00+00:00,308.61,305.4,3.2100000000000364,False,BREAK_BEFORE_K1,0,0,,,False,,,BREAK_BEFORE_K1,2023-02-22 22:30:00+00:00,
90,01:30,4,2023-02-24,Friday,2023-02-23 18:30:00+00:00,2023-02-23 22:30:00+00:00,2023-02-23 22:30:00+00:00,2023-02-24 02:30:00+00:00,309.88,306.36,3.519999999999982,False,BREAK_BEFORE_K1,0,0,,,False,,,BREAK_BEFORE_K1,2023-02-24 01:10:00+00:00,
90,01:30,4,2023-02-25,Saturday,2023-02-24 18:30:00+00:00,2023-02-24 22:30:00+00:00,2023-02-24 22:30:00+00:00,2023-02-25 02:30:00+00:00,303.9,298.19,5.7099999999999795,False,NO_K1,0,0,,,False,,,NO_K1,,
90,01:30,4,2023-02-26,Sunday,2023-02-25 18:30:00+00:00,2023-02-25 22:30:00+00:00,2023-02-25 22:30:00+00:00,2023-02-26 02:30:00+00:00,301.54,295.07,6.470000000000027,False,BREAK_BEFORE_K1,0,0,,,False,,,BREAK_BEFORE_K1,2023-02-25 23:00:00+00:00,
90,01:30,4,2023-02-27,Monday,2023-02-26 18:30:00+00:00,2023-02-26 22:30:00+00:00,2023-02-26 22:30:00+00:00,2023-02-27 02:30:00+00:00,309.8,305.28,4.520000000000039,False,NO_K1,0,0,,,False,,,NO_K1,,
90,01:30,4,2023-02-28,Tuesday,2023-02-27 18:30:00+00:00,2023-02-27 22:30:00+00:00,2023-02-27 22:30:00+00:00,2023-02-28 02:30:00+00:00,304.33,300.52,3.8100000000000023,False,BREAK_BEFORE_K1,0,0,,,False,,,BREAK_BEFORE_K1,2023-02-27 22:50:00+00:00,
90,01:30,4,2023-03-01,Wednesday,2023-02-28 18:30:00+00:00,2023-02-28 22:30:00+00:00,2023-02-28 22:30:00+00:00,2023-03-01 02:30:00+00:00,303.5,299.52,3.980000000000018,False,NO_K1,0,0,,,False,,,NO_K1,,
90,01:30,4,2023-03-02,Thursday,2023-03-01 18:30:00+00:00,2023-03-01 22:30:00+00:00,2023-03-01 22:30:00+00:00,2023-03-02 02:30:00+00:00,302.64,300.44,2.1999999999999886,False,BREAK_BEFORE_K1,0,0,,,False,,,BREAK_BEFORE_K1,2023-03-01 23:45:00+00:00,
90,01:30,4,2023-03-03,Friday,2023-03-02 18:30:00+00:00,2023-03-02 22:30:00+00:00,2023-03-02 22:30:00+00:00,2023-03-03 02:30:00+00:00,300.68,297.22,3.4599999999999795,False,BREAK_BEFORE_K1,0,0,,,False,,,BREAK_BEFORE_K1,2023-03-03 01:15:00+00:00,
90,01:30,4,2023-03-04,Saturday,2023-03-03 18:30:00+00:00,2023-03-03 22:30:00+00:00,2023-03-03 22:30:00+00:00,2023-03-04 02:30:00+00:00,289.8,287.23,2.569999999999993,False,BREAK_BEFORE_K1,0,0,,,False,,,BREAK_BEFORE_K1,2023-03-03 23:40:00+00:00,
90,01:30,4,2023-03-05,Sunday,2023-03-04 18:30:00+00:00,2023-03-04 22:30:00+00:00,2023-03-04 22:30:00+00:00,2023-03-05 02:30:00+00:00,290.08,285.51,4.569999999999993,False,BREAK_BEFORE_K1,0,0,,,False,,,BREAK_BEFORE_K1,2023-03-05 01:15:00+00:00,
90,01:30,4,2023-03-06,Monday,2023-03-05 18:30:00+00:00,2023-03-05 22:30:00+00:00,2023-03-05 22:30:00+00:00,2023-03-06 02:30:00+00:00,290.51,288.66,1.849999999999966,False,BREAK_BEFORE_K1,0,0,,,False,,,BREAK_BEFORE_K1,2023-03-05 22:30:00+00:00,
90,01:30,4,2023-03-07,Tuesday,2023-03-06 18:30:00+00:00,2023-03-06 22:30:00+00:00,2023-03-06 22:30:00+00:00,2023-03-07 02:30:00+00:00,288.86,286.37,2.490000000000009,False,BREAK_BEFORE_K1,0,0,,,False,,,BREAK_BEFORE_K1,2023-03-07 01:20:00+00:00,
90,01:30,4,2023-03-08,Wednesday,2023-03-07 18:30:00+00:00,2023-03-07 22:30:00+00:00,2023-03-07 22:30:00+00:00,2023-03-08 02:30:00+00:00,289.4,285.32,4.079999999999984,False,BREAK_BEFORE_K1,0,0,,,False,,,BREAK_BEFORE_K1,2023-03-08 00:00:00+00:00,
90,01:30,4,2023-03-09,Thursday,2023-03-08 18:30:00+00:00,2023-03-08 22:30:00+00:00,2023-03-08 22:30:00+00:00,2023-03-09 02:30:00+00:00,291.95,288.8,3.1499999999999773,False,BREAK_BEFORE_K1,0,0,,,False,,,BREAK_BEFORE_K1,2023-03-08 22:30:00+00:00,
90,01:30,4,2023-03-10,Friday,2023-03-09 18:30:00+00:00,2023-03-09 22:30:00+00:00,2023-03-09 22:30:00+00:00,2023-03-10 02:30:00+00:00,286.78,270.82,15.95999999999998,False,NO_K1,0,0,,,False,,,NO_K1,,
90,01:30,4,2023-03-11,Saturday,2023-03-10 18:30:00+00:00,2023-03-10 22:30:00+00:00,2023-03-10 22:30:00+00:00,2023-03-11 02:30:00+00:00,277.62,274.17,3.4499999999999886,True,,1,0,2023-03-10 23:10:00+00:00,2023-03-10 23:15:00+00:00,False,,,BREAK_DURING_K1,2023-03-10 23:15:00+00:00,
90,01:30,4,2023-03-12,Sunday,2023-03-11 18:30:00+00:00,2023-03-11 22:30:00+00:00,2023-03-11 22:30:00+00:00,2023-03-12 02:30:00+00:00,275.02,271.76,3.259999999999991,True,,1,0,2023-03-11 23:40:00+00:00,2023-03-11 23:45:00+00:00,False,,,BREAK_DURING_K1,2023-03-11 23:50:00+00:00,
90,01:30,4,2023-03-13,Monday,2023-03-12 18:30:00+00:00,2023-03-12 22:30:00+00:00,2023-03-12 22:30:00+00:00,2023-03-13 02:30:00+00:00,286.5,277.41,9.089999999999975,True,,1,0,2023-03-12 23:25:00+00:00,2023-03-12 23:30:00+00:00,False,,,BREAK_DURING_K1,2023-03-12 23:30:00+00:00,
90,01:30,4,2023-03-14,Tuesday,2023-03-13 18:30:00+00:00,2023-03-13 22:30:00+00:00,2023-03-13 22:30:00+00:00,2023-03-14 02:30:00+00:00,309.93,306.12,3.8100000000000023,False,OPPOSITE_VISIT_BEFORE_K1,0,1,,,False,,,OPPOSITE_VISIT_BEFORE_K1,2023-03-13 23:20:00+00:00,
90,01:30,4,2023-03-15,Wednesday,2023-03-14 18:30:00+00:00,2023-03-14 22:30:00+00:00,2023-03-14 22:30:00+00:00,2023-03-15 02:30:00+00:00,316.46,304.49,11.96999999999997,False,NO_K1,0,0,,,False,,,NO_K1,,
90,01:30,4,2023-03-16,Thursday,2023-03-15 18:30:00+00:00,2023-03-15 22:30:00+00:00,2023-03-15 22:30:00+00:00,2023-03-16 02:30:00+00:00,308.03,304.09,3.9399999999999977,False,BREAK_BEFORE_K1,0,0,,,False,,,BREAK_BEFORE_K1,2023-03-16 00:40:00+00:00,
90,01:30,4,2023-03-17,Friday,2023-03-16 18:30:00+00:00,2023-03-16 22:30:00+00:00,2023-03-16 22:30:00+00:00,2023-03-17 02:30:00+00:00,332.32,325.84,6.480000000000018,False,BREAK_BEFORE_K1,0,0,,,False,,,BREAK_BEFORE_K1,2023-03-17 00:35:00+00:00,
90,01:30,4,2023-03-18,Saturday,2023-03-17 18:30:00+00:00,2023-03-17 22:30:00+00:00,2023-03-17 22:30:00+00:00,2023-03-18 02:30:00+00:00,336.98,329.91,7.069999999999993,False,BREAK_BEFORE_K1,0,0,,,False,,,BREAK_BEFORE_K1,2023-03-17 22:35:00+00:00,
90,01:30,4,2023-03-19,Sunday,2023-03-18 18:30:00+00:00,2023-03-18 22:30:00+00:00,2023-03-18 22:30:00+00:00,2023-03-19 02:30:00+00:00,337.33,333.87,3.4599999999999795,False,BREAK_BEFORE_K1,0,0,,,False,,,BREAK_BEFORE_K1,2023-03-18 22:35:00+00:00,
90,01:30,4,2023-03-20,Monday,2023-03-19 18:30:00+00:00,2023-03-19 22:30:00+00:00,2023-03-19 22:30:00+00:00,2023-03-20 02:30:00+00:00,340.21,334.0,6.2099999999999795,False,OPPOSITE_VISIT_BEFORE_K1,0,1,,,False,,,OPPOSITE_VISIT_BEFORE_K1,2023-03-20 00:05:00+00:00,
90,01:30,4,2023-03-21,Tuesday,2023-03-20 18:30:00+00:00,2023-03-20 22:30:00+00:00,2023-03-20 22:30:00+00:00,2023-03-21 02:30:00+00:00,338.69,331.91,6.779999999999973,False,BREAK_BEFORE_K1,0,0,,,False,,,BREAK_BEFORE_K1,2023-03-20 23:40:00+00:00,
90,01:30,4,2023-03-22,Wednesday,2023-03-21 18:30:00+00:00,2023-03-21 22:30:00+00:00,2023-03-21 22:30:00+00:00,2023-03-22 02:30:00+00:00,337.62,334.32,3.3000000000000114,False,OPPOSITE_VISIT_BEFORE_K1,0,1,,,False,,,OPPOSITE_VISIT_BEFORE_K1,2023-03-21 22:35:00+00:00,
90,01:30,4,2023-03-23,Thursday,2023-03-22 18:30:00+00:00,2023-03-22 22:30:00+00:00,2023-03-22 22:30:00+00:00,2023-03-23 02:30:00+00:00,329.16,316.0,13.160000000000025,False,NO_K1,0,0,,,False,,,NO_K1,,
90,01:30,4,2023-03-24,Friday,2023-03-23 18:30:00+00:00,2023-03-23 22:30:00+00:00,2023-03-23 22:30:00+00:00,2023-03-24 02:30:00+00:00,329.99,325.26,4.730000000000018,False,NO_K1,0,0,,,False,,,NO_K1,,
90,01:30,4,2023-03-25,Saturday,2023-03-24 18:30:00+00:00,2023-03-24 22:30:00+00:00,2023-03-24 22:30:00+00:00,2023-03-25 02:30:00+00:00,322.78,318.3,4.479999999999961,True,,1,0,2023-03-25 00:45:00+00:00,2023-03-25 00:50:00+00:00,False,,,BREAK_DURING_K1,2023-03-25 00:55:00+00:00,
90,01:30,4,2023-03-26,Sunday,2023-03-25 18:30:00+00:00,2023-03-25 22:30:00+00:00,2023-03-25 22:30:00+00:00,2023-03-26 02:30:00+00:00,323.82,318.86,4.9599999999999795,True,,1,0,2023-03-26 02:15:00+00:00,2023-03-26 02:20:00+00:00,True,2023-03-26 02:20:00+00:00,2023-03-26 02:25:00+00:00,NO_H2_BY_END,,
90,01:30,4,2023-03-27,Monday,2023-03-26 18:30:00+00:00,2023-03-26 22:30:00+00:00,2023-03-26 22:30:00+00:00,2023-03-27 02:30:00+00:00,328.99,326.0,2.990000000000009,True,,1,0,2023-03-26 23:20:00+00:00,2023-03-26 23:25:00+00:00,True,2023-03-26 23:25:00+00:00,2023-03-26 23:30:00+00:00,H2_ARRIVAL,2023-03-26 23:35:00+00:00,10.0
90,01:30,4,2023-03-28,Tuesday,2023-03-27 18:30:00+00:00,2023-03-27 22:30:00+00:00,2023-03-27 22:30:00+00:00,2023-03-28 02:30:00+00:00,308.86,305.46,3.400000000000034,True,,1,0,2023-03-27 22:30:00+00:00,2023-03-27 22:35:00+00:00,True,2023-03-27 22:35:00+00:00,2023-03-27 22:40:00+00:00,H2_ARRIVAL,2023-03-27 23:30:00+00:00,55.0
90,01:30,4,2023-03-29,Wednesday,2023-03-28 18:30:00+00:00,2023-03-28 22:30:00+00:00,2023-03-28 22:30:00+00:00,2023-03-29 02:30:00+00:00,315.85,310.04,5.810000000000002,False,NO_K1,0,0,,,False,,,NO_K1,,
90,01:30,4,2023-03-30,Thursday,2023-03-29 18:30:00+00:00,2023-03-29 22:30:00+00:00,2023-03-29 22:30:00+00:00,2023-03-30 02:30:00+00:00,316.45,312.63,3.819999999999993,False,BREAK_BEFORE_K1,0,0,,,False,,,BREAK_BEFORE_K1,2023-03-30 00:50:00+00:00,
90,01:30,4,2023-03-31,Friday,2023-03-30 18:30:00+00:00,2023-03-30 22:30:00+00:00,2023-03-30 22:30:00+00:00,2023-03-31 02:30:00+00:00,317.17,314.12,3.0500000000000114,True,,1,0,2023-03-31 00:25:00+00:00,2023-03-31 00:30:00+00:00,True,2023-03-31 00:30:00+00:00,2023-03-31 00:35:00+00:00,H2_ARRIVAL,2023-03-31 01:00:00+00:00,30.0
90,01:30,4,2023-04-01,Saturday,2023-03-31 18:30:00+00:00,2023-03-31 22:30:00+00:00,2023-03-31 22:30:00+00:00,2023-04-01 02:30:00+00:00,317.29,314.79,2.5,True,,1,0,2023-03-31 22:35:00+00:00,2023-03-31 22:40:00+00:00,True,2023-03-31 22:45:00+00:00,2023-03-31 22:50:00+00:00,H2_ARRIVAL,2023-04-01 00:20:00+00:00,95.0
90,01:30,4,2023-04-02,Sunday,2023-04-01 18:30:00+00:00,2023-04-01 22:30:00+00:00,2023-04-01 22:30:00+00:00,2023-04-02 02:30:00+00:00,315.33,313.86,1.4699999999999704,True,,1,0,2023-04-01 22:35:00+00:00,2023-04-01 22:40:00+00:00,False,,,BREAK_DURING_K1,2023-04-01 22:40:00+00:00,
90,01:30,4,2023-04-03,Monday,2023-04-02 18:30:00+00:00,2023-04-02 22:30:00+00:00,2023-04-02 22:30:00+00:00,2023-04-03 02:30:00+00:00,313.31,310.36,2.9499999999999886,True,,1,0,2023-04-02 23:20:00+00:00,2023-04-02 23:25:00+00:00,False,,,BREAK_DURING_K1,2023-04-02 23:25:00+00:00,
90,01:30,4,2023-04-04,Tuesday,2023-04-03 18:30:00+00:00,2023-04-03 22:30:00+00:00,2023-04-03 22:30:00+00:00,2023-04-04 02:30:00+00:00,312.0,297.43,14.569999999999993,False,NO_K1,0,0,,,False,,,NO_K1,,
90,01:30,4,2023-04-05,Wednesday,2023-04-04 18:30:00+00:00,2023-04-04 22:30:00+00:00,2023-04-04 22:30:00+00:00,2023-04-05 02:30:00+00:00,311.75,310.53,1.2200000000000273,False,OPPOSITE_VISIT_BEFORE_K1,0,1,,,False,,,OPPOSITE_VISIT_BEFORE_K1,2023-04-04 23:15:00+00:00,
90,01:30,4,2023-04-06,Thursday,2023-04-05 18:30:00+00:00,2023-04-05 22:30:00+00:00,2023-04-05 22:30:00+00:00,2023-04-06 02:30:00+00:00,314.73,311.53,3.2000000000000455,True,,1,0,2023-04-05 22:40:00+00:00,2023-04-05 22:45:00+00:00,True,2023-04-05 22:45:00+00:00,2023-04-05 22:50:00+00:00,NO_H2_BY_END,,
90,01:30,4,2023-04-07,Friday,2023-04-06 18:30:00+00:00,2023-04-06 22:30:00+00:00,2023-04-06 22:30:00+00:00,2023-04-07 02:30:00+00:00,312.95,311.73,1.2199999999999704,False,BREAK_BEFORE_K1,0,0,,,False,,,BREAK_BEFORE_K1,2023-04-07 00:05:00+00:00,
90,01:30,4,2023-04-08,Saturday,2023-04-07 18:30:00+00:00,2023-04-07 22:30:00+00:00,2023-04-07 22:30:00+00:00,2023-04-08 02:30:00+00:00,311.09,310.3,0.7899999999999636,True,,1,0,2023-04-07 22:40:00+00:00,2023-04-07 22:45:00+00:00,False,,,BREAK_DURING_K1,2023-04-07 22:45:00+00:00,
90,01:30,4,2023-04-09,Sunday,2023-04-08 18:30:00+00:00,2023-04-08 22:30:00+00:00,2023-04-08 22:30:00+00:00,2023-04-09 02:30:00+00:00,311.45,310.0,1.4499999999999886,True,,1,0,2023-04-09 01:55:00+00:00,2023-04-09 02:00:00+00:00,False,,,BREAK_DURING_K1,2023-04-09 02:00:00+00:00,
90,01:30,4,2023-04-10,Monday,2023-04-09 18:30:00+00:00,2023-04-09 22:30:00+00:00,2023-04-09 22:30:00+00:00,2023-04-10 02:30:00+00:00,313.81,310.68,3.1299999999999955,False,NO_K1,0,0,,,False,,,NO_K1,,
90,01:30,4,2023-04-11,Tuesday,2023-04-10 18:30:00+00:00,2023-04-10 22:30:00+00:00,2023-04-10 22:30:00+00:00,2023-04-11 02:30:00+00:00,314.47,312.53,1.9400000000000546,False,BREAK_BEFORE_K1,0,0,,,False,,,BREAK_BEFORE_K1,2023-04-10 22:30:00+00:00,
90,01:30,4,2023-04-12,Wednesday,2023-04-11 18:30:00+00:00,2023-04-11 22:30:00+00:00,2023-04-11 22:30:00+00:00,2023-04-12 02:30:00+00:00,327.48,324.18,3.3000000000000114,False,BREAK_BEFORE_K1,0,0,,,False,,,BREAK_BEFORE_K1,2023-04-11 23:00:00+00:00,
90,01:30,4,2023-04-13,Thursday,2023-04-12 18:30:00+00:00,2023-04-12 22:30:00+00:00,2023-04-12 22:30:00+00:00,2023-04-13 02:30:00+00:00,320.32,318.0,2.319999999999993,False,BREAK_BEFORE_K1,0,0,,,False,,,BREAK_BEFORE_K1,2023-04-12 23:15:00+00:00,
90,01:30,4,2023-04-14,Friday,2023-04-13 18:30:00+00:00,2023-04-13 22:30:00+00:00,2023-04-13 22:30:00+00:00,2023-04-14 02:30:00+00:00,325.0,323.65,1.3500000000000227,True,,1,0,2023-04-13 22:35:00+00:00,2023-04-13 22:40:00+00:00,True,2023-04-13 22:40:00+00:00,2023-04-13 22:45:00+00:00,H2_ARRIVAL,2023-04-14 00:00:00+00:00,80.0
90,01:30,4,2023-04-15,Saturday,2023-04-14 18:30:00+00:00,2023-04-14 22:30:00+00:00,2023-04-14 22:30:00+00:00,2023-04-15 02:30:00+00:00,330.42,326.94,3.480000000000018,False,NO_K1,0,0,,,False,,,NO_K1,,
90,01:30,4,2023-04-16,Sunday,2023-04-15 18:30:00+00:00,2023-04-15 22:30:00+00:00,2023-04-15 22:30:00+00:00,2023-04-16 02:30:00+00:00,333.68,331.29,2.3899999999999864,False,BREAK_BEFORE_K1,0,0,,,False,,,BREAK_BEFORE_K1,2023-04-15 22:35:00+00:00,
90,01:30,4,2023-04-17,Monday,2023-04-16 18:30:00+00:00,2023-04-16 22:30:00+00:00,2023-04-16 22:30:00+00:00,2023-04-17 02:30:00+00:00,350.39,346.43,3.9599999999999795,False,BREAK_BEFORE_K1,0,0,,,False,,,BREAK_BEFORE_K1,2023-04-17 00:25:00+00:00,
90,01:30,4,2023-04-18,Tuesday,2023-04-17 18:30:00+00:00,2023-04-17 22:30:00+00:00,2023-04-17 22:30:00+00:00,2023-04-18 02:30:00+00:00,343.16,339.79,3.3700000000000045,False,BREAK_BEFORE_K1,0,0,,,False,,,BREAK_BEFORE_K1,2023-04-17 23:35:00+00:00,
90,01:30,4,2023-04-19,Wednesday,2023-04-18 18:30:00+00:00,2023-04-18 22:30:00+00:00,2023-04-18 22:30:00+00:00,2023-04-19 02:30:00+00:00,343.27,340.82,2.4499999999999886,False,BREAK_BEFORE_K1,0,0,,,False,,,BREAK_BEFORE_K1,2023-04-18 23:30:00+00:00,
90,01:30,4,2023-04-20,Thursday,2023-04-19 18:30:00+00:00,2023-04-19 22:30:00+00:00,2023-04-19 22:30:00+00:00,2023-04-20 02:30:00+00:00,325.92,320.66,5.259999999999991,False,OPPOSITE_VISIT_BEFORE_K1,0,1,,,False,,,OPPOSITE_VISIT_BEFORE_K1,2023-04-19 23:20:00+00:00,
90,01:30,4,2023-04-21,Friday,2023-04-20 18:30:00+00:00,2023-04-20 22:30:00+00:00,2023-04-20 22:30:00+00:00,2023-04-21 02:30:00+00:00,319.37,315.14,4.230000000000018,False,BREAK_BEFORE_K1,0,0,,,False,,,BREAK_BEFORE_K1,2023-04-21 00:45:00+00:00,
90,01:30,4,2023-04-22,Saturday,2023-04-21 18:30:00+00:00,2023-04-21 22:30:00+00:00,2023-04-21 22:30:00+00:00,2023-04-22 02:30:00+00:00,326.36,316.45,9.910000000000025,False,NO_K1,0,0,,,False,,,NO_K1,,
90,01:30,4,2023-04-23,Sunday,2023-04-22 18:30:00+00:00,2023-04-22 22:30:00+00:00,2023-04-22 22:30:00+00:00,2023-04-23 02:30:00+00:00,333.96,329.02,4.939999999999998,False,BREAK_BEFORE_K1,0,0,,,False,,,BREAK_BEFORE_K1,2023-04-23 00:30:00+00:00,
90,01:30,4,2023-04-24,Monday,2023-04-23 18:30:00+00:00,2023-04-23 22:30:00+00:00,2023-04-23 22:30:00+00:00,2023-04-24 02:30:00+00:00,329.87,326.8,3.069999999999993,False,BREAK_BEFORE_K1,0,0,,,False,,,BREAK_BEFORE_K1,2023-04-23 22:35:00+00:00,
90,01:30,4,2023-04-25,Tuesday,2023-04-24 18:30:00+00:00,2023-04-24 22:30:00+00:00,2023-04-24 22:30:00+00:00,2023-04-25 02:30:00+00:00,332.32,330.2,2.1200000000000045,False,OPPOSITE_VISIT_BEFORE_K1,0,1,,,False,,,OPPOSITE_VISIT_BEFORE_K1,2023-04-25 00:50:00+00:00,
90,01:30,4,2023-04-26,Wednesday,2023-04-25 18:30:00+00:00,2023-04-25 22:30:00+00:00,2023-04-25 22:30:00+00:00,2023-04-26 02:30:00+00:00,338.43,331.72,6.7099999999999795,False,BREAK_BEFORE_K1,0,0,,,False,,,BREAK_BEFORE_K1,2023-04-25 23:15:00+00:00,
90,01:30,4,2023-04-27,Thursday,2023-04-26 18:30:00+00:00,2023-04-26 22:30:00+00:00,2023-04-26 22:30:00+00:00,2023-04-27 02:30:00+00:00,340.97,321.63,19.340000000000032,False,NO_K1,0,0,,,False,,,NO_K1,,
90,01:30,4,2023-04-28,Friday,2023-04-27 18:30:00+00:00,2023-04-27 22:30:00+00:00,2023-04-27 22:30:00+00:00,2023-04-28 02:30:00+00:00,335.94,333.01,2.930000000000007,False,BREAK_BEFORE_K1,0,0,,,False,,,BREAK_BEFORE_K1,2023-04-27 22:45:00+00:00,
90,01:30,4,2023-04-29,Saturday,2023-04-28 18:30:00+00:00,2023-04-28 22:30:00+00:00,2023-04-28 22:30:00+00:00,2023-04-29 02:30:00+00:00,324.68,321.78,2.900000000000034,False,BREAK_BEFORE_K1,0,0,,,False,,,BREAK_BEFORE_K1,2023-04-29 01:10:00+00:00,
90,01:30,4,2023-04-30,Sunday,2023-04-29 18:30:00+00:00,2023-04-29 22:30:00+00:00,2023-04-29 22:30:00+00:00,2023-04-30 02:30:00+00:00,322.87,321.32,1.5500000000000114,False,OPPOSITE_VISIT_BEFORE_K1,0,1,,,False,,,OPPOSITE_VISIT_BEFORE_K1,2023-04-30 00:05:00+00:00,
90,01:30,4,2023-05-01,Monday,2023-04-30 18:30:00+00:00,2023-04-30 22:30:00+00:00,2023-04-30 22:30:00+00:00,2023-05-01 02:30:00+00:00,337.5,332.16,5.339999999999975,True,,1,0,2023-04-30 23:10:00+00:00,2023-04-30 23:15:00+00:00,True,2023-04-30 23:20:00+00:00,2023-04-30 23:25:00+00:00,H2_ARRIVAL,2023-05-01 00:20:00+00:00,60.0
90,01:30,4,2023-05-02,Tuesday,2023-05-01 18:30:00+00:00,2023-05-01 22:30:00+00:00,2023-05-01 22:30:00+00:00,2023-05-02 02:30:00+00:00,329.06,325.34,3.7200000000000273,False,NO_K1,0,0,,,False,,,NO_K1,,
90,01:30,4,2023-05-03,Wednesday,2023-05-02 18:30:00+00:00,2023-05-02 22:30:00+00:00,2023-05-02 22:30:00+00:00,2023-05-03 02:30:00+00:00,325.59,320.6,4.989999999999952,False,NO_K1,0,0,,,False,,,NO_K1,,
90,01:30,4,2023-05-04,Thursday,2023-05-03 18:30:00+00:00,2023-05-03 22:30:00+00:00,2023-05-03 22:30:00+00:00,2023-05-04 02:30:00+00:00,327.29,322.65,4.640000000000043,True,,1,0,2023-05-03 22:30:00+00:00,2023-05-03 22:35:00+00:00,True,2023-05-03 22:35:00+00:00,2023-05-03 22:40:00+00:00,H2_ARRIVAL,2023-05-04 02:00:00+00:00,205.0
90,01:30,4,2023-05-05,Friday,2023-05-04 18:30:00+00:00,2023-05-04 22:30:00+00:00,2023-05-04 22:30:00+00:00,2023-05-05 02:30:00+00:00,324.43,323.16,1.2699999999999818,False,OPPOSITE_VISIT_BEFORE_K1,0,1,,,False,,,OPPOSITE_VISIT_BEFORE_K1,2023-05-04 22:40:00+00:00,
90,01:30,4,2023-05-06,Saturday,2023-05-05 18:30:00+00:00,2023-05-05 22:30:00+00:00,2023-05-05 22:30:00+00:00,2023-05-06 02:30:00+00:00,328.21,324.49,3.7199999999999704,True,,1,0,2023-05-06 00:35:00+00:00,2023-05-06 00:40:00+00:00,True,2023-05-06 00:40:00+00:00,2023-05-06 00:45:00+00:00,NO_H2_BY_END,,
90,01:30,4,2023-05-07,Sunday,2023-05-06 18:30:00+00:00,2023-05-06 22:30:00+00:00,2023-05-06 22:30:00+00:00,2023-05-07 02:30:00+00:00,323.67,321.47,2.1999999999999886,False,BREAK_BEFORE_K1,0,0,,,False,,,BREAK_BEFORE_K1,2023-05-07 00:25:00+00:00,
90,01:30,4,2023-05-08,Monday,2023-05-07 18:30:00+00:00,2023-05-07 22:30:00+00:00,2023-05-07 22:30:00+00:00,2023-05-08 02:30:00+00:00,323.93,322.13,1.8000000000000114,False,OPPOSITE_VISIT_BEFORE_K1,0,1,,,False,,,OPPOSITE_VISIT_BEFORE_K1,2023-05-07 23:10:00+00:00,
90,01:30,4,2023-05-09,Tuesday,2023-05-08 18:30:00+00:00,2023-05-08 22:30:00+00:00,2023-05-08 22:30:00+00:00,2023-05-09 02:30:00+00:00,313.42,311.04,2.3799999999999955,True,,1,0,2023-05-08 23:20:00+00:00,2023-05-08 23:25:00+00:00,True,2023-05-08 23:30:00+00:00,2023-05-08 23:35:00+00:00,H2_ARRIVAL,2023-05-08 23:50:00+00:00,20.0
90,01:30,4,2023-05-10,Wednesday,2023-05-09 18:30:00+00:00,2023-05-09 22:30:00+00:00,2023-05-09 22:30:00+00:00,2023-05-10 02:30:00+00:00,313.05,311.22,1.829999999999984,False,BREAK_BEFORE_K1,0,0,,,False,,,BREAK_BEFORE_K1,2023-05-09 22:30:00+00:00,
90,01:30,4,2023-05-11,Thursday,2023-05-10 18:30:00+00:00,2023-05-10 22:30:00+00:00,2023-05-10 22:30:00+00:00,2023-05-11 02:30:00+00:00,316.56,311.87,4.689999999999998,False,NO_K1,0,0,,,False,,,NO_K1,,
90,01:30,4,2023-05-12,Friday,2023-05-11 18:30:00+00:00,2023-05-11 22:30:00+00:00,2023-05-11 22:30:00+00:00,2023-05-12 02:30:00+00:00,307.54,304.63,2.910000000000025,False,BREAK_BEFORE_K1,0,0,,,False,,,BREAK_BEFORE_K1,2023-05-11 23:40:00+00:00,
90,01:30,4,2023-05-13,Saturday,2023-05-12 18:30:00+00:00,2023-05-12 22:30:00+00:00,2023-05-12 22:30:00+00:00,2023-05-13 02:30:00+00:00,308.55,301.2,7.350000000000023,True,,1,0,2023-05-13 00:00:00+00:00,2023-05-13 00:05:00+00:00,True,2023-05-13 00:05:00+00:00,2023-05-13 00:10:00+00:00,H2_ARRIVAL,2023-05-13 01:00:00+00:00,55.0
90,01:30,4,2023-05-14,Sunday,2023-05-13 18:30:00+00:00,2023-05-13 22:30:00+00:00,2023-05-13 22:30:00+00:00,2023-05-14 02:30:00+00:00,311.6,308.96,2.640000000000043,False,BREAK_BEFORE_K1,0,0,,,False,,,BREAK_BEFORE_K1,2023-05-13 23:00:00+00:00,
90,01:30,4,2023-05-15,Monday,2023-05-14 18:30:00+00:00,2023-05-14 22:30:00+00:00,2023-05-14 22:30:00+00:00,2023-05-15 02:30:00+00:00,311.91,310.55,1.3600000000000136,False,BREAK_BEFORE_K1,0,0,,,False,,,BREAK_BEFORE_K1,2023-05-14 23:55:00+00:00,
90,01:30,4,2023-05-16,Tuesday,2023-05-15 18:30:00+00:00,2023-05-15 22:30:00+00:00,2023-05-15 22:30:00+00:00,2023-05-16 02:30:00+00:00,314.29,312.9,1.3900000000000432,False,BREAK_BEFORE_K1,0,0,,,False,,,BREAK_BEFORE_K1,2023-05-16 00:40:00+00:00,
90,01:30,4,2023-05-17,Wednesday,2023-05-16 18:30:00+00:00,2023-05-16 22:30:00+00:00,2023-05-16 22:30:00+00:00,2023-05-17 02:30:00+00:00,311.74,309.67,2.069999999999993,True,,1,0,2023-05-17 00:35:00+00:00,2023-05-17 00:40:00+00:00,True,2023-05-17 00:40:00+00:00,2023-05-17 00:45:00+00:00,H2_ARRIVAL,2023-05-17 00:50:00+00:00,10.0
90,01:30,4,2023-05-18,Thursday,2023-05-17 18:30:00+00:00,2023-05-17 22:30:00+00:00,2023-05-17 22:30:00+00:00,2023-05-18 02:30:00+00:00,314.41,311.55,2.8600000000000136,False,NO_K1,0,0,,,False,,,NO_K1,,
90,01:30,4,2023-05-19,Friday,2023-05-18 18:30:00+00:00,2023-05-18 22:30:00+00:00,2023-05-18 22:30:00+00:00,2023-05-19 02:30:00+00:00,310.59,306.72,3.8699999999999477,False,NO_K1,0,0,,,False,,,NO_K1,,
90,01:30,4,2023-05-20,Saturday,2023-05-19 18:30:00+00:00,2023-05-19 22:30:00+00:00,2023-05-19 22:30:00+00:00,2023-05-20 02:30:00+00:00,309.08,307.65,1.4300000000000068,False,NO_K1,0,0,,,False,,,NO_K1,,
90,01:30,4,2023-05-21,Sunday,2023-05-20 18:30:00+00:00,2023-05-20 22:30:00+00:00,2023-05-20 22:30:00+00:00,2023-05-21 02:30:00+00:00,311.85,310.0,1.8500000000000227,False,NO_K1,0,0,,,False,,,NO_K1,,
90,01:30,4,2023-05-22,Monday,2023-05-21 18:30:00+00:00,2023-05-21 22:30:00+00:00,2023-05-21 22:30:00+00:00,2023-05-22 02:30:00+00:00,309.1,305.55,3.5500000000000114,False,OPPOSITE_VISIT_BEFORE_K1,0,1,,,False,,,OPPOSITE_VISIT_BEFORE_K1,2023-05-22 00:30:00+00:00,
90,01:30,4,2023-05-23,Tuesday,2023-05-22 18:30:00+00:00,2023-05-22 22:30:00+00:00,2023-05-22 22:30:00+00:00,2023-05-23 02:30:00+00:00,310.77,309.63,1.1399999999999864,False,BREAK_BEFORE_K1,0,0,,,False,,,BREAK_BEFORE_K1,2023-05-22 22:30:00+00:00,
90,01:30,4,2023-05-24,Wednesday,2023-05-23 18:30:00+00:00,2023-05-23 22:30:00+00:00,2023-05-23 22:30:00+00:00,2023-05-24 02:30:00+00:00,313.92,312.32,1.6000000000000227,False,NO_K1,0,0,,,False,,,NO_K1,,
90,01:30,4,2023-05-25,Thursday,2023-05-24 18:30:00+00:00,2023-05-24 22:30:00+00:00,2023-05-24 22:30:00+00:00,2023-05-25 02:30:00+00:00,306.62,304.91,1.7099999999999795,False,BREAK_BEFORE_K1,0,0,,,False,,,BREAK_BEFORE_K1,2023-05-25 00:40:00+00:00,
90,01:30,4,2023-05-26,Friday,2023-05-25 18:30:00+00:00,2023-05-25 22:30:00+00:00,2023-05-25 22:30:00+00:00,2023-05-26 02:30:00+00:00,305.94,304.0,1.9399999999999977,False,OPPOSITE_VISIT_BEFORE_K1,0,1,,,False,,,OPPOSITE_VISIT_BEFORE_K1,2023-05-26 00:45:00+00:00,
90,01:30,4,2023-05-27,Saturday,2023-05-26 18:30:00+00:00,2023-05-26 22:30:00+00:00,2023-05-26 22:30:00+00:00,2023-05-27 02:30:00+00:00,307.45,306.18,1.2699999999999818,False,NO_K1,0,0,,,False,,,NO_K1,,
90,01:30,4,2023-05-28,Sunday,2023-05-27 18:30:00+00:00,2023-05-27 22:30:00+00:00,2023-05-27 22:30:00+00:00,2023-05-28 02:30:00+00:00,306.61,304.57,2.0400000000000205,False,BREAK_BEFORE_K1,0,0,,,False,,,BREAK_BEFORE_K1,2023-05-27 22:30:00+00:00,
90,01:30,4,2023-05-29,Monday,2023-05-28 18:30:00+00:00,2023-05-28 22:30:00+00:00,2023-05-28 22:30:00+00:00,2023-05-29 02:30:00+00:00,314.18,308.88,5.300000000000011,True,,1,0,2023-05-28 22:30:00+00:00,2023-05-28 22:35:00+00:00,True,2023-05-28 22:35:00+00:00,2023-05-28 22:40:00+00:00,H2_ARRIVAL,2023-05-28 23:00:00+00:00,25.0
90,01:30,4,2023-05-30,Tuesday,2023-05-29 18:30:00+00:00,2023-05-29 22:30:00+00:00,2023-05-29 22:30:00+00:00,2023-05-30 02:30:00+00:00,313.0,310.66,2.339999999999975,False,OPPOSITE_VISIT_BEFORE_K1,0,1,,,False,,,OPPOSITE_VISIT_BEFORE_K1,2023-05-29 22:30:00+00:00,
90,01:30,4,2023-05-31,Wednesday,2023-05-30 18:30:00+00:00,2023-05-30 22:30:00+00:00,2023-05-30 22:30:00+00:00,2023-05-31 02:30:00+00:00,313.4,312.04,1.3599999999999568,False,OPPOSITE_VISIT_BEFORE_K1,0,1,,,False,,,OPPOSITE_VISIT_BEFORE_K1,2023-05-30 22:30:00+00:00,
90,01:30,4,2023-06-01,Thursday,2023-05-31 18:30:00+00:00,2023-05-31 22:30:00+00:00,2023-05-31 22:30:00+00:00,2023-06-01 02:30:00+00:00,306.74,305.35,1.3899999999999864,False,BREAK_BEFORE_K1,0,0,,,False,,,BREAK_BEFORE_K1,2023-05-31 23:40:00+00:00,
90,01:30,4,2023-06-02,Friday,2023-06-01 18:30:00+00:00,2023-06-01 22:30:00+00:00,2023-06-01 22:30:00+00:00,2023-06-02 02:30:00+00:00,306.03,303.52,2.509999999999991,False,OPPOSITE_VISIT_BEFORE_K1,0,1,,,False,,,OPPOSITE_VISIT_BEFORE_K1,2023-06-02 00:35:00+00:00,
90,01:30,4,2023-06-03,Saturday,2023-06-02 18:30:00+00:00,2023-06-02 22:30:00+00:00,2023-06-02 22:30:00+00:00,2023-06-03 02:30:00+00:00,308.5,306.72,1.7799999999999727,False,OPPOSITE_VISIT_BEFORE_K1,0,1,,,False,,,OPPOSITE_VISIT_BEFORE_K1,2023-06-03 00:45:00+00:00,
90,01:30,4,2023-06-04,Sunday,2023-06-03 18:30:00+00:00,2023-06-03 22:30:00+00:00,2023-06-03 22:30:00+00:00,2023-06-04 02:30:00+00:00,306.97,305.61,1.3600000000000136,False,BREAK_BEFORE_K1,0,0,,,False,,,BREAK_BEFORE_K1,2023-06-04 00:15:00+00:00,
90,01:30,4,2023-06-05,Monday,2023-06-04 18:30:00+00:00,2023-06-04 22:30:00+00:00,2023-06-04 22:30:00+00:00,2023-06-05 02:30:00+00:00,307.69,305.71,1.9800000000000182,False,OPPOSITE_VISIT_BEFORE_K1,0,1,,,False,,,OPPOSITE_VISIT_BEFORE_K1,2023-06-04 23:20:00+00:00,
90,01:30,4,2023-06-06,Tuesday,2023-06-05 18:30:00+00:00,2023-06-05 22:30:00+00:00,2023-06-05 22:30:00+00:00,2023-06-06 02:30:00+00:00,277.39,271.88,5.509999999999991,False,BREAK_BEFORE_K1,0,0,,,False,,,BREAK_BEFORE_K1,2023-06-06 00:10:00+00:00,
90,01:30,4,2023-06-07,Wednesday,2023-06-06 18:30:00+00:00,2023-06-06 22:30:00+00:00,2023-06-06 22:30:00+00:00,2023-06-07 02:30:00+00:00,285.87,280.47,5.399999999999977,False,OPPOSITE_VISIT_BEFORE_K1,0,1,,,False,,,OPPOSITE_VISIT_BEFORE_K1,2023-06-06 22:30:00+00:00,
90,01:30,4,2023-06-08,Thursday,2023-06-07 18:30:00+00:00,2023-06-07 22:30:00+00:00,2023-06-07 22:30:00+00:00,2023-06-08 02:30:00+00:00,261.9,257.25,4.649999999999977,False,BREAK_BEFORE_K1,0,0,,,False,,,BREAK_BEFORE_K1,2023-06-08 01:10:00+00:00,
90,01:30,4,2023-06-09,Friday,2023-06-08 18:30:00+00:00,2023-06-08 22:30:00+00:00,2023-06-08 22:30:00+00:00,2023-06-09 02:30:00+00:00,265.26,262.6,2.659999999999968,False,OPPOSITE_VISIT_BEFORE_K1,0,1,,,False,,,OPPOSITE_VISIT_BEFORE_K1,2023-06-08 23:10:00+00:00,
90,01:30,4,2023-06-10,Saturday,2023-06-09 18:30:00+00:00,2023-06-09 22:30:00+00:00,2023-06-09 22:30:00+00:00,2023-06-10 02:30:00+00:00,262.5,259.12,3.3799999999999955,False,OPPOSITE_VISIT_BEFORE_K1,0,1,,,False,,,OPPOSITE_VISIT_BEFORE_K1,2023-06-10 00:50:00+00:00,
90,01:30,4,2023-06-11,Sunday,2023-06-10 18:30:00+00:00,2023-06-10 22:30:00+00:00,2023-06-10 22:30:00+00:00,2023-06-11 02:30:00+00:00,239.49,236.25,3.240000000000009,False,BREAK_BEFORE_K1,0,0,,,False,,,BREAK_BEFORE_K1,2023-06-10 22:30:00+00:00,
90,01:30,4,2023-06-12,Monday,2023-06-11 18:30:00+00:00,2023-06-11 22:30:00+00:00,2023-06-11 22:30:00+00:00,2023-06-12 02:30:00+00:00,238.46,236.15,2.3100000000000023,False,BREAK_BEFORE_K1,0,0,,,False,,,BREAK_BEFORE_K1,2023-06-11 22:40:00+00:00,
90,01:30,4,2023-06-13,Tuesday,2023-06-12 18:30:00+00:00,2023-06-12 22:30:00+00:00,2023-06-12 22:30:00+00:00,2023-06-13 02:30:00+00:00,232.95,228.11,4.839999999999975,True,,1,0,2023-06-13 00:15:00+00:00,2023-06-13 00:20:00+00:00,True,2023-06-13 00:20:00+00:00,2023-06-13 00:25:00+00:00,NO_H2_BY_END,,
90,01:30,4,2023-06-14,Wednesday,2023-06-13 18:30:00+00:00,2023-06-13 22:30:00+00:00,2023-06-13 22:30:00+00:00,2023-06-14 02:30:00+00:00,245.0,236.63,8.370000000000005,True,,1,0,2023-06-14 00:00:00+00:00,2023-06-14 00:05:00+00:00,False,,,BREAK_DURING_K1,2023-06-14 00:05:00+00:00,
90,01:30,4,2023-06-15,Thursday,2023-06-14 18:30:00+00:00,2023-06-14 22:30:00+00:00,2023-06-14 22:30:00+00:00,2023-06-15 02:30:00+00:00,247.56,232.32,15.240000000000009,False,NO_K1,0,0,,,False,,,NO_K1,,
90,01:30,4,2023-06-16,Friday,2023-06-15 18:30:00+00:00,2023-06-15 22:30:00+00:00,2023-06-15 22:30:00+00:00,2023-06-16 02:30:00+00:00,238.97,233.87,5.099999999999994,False,NO_K1,0,0,,,False,,,NO_K1,,
90,01:30,4,2023-06-17,Saturday,2023-06-16 18:30:00+00:00,2023-06-16 22:30:00+00:00,2023-06-16 22:30:00+00:00,2023-06-17 02:30:00+00:00,241.6,238.51,3.0900000000000034,False,OPPOSITE_VISIT_BEFORE_K1,0,1,,,False,,,OPPOSITE_VISIT_BEFORE_K1,2023-06-16 22:50:00+00:00,
90,01:30,4,2023-06-18,Sunday,2023-06-17 18:30:00+00:00,2023-06-17 22:30:00+00:00,2023-06-17 22:30:00+00:00,2023-06-18 02:30:00+00:00,246.54,244.27,2.269999999999982,False,OPPOSITE_VISIT_BEFORE_K1,0,1,,,False,,,OPPOSITE_VISIT_BEFORE_K1,2023-06-17 23:30:00+00:00,
90,01:30,4,2023-06-19,Monday,2023-06-18 18:30:00+00:00,2023-06-18 22:30:00+00:00,2023-06-18 22:30:00+00:00,2023-06-19 02:30:00+00:00,246.68,242.58,4.099999999999994,False,OPPOSITE_VISIT_BEFORE_K1,0,1,,,False,,,OPPOSITE_VISIT_BEFORE_K1,2023-06-18 23:00:00+00:00,
90,01:30,4,2023-06-20,Tuesday,2023-06-19 18:30:00+00:00,2023-06-19 22:30:00+00:00,2023-06-19 22:30:00+00:00,2023-06-20 02:30:00+00:00,243.31,239.52,3.789999999999992,True,,1,0,2023-06-19 22:30:00+00:00,2023-06-19 22:35:00+00:00,True,2023-06-19 22:45:00+00:00,2023-06-19 22:50:00+00:00,H2_ARRIVAL,2023-06-20 00:10:00+00:00,85.0
90,01:30,4,2023-06-21,Wednesday,2023-06-20 18:30:00+00:00,2023-06-20 22:30:00+00:00,2023-06-20 22:30:00+00:00,2023-06-21 02:30:00+00:00,245.86,242.14,3.7200000000000273,False,BREAK_BEFORE_K1,0,0,,,False,,,BREAK_BEFORE_K1,2023-06-20 23:15:00+00:00,
90,01:30,4,2023-06-22,Thursday,2023-06-21 18:30:00+00:00,2023-06-21 22:30:00+00:00,2023-06-21 22:30:00+00:00,2023-06-22 02:30:00+00:00,251.2,247.29,3.9099999999999966,False,BREAK_BEFORE_K1,0,0,,,False,,,BREAK_BEFORE_K1,2023-06-22 00:30:00+00:00,
90,01:30,4,2023-06-23,Friday,2023-06-22 18:30:00+00:00,2023-06-22 22:30:00+00:00,2023-06-22 22:30:00+00:00,2023-06-23 02:30:00+00:00,245.24,241.55,3.6899999999999977,False,OPPOSITE_VISIT_BEFORE_K1,0,1,,,False,,,OPPOSITE_VISIT_BEFORE_K1,2023-06-22 22:30:00+00:00,
90,01:30,4,2023-06-24,Saturday,2023-06-23 18:30:00+00:00,2023-06-23 22:30:00+00:00,2023-06-23 22:30:00+00:00,2023-06-24 02:30:00+00:00,247.5,243.3,4.199999999999989,False,OPPOSITE_VISIT_BEFORE_K1,0,1,,,False,,,OPPOSITE_VISIT_BEFORE_K1,2023-06-24 01:30:00+00:00,
90,01:30,4,2023-06-25,Sunday,2023-06-24 18:30:00+00:00,2023-06-24 22:30:00+00:00,2023-06-24 22:30:00+00:00,2023-06-25 02:30:00+00:00,237.46,233.61,3.8499999999999943,True,,1,0,2023-06-25 01:40:00+00:00,2023-06-25 01:45:00+00:00,True,2023-06-25 01:45:00+00:00,2023-06-25 01:50:00+00:00,H2_ARRIVAL,2023-06-25 01:50:00+00:00,5.0
90,01:30,4,2023-06-26,Monday,2023-06-25 18:30:00+00:00,2023-06-25 22:30:00+00:00,2023-06-25 22:30:00+00:00,2023-06-26 02:30:00+00:00,239.38,236.78,2.5999999999999943,True,,1,0,2023-06-25 22:50:00+00:00,2023-06-25 22:55:00+00:00,True,2023-06-25 22:55:00+00:00,2023-06-25 23:00:00+00:00,H2_ARRIVAL,2023-06-26 00:05:00+00:00,70.0
90,01:30,4,2023-06-27,Tuesday,2023-06-26 18:30:00+00:00,2023-06-26 22:30:00+00:00,2023-06-26 22:30:00+00:00,2023-06-27 02:30:00+00:00,236.96,233.62,3.3400000000000034,True,,1,0,2023-06-27 01:50:00+00:00,2023-06-27 01:55:00+00:00,True,2023-06-27 01:55:00+00:00,2023-06-27 02:00:00+00:00,NO_H2_BY_END,,
90,01:30,4,2023-06-28,Wednesday,2023-06-27 18:30:00+00:00,2023-06-27 22:30:00+00:00,2023-06-27 22:30:00+00:00,2023-06-28 02:30:00+00:00,239.3,238.05,1.25,False,BREAK_BEFORE_K1,0,0,,,False,,,BREAK_BEFORE_K1,2023-06-27 22:40:00+00:00,
90,01:30,4,2023-06-29,Thursday,2023-06-28 18:30:00+00:00,2023-06-28 22:30:00+00:00,2023-06-28 22:30:00+00:00,2023-06-29 02:30:00+00:00,233.37,221.2,12.170000000000016,False,NO_K1,0,0,,,False,,,NO_K1,,
90,01:30,4,2023-06-30,Friday,2023-06-29 18:30:00+00:00,2023-06-29 22:30:00+00:00,2023-06-29 22:30:00+00:00,2023-06-30 02:30:00+00:00,234.1,232.2,1.9000000000000057,True,,1,0,2023-06-30 00:25:00+00:00,2023-06-30 00:30:00+00:00,False,,,BREAK_DURING_K1,2023-06-30 00:30:00+00:00,
90,01:30,4,2023-07-01,Saturday,2023-06-30 18:30:00+00:00,2023-06-30 22:30:00+00:00,2023-06-30 22:30:00+00:00,2023-07-01 02:30:00+00:00,241.52,238.38,3.140000000000015,False,BREAK_BEFORE_K1,0,0,,,False,,,BREAK_BEFORE_K1,2023-07-01 00:20:00+00:00,
90,01:30,4,2023-07-02,Sunday,2023-07-01 18:30:00+00:00,2023-07-01 22:30:00+00:00,2023-07-01 22:30:00+00:00,2023-07-02 02:30:00+00:00,249.54,246.34,3.1999999999999886,False,OPPOSITE_VISIT_BEFORE_K1,0,1,,,False,,,OPPOSITE_VISIT_BEFORE_K1,2023-07-02 01:45:00+00:00,
90,01:30,4,2023-07-03,Monday,2023-07-02 18:30:00+00:00,2023-07-02 22:30:00+00:00,2023-07-02 22:30:00+00:00,2023-07-03 02:30:00+00:00,247.64,243.5,4.139999999999986,False,BREAK_BEFORE_K1,0,0,,,False,,,BREAK_BEFORE_K1,2023-07-02 22:30:00+00:00,
90,01:30,4,2023-07-04,Tuesday,2023-07-03 18:30:00+00:00,2023-07-03 22:30:00+00:00,2023-07-03 22:30:00+00:00,2023-07-04 02:30:00+00:00,248.6,245.1,3.5,False,NO_K1,0,0,,,False,,,NO_K1,,
90,01:30,4,2023-07-05,Wednesday,2023-07-04 18:30:00+00:00,2023-07-04 22:30:00+00:00,2023-07-04 22:30:00+00:00,2023-07-05 02:30:00+00:00,243.0,240.15,2.8499999999999943,True,,1,0,2023-07-04 22:55:00+00:00,2023-07-04 23:00:00+00:00,False,,,BREAK_DURING_K1,2023-07-04 23:05:00+00:00,
90,01:30,4,2023-07-06,Thursday,2023-07-05 18:30:00+00:00,2023-07-05 22:30:00+00:00,2023-07-05 22:30:00+00:00,2023-07-06 02:30:00+00:00,239.67,237.98,1.6899999999999977,False,OPPOSITE_VISIT_BEFORE_K1,0,1,,,False,,,OPPOSITE_VISIT_BEFORE_K1,2023-07-05 23:10:00+00:00,
90,01:30,4,2023-07-07,Friday,2023-07-06 18:30:00+00:00,2023-07-06 22:30:00+00:00,2023-07-06 22:30:00+00:00,2023-07-07 02:30:00+00:00,239.02,233.22,5.800000000000011,False,BREAK_BEFORE_K1,0,0,,,False,,,BREAK_BEFORE_K1,2023-07-06 22:50:00+00:00,
90,01:30,4,2023-07-08,Saturday,2023-07-07 18:30:00+00:00,2023-07-07 22:30:00+00:00,2023-07-07 22:30:00+00:00,2023-07-08 02:30:00+00:00,235.49,233.49,2.0,True,,1,0,2023-07-07 22:30:00+00:00,2023-07-07 22:35:00+00:00,True,2023-07-07 22:35:00+00:00,2023-07-07 22:40:00+00:00,H2_ARRIVAL,2023-07-07 22:50:00+00:00,15.0
90,01:30,4,2023-07-09,Sunday,2023-07-08 18:30:00+00:00,2023-07-08 22:30:00+00:00,2023-07-08 22:30:00+00:00,2023-07-09 02:30:00+00:00,236.04,233.53,2.509999999999991,False,BREAK_BEFORE_K1,0,0,,,False,,,BREAK_BEFORE_K1,2023-07-08 23:00:00+00:00,
90,01:30,4,2023-07-10,Monday,2023-07-09 18:30:00+00:00,2023-07-09 22:30:00+00:00,2023-07-09 22:30:00+00:00,2023-07-10 02:30:00+00:00,234.78,233.36,1.4199999999999875,False,BREAK_BEFORE_K1,0,0,,,False,,,BREAK_BEFORE_K1,2023-07-10 00:05:00+00:00,
90,01:30,4,2023-07-11,Tuesday,2023-07-10 18:30:00+00:00,2023-07-10 22:30:00+00:00,2023-07-10 22:30:00+00:00,2023-07-11 02:30:00+00:00,246.29,242.0,4.289999999999992,True,,1,0,2023-07-10 23:55:00+00:00,2023-07-11 00:00:00+00:00,True,2023-07-11 00:00:00+00:00,2023-07-11 00:05:00+00:00,NO_H2_BY_END,,
90,01:30,4,2023-07-12,Wednesday,2023-07-11 18:30:00+00:00,2023-07-11 22:30:00+00:00,2023-07-11 22:30:00+00:00,2023-07-12 02:30:00+00:00,248.35,246.6,1.75,True,,1,0,2023-07-11 22:30:00+00:00,2023-07-11 22:35:00+00:00,False,,,BREAK_DURING_K1,2023-07-11 22:35:00+00:00,
90,01:30,4,2023-07-13,Thursday,2023-07-12 18:30:00+00:00,2023-07-12 22:30:00+00:00,2023-07-12 22:30:00+00:00,2023-07-13 02:30:00+00:00,243.72,242.12,1.5999999999999943,True,,1,0,2023-07-12 23:30:00+00:00,2023-07-12 23:35:00+00:00,False,,,BREAK_DURING_K1,2023-07-12 23:35:00+00:00,
90,01:30,4,2023-07-14,Friday,2023-07-13 18:30:00+00:00,2023-07-13 22:30:00+00:00,2023-07-13 22:30:00+00:00,2023-07-14 02:30:00+00:00,256.05,250.44,5.610000000000014,True,,1,0,2023-07-13 23:40:00+00:00,2023-07-13 23:45:00+00:00,True,2023-07-13 23:45:00+00:00,2023-07-13 23:50:00+00:00,H2_ARRIVAL,2023-07-13 23:50:00+00:00,5.0
90,01:30,4,2023-07-15,Saturday,2023-07-14 18:30:00+00:00,2023-07-14 22:30:00+00:00,2023-07-14 22:30:00+00:00,2023-07-15 02:30:00+00:00,246.86,241.04,5.820000000000022,True,,1,0,2023-07-14 23:20:00+00:00,2023-07-14 23:25:00+00:00,False,,,BREAK_DURING_K1,2023-07-14 23:25:00+00:00,
90,01:30,4,2023-07-16,Sunday,2023-07-15 18:30:00+00:00,2023-07-15 22:30:00+00:00,2023-07-15 22:30:00+00:00,2023-07-16 02:30:00+00:00,251.74,249.63,2.1100000000000136,False,OPPOSITE_VISIT_BEFORE_K1,0,1,,,False,,,OPPOSITE_VISIT_BEFORE_K1,2023-07-16 02:15:00+00:00,
90,01:30,4,2023-07-17,Monday,2023-07-16 18:30:00+00:00,2023-07-16 22:30:00+00:00,2023-07-16 22:30:00+00:00,2023-07-17 02:30:00+00:00,245.43,243.0,2.430000000000007,False,OPPOSITE_VISIT_BEFORE_K1,0,1,,,False,,,OPPOSITE_VISIT_BEFORE_K1,2023-07-16 23:20:00+00:00,
90,01:30,4,2023-07-18,Tuesday,2023-07-17 18:30:00+00:00,2023-07-17 22:30:00+00:00,2023-07-17 22:30:00+00:00,2023-07-18 02:30:00+00:00,244.7,239.89,4.810000000000002,True,,1,0,2023-07-17 22:30:00+00:00,2023-07-17 22:35:00+00:00,True,2023-07-17 22:35:00+00:00,2023-07-17 22:40:00+00:00,H2_ARRIVAL,2023-07-18 00:05:00+00:00,90.0
90,01:30,4,2023-07-19,Wednesday,2023-07-18 18:30:00+00:00,2023-07-18 22:30:00+00:00,2023-07-18 22:30:00+00:00,2023-07-19 02:30:00+00:00,241.45,239.23,2.219999999999999,False,BREAK_BEFORE_K1,0,0,,,False,,,BREAK_BEFORE_K1,2023-07-19 00:30:00+00:00,
90,01:30,4,2023-07-20,Thursday,2023-07-19 18:30:00+00:00,2023-07-19 22:30:00+00:00,2023-07-19 22:30:00+00:00,2023-07-20 02:30:00+00:00,243.0,240.27,2.7299999999999898,True,,1,0,2023-07-20 02:10:00+00:00,2023-07-20 02:15:00+00:00,True,2023-07-20 02:15:00+00:00,2023-07-20 02:20:00+00:00,H2_ARRIVAL,2023-07-20 02:20:00+00:00,5.0
90,01:30,4,2023-07-21,Friday,2023-07-20 18:30:00+00:00,2023-07-20 22:30:00+00:00,2023-07-20 22:30:00+00:00,2023-07-21 02:30:00+00:00,243.55,240.49,3.0600000000000023,True,,1,0,2023-07-21 01:10:00+00:00,2023-07-21 01:15:00+00:00,False,,,BREAK_DURING_K1,2023-07-21 01:15:00+00:00,
90,01:30,4,2023-07-22,Saturday,2023-07-21 18:30:00+00:00,2023-07-21 22:30:00+00:00,2023-07-21 22:30:00+00:00,2023-07-22 02:30:00+00:00,245.11,242.8,2.3100000000000023,False,NO_K1,0,0,,,False,,,NO_K1,,
90,01:30,4,2023-07-23,Sunday,2023-07-22 18:30:00+00:00,2023-07-22 22:30:00+00:00,2023-07-22 22:30:00+00:00,2023-07-23 02:30:00+00:00,242.82,241.81,1.009999999999991,False,OPPOSITE_VISIT_BEFORE_K1,0,1,,,False,,,OPPOSITE_VISIT_BEFORE_K1,2023-07-22 22:35:00+00:00,
90,01:30,4,2023-07-24,Monday,2023-07-23 18:30:00+00:00,2023-07-23 22:30:00+00:00,2023-07-23 22:30:00+00:00,2023-07-24 02:30:00+00:00,244.12,241.68,2.4399999999999977,False,BREAK_BEFORE_K1,0,0,,,False,,,BREAK_BEFORE_K1,2023-07-24 02:10:00+00:00,
90,01:30,4,2023-07-25,Tuesday,2023-07-24 18:30:00+00:00,2023-07-24 22:30:00+00:00,2023-07-24 22:30:00+00:00,2023-07-25 02:30:00+00:00,239.31,237.66,1.6500000000000057,True,,1,0,2023-07-25 00:00:00+00:00,2023-07-25 00:05:00+00:00,True,2023-07-25 00:10:00+00:00,2023-07-25 00:15:00+00:00,H2_ARRIVAL,2023-07-25 00:15:00+00:00,5.0
90,01:30,4,2023-07-26,Wednesday,2023-07-25 18:30:00+00:00,2023-07-25 22:30:00+00:00,2023-07-25 22:30:00+00:00,2023-07-26 02:30:00+00:00,238.52,236.95,1.5700000000000216,False,OPPOSITE_VISIT_BEFORE_K1,0,1,,,False,,,OPPOSITE_VISIT_BEFORE_K1,2023-07-26 01:05:00+00:00,
90,01:30,4,2023-07-27,Thursday,2023-07-26 18:30:00+00:00,2023-07-26 22:30:00+00:00,2023-07-26 22:30:00+00:00,2023-07-27 02:30:00+00:00,240.65,237.3,3.3499999999999943,False,NO_K1,0,0,,,False,,,NO_K1,,
90,01:30,4,2023-07-28,Friday,2023-07-27 18:30:00+00:00,2023-07-27 22:30:00+00:00,2023-07-27 22:30:00+00:00,2023-07-28 02:30:00+00:00,240.95,239.46,1.4899999999999807,True,,1,0,2023-07-28 00:30:00+00:00,2023-07-28 00:35:00+00:00,False,,,BREAK_DURING_K1,2023-07-28 00:40:00+00:00,
90,01:30,4,2023-07-29,Saturday,2023-07-28 18:30:00+00:00,2023-07-28 22:30:00+00:00,2023-07-28 22:30:00+00:00,2023-07-29 02:30:00+00:00,243.11,241.82,1.2900000000000205,False,OPPOSITE_VISIT_BEFORE_K1,0,1,,,False,,,OPPOSITE_VISIT_BEFORE_K1,2023-07-29 00:00:00+00:00,
90,01:30,4,2023-07-30,Sunday,2023-07-29 18:30:00+00:00,2023-07-29 22:30:00+00:00,2023-07-29 22:30:00+00:00,2023-07-30 02:30:00+00:00,242.72,241.75,0.9699999999999989,False,BREAK_BEFORE_K1,0,0,,,False,,,BREAK_BEFORE_K1,2023-07-29 23:40:00+00:00,
90,01:30,4,2023-07-31,Monday,2023-07-30 18:30:00+00:00,2023-07-30 22:30:00+00:00,2023-07-30 22:30:00+00:00,2023-07-31 02:30:00+00:00,243.71,240.39,3.3200000000000216,False,BREAK_BEFORE_K1,0,0,,,False,,,BREAK_BEFORE_K1,2023-07-31 00:55:00+00:00,
90,01:30,4,2023-08-01,Tuesday,2023-07-31 18:30:00+00:00,2023-07-31 22:30:00+00:00,2023-07-31 22:30:00+00:00,2023-08-01 02:30:00+00:00,242.31,240.57,1.740000000000009,False,BREAK_BEFORE_K1,0,0,,,False,,,BREAK_BEFORE_K1,2023-08-01 02:05:00+00:00,
90,01:30,4,2023-08-02,Wednesday,2023-08-01 18:30:00+00:00,2023-08-01 22:30:00+00:00,2023-08-01 22:30:00+00:00,2023-08-02 02:30:00+00:00,247.34,245.44,1.9000000000000057,True,,1,0,2023-08-01 23:30:00+00:00,2023-08-01 23:35:00+00:00,True,2023-08-01 23:45:00+00:00,2023-08-01 23:50:00+00:00,H2_ARRIVAL,2023-08-01 23:50:00+00:00,5.0
90,01:30,4,2023-08-03,Thursday,2023-08-02 18:30:00+00:00,2023-08-02 22:30:00+00:00,2023-08-02 22:30:00+00:00,2023-08-03 02:30:00+00:00,242.26,240.37,1.8899999999999864,False,OPPOSITE_VISIT_BEFORE_K1,0,1,,,False,,,OPPOSITE_VISIT_BEFORE_K1,2023-08-03 00:05:00+00:00,
90,01:30,4,2023-08-04,Friday,2023-08-03 18:30:00+00:00,2023-08-03 22:30:00+00:00,2023-08-03 22:30:00+00:00,2023-08-04 02:30:00+00:00,241.74,240.0,1.740000000000009,True,,1,0,2023-08-04 01:15:00+00:00,2023-08-04 01:20:00+00:00,True,2023-08-04 01:20:00+00:00,2023-08-04 01:25:00+00:00,H2_ARRIVAL,2023-08-04 01:35:00+00:00,15.0
90,01:30,4,2023-08-05,Saturday,2023-08-04 18:30:00+00:00,2023-08-04 22:30:00+00:00,2023-08-04 22:30:00+00:00,2023-08-05 02:30:00+00:00,242.14,240.11,2.0299999999999727,True,,1,0,2023-08-05 00:45:00+00:00,2023-08-05 00:50:00+00:00,True,2023-08-05 00:50:00+00:00,2023-08-05 00:55:00+00:00,NO_H2_BY_END,,
90,01:30,4,2023-08-06,Sunday,2023-08-05 18:30:00+00:00,2023-08-05 22:30:00+00:00,2023-08-05 22:30:00+00:00,2023-08-06 02:30:00+00:00,243.37,242.54,0.8300000000000125,True,,1,0,2023-08-06 00:00:00+00:00,2023-08-06 00:05:00+00:00,False,,,BREAK_DURING_K1,2023-08-06 00:15:00+00:00,
90,01:30,4,2023-08-07,Monday,2023-08-06 18:30:00+00:00,2023-08-06 22:30:00+00:00,2023-08-06 22:30:00+00:00,2023-08-07 02:30:00+00:00,244.16,242.77,1.3899999999999864,True,,1,0,2023-08-07 01:10:00+00:00,2023-08-07 01:15:00+00:00,False,,,BREAK_DURING_K1,2023-08-07 01:15:00+00:00,
90,01:30,4,2023-08-08,Tuesday,2023-08-07 18:30:00+00:00,2023-08-07 22:30:00+00:00,2023-08-07 22:30:00+00:00,2023-08-08 02:30:00+00:00,242.08,240.87,1.210000000000008,True,,1,0,2023-08-08 00:05:00+00:00,2023-08-08 00:10:00+00:00,True,2023-08-08 00:10:00+00:00,2023-08-08 00:15:00+00:00,H2_ARRIVAL,2023-08-08 00:50:00+00:00,40.0
90,01:30,4,2023-08-09,Wednesday,2023-08-08 18:30:00+00:00,2023-08-08 22:30:00+00:00,2023-08-08 22:30:00+00:00,2023-08-09 02:30:00+00:00,248.15,245.58,2.569999999999993,False,BREAK_BEFORE_K1,0,0,,,False,,,BREAK_BEFORE_K1,2023-08-08 22:35:00+00:00,
90,01:30,4,2023-08-10,Thursday,2023-08-09 18:30:00+00:00,2023-08-09 22:30:00+00:00,2023-08-09 22:30:00+00:00,2023-08-10 02:30:00+00:00,243.77,242.75,1.0200000000000102,False,BREAK_BEFORE_K1,0,0,,,False,,,BREAK_BEFORE_K1,2023-08-09 22:50:00+00:00,
90,01:30,4,2023-08-11,Friday,2023-08-10 18:30:00+00:00,2023-08-10 22:30:00+00:00,2023-08-10 22:30:00+00:00,2023-08-11 02:30:00+00:00,241.19,240.34,0.8499999999999943,False,BREAK_BEFORE_K1,0,0,,,False,,,BREAK_BEFORE_K1,2023-08-10 22:30:00+00:00,
90,01:30,4,2023-08-12,Saturday,2023-08-11 18:30:00+00:00,2023-08-11 22:30:00+00:00,2023-08-11 22:30:00+00:00,2023-08-12 02:30:00+00:00,239.24,238.5,0.7400000000000091,True,,1,0,2023-08-11 23:20:00+00:00,2023-08-11 23:25:00+00:00,False,,,BREAK_DURING_K1,2023-08-11 23:25:00+00:00,
90,01:30,4,2023-08-13,Sunday,2023-08-12 18:30:00+00:00,2023-08-12 22:30:00+00:00,2023-08-12 22:30:00+00:00,2023-08-13 02:30:00+00:00,240.72,239.71,1.009999999999991,False,NO_K1,0,0,,,False,,,NO_K1,,
90,01:30,4,2023-08-14,Monday,2023-08-13 18:30:00+00:00,2023-08-13 22:30:00+00:00,2023-08-13 22:30:00+00:00,2023-08-14 02:30:00+00:00,241.75,239.87,1.8799999999999955,False,OPPOSITE_VISIT_BEFORE_K1,0,1,,,False,,,OPPOSITE_VISIT_BEFORE_K1,2023-08-13 22:35:00+00:00,
90,01:30,4,2023-08-15,Tuesday,2023-08-14 18:30:00+00:00,2023-08-14 22:30:00+00:00,2023-08-14 22:30:00+00:00,2023-08-15 02:30:00+00:00,240.7,239.7,1.0,False,NO_K1,0,0,,,False,,,NO_K1,,
90,01:30,4,2023-08-16,Wednesday,2023-08-15 18:30:00+00:00,2023-08-15 22:30:00+00:00,2023-08-15 22:30:00+00:00,2023-08-16 02:30:00+00:00,239.3,232.21,7.090000000000003,False,NO_K1,0,0,,,False,,,NO_K1,,
90,01:30,4,2023-08-17,Thursday,2023-08-16 18:30:00+00:00,2023-08-16 22:30:00+00:00,2023-08-16 22:30:00+00:00,2023-08-17 02:30:00+00:00,235.2,230.1,5.099999999999994,False,BREAK_BEFORE_K1,0,0,,,False,,,BREAK_BEFORE_K1,2023-08-17 00:40:00+00:00,
90,01:30,4,2023-08-18,Friday,2023-08-17 18:30:00+00:00,2023-08-17 22:30:00+00:00,2023-08-17 22:30:00+00:00,2023-08-18 02:30:00+00:00,226.64,204.43,22.20999999999998,False,NO_K1,0,0,,,False,,,NO_K1,,
90,01:30,4,2023-08-19,Saturday,2023-08-18 18:30:00+00:00,2023-08-18 22:30:00+00:00,2023-08-18 22:30:00+00:00,2023-08-19 02:30:00+00:00,217.82,215.54,2.280000000000001,False,BREAK_BEFORE_K1,0,0,,,False,,,BREAK_BEFORE_K1,2023-08-19 01:35:00+00:00,
90,01:30,4,2023-08-20,Sunday,2023-08-19 18:30:00+00:00,2023-08-19 22:30:00+00:00,2023-08-19 22:30:00+00:00,2023-08-20 02:30:00+00:00,217.6,215.5,2.0999999999999943,False,NO_K1,0,0,,,False,,,NO_K1,,
90,01:30,4,2023-08-21,Monday,2023-08-20 18:30:00+00:00,2023-08-20 22:30:00+00:00,2023-08-20 22:30:00+00:00,2023-08-21 02:30:00+00:00,218.0,216.51,1.490000000000009,False,BREAK_BEFORE_K1,0,0,,,False,,,BREAK_BEFORE_K1,2023-08-20 23:05:00+00:00,
90,01:30,4,2023-08-22,Tuesday,2023-08-21 18:30:00+00:00,2023-08-21 22:30:00+00:00,2023-08-21 22:30:00+00:00,2023-08-22 02:30:00+00:00,212.12,209.47,2.6500000000000057,False,NO_K1,0,0,,,False,,,NO_K1,,
90,01:30,4,2023-08-23,Wednesday,2023-08-22 18:30:00+00:00,2023-08-22 22:30:00+00:00,2023-08-22 22:30:00+00:00,2023-08-23 02:30:00+00:00,211.48,204.06,7.4199999999999875,False,BREAK_BEFORE_K1,0,0,,,False,,,BREAK_BEFORE_K1,2023-08-22 23:10:00+00:00,
90,01:30,4,2023-08-24,Thursday,2023-08-23 18:30:00+00:00,2023-08-23 22:30:00+00:00,2023-08-23 22:30:00+00:00,2023-08-24 02:30:00+00:00,218.63,214.54,4.090000000000003,False,NO_K1,0,0,,,False,,,NO_K1,,
90,01:30,4,2023-08-25,Friday,2023-08-24 18:30:00+00:00,2023-08-24 22:30:00+00:00,2023-08-24 22:30:00+00:00,2023-08-25 02:30:00+00:00,217.61,215.4,2.210000000000008,True,,1,0,2023-08-24 22:30:00+00:00,2023-08-24 22:35:00+00:00,True,2023-08-24 22:40:00+00:00,2023-08-24 22:45:00+00:00,H2_ARRIVAL,2023-08-24 22:50:00+00:00,10.0
90,01:30,4,2023-08-26,Saturday,2023-08-25 18:30:00+00:00,2023-08-25 22:30:00+00:00,2023-08-25 22:30:00+00:00,2023-08-26 02:30:00+00:00,218.45,216.96,1.4899999999999807,True,,1,0,2023-08-25 23:55:00+00:00,2023-08-26 00:00:00+00:00,False,,,BREAK_DURING_K1,2023-08-26 00:00:00+00:00,
90,01:30,4,2023-08-27,Sunday,2023-08-26 18:30:00+00:00,2023-08-26 22:30:00+00:00,2023-08-26 22:30:00+00:00,2023-08-27 02:30:00+00:00,216.77,216.18,0.5900000000000034,False,BREAK_BEFORE_K1,0,0,,,False,,,BREAK_BEFORE_K1,2023-08-26 23:10:00+00:00,
90,01:30,4,2023-08-28,Monday,2023-08-27 18:30:00+00:00,2023-08-27 22:30:00+00:00,2023-08-27 22:30:00+00:00,2023-08-28 02:30:00+00:00,219.08,217.56,1.5200000000000102,False,BREAK_BEFORE_K1,0,0,,,False,,,BREAK_BEFORE_K1,2023-08-28 00:50:00+00:00,
90,01:30,4,2023-08-29,Tuesday,2023-08-28 18:30:00+00:00,2023-08-28 22:30:00+00:00,2023-08-28 22:30:00+00:00,2023-08-29 02:30:00+00:00,218.88,217.28,1.5999999999999943,False,BREAK_BEFORE_K1,0,0,,,False,,,BREAK_BEFORE_K1,2023-08-28 23:15:00+00:00,
90,01:30,4,2023-08-30,Wednesday,2023-08-29 18:30:00+00:00,2023-08-29 22:30:00+00:00,2023-08-29 22:30:00+00:00,2023-08-30 02:30:00+00:00,228.67,225.79,2.8799999999999955,False,OPPOSITE_VISIT_BEFORE_K1,0,1,,,False,,,OPPOSITE_VISIT_BEFORE_K1,2023-08-30 00:25:00+00:00,
90,01:30,4,2023-08-31,Thursday,2023-08-30 18:30:00+00:00,2023-08-30 22:30:00+00:00,2023-08-30 22:30:00+00:00,2023-08-31 02:30:00+00:00,223.82,222.26,1.5600000000000023,True,,1,0,2023-08-30 23:15:00+00:00,2023-08-30 23:20:00+00:00,False,,,BREAK_DURING_K1,2023-08-30 23:20:00+00:00,
90,01:30,4,2023-09-01,Friday,2023-08-31 18:30:00+00:00,2023-08-31 22:30:00+00:00,2023-08-31 22:30:00+00:00,2023-09-01 02:30:00+00:00,217.74,213.91,3.8300000000000125,True,,1,0,2023-09-01 00:15:00+00:00,2023-09-01 00:20:00+00:00,False,,,BREAK_DURING_K1,2023-09-01 00:20:00+00:00,
90,01:30,4,2023-09-02,Saturday,2023-09-01 18:30:00+00:00,2023-09-01 22:30:00+00:00,2023-09-01 22:30:00+00:00,2023-09-02 02:30:00+00:00,215.03,211.51,3.5200000000000102,True,,1,0,2023-09-02 01:15:00+00:00,2023-09-02 01:20:00+00:00,True,2023-09-02 01:20:00+00:00,2023-09-02 01:25:00+00:00,H2_ARRIVAL,2023-09-02 01:40:00+00:00,20.0
90,01:30,4,2023-09-03,Sunday,2023-09-02 18:30:00+00:00,2023-09-02 22:30:00+00:00,2023-09-02 22:30:00+00:00,2023-09-03 02:30:00+00:00,214.24,213.0,1.240000000000009,False,BREAK_BEFORE_K1,0,0,,,False,,,BREAK_BEFORE_K1,2023-09-02 23:20:00+00:00,
90,01:30,4,2023-09-04,Monday,2023-09-03 18:30:00+00:00,2023-09-03 22:30:00+00:00,2023-09-03 22:30:00+00:00,2023-09-04 02:30:00+00:00,214.82,213.87,0.9499999999999886,False,NO_K1,0,0,,,False,,,NO_K1,,
90,01:30,4,2023-09-05,Tuesday,2023-09-04 18:30:00+00:00,2023-09-04 22:30:00+00:00,2023-09-04 22:30:00+00:00,2023-09-05 02:30:00+00:00,215.91,213.55,2.359999999999985,False,NO_K1,0,0,,,False,,,NO_K1,,
90,01:30,4,2023-09-06,Wednesday,2023-09-05 18:30:00+00:00,2023-09-05 22:30:00+00:00,2023-09-05 22:30:00+00:00,2023-09-06 02:30:00+00:00,215.38,214.07,1.3100000000000023,False,NO_K1,0,0,,,False,,,NO_K1,,
90,01:30,4,2023-09-07,Thursday,2023-09-06 18:30:00+00:00,2023-09-06 22:30:00+00:00,2023-09-06 22:30:00+00:00,2023-09-07 02:30:00+00:00,215.45,214.29,1.1599999999999966,False,NO_K1,0,0,,,False,,,NO_K1,,
90,01:30,4,2023-09-08,Friday,2023-09-07 18:30:00+00:00,2023-09-07 22:30:00+00:00,2023-09-07 22:30:00+00:00,2023-09-08 02:30:00+00:00,217.9,214.44,3.460000000000008,True,,1,0,2023-09-08 00:45:00+00:00,2023-09-08 00:50:00+00:00,False,,,BREAK_DURING_K1,2023-09-08 00:50:00+00:00,
90,01:30,4,2023-09-09,Saturday,2023-09-08 18:30:00+00:00,2023-09-08 22:30:00+00:00,2023-09-08 22:30:00+00:00,2023-09-09 02:30:00+00:00,214.45,213.4,1.049999999999983,True,,1,0,2023-09-08 23:00:00+00:00,2023-09-08 23:05:00+00:00,True,2023-09-08 23:05:00+00:00,2023-09-08 23:10:00+00:00,H2_ARRIVAL,2023-09-08 23:10:00+00:00,5.0
90,01:30,4,2023-09-10,Sunday,2023-09-09 18:30:00+00:00,2023-09-09 22:30:00+00:00,2023-09-09 22:30:00+00:00,2023-09-10 02:30:00+00:00,214.89,214.34,0.549999999999983,False,BREAK_BEFORE_K1,0,0,,,False,,,BREAK_BEFORE_K1,2023-09-09 23:15:00+00:00,
90,01:30,4,2023-09-11,Monday,2023-09-10 18:30:00+00:00,2023-09-10 22:30:00+00:00,2023-09-10 22:30:00+00:00,2023-09-11 02:30:00+00:00,213.69,211.1,2.5900000000000034,True,,1,0,2023-09-10 22:30:00+00:00,2023-09-10 22:35:00+00:00,True,2023-09-10 22:40:00+00:00,2023-09-10 22:45:00+00:00,NO_H2_BY_END,,
90,01:30,4,2023-09-12,Tuesday,2023-09-11 18:30:00+00:00,2023-09-11 22:30:00+00:00,2023-09-11 22:30:00+00:00,2023-09-12 02:30:00+00:00,206.88,203.75,3.1299999999999955,False,NO_K1,0,0,,,False,,,NO_K1,,
90,01:30,4,2023-09-13,Wednesday,2023-09-12 18:30:00+00:00,2023-09-12 22:30:00+00:00,2023-09-12 22:30:00+00:00,2023-09-13 02:30:00+00:00,213.63,211.64,1.990000000000009,False,OPPOSITE_VISIT_BEFORE_K1,0,1,,,False,,,OPPOSITE_VISIT_BEFORE_K1,2023-09-12 23:00:00+00:00,
90,01:30,4,2023-09-14,Thursday,2023-09-13 18:30:00+00:00,2023-09-13 22:30:00+00:00,2023-09-13 22:30:00+00:00,2023-09-14 02:30:00+00:00,213.06,211.16,1.9000000000000057,True,,1,0,2023-09-13 22:30:00+00:00,2023-09-13 22:35:00+00:00,True,2023-09-13 22:35:00+00:00,2023-09-13 22:40:00+00:00,H2_ARRIVAL,2023-09-14 00:10:00+00:00,95.0
90,01:30,4,2023-09-15,Friday,2023-09-14 18:30:00+00:00,2023-09-14 22:30:00+00:00,2023-09-14 22:30:00+00:00,2023-09-15 02:30:00+00:00,213.06,211.6,1.460000000000008,False,OPPOSITE_VISIT_BEFORE_K1,0,1,,,False,,,OPPOSITE_VISIT_BEFORE_K1,2023-09-15 01:05:00+00:00,
90,01:30,4,2023-09-16,Saturday,2023-09-15 18:30:00+00:00,2023-09-15 22:30:00+00:00,2023-09-15 22:30:00+00:00,2023-09-16 02:30:00+00:00,213.37,211.6,1.7700000000000102,True,,1,0,2023-09-15 22:30:00+00:00,2023-09-15 22:35:00+00:00,False,,,BREAK_DURING_K1,2023-09-15 22:35:00+00:00,
90,01:30,4,2023-09-17,Sunday,2023-09-16 18:30:00+00:00,2023-09-16 22:30:00+00:00,2023-09-16 22:30:00+00:00,2023-09-17 02:30:00+00:00,214.92,214.06,0.8599999999999852,True,,1,0,2023-09-16 22:35:00+00:00,2023-09-16 22:40:00+00:00,True,2023-09-16 22:50:00+00:00,2023-09-16 22:55:00+00:00,H2_ARRIVAL,2023-09-16 22:55:00+00:00,5.0
90,01:30,4,2023-09-18,Monday,2023-09-17 18:30:00+00:00,2023-09-17 22:30:00+00:00,2023-09-17 22:30:00+00:00,2023-09-18 02:30:00+00:00,216.49,214.97,1.5200000000000102,True,,1,0,2023-09-18 00:05:00+00:00,2023-09-18 00:10:00+00:00,True,2023-09-18 00:20:00+00:00,2023-09-18 00:25:00+00:00,H2_ARRIVAL,2023-09-18 01:10:00+00:00,50.0
90,01:30,4,2023-09-19,Tuesday,2023-09-18 18:30:00+00:00,2023-09-18 22:30:00+00:00,2023-09-18 22:30:00+00:00,2023-09-19 02:30:00+00:00,217.21,215.12,2.0900000000000034,False,NO_K1,0,0,,,False,,,NO_K1,,
90,01:30,4,2023-09-20,Wednesday,2023-09-19 18:30:00+00:00,2023-09-19 22:30:00+00:00,2023-09-19 22:30:00+00:00,2023-09-20 02:30:00+00:00,217.44,216.24,1.1999999999999886,True,,1,0,2023-09-19 23:20:00+00:00,2023-09-19 23:25:00+00:00,True,2023-09-19 23:25:00+00:00,2023-09-19 23:30:00+00:00,H2_ARRIVAL,2023-09-20 01:40:00+00:00,135.0
90,01:30,4,2023-09-21,Thursday,2023-09-20 18:30:00+00:00,2023-09-20 22:30:00+00:00,2023-09-20 22:30:00+00:00,2023-09-21 02:30:00+00:00,216.97,212.78,4.189999999999998,True,,1,0,2023-09-20 22:35:00+00:00,2023-09-20 22:40:00+00:00,True,2023-09-20 22:40:00+00:00,2023-09-20 22:45:00+00:00,NO_H2_BY_END,,
90,01:30,4,2023-09-22,Friday,2023-09-21 18:30:00+00:00,2023-09-21 22:30:00+00:00,2023-09-21 22:30:00+00:00,2023-09-22 02:30:00+00:00,211.04,209.93,1.1099999999999852,False,BREAK_BEFORE_K1,0,0,,,False,,,BREAK_BEFORE_K1,2023-09-21 23:05:00+00:00,
90,01:30,4,2023-09-23,Saturday,2023-09-22 18:30:00+00:00,2023-09-22 22:30:00+00:00,2023-09-22 22:30:00+00:00,2023-09-23 02:30:00+00:00,211.39,210.18,1.2099999999999795,True,,1,0,2023-09-22 23:00:00+00:00,2023-09-22 23:05:00+00:00,True,2023-09-22 23:05:00+00:00,2023-09-22 23:10:00+00:00,H2_ARRIVAL,2023-09-23 00:05:00+00:00,60.0
90,01:30,4,2023-09-24,Sunday,2023-09-23 18:30:00+00:00,2023-09-23 22:30:00+00:00,2023-09-23 22:30:00+00:00,2023-09-24 02:30:00+00:00,210.88,210.27,0.6099999999999852,False,OPPOSITE_VISIT_BEFORE_K1,0,1,,,False,,,OPPOSITE_VISIT_BEFORE_K1,2023-09-23 22:30:00+00:00,
90,01:30,4,2023-09-25,Monday,2023-09-24 18:30:00+00:00,2023-09-24 22:30:00+00:00,2023-09-24 22:30:00+00:00,2023-09-25 02:30:00+00:00,210.7,208.55,2.1499999999999773,False,BREAK_BEFORE_K1,0,0,,,False,,,BREAK_BEFORE_K1,2023-09-24 23:25:00+00:00,
90,01:30,4,2023-09-26,Tuesday,2023-09-25 18:30:00+00:00,2023-09-25 22:30:00+00:00,2023-09-25 22:30:00+00:00,2023-09-26 02:30:00+00:00,210.69,209.57,1.1200000000000045,False,BREAK_BEFORE_K1,0,0,,,False,,,BREAK_BEFORE_K1,2023-09-26 01:50:00+00:00,
90,01:30,4,2023-09-27,Wednesday,2023-09-26 18:30:00+00:00,2023-09-26 22:30:00+00:00,2023-09-26 22:30:00+00:00,2023-09-27 02:30:00+00:00,212.56,210.73,1.8300000000000125,True,,1,0,2023-09-26 23:35:00+00:00,2023-09-26 23:40:00+00:00,False,,,BREAK_DURING_K1,2023-09-26 23:40:00+00:00,
90,01:30,4,2023-09-28,Thursday,2023-09-27 18:30:00+00:00,2023-09-27 22:30:00+00:00,2023-09-27 22:30:00+00:00,2023-09-28 02:30:00+00:00,212.18,211.19,0.9900000000000091,False,BREAK_BEFORE_K1,0,0,,,False,,,BREAK_BEFORE_K1,2023-09-27 23:40:00+00:00,
90,01:30,4,2023-09-29,Friday,2023-09-28 18:30:00+00:00,2023-09-28 22:30:00+00:00,2023-09-28 22:30:00+00:00,2023-09-29 02:30:00+00:00,215.77,214.31,1.460000000000008,True,,1,0,2023-09-29 00:30:00+00:00,2023-09-29 00:35:00+00:00,True,2023-09-29 00:35:00+00:00,2023-09-29 00:40:00+00:00,NO_H2_BY_END,,
90,01:30,4,2023-09-30,Saturday,2023-09-29 18:30:00+00:00,2023-09-29 22:30:00+00:00,2023-09-29 22:30:00+00:00,2023-09-30 02:30:00+00:00,216.12,215.08,1.039999999999992,False,OPPOSITE_VISIT_BEFORE_K1,0,1,,,False,,,OPPOSITE_VISIT_BEFORE_K1,2023-09-29 22:45:00+00:00,
90,01:30,4,2023-10-01,Sunday,2023-09-30 18:30:00+00:00,2023-09-30 22:30:00+00:00,2023-09-30 22:30:00+00:00,2023-10-01 02:30:00+00:00,216.0,215.0,1.0,False,OPPOSITE_VISIT_BEFORE_K1,0,1,,,False,,,OPPOSITE_VISIT_BEFORE_K1,2023-09-30 22:45:00+00:00,
90,01:30,4,2023-10-02,Monday,2023-10-01 18:30:00+00:00,2023-10-01 22:30:00+00:00,2023-10-01 22:30:00+00:00,2023-10-02 02:30:00+00:00,219.93,213.62,6.310000000000002,True,,1,0,2023-10-02 01:55:00+00:00,2023-10-02 02:00:00+00:00,True,2023-10-02 02:05:00+00:00,2023-10-02 02:10:00+00:00,NO_H2_BY_END,,
90,01:30,4,2023-10-03,Tuesday,2023-10-02 18:30:00+00:00,2023-10-02 22:30:00+00:00,2023-10-02 22:30:00+00:00,2023-10-03 02:30:00+00:00,216.26,213.19,3.069999999999993,False,NO_K1,0,0,,,False,,,NO_K1,,
90,01:30,4,2023-10-04,Wednesday,2023-10-03 18:30:00+00:00,2023-10-03 22:30:00+00:00,2023-10-03 22:30:00+00:00,2023-10-04 02:30:00+00:00,213.71,212.34,1.3700000000000045,True,,1,0,2023-10-03 23:00:00+00:00,2023-10-03 23:05:00+00:00,True,2023-10-03 23:15:00+00:00,2023-10-03 23:20:00+00:00,H2_ARRIVAL,2023-10-03 23:45:00+00:00,30.0
90,01:30,4,2023-10-05,Thursday,2023-10-04 18:30:00+00:00,2023-10-04 22:30:00+00:00,2023-10-04 22:30:00+00:00,2023-10-05 02:30:00+00:00,213.72,212.27,1.4499999999999886,False,BREAK_BEFORE_K1,0,0,,,False,,,BREAK_BEFORE_K1,2023-10-04 23:00:00+00:00,
90,01:30,4,2023-10-06,Friday,2023-10-05 18:30:00+00:00,2023-10-05 22:30:00+00:00,2023-10-05 22:30:00+00:00,2023-10-06 02:30:00+00:00,211.38,210.37,1.009999999999991,True,,1,0,2023-10-05 23:05:00+00:00,2023-10-05 23:10:00+00:00,True,2023-10-05 23:15:00+00:00,2023-10-05 23:20:00+00:00,H2_ARRIVAL,2023-10-06 00:55:00+00:00,100.0
90,01:30,4,2023-10-07,Saturday,2023-10-06 18:30:00+00:00,2023-10-06 22:30:00+00:00,2023-10-06 22:30:00+00:00,2023-10-07 02:30:00+00:00,214.69,213.26,1.4300000000000068,False,OPPOSITE_VISIT_BEFORE_K1,0,1,,,False,,,OPPOSITE_VISIT_BEFORE_K1,2023-10-06 23:30:00+00:00,
90,01:30,4,2023-10-08,Sunday,2023-10-07 18:30:00+00:00,2023-10-07 22:30:00+00:00,2023-10-07 22:30:00+00:00,2023-10-08 02:30:00+00:00,212.44,211.63,0.8100000000000023,False,BREAK_BEFORE_K1,0,0,,,False,,,BREAK_BEFORE_K1,2023-10-08 00:45:00+00:00,
90,01:30,4,2023-10-09,Monday,2023-10-08 18:30:00+00:00,2023-10-08 22:30:00+00:00,2023-10-08 22:30:00+00:00,2023-10-09 02:30:00+00:00,212.14,211.04,1.0999999999999943,False,OPPOSITE_VISIT_BEFORE_K1,0,1,,,False,,,OPPOSITE_VISIT_BEFORE_K1,2023-10-08 22:30:00+00:00,
90,01:30,4,2023-10-10,Tuesday,2023-10-09 18:30:00+00:00,2023-10-09 22:30:00+00:00,2023-10-09 22:30:00+00:00,2023-10-10 02:30:00+00:00,207.5,205.14,2.3600000000000136,False,OPPOSITE_VISIT_BEFORE_K1,0,1,,,False,,,OPPOSITE_VISIT_BEFORE_K1,2023-10-09 23:20:00+00:00,
90,01:30,4,2023-10-11,Wednesday,2023-10-10 18:30:00+00:00,2023-10-10 22:30:00+00:00,2023-10-10 22:30:00+00:00,2023-10-11 02:30:00+00:00,209.3,207.13,2.170000000000016,False,OPPOSITE_VISIT_BEFORE_K1,0,1,,,False,,,OPPOSITE_VISIT_BEFORE_K1,2023-10-11 02:00:00+00:00,
90,01:30,4,2023-10-12,Thursday,2023-10-11 18:30:00+00:00,2023-10-11 22:30:00+00:00,2023-10-11 22:30:00+00:00,2023-10-12 02:30:00+00:00,206.77,205.32,1.450000000000017,True,,1,0,2023-10-12 00:05:00+00:00,2023-10-12 00:10:00+00:00,True,2023-10-12 00:10:00+00:00,2023-10-12 00:15:00+00:00,OPPOSITE_BREAK_BEFORE_H2,2023-10-12 01:10:00+00:00,
90,01:30,4,2023-10-13,Friday,2023-10-12 18:30:00+00:00,2023-10-12 22:30:00+00:00,2023-10-12 22:30:00+00:00,2023-10-13 02:30:00+00:00,206.0,204.84,1.1599999999999966,False,BREAK_BEFORE_K1,0,0,,,False,,,BREAK_BEFORE_K1,2023-10-13 00:30:00+00:00,
90,01:30,4,2023-10-14,Saturday,2023-10-13 18:30:00+00:00,2023-10-13 22:30:00+00:00,2023-10-13 22:30:00+00:00,2023-10-14 02:30:00+00:00,208.43,205.25,3.180000000000007,False,NO_K1,0,0,,,False,,,NO_K1,,
90,01:30,4,2023-10-15,Sunday,2023-10-14 18:30:00+00:00,2023-10-14 22:30:00+00:00,2023-10-14 22:30:00+00:00,2023-10-15 02:30:00+00:00,206.97,206.14,0.8300000000000125,True,,1,0,2023-10-15 00:00:00+00:00,2023-10-15 00:05:00+00:00,False,,,BREAK_DURING_K1,2023-10-15 00:10:00+00:00,
90,01:30,4,2023-10-16,Monday,2023-10-15 18:30:00+00:00,2023-10-15 22:30:00+00:00,2023-10-15 22:30:00+00:00,2023-10-16 02:30:00+00:00,210.5,209.25,1.25,False,OPPOSITE_VISIT_BEFORE_K1,0,1,,,False,,,OPPOSITE_VISIT_BEFORE_K1,2023-10-15 22:45:00+00:00,
90,01:30,4,2023-10-17,Tuesday,2023-10-16 18:30:00+00:00,2023-10-16 22:30:00+00:00,2023-10-16 22:30:00+00:00,2023-10-17 02:30:00+00:00,215.36,213.57,1.7900000000000205,True,,1,0,2023-10-16 22:45:00+00:00,2023-10-16 22:50:00+00:00,False,,,BREAK_DURING_K1,2023-10-16 23:10:00+00:00,
90,01:30,4,2023-10-18,Wednesday,2023-10-17 18:30:00+00:00,2023-10-17 22:30:00+00:00,2023-10-17 22:30:00+00:00,2023-10-18 02:30:00+00:00,211.99,210.68,1.3100000000000023,False,NO_K1,0,0,,,False,,,NO_K1,,
90,01:30,4,2023-10-19,Thursday,2023-10-18 18:30:00+00:00,2023-10-18 22:30:00+00:00,2023-10-18 22:30:00+00:00,2023-10-19 02:30:00+00:00,211.55,210.0,1.5500000000000114,False,BREAK_BEFORE_K1,0,0,,,False,,,BREAK_BEFORE_K1,2023-10-19 01:40:00+00:00,
90,01:30,4,2023-10-20,Friday,2023-10-19 18:30:00+00:00,2023-10-19 22:30:00+00:00,2023-10-19 22:30:00+00:00,2023-10-20 02:30:00+00:00,210.99,210.14,0.8500000000000227,True,,1,0,2023-10-19 23:40:00+00:00,2023-10-19 23:45:00+00:00,False,,,BREAK_DURING_K1,2023-10-19 23:45:00+00:00,
90,01:30,4,2023-10-21,Saturday,2023-10-20 18:30:00+00:00,2023-10-20 22:30:00+00:00,2023-10-20 22:30:00+00:00,2023-10-21 02:30:00+00:00,213.17,212.51,0.6599999999999966,False,OPPOSITE_VISIT_BEFORE_K1,0,1,,,False,,,OPPOSITE_VISIT_BEFORE_K1,2023-10-20 22:55:00+00:00,
90,01:30,4,2023-10-22,Sunday,2023-10-21 18:30:00+00:00,2023-10-21 22:30:00+00:00,2023-10-21 22:30:00+00:00,2023-10-22 02:30:00+00:00,215.99,214.36,1.6299999999999955,False,OPPOSITE_VISIT_BEFORE_K1,0,1,,,False,,,OPPOSITE_VISIT_BEFORE_K1,2023-10-21 23:30:00+00:00,
90,01:30,4,2023-10-23,Monday,2023-10-22 18:30:00+00:00,2023-10-22 22:30:00+00:00,2023-10-22 22:30:00+00:00,2023-10-23 02:30:00+00:00,215.79,214.91,0.8799999999999955,False,BREAK_BEFORE_K1,0,0,,,False,,,BREAK_BEFORE_K1,2023-10-22 22:35:00+00:00,
90,01:30,4,2023-10-24,Tuesday,2023-10-23 18:30:00+00:00,2023-10-23 22:30:00+00:00,2023-10-23 22:30:00+00:00,2023-10-24 02:30:00+00:00,225.56,219.47,6.090000000000003,True,,1,0,2023-10-23 22:30:00+00:00,2023-10-23 22:35:00+00:00,False,,,BREAK_DURING_K1,2023-10-23 22:35:00+00:00,
90,01:30,4,2023-10-25,Wednesday,2023-10-24 18:30:00+00:00,2023-10-24 22:30:00+00:00,2023-10-24 22:30:00+00:00,2023-10-25 02:30:00+00:00,226.65,223.29,3.3600000000000136,False,BREAK_BEFORE_K1,0,0,,,False,,,BREAK_BEFORE_K1,2023-10-24 22:35:00+00:00,
90,01:30,4,2023-10-26,Thursday,2023-10-25 18:30:00+00:00,2023-10-25 22:30:00+00:00,2023-10-25 22:30:00+00:00,2023-10-26 02:30:00+00:00,224.57,222.42,2.1500000000000057,False,BREAK_BEFORE_K1,0,0,,,False,,,BREAK_BEFORE_K1,2023-10-25 23:00:00+00:00,
90,01:30,4,2023-10-27,Friday,2023-10-26 18:30:00+00:00,2023-10-26 22:30:00+00:00,2023-10-26 22:30:00+00:00,2023-10-27 02:30:00+00:00,223.86,221.63,2.230000000000018,True,,1,0,2023-10-26 22:30:00+00:00,2023-10-26 22:35:00+00:00,True,2023-10-26 22:50:00+00:00,2023-10-26 22:55:00+00:00,H2_ARRIVAL,2023-10-26 22:55:00+00:00,5.0
90,01:30,4,2023-10-28,Saturday,2023-10-27 18:30:00+00:00,2023-10-27 22:30:00+00:00,2023-10-27 22:30:00+00:00,2023-10-28 02:30:00+00:00,224.98,221.0,3.9799999999999898,False,BREAK_BEFORE_K1,0,0,,,False,,,BREAK_BEFORE_K1,2023-10-28 00:20:00+00:00,
90,01:30,4,2023-10-29,Sunday,2023-10-28 18:30:00+00:00,2023-10-28 22:30:00+00:00,2023-10-28 22:30:00+00:00,2023-10-29 02:30:00+00:00,226.5,225.15,1.3499999999999943,False,BREAK_BEFORE_K1,0,0,,,False,,,BREAK_BEFORE_K1,2023-10-29 01:10:00+00:00,
90,01:30,4,2023-10-30,Monday,2023-10-29 18:30:00+00:00,2023-10-29 22:30:00+00:00,2023-10-29 22:30:00+00:00,2023-10-30 02:30:00+00:00,228.0,226.37,1.6299999999999955,True,,1,0,2023-10-29 22:30:00+00:00,2023-10-29 22:35:00+00:00,False,,,BREAK_DURING_K1,2023-10-29 22:35:00+00:00,
90,01:30,4,2023-10-31,Tuesday,2023-10-30 18:30:00+00:00,2023-10-30 22:30:00+00:00,2023-10-30 22:30:00+00:00,2023-10-31 02:30:00+00:00,229.22,226.84,2.3799999999999955,False,BREAK_BEFORE_K1,0,0,,,False,,,BREAK_BEFORE_K1,2023-10-31 00:40:00+00:00,
90,01:30,4,2023-11-01,Wednesday,2023-10-31 18:30:00+00:00,2023-10-31 22:30:00+00:00,2023-10-31 22:30:00+00:00,2023-11-01 02:30:00+00:00,226.7,225.07,1.6299999999999955,False,BREAK_BEFORE_K1,0,0,,,False,,,BREAK_BEFORE_K1,2023-11-01 00:15:00+00:00,
90,01:30,4,2023-11-02,Thursday,2023-11-01 18:30:00+00:00,2023-11-01 22:30:00+00:00,2023-11-01 22:30:00+00:00,2023-11-02 02:30:00+00:00,230.15,225.03,5.1200000000000045,True,,1,0,2023-11-02 01:00:00+00:00,2023-11-02 01:05:00+00:00,True,2023-11-02 01:05:00+00:00,2023-11-02 01:10:00+00:00,H2_ARRIVAL,2023-11-02 01:10:00+00:00,5.0
90,01:30,4,2023-11-03,Friday,2023-11-02 18:30:00+00:00,2023-11-02 22:30:00+00:00,2023-11-02 22:30:00+00:00,2023-11-03 02:30:00+00:00,233.17,230.81,2.359999999999985,False,OPPOSITE_VISIT_BEFORE_K1,0,1,,,False,,,OPPOSITE_VISIT_BEFORE_K1,2023-11-02 22:40:00+00:00,
90,01:30,4,2023-11-04,Saturday,2023-11-03 18:30:00+00:00,2023-11-03 22:30:00+00:00,2023-11-03 22:30:00+00:00,2023-11-04 02:30:00+00:00,230.43,228.4,2.030000000000001,True,,1,0,2023-11-03 23:00:00+00:00,2023-11-03 23:05:00+00:00,False,,,BREAK_DURING_K1,2023-11-03 23:05:00+00:00,
90,01:30,4,2023-11-05,Sunday,2023-11-04 18:30:00+00:00,2023-11-04 22:30:00+00:00,2023-11-04 22:30:00+00:00,2023-11-05 02:30:00+00:00,236.99,235.8,1.1899999999999977,False,BREAK_BEFORE_K1,0,0,,,False,,,BREAK_BEFORE_K1,2023-11-04 22:30:00+00:00,
90,01:30,4,2023-11-06,Monday,2023-11-05 18:30:00+00:00,2023-11-05 22:30:00+00:00,2023-11-05 22:30:00+00:00,2023-11-06 02:30:00+00:00,244.77,240.62,4.150000000000006,False,BREAK_BEFORE_K1,0,0,,,False,,,BREAK_BEFORE_K1,2023-11-05 23:00:00+00:00,
90,01:30,4,2023-11-07,Tuesday,2023-11-06 18:30:00+00:00,2023-11-06 22:30:00+00:00,2023-11-06 22:30:00+00:00,2023-11-07 02:30:00+00:00,255.37,250.3,5.069999999999993,False,BREAK_BEFORE_K1,0,0,,,False,,,BREAK_BEFORE_K1,2023-11-06 23:05:00+00:00,
90,01:30,4,2023-11-08,Wednesday,2023-11-07 18:30:00+00:00,2023-11-07 22:30:00+00:00,2023-11-07 22:30:00+00:00,2023-11-08 02:30:00+00:00,249.88,245.82,4.060000000000002,False,OPPOSITE_VISIT_BEFORE_K1,0,1,,,False,,,OPPOSITE_VISIT_BEFORE_K1,2023-11-07 22:35:00+00:00,
90,01:30,4,2023-11-09,Thursday,2023-11-08 18:30:00+00:00,2023-11-08 22:30:00+00:00,2023-11-08 22:30:00+00:00,2023-11-09 02:30:00+00:00,249.67,245.13,4.539999999999992,True,,1,0,2023-11-09 02:25:00+00:00,2023-11-09 02:30:00+00:00,False,,,NO_CAUSAL_LEAVE_BY_END,,
90,01:30,4,2023-11-10,Friday,2023-11-09 18:30:00+00:00,2023-11-09 22:30:00+00:00,2023-11-09 22:30:00+00:00,2023-11-10 02:30:00+00:00,248.82,242.83,5.989999999999981,True,,1,0,2023-11-09 23:05:00+00:00,2023-11-09 23:10:00+00:00,False,,,BREAK_DURING_K1,2023-11-09 23:10:00+00:00,
90,01:30,4,2023-11-11,Saturday,2023-11-10 18:30:00+00:00,2023-11-10 22:30:00+00:00,2023-11-10 22:30:00+00:00,2023-11-11 02:30:00+00:00,252.58,250.06,2.5200000000000102,True,,1,0,2023-11-11 00:25:00+00:00,2023-11-11 00:30:00+00:00,True,2023-11-11 00:35:00+00:00,2023-11-11 00:40:00+00:00,OPPOSITE_BREAK_BEFORE_H2,2023-11-11 01:20:00+00:00,
90,01:30,4,2023-11-12,Sunday,2023-11-11 18:30:00+00:00,2023-11-11 22:30:00+00:00,2023-11-11 22:30:00+00:00,2023-11-12 02:30:00+00:00,254.48,249.52,4.9599999999999795,False,OPPOSITE_VISIT_BEFORE_K1,0,1,,,False,,,OPPOSITE_VISIT_BEFORE_K1,2023-11-11 23:30:00+00:00,
90,01:30,4,2023-11-13,Monday,2023-11-12 18:30:00+00:00,2023-11-12 22:30:00+00:00,2023-11-12 22:30:00+00:00,2023-11-13 02:30:00+00:00,249.29,247.43,1.8599999999999852,False,BREAK_BEFORE_K1,0,0,,,False,,,BREAK_BEFORE_K1,2023-11-12 23:20:00+00:00,
90,01:30,4,2023-11-14,Tuesday,2023-11-13 18:30:00+00:00,2023-11-13 22:30:00+00:00,2023-11-13 22:30:00+00:00,2023-11-14 02:30:00+00:00,246.53,240.22,6.310000000000002,False,BREAK_BEFORE_K1,0,0,,,False,,,BREAK_BEFORE_K1,2023-11-14 00:05:00+00:00,
90,01:30,4,2023-11-15,Wednesday,2023-11-14 18:30:00+00:00,2023-11-14 22:30:00+00:00,2023-11-14 22:30:00+00:00,2023-11-15 02:30:00+00:00,242.71,233.0,9.710000000000008,True,,1,0,2023-11-14 22:45:00+00:00,2023-11-14 22:50:00+00:00,True,2023-11-14 22:50:00+00:00,2023-11-14 22:55:00+00:00,H2_ARRIVAL,2023-11-14 23:10:00+00:00,20.0
90,01:30,4,2023-11-16,Thursday,2023-11-15 18:30:00+00:00,2023-11-15 22:30:00+00:00,2023-11-15 22:30:00+00:00,2023-11-16 02:30:00+00:00,254.7,250.88,3.819999999999993,False,BREAK_BEFORE_K1,0,0,,,False,,,BREAK_BEFORE_K1,2023-11-16 00:45:00+00:00,
90,01:30,4,2023-11-17,Friday,2023-11-16 18:30:00+00:00,2023-11-16 22:30:00+00:00,2023-11-16 22:30:00+00:00,2023-11-17 02:30:00+00:00,245.76,240.1,5.659999999999997,False,BREAK_BEFORE_K1,0,0,,,False,,,BREAK_BEFORE_K1,2023-11-17 02:25:00+00:00,
90,01:30,4,2023-11-18,Saturday,2023-11-17 18:30:00+00:00,2023-11-17 22:30:00+00:00,2023-11-17 22:30:00+00:00,2023-11-18 02:30:00+00:00,244.66,242.83,1.829999999999984,True,,1,0,2023-11-17 22:30:00+00:00,2023-11-17 22:35:00+00:00,True,2023-11-17 22:40:00+00:00,2023-11-17 22:45:00+00:00,H2_ARRIVAL,2023-11-17 22:50:00+00:00,10.0
90,01:30,4,2023-11-19,Sunday,2023-11-18 18:30:00+00:00,2023-11-18 22:30:00+00:00,2023-11-18 22:30:00+00:00,2023-11-19 02:30:00+00:00,245.38,243.58,1.799999999999983,False,BREAK_BEFORE_K1,0,0,,,False,,,BREAK_BEFORE_K1,2023-11-19 00:55:00+00:00,
90,01:30,4,2023-11-20,Monday,2023-11-19 18:30:00+00:00,2023-11-19 22:30:00+00:00,2023-11-19 22:30:00+00:00,2023-11-20 02:30:00+00:00,246.19,244.75,1.4399999999999977,False,BREAK_BEFORE_K1,0,0,,,False,,,BREAK_BEFORE_K1,2023-11-19 22:30:00+00:00,
90,01:30,4,2023-11-21,Tuesday,2023-11-20 18:30:00+00:00,2023-11-20 22:30:00+00:00,2023-11-20 22:30:00+00:00,2023-11-21 02:30:00+00:00,259.98,250.85,9.130000000000024,False,BREAK_BEFORE_K1,0,0,,,False,,,BREAK_BEFORE_K1,2023-11-21 00:55:00+00:00,
90,01:30,4,2023-11-22,Wednesday,2023-11-21 18:30:00+00:00,2023-11-21 22:30:00+00:00,2023-11-21 22:30:00+00:00,2023-11-22 02:30:00+00:00,248.4,230.0,18.400000000000006,False,BREAK_BEFORE_K1,0,0,,,False,,,BREAK_BEFORE_K1,2023-11-21 22:40:00+00:00,
90,01:30,4,2023-11-23,Thursday,2023-11-22 18:30:00+00:00,2023-11-22 22:30:00+00:00,2023-11-22 22:30:00+00:00,2023-11-23 02:30:00+00:00,238.45,234.0,4.449999999999989,False,BREAK_BEFORE_K1,0,0,,,False,,,BREAK_BEFORE_K1,2023-11-23 01:25:00+00:00,
90,01:30,4,2023-11-24,Friday,2023-11-23 18:30:00+00:00,2023-11-23 22:30:00+00:00,2023-11-23 22:30:00+00:00,2023-11-24 02:30:00+00:00,234.58,231.83,2.75,False,BREAK_BEFORE_K1,0,0,,,False,,,BREAK_BEFORE_K1,2023-11-24 00:20:00+00:00,
90,01:30,4,2023-11-25,Saturday,2023-11-24 18:30:00+00:00,2023-11-24 22:30:00+00:00,2023-11-24 22:30:00+00:00,2023-11-25 02:30:00+00:00,233.6,231.58,2.019999999999982,False,BREAK_BEFORE_K1,0,0,,,False,,,BREAK_BEFORE_K1,2023-11-25 00:10:00+00:00,
90,01:30,4,2023-11-26,Sunday,2023-11-25 18:30:00+00:00,2023-11-25 22:30:00+00:00,2023-11-25 22:30:00+00:00,2023-11-26 02:30:00+00:00,233.99,233.14,0.8500000000000227,False,BREAK_BEFORE_K1,0,0,,,False,,,BREAK_BEFORE_K1,2023-11-25 23:45:00+00:00,
90,01:30,4,2023-11-27,Monday,2023-11-26 18:30:00+00:00,2023-11-26 22:30:00+00:00,2023-11-26 22:30:00+00:00,2023-11-27 02:30:00+00:00,232.97,230.27,2.6999999999999886,True,,1,0,2023-11-27 00:40:00+00:00,2023-11-27 00:45:00+00:00,True,2023-11-27 00:50:00+00:00,2023-11-27 00:55:00+00:00,H2_ARRIVAL,2023-11-27 01:05:00+00:00,15.0
90,01:30,4,2023-11-28,Tuesday,2023-11-27 18:30:00+00:00,2023-11-27 22:30:00+00:00,2023-11-27 22:30:00+00:00,2023-11-28 02:30:00+00:00,226.89,223.53,3.359999999999985,False,BREAK_BEFORE_K1,0,0,,,False,,,BREAK_BEFORE_K1,2023-11-27 23:00:00+00:00,
90,01:30,4,2023-11-29,Wednesday,2023-11-28 18:30:00+00:00,2023-11-28 22:30:00+00:00,2023-11-28 22:30:00+00:00,2023-11-29 02:30:00+00:00,231.45,229.65,1.799999999999983,False,BREAK_BEFORE_K1,0,0,,,False,,,BREAK_BEFORE_K1,2023-11-28 22:50:00+00:00,
90,01:30,4,2023-11-30,Thursday,2023-11-29 18:30:00+00:00,2023-11-29 22:30:00+00:00,2023-11-29 22:30:00+00:00,2023-11-30 02:30:00+00:00,228.16,226.68,1.4799999999999898,False,OPPOSITE_VISIT_BEFORE_K1,0,1,,,False,,,OPPOSITE_VISIT_BEFORE_K1,2023-11-30 01:05:00+00:00,
90,01:30,4,2023-12-01,Friday,2023-11-30 18:30:00+00:00,2023-11-30 22:30:00+00:00,2023-11-30 22:30:00+00:00,2023-12-01 02:30:00+00:00,228.09,227.28,0.8100000000000023,True,,1,0,2023-11-30 22:35:00+00:00,2023-11-30 22:40:00+00:00,True,2023-11-30 22:45:00+00:00,2023-11-30 22:50:00+00:00,OPPOSITE_BREAK_BEFORE_H2,2023-12-01 00:25:00+00:00,
90,01:30,4,2023-12-02,Saturday,2023-12-01 18:30:00+00:00,2023-12-01 22:30:00+00:00,2023-12-01 22:30:00+00:00,2023-12-02 02:30:00+00:00,229.15,228.22,0.9300000000000068,False,BREAK_BEFORE_K1,0,0,,,False,,,BREAK_BEFORE_K1,2023-12-02 02:10:00+00:00,
90,01:30,4,2023-12-03,Sunday,2023-12-02 18:30:00+00:00,2023-12-02 22:30:00+00:00,2023-12-02 22:30:00+00:00,2023-12-03 02:30:00+00:00,230.57,228.1,2.469999999999999,False,BREAK_BEFORE_K1,0,0,,,False,,,BREAK_BEFORE_K1,2023-12-03 00:45:00+00:00,
90,01:30,4,2023-12-04,Monday,2023-12-03 18:30:00+00:00,2023-12-03 22:30:00+00:00,2023-12-03 22:30:00+00:00,2023-12-04 02:30:00+00:00,229.02,226.62,2.4000000000000057,True,,1,0,2023-12-03 22:30:00+00:00,2023-12-03 22:35:00+00:00,False,,,BREAK_DURING_K1,2023-12-03 22:35:00+00:00,
90,01:30,4,2023-12-05,Tuesday,2023-12-04 18:30:00+00:00,2023-12-04 22:30:00+00:00,2023-12-04 22:30:00+00:00,2023-12-05 02:30:00+00:00,233.21,230.68,2.530000000000001,True,,1,0,2023-12-04 23:45:00+00:00,2023-12-04 23:50:00+00:00,False,,,BREAK_DURING_K1,2023-12-04 23:50:00+00:00,
90,01:30,4,2023-12-06,Wednesday,2023-12-05 18:30:00+00:00,2023-12-05 22:30:00+00:00,2023-12-05 22:30:00+00:00,2023-12-06 02:30:00+00:00,232.83,230.25,2.5800000000000125,True,,1,0,2023-12-06 00:55:00+00:00,2023-12-06 01:00:00+00:00,True,2023-12-06 01:00:00+00:00,2023-12-06 01:05:00+00:00,H2_ARRIVAL,2023-12-06 01:05:00+00:00,5.0
90,01:30,4,2023-12-07,Thursday,2023-12-06 18:30:00+00:00,2023-12-06 22:30:00+00:00,2023-12-06 22:30:00+00:00,2023-12-07 02:30:00+00:00,233.05,229.01,4.0400000000000205,False,NO_K1,0,0,,,False,,,NO_K1,,
90,01:30,4,2023-12-08,Friday,2023-12-07 18:30:00+00:00,2023-12-07 22:30:00+00:00,2023-12-07 22:30:00+00:00,2023-12-08 02:30:00+00:00,233.48,230.2,3.280000000000001,False,BREAK_BEFORE_K1,0,0,,,False,,,BREAK_BEFORE_K1,2023-12-08 00:05:00+00:00,
90,01:30,4,2023-12-09,Saturday,2023-12-08 18:30:00+00:00,2023-12-08 22:30:00+00:00,2023-12-08 22:30:00+00:00,2023-12-09 02:30:00+00:00,240.22,236.81,3.4099999999999966,False,BREAK_BEFORE_K1,0,0,,,False,,,BREAK_BEFORE_K1,2023-12-09 00:05:00+00:00,
90,01:30,4,2023-12-10,Sunday,2023-12-09 18:30:00+00:00,2023-12-09 22:30:00+00:00,2023-12-09 22:30:00+00:00,2023-12-10 02:30:00+00:00,240.4,238.42,1.9800000000000182,False,BREAK_BEFORE_K1,0,0,,,False,,,BREAK_BEFORE_K1,2023-12-09 23:20:00+00:00,
90,01:30,4,2023-12-11,Monday,2023-12-10 18:30:00+00:00,2023-12-10 22:30:00+00:00,2023-12-10 22:30:00+00:00,2023-12-11 02:30:00+00:00,241.08,239.56,1.5200000000000102,False,OPPOSITE_VISIT_BEFORE_K1,0,1,,,False,,,OPPOSITE_VISIT_BEFORE_K1,2023-12-10 23:15:00+00:00,
90,01:30,4,2023-12-12,Tuesday,2023-12-11 18:30:00+00:00,2023-12-11 22:30:00+00:00,2023-12-11 22:30:00+00:00,2023-12-12 02:30:00+00:00,244.49,236.88,7.610000000000014,False,BREAK_BEFORE_K1,0,0,,,False,,,BREAK_BEFORE_K1,2023-12-11 22:35:00+00:00,
90,01:30,4,2023-12-13,Wednesday,2023-12-12 18:30:00+00:00,2023-12-12 22:30:00+00:00,2023-12-12 22:30:00+00:00,2023-12-13 02:30:00+00:00,256.16,252.51,3.650000000000034,False,BREAK_BEFORE_K1,0,0,,,False,,,BREAK_BEFORE_K1,2023-12-12 23:30:00+00:00,
90,01:30,4,2023-12-14,Thursday,2023-12-13 18:30:00+00:00,2023-12-13 22:30:00+00:00,2023-12-13 22:30:00+00:00,2023-12-14 02:30:00+00:00,255.95,249.8,6.149999999999977,False,OPPOSITE_VISIT_BEFORE_K1,0,1,,,False,,,OPPOSITE_VISIT_BEFORE_K1,2023-12-14 01:45:00+00:00,
90,01:30,4,2023-12-15,Friday,2023-12-14 18:30:00+00:00,2023-12-14 22:30:00+00:00,2023-12-14 22:30:00+00:00,2023-12-15 02:30:00+00:00,253.23,251.13,2.0999999999999943,False,BREAK_BEFORE_K1,0,0,,,False,,,BREAK_BEFORE_K1,2023-12-14 22:55:00+00:00,
90,01:30,4,2023-12-16,Saturday,2023-12-15 18:30:00+00:00,2023-12-15 22:30:00+00:00,2023-12-15 22:30:00+00:00,2023-12-16 02:30:00+00:00,247.79,244.91,2.8799999999999955,False,OPPOSITE_VISIT_BEFORE_K1,0,1,,,False,,,OPPOSITE_VISIT_BEFORE_K1,2023-12-15 22:30:00+00:00,
90,01:30,4,2023-12-17,Sunday,2023-12-16 18:30:00+00:00,2023-12-16 22:30:00+00:00,2023-12-16 22:30:00+00:00,2023-12-17 02:30:00+00:00,245.56,243.69,1.8700000000000045,False,BREAK_BEFORE_K1,0,0,,,False,,,BREAK_BEFORE_K1,2023-12-16 23:45:00+00:00,
90,01:30,4,2023-12-18,Monday,2023-12-17 18:30:00+00:00,2023-12-17 22:30:00+00:00,2023-12-17 22:30:00+00:00,2023-12-18 02:30:00+00:00,243.58,241.85,1.7300000000000182,False,BREAK_BEFORE_K1,0,0,,,False,,,BREAK_BEFORE_K1,2023-12-17 22:30:00+00:00,
90,01:30,4,2023-12-19,Tuesday,2023-12-18 18:30:00+00:00,2023-12-18 22:30:00+00:00,2023-12-18 22:30:00+00:00,2023-12-19 02:30:00+00:00,241.39,237.75,3.6399999999999864,True,,1,0,2023-12-18 23:05:00+00:00,2023-12-18 23:10:00+00:00,False,,,BREAK_DURING_K1,2023-12-18 23:10:00+00:00,
90,01:30,4,2023-12-20,Wednesday,2023-12-19 18:30:00+00:00,2023-12-19 22:30:00+00:00,2023-12-19 22:30:00+00:00,2023-12-20 02:30:00+00:00,254.41,251.79,2.6200000000000045,False,BREAK_BEFORE_K1,0,0,,,False,,,BREAK_BEFORE_K1,2023-12-19 22:35:00+00:00,
90,01:30,4,2023-12-21,Thursday,2023-12-20 18:30:00+00:00,2023-12-20 22:30:00+00:00,2023-12-20 22:30:00+00:00,2023-12-21 02:30:00+00:00,260.5,255.0,5.5,False,NO_K1,0,0,,,False,,,NO_K1,,
90,01:30,4,2023-12-22,Friday,2023-12-21 18:30:00+00:00,2023-12-21 22:30:00+00:00,2023-12-21 22:30:00+00:00,2023-12-22 02:30:00+00:00,271.45,268.41,3.0399999999999636,False,BREAK_BEFORE_K1,0,0,,,False,,,BREAK_BEFORE_K1,2023-12-21 23:55:00+00:00,
90,01:30,4,2023-12-23,Saturday,2023-12-22 18:30:00+00:00,2023-12-22 22:30:00+00:00,2023-12-22 22:30:00+00:00,2023-12-23 02:30:00+00:00,272.53,269.38,3.1499999999999773,True,,1,0,2023-12-22 22:30:00+00:00,2023-12-22 22:35:00+00:00,False,,,BREAK_DURING_K1,2023-12-22 22:35:00+00:00,
90,01:30,4,2023-12-24,Sunday,2023-12-23 18:30:00+00:00,2023-12-23 22:30:00+00:00,2023-12-23 22:30:00+00:00,2023-12-24 02:30:00+00:00,271.38,269.16,2.2199999999999704,False,BREAK_BEFORE_K1,0,0,,,False,,,BREAK_BEFORE_K1,2023-12-23 22:45:00+00:00,
90,01:30,4,2023-12-25,Monday,2023-12-24 18:30:00+00:00,2023-12-24 22:30:00+00:00,2023-12-24 22:30:00+00:00,2023-12-25 02:30:00+00:00,269.18,260.53,8.650000000000034,False,NO_K1,0,0,,,False,,,NO_K1,,
90,01:30,4,2023-12-26,Tuesday,2023-12-25 18:30:00+00:00,2023-12-25 22:30:00+00:00,2023-12-25 22:30:00+00:00,2023-12-26 02:30:00+00:00,267.02,263.72,3.2999999999999545,False,BREAK_BEFORE_K1,0,0,,,False,,,BREAK_BEFORE_K1,2023-12-25 22:30:00+00:00,
90,01:30,4,2023-12-27,Wednesday,2023-12-26 18:30:00+00:00,2023-12-26 22:30:00+00:00,2023-12-26 22:30:00+00:00,2023-12-27 02:30:00+00:00,297.63,293.31,4.319999999999993,False,BREAK_BEFORE_K1,0,0,,,False,,,BREAK_BEFORE_K1,2023-12-26 23:05:00+00:00,
90,01:30,4,2023-12-28,Thursday,2023-12-27 18:30:00+00:00,2023-12-27 22:30:00+00:00,2023-12-27 22:30:00+00:00,2023-12-28 02:30:00+00:00,315.54,309.58,5.960000000000036,False,BREAK_BEFORE_K1,0,0,,,False,,,BREAK_BEFORE_K1,2023-12-27 22:30:00+00:00,
90,01:30,4,2023-12-29,Friday,2023-12-28 18:30:00+00:00,2023-12-28 22:30:00+00:00,2023-12-28 22:30:00+00:00,2023-12-29 02:30:00+00:00,333.0,320.7,12.300000000000011,False,BREAK_BEFORE_K1,0,0,,,False,,,BREAK_BEFORE_K1,2023-12-29 00:30:00+00:00,
90,01:30,4,2023-12-30,Saturday,2023-12-29 18:30:00+00:00,2023-12-29 22:30:00+00:00,2023-12-29 22:30:00+00:00,2023-12-30 02:30:00+00:00,313.78,306.46,7.319999999999993,False,BREAK_BEFORE_K1,0,0,,,False,,,BREAK_BEFORE_K1,2023-12-30 00:15:00+00:00,
90,01:30,4,2023-12-31,Sunday,2023-12-30 18:30:00+00:00,2023-12-30 22:30:00+00:00,2023-12-30 22:30:00+00:00,2023-12-31 02:30:00+00:00,316.4,313.95,2.4499999999999886,False,OPPOSITE_VISIT_BEFORE_K1,0,1,,,False,,,OPPOSITE_VISIT_BEFORE_K1,2023-12-30 22:50:00+00:00,
90,01:30,4,2024-01-01,Monday,2023-12-31 18:30:00+00:00,2023-12-31 22:30:00+00:00,2023-12-31 22:30:00+00:00,2024-01-01 02:30:00+00:00,316.24,308.01,8.230000000000018,False,OPPOSITE_VISIT_BEFORE_K1,0,1,,,False,,,OPPOSITE_VISIT_BEFORE_K1,2023-12-31 22:50:00+00:00,
90,01:30,4,2024-01-02,Tuesday,2024-01-01 18:30:00+00:00,2024-01-01 22:30:00+00:00,2024-01-01 22:30:00+00:00,2024-01-02 02:30:00+00:00,313.33,310.55,2.7799999999999727,True,,1,0,2024-01-01 22:55:00+00:00,2024-01-01 23:00:00+00:00,False,,,BREAK_DURING_K1,2024-01-01 23:00:00+00:00,
90,01:30,4,2024-01-03,Wednesday,2024-01-02 18:30:00+00:00,2024-01-02 22:30:00+00:00,2024-01-02 22:30:00+00:00,2024-01-03 02:30:00+00:00,311.85,308.18,3.670000000000016,True,,1,0,2024-01-02 22:50:00+00:00,2024-01-02 22:55:00+00:00,True,2024-01-02 23:00:00+00:00,2024-01-02 23:05:00+00:00,H2_ARRIVAL,2024-01-02 23:25:00+00:00,25.0
90,01:30,4,2024-01-04,Thursday,2024-01-03 18:30:00+00:00,2024-01-03 22:30:00+00:00,2024-01-03 22:30:00+00:00,2024-01-04 02:30:00+00:00,318.5,310.0,8.5,False,NO_K1,0,0,,,False,,,NO_K1,,
90,01:30,4,2024-01-05,Friday,2024-01-04 18:30:00+00:00,2024-01-04 22:30:00+00:00,2024-01-04 22:30:00+00:00,2024-01-05 02:30:00+00:00,321.87,317.0,4.8700000000000045,True,,1,0,2024-01-04 23:00:00+00:00,2024-01-04 23:05:00+00:00,True,2024-01-04 23:10:00+00:00,2024-01-04 23:15:00+00:00,H2_ARRIVAL,2024-01-04 23:20:00+00:00,10.0
90,01:30,4,2024-01-06,Saturday,2024-01-05 18:30:00+00:00,2024-01-05 22:30:00+00:00,2024-01-05 22:30:00+00:00,2024-01-06 02:30:00+00:00,315.94,312.59,3.3500000000000227,False,BREAK_BEFORE_K1,0,0,,,False,,,BREAK_BEFORE_K1,2024-01-05 23:00:00+00:00,
90,01:30,4,2024-01-07,Sunday,2024-01-06 18:30:00+00:00,2024-01-06 22:30:00+00:00,2024-01-06 22:30:00+00:00,2024-01-07 02:30:00+00:00,307.69,304.36,3.329999999999984,False,OPPOSITE_VISIT_BEFORE_K1,0,1,,,False,,,OPPOSITE_VISIT_BEFORE_K1,2024-01-06 23:15:00+00:00,
90,01:30,4,2024-01-08,Monday,2024-01-07 18:30:00+00:00,2024-01-07 22:30:00+00:00,2024-01-07 22:30:00+00:00,2024-01-08 02:30:00+00:00,306.53,301.36,5.169999999999959,False,BREAK_BEFORE_K1,0,0,,,False,,,BREAK_BEFORE_K1,2024-01-07 22:30:00+00:00,
90,01:30,4,2024-01-09,Tuesday,2024-01-08 18:30:00+00:00,2024-01-08 22:30:00+00:00,2024-01-08 22:30:00+00:00,2024-01-09 02:30:00+00:00,307.81,304.4,3.410000000000025,False,OPPOSITE_VISIT_BEFORE_K1,0,1,,,False,,,OPPOSITE_VISIT_BEFORE_K1,2024-01-08 23:40:00+00:00,
90,01:30,4,2024-01-10,Wednesday,2024-01-09 18:30:00+00:00,2024-01-09 22:30:00+00:00,2024-01-09 22:30:00+00:00,2024-01-10 02:30:00+00:00,302.74,295.85,6.889999999999986,True,,1,0,2024-01-10 00:25:00+00:00,2024-01-10 00:30:00+00:00,False,,,BREAK_DURING_K1,2024-01-10 00:30:00+00:00,
90,01:30,4,2024-01-11,Thursday,2024-01-10 18:30:00+00:00,2024-01-10 22:30:00+00:00,2024-01-10 22:30:00+00:00,2024-01-11 02:30:00+00:00,308.0,291.0,17.0,False,BREAK_BEFORE_K1,0,0,,,False,,,BREAK_BEFORE_K1,2024-01-10 23:10:00+00:00,
90,01:30,4,2024-01-12,Friday,2024-01-11 18:30:00+00:00,2024-01-11 22:30:00+00:00,2024-01-11 22:30:00+00:00,2024-01-12 02:30:00+00:00,310.32,306.5,3.819999999999993,False,OPPOSITE_VISIT_BEFORE_K1,0,1,,,False,,,OPPOSITE_VISIT_BEFORE_K1,2024-01-11 22:30:00+00:00,
90,01:30,4,2024-01-13,Saturday,2024-01-12 18:30:00+00:00,2024-01-12 22:30:00+00:00,2024-01-12 22:30:00+00:00,2024-01-13 02:30:00+00:00,302.55,288.48,14.069999999999993,False,NO_K1,0,0,,,False,,,NO_K1,,
90,01:30,4,2024-01-14,Sunday,2024-01-13 18:30:00+00:00,2024-01-13 22:30:00+00:00,2024-01-13 22:30:00+00:00,2024-01-14 02:30:00+00:00,303.27,301.28,1.990000000000009,False,BREAK_BEFORE_K1,0,0,,,False,,,BREAK_BEFORE_K1,2024-01-14 00:25:00+00:00,
90,01:30,4,2024-01-15,Monday,2024-01-14 18:30:00+00:00,2024-01-14 22:30:00+00:00,2024-01-14 22:30:00+00:00,2024-01-15 02:30:00+00:00,306.4,301.48,4.919999999999959,False,OPPOSITE_VISIT_BEFORE_K1,0,1,,,False,,,OPPOSITE_VISIT_BEFORE_K1,2024-01-14 23:15:00+00:00,
90,01:30,4,2024-01-16,Tuesday,2024-01-15 18:30:00+00:00,2024-01-15 22:30:00+00:00,2024-01-15 22:30:00+00:00,2024-01-16 02:30:00+00:00,318.68,311.69,6.990000000000009,False,NO_K1,0,0,,,False,,,NO_K1,,
90,01:30,4,2024-01-17,Wednesday,2024-01-16 18:30:00+00:00,2024-01-16 22:30:00+00:00,2024-01-16 22:30:00+00:00,2024-01-17 02:30:00+00:00,316.99,312.83,4.160000000000025,False,NO_K1,0,0,,,False,,,NO_K1,,
90,01:30,4,2024-01-18,Thursday,2024-01-17 18:30:00+00:00,2024-01-17 22:30:00+00:00,2024-01-17 22:30:00+00:00,2024-01-18 02:30:00+00:00,309.92,306.17,3.75,False,BREAK_BEFORE_K1,0,0,,,False,,,BREAK_BEFORE_K1,2024-01-17 22:45:00+00:00,
90,01:30,4,2024-01-19,Friday,2024-01-18 18:30:00+00:00,2024-01-18 22:30:00+00:00,2024-01-18 22:30:00+00:00,2024-01-19 02:30:00+00:00,312.31,307.35,4.9599999999999795,False,BREAK_BEFORE_K1,0,0,,,False,,,BREAK_BEFORE_K1,2024-01-18 22:50:00+00:00,
90,01:30,4,2024-01-20,Saturday,2024-01-19 18:30:00+00:00,2024-01-19 22:30:00+00:00,2024-01-19 22:30:00+00:00,2024-01-20 02:30:00+00:00,313.84,310.34,3.5,False,BREAK_BEFORE_K1,0,0,,,False,,,BREAK_BEFORE_K1,2024-01-19 23:40:00+00:00,
90,01:30,4,2024-01-21,Sunday,2024-01-20 18:30:00+00:00,2024-01-20 22:30:00+00:00,2024-01-20 22:30:00+00:00,2024-01-21 02:30:00+00:00,316.9,313.66,3.2399999999999523,True,,1,0,2024-01-20 23:15:00+00:00,2024-01-20 23:20:00+00:00,True,2024-01-20 23:30:00+00:00,2024-01-20 23:35:00+00:00,H2_ARRIVAL,2024-01-20 23:55:00+00:00,25.0
90,01:30,4,2024-01-22,Monday,2024-01-21 18:30:00+00:00,2024-01-21 22:30:00+00:00,2024-01-21 22:30:00+00:00,2024-01-22 02:30:00+00:00,321.58,318.69,2.8899999999999864,False,BREAK_BEFORE_K1,0,0,,,False,,,BREAK_BEFORE_K1,2024-01-21 23:15:00+00:00,
90,01:30,4,2024-01-23,Tuesday,2024-01-22 18:30:00+00:00,2024-01-22 22:30:00+00:00,2024-01-22 22:30:00+00:00,2024-01-23 02:30:00+00:00,311.88,303.3,8.579999999999984,False,NO_K1,0,0,,,False,,,NO_K1,,
90,01:30,4,2024-01-24,Wednesday,2024-01-23 18:30:00+00:00,2024-01-23 22:30:00+00:00,2024-01-23 22:30:00+00:00,2024-01-24 02:30:00+00:00,297.74,291.99,5.75,False,BREAK_BEFORE_K1,0,0,,,False,,,BREAK_BEFORE_K1,2024-01-23 22:40:00+00:00,
90,01:30,4,2024-01-25,Thursday,2024-01-24 18:30:00+00:00,2024-01-24 22:30:00+00:00,2024-01-24 22:30:00+00:00,2024-01-25 02:30:00+00:00,293.3,290.63,2.670000000000016,False,BREAK_BEFORE_K1,0,0,,,False,,,BREAK_BEFORE_K1,2024-01-24 23:05:00+00:00,
90,01:30,4,2024-01-26,Friday,2024-01-25 18:30:00+00:00,2024-01-25 22:30:00+00:00,2024-01-25 22:30:00+00:00,2024-01-26 02:30:00+00:00,292.95,290.37,2.579999999999984,False,BREAK_BEFORE_K1,0,0,,,False,,,BREAK_BEFORE_K1,2024-01-26 01:25:00+00:00,
90,01:30,4,2024-01-27,Saturday,2024-01-26 18:30:00+00:00,2024-01-26 22:30:00+00:00,2024-01-26 22:30:00+00:00,2024-01-27 02:30:00+00:00,302.91,301.13,1.7800000000000296,False,BREAK_BEFORE_K1,0,0,,,False,,,BREAK_BEFORE_K1,2024-01-27 00:25:00+00:00,
90,01:30,4,2024-01-28,Sunday,2024-01-27 18:30:00+00:00,2024-01-27 22:30:00+00:00,2024-01-27 22:30:00+00:00,2024-01-28 02:30:00+00:00,306.66,304.8,1.8600000000000136,False,OPPOSITE_VISIT_BEFORE_K1,0,1,,,False,,,OPPOSITE_VISIT_BEFORE_K1,2024-01-28 00:40:00+00:00,
90,01:30,4,2024-01-29,Monday,2024-01-28 18:30:00+00:00,2024-01-28 22:30:00+00:00,2024-01-28 22:30:00+00:00,2024-01-29 02:30:00+00:00,305.88,303.11,2.769999999999982,True,,1,0,2024-01-29 00:35:00+00:00,2024-01-29 00:40:00+00:00,True,2024-01-29 00:40:00+00:00,2024-01-29 00:45:00+00:00,H2_ARRIVAL,2024-01-29 01:05:00+00:00,25.0
90,01:30,4,2024-01-30,Tuesday,2024-01-29 18:30:00+00:00,2024-01-29 22:30:00+00:00,2024-01-29 22:30:00+00:00,2024-01-30 02:30:00+00:00,310.66,309.28,1.3800000000000523,True,,1,0,2024-01-29 22:35:00+00:00,2024-01-29 22:40:00+00:00,True,2024-01-29 22:45:00+00:00,2024-01-29 22:50:00+00:00,H2_ARRIVAL,2024-01-29 23:35:00+00:00,50.0
90,01:30,4,2024-01-31,Wednesday,2024-01-30 18:30:00+00:00,2024-01-30 22:30:00+00:00,2024-01-30 22:30:00+00:00,2024-01-31 02:30:00+00:00,310.92,309.04,1.8799999999999955,False,BREAK_BEFORE_K1,0,0,,,False,,,BREAK_BEFORE_K1,2024-01-30 23:20:00+00:00,
90,01:30,4,2024-02-01,Thursday,2024-01-31 18:30:00+00:00,2024-01-31 22:30:00+00:00,2024-01-31 22:30:00+00:00,2024-02-01 02:30:00+00:00,305.51,298.46,7.050000000000011,False,BREAK_BEFORE_K1,0,0,,,False,,,BREAK_BEFORE_K1,2024-02-01 01:15:00+00:00,
90,01:30,4,2024-02-02,Friday,2024-02-01 18:30:00+00:00,2024-02-01 22:30:00+00:00,2024-02-01 22:30:00+00:00,2024-02-02 02:30:00+00:00,301.2,299.44,1.759999999999991,False,BREAK_BEFORE_K1,0,0,,,False,,,BREAK_BEFORE_K1,2024-02-01 22:50:00+00:00,
90,01:30,4,2024-02-03,Saturday,2024-02-02 18:30:00+00:00,2024-02-02 22:30:00+00:00,2024-02-02 22:30:00+00:00,2024-02-03 02:30:00+00:00,301.52,300.02,1.5,True,,1,0,2024-02-02 22:30:00+00:00,2024-02-02 22:35:00+00:00,True,2024-02-02 22:35:00+00:00,2024-02-02 22:40:00+00:00,H2_ARRIVAL,2024-02-02 23:00:00+00:00,25.0
90,01:30,4,2024-02-04,Sunday,2024-02-03 18:30:00+00:00,2024-02-03 22:30:00+00:00,2024-02-03 22:30:00+00:00,2024-02-04 02:30:00+00:00,300.84,299.76,1.079999999999984,False,OPPOSITE_VISIT_BEFORE_K1,0,1,,,False,,,OPPOSITE_VISIT_BEFORE_K1,2024-02-03 23:15:00+00:00,
90,01:30,4,2024-02-05,Monday,2024-02-04 18:30:00+00:00,2024-02-04 22:30:00+00:00,2024-02-04 22:30:00+00:00,2024-02-05 02:30:00+00:00,307.8,303.96,3.840000000000032,False,BREAK_BEFORE_K1,0,0,,,False,,,BREAK_BEFORE_K1,2024-02-05 01:05:00+00:00,
90,01:30,4,2024-02-06,Tuesday,2024-02-05 18:30:00+00:00,2024-02-05 22:30:00+00:00,2024-02-05 22:30:00+00:00,2024-02-06 02:30:00+00:00,301.91,300.1,1.8100000000000023,False,OPPOSITE_VISIT_BEFORE_K1,0,1,,,False,,,OPPOSITE_VISIT_BEFORE_K1,2024-02-05 22:30:00+00:00,
90,01:30,4,2024-02-07,Wednesday,2024-02-06 18:30:00+00:00,2024-02-06 22:30:00+00:00,2024-02-06 22:30:00+00:00,2024-02-07 02:30:00+00:00,303.62,302.18,1.4399999999999977,False,OPPOSITE_VISIT_BEFORE_K1,0,1,,,False,,,OPPOSITE_VISIT_BEFORE_K1,2024-02-07 00:55:00+00:00,
90,01:30,4,2024-02-08,Thursday,2024-02-07 18:30:00+00:00,2024-02-07 22:30:00+00:00,2024-02-07 22:30:00+00:00,2024-02-08 02:30:00+00:00,308.67,306.3,2.3700000000000045,True,,1,0,2024-02-07 22:35:00+00:00,2024-02-07 22:40:00+00:00,True,2024-02-07 22:40:00+00:00,2024-02-07 22:45:00+00:00,H2_ARRIVAL,2024-02-08 00:25:00+00:00,105.0
90,01:30,4,2024-02-09,Friday,2024-02-08 18:30:00+00:00,2024-02-08 22:30:00+00:00,2024-02-08 22:30:00+00:00,2024-02-09 02:30:00+00:00,318.54,315.78,2.7600000000000477,True,,1,0,2024-02-08 22:30:00+00:00,2024-02-08 22:35:00+00:00,True,2024-02-08 22:35:00+00:00,2024-02-08 22:40:00+00:00,H2_ARRIVAL,2024-02-08 22:40:00+00:00,5.0
90,01:30,4,2024-02-10,Saturday,2024-02-09 18:30:00+00:00,2024-02-09 22:30:00+00:00,2024-02-09 22:30:00+00:00,2024-02-10 02:30:00+00:00,324.42,321.21,3.2100000000000364,False,BREAK_BEFORE_K1,0,0,,,False,,,BREAK_BEFORE_K1,2024-02-10 00:15:00+00:00,
90,01:30,4,2024-02-11,Sunday,2024-02-10 18:30:00+00:00,2024-02-10 22:30:00+00:00,2024-02-10 22:30:00+00:00,2024-02-11 02:30:00+00:00,323.4,321.0,2.3999999999999773,True,,1,0,2024-02-10 23:00:00+00:00,2024-02-10 23:05:00+00:00,True,2024-02-10 23:05:00+00:00,2024-02-10 23:10:00+00:00,NO_H2_BY_END,,
90,01:30,4,2024-02-12,Monday,2024-02-11 18:30:00+00:00,2024-02-11 22:30:00+00:00,2024-02-11 22:30:00+00:00,2024-02-12 02:30:00+00:00,321.86,319.61,2.25,False,OPPOSITE_VISIT_BEFORE_K1,0,1,,,False,,,OPPOSITE_VISIT_BEFORE_K1,2024-02-12 02:20:00+00:00,
90,01:30,4,2024-02-13,Tuesday,2024-02-12 18:30:00+00:00,2024-02-12 22:30:00+00:00,2024-02-12 22:30:00+00:00,2024-02-13 02:30:00+00:00,330.54,323.33,7.210000000000036,False,NO_K1,0,0,,,False,,,NO_K1,,
90,01:30,4,2024-02-14,Wednesday,2024-02-13 18:30:00+00:00,2024-02-13 22:30:00+00:00,2024-02-13 22:30:00+00:00,2024-02-14 02:30:00+00:00,324.37,321.92,2.4499999999999886,True,,1,0,2024-02-13 23:05:00+00:00,2024-02-13 23:10:00+00:00,True,2024-02-13 23:10:00+00:00,2024-02-13 23:15:00+00:00,H2_ARRIVAL,2024-02-13 23:20:00+00:00,10.0
90,01:30,4,2024-02-15,Thursday,2024-02-14 18:30:00+00:00,2024-02-14 22:30:00+00:00,2024-02-14 22:30:00+00:00,2024-02-15 02:30:00+00:00,334.33,331.35,2.9799999999999613,True,,1,0,2024-02-15 00:20:00+00:00,2024-02-15 00:25:00+00:00,False,,,BREAK_DURING_K1,2024-02-15 00:25:00+00:00,
90,01:30,4,2024-02-16,Friday,2024-02-15 18:30:00+00:00,2024-02-15 22:30:00+00:00,2024-02-15 22:30:00+00:00,2024-02-16 02:30:00+00:00,356.2,348.91,7.289999999999964,False,BREAK_BEFORE_K1,0,0,,,False,,,BREAK_BEFORE_K1,2024-02-16 01:35:00+00:00,
90,01:30,4,2024-02-17,Saturday,2024-02-16 18:30:00+00:00,2024-02-16 22:30:00+00:00,2024-02-16 22:30:00+00:00,2024-02-17 02:30:00+00:00,359.29,353.9,5.390000000000043,True,,1,0,2024-02-16 22:50:00+00:00,2024-02-16 22:55:00+00:00,False,,,BREAK_DURING_K1,2024-02-16 22:55:00+00:00,
90,01:30,4,2024-02-18,Sunday,2024-02-17 18:30:00+00:00,2024-02-17 22:30:00+00:00,2024-02-17 22:30:00+00:00,2024-02-18 02:30:00+00:00,354.55,351.53,3.0200000000000387,False,OPPOSITE_VISIT_BEFORE_K1,0,1,,,False,,,OPPOSITE_VISIT_BEFORE_K1,2024-02-17 22:40:00+00:00,
90,01:30,4,2024-02-19,Monday,2024-02-18 18:30:00+00:00,2024-02-18 22:30:00+00:00,2024-02-18 22:30:00+00:00,2024-02-19 02:30:00+00:00,353.5,349.32,4.180000000000007,True,,1,0,2024-02-18 23:05:00+00:00,2024-02-18 23:10:00+00:00,True,2024-02-18 23:10:00+00:00,2024-02-18 23:15:00+00:00,H2_ARRIVAL,2024-02-19 00:20:00+00:00,70.0
90,01:30,4,2024-02-20,Tuesday,2024-02-19 18:30:00+00:00,2024-02-19 22:30:00+00:00,2024-02-19 22:30:00+00:00,2024-02-20 02:30:00+00:00,355.0,351.78,3.2200000000000273,False,BREAK_BEFORE_K1,0,0,,,False,,,BREAK_BEFORE_K1,2024-02-19 23:45:00+00:00,
90,01:30,4,2024-02-21,Wednesday,2024-02-20 18:30:00+00:00,2024-02-20 22:30:00+00:00,2024-02-20 22:30:00+00:00,2024-02-21 02:30:00+00:00,354.95,349.63,5.319999999999993,False,BREAK_BEFORE_K1,0,0,,,False,,,BREAK_BEFORE_K1,2024-02-20 22:55:00+00:00,
90,01:30,4,2024-02-22,Thursday,2024-02-21 18:30:00+00:00,2024-02-21 22:30:00+00:00,2024-02-21 22:30:00+00:00,2024-02-22 02:30:00+00:00,376.0,364.62,11.379999999999995,False,BREAK_BEFORE_K1,0,0,,,False,,,BREAK_BEFORE_K1,2024-02-21 23:30:00+00:00,
90,01:30,4,2024-02-23,Friday,2024-02-22 18:30:00+00:00,2024-02-22 22:30:00+00:00,2024-02-22 22:30:00+00:00,2024-02-23 02:30:00+00:00,387.21,379.7,7.509999999999991,False,NO_K1,0,0,,,False,,,NO_K1,,
90,01:30,4,2024-02-24,Saturday,2024-02-23 18:30:00+00:00,2024-02-23 22:30:00+00:00,2024-02-23 22:30:00+00:00,2024-02-24 02:30:00+00:00,377.72,373.54,4.180000000000007,False,BREAK_BEFORE_K1,0,0,,,False,,,BREAK_BEFORE_K1,2024-02-23 22:40:00+00:00,
90,01:30,4,2024-02-25,Sunday,2024-02-24 18:30:00+00:00,2024-02-24 22:30:00+00:00,2024-02-24 22:30:00+00:00,2024-02-25 02:30:00+00:00,382.67,380.91,1.759999999999991,False,BREAK_BEFORE_K1,0,0,,,False,,,BREAK_BEFORE_K1,2024-02-25 00:15:00+00:00,
90,01:30,4,2024-02-26,Monday,2024-02-25 18:30:00+00:00,2024-02-25 22:30:00+00:00,2024-02-25 22:30:00+00:00,2024-02-26 02:30:00+00:00,391.03,385.47,5.559999999999945,False,BREAK_BEFORE_K1,0,0,,,False,,,BREAK_BEFORE_K1,2024-02-26 01:40:00+00:00,
90,01:30,4,2024-02-27,Tuesday,2024-02-26 18:30:00+00:00,2024-02-26 22:30:00+00:00,2024-02-26 22:30:00+00:00,2024-02-27 02:30:00+00:00,405.0,394.97,10.029999999999973,False,NO_K1,0,0,,,False,,,NO_K1,,
90,01:30,4,2024-02-28,Wednesday,2024-02-27 18:30:00+00:00,2024-02-27 22:30:00+00:00,2024-02-27 22:30:00+00:00,2024-02-28 02:30:00+00:00,396.4,393.57,2.829999999999984,False,BREAK_BEFORE_K1,0,0,,,False,,,BREAK_BEFORE_K1,2024-02-28 02:25:00+00:00,
90,01:30,4,2024-02-29,Thursday,2024-02-28 18:30:00+00:00,2024-02-28 22:30:00+00:00,2024-02-28 22:30:00+00:00,2024-02-29 02:30:00+00:00,413.0,404.31,8.689999999999998,True,,1,0,2024-02-28 23:05:00+00:00,2024-02-28 23:10:00+00:00,False,,,BREAK_DURING_K1,2024-02-28 23:10:00+00:00,
90,01:30,4,2024-03-01,Friday,2024-02-29 18:30:00+00:00,2024-02-29 22:30:00+00:00,2024-02-29 22:30:00+00:00,2024-03-01 02:30:00+00:00,407.53,394.68,12.849999999999966,False,BREAK_BEFORE_K1,0,0,,,False,,,BREAK_BEFORE_K1,2024-02-29 22:35:00+00:00,
90,01:30,4,2024-03-02,Saturday,2024-03-01 18:30:00+00:00,2024-03-01 22:30:00+00:00,2024-03-01 22:30:00+00:00,2024-03-02 02:30:00+00:00,408.33,406.15,2.180000000000007,False,OPPOSITE_VISIT_BEFORE_K1,0,1,,,False,,,OPPOSITE_VISIT_BEFORE_K1,2024-03-01 22:55:00+00:00,
90,01:30,4,2024-03-03,Sunday,2024-03-02 18:30:00+00:00,2024-03-02 22:30:00+00:00,2024-03-02 22:30:00+00:00,2024-03-03 02:30:00+00:00,410.24,407.44,2.8000000000000114,False,BREAK_BEFORE_K1,0,0,,,False,,,BREAK_BEFORE_K1,2024-03-02 23:05:00+00:00,
90,01:30,4,2024-03-04,Monday,2024-03-03 18:30:00+00:00,2024-03-03 22:30:00+00:00,2024-03-03 22:30:00+00:00,2024-03-04 02:30:00+00:00,417.07,413.23,3.839999999999975,True,,1,0,2024-03-03 22:30:00+00:00,2024-03-03 22:35:00+00:00,True,2024-03-03 22:35:00+00:00,2024-03-03 22:40:00+00:00,H2_ARRIVAL,2024-03-04 00:30:00+00:00,115.0
90,01:30,4,2024-03-05,Tuesday,2024-03-04 18:30:00+00:00,2024-03-04 22:30:00+00:00,2024-03-04 22:30:00+00:00,2024-03-05 02:30:00+00:00,417.99,410.82,7.170000000000016,False,BREAK_BEFORE_K1,0,0,,,False,,,BREAK_BEFORE_K1,2024-03-04 22:35:00+00:00,
90,01:30,4,2024-03-06,Wednesday,2024-03-05 18:30:00+00:00,2024-03-05 22:30:00+00:00,2024-03-05 22:30:00+00:00,2024-03-06 02:30:00+00:00,407.25,352.01,55.24000000000001,False,NO_K1,0,0,,,False,,,NO_K1,,
90,01:30,4,2024-03-07,Thursday,2024-03-06 18:30:00+00:00,2024-03-06 22:30:00+00:00,2024-03-06 22:30:00+00:00,2024-03-07 02:30:00+00:00,429.72,422.0,7.720000000000027,True,,1,0,2024-03-06 23:55:00+00:00,2024-03-07 00:00:00+00:00,False,,,BREAK_DURING_K1,2024-03-07 00:00:00+00:00,
90,01:30,4,2024-03-08,Friday,2024-03-07 18:30:00+00:00,2024-03-07 22:30:00+00:00,2024-03-07 22:30:00+00:00,2024-03-08 02:30:00+00:00,473.99,458.72,15.269999999999982,False,BREAK_BEFORE_K1,0,0,,,False,,,BREAK_BEFORE_K1,2024-03-07 23:10:00+00:00,
90,01:30,4,2024-03-09,Saturday,2024-03-08 18:30:00+00:00,2024-03-08 22:30:00+00:00,2024-03-08 22:30:00+00:00,2024-03-09 02:30:00+00:00,486.99,477.87,9.120000000000005,True,,1,0,2024-03-08 23:55:00+00:00,2024-03-09 00:00:00+00:00,False,,,BREAK_DURING_K1,2024-03-09 00:00:00+00:00,
90,01:30,4,2024-03-10,Sunday,2024-03-09 18:30:00+00:00,2024-03-09 22:30:00+00:00,2024-03-09 22:30:00+00:00,2024-03-10 02:30:00+00:00,487.9,481.35,6.5499999999999545,True,,1,0,2024-03-09 22:55:00+00:00,2024-03-09 23:00:00+00:00,False,,,BREAK_DURING_K1,2024-03-09 23:00:00+00:00,
90,01:30,4,2024-03-11,Monday,2024-03-10 18:30:00+00:00,2024-03-10 22:30:00+00:00,2024-03-10 22:30:00+00:00,2024-03-11 02:30:00+00:00,532.19,521.88,10.31000000000006,False,OPPOSITE_VISIT_BEFORE_K1,0,1,,,False,,,OPPOSITE_VISIT_BEFORE_K1,2024-03-10 22:30:00+00:00,
90,01:30,4,2024-03-12,Tuesday,2024-03-11 18:30:00+00:00,2024-03-11 22:30:00+00:00,2024-03-11 22:30:00+00:00,2024-03-12 02:30:00+00:00,523.33,517.38,5.9500000000000455,False,BREAK_BEFORE_K1,0,0,,,False,,,BREAK_BEFORE_K1,2024-03-11 23:35:00+00:00,
90,01:30,4,2024-03-13,Wednesday,2024-03-12 18:30:00+00:00,2024-03-12 22:30:00+00:00,2024-03-12 22:30:00+00:00,2024-03-13 02:30:00+00:00,546.32,532.65,13.670000000000073,False,OPPOSITE_VISIT_BEFORE_K1,0,1,,,False,,,OPPOSITE_VISIT_BEFORE_K1,2024-03-13 01:00:00+00:00,
90,01:30,4,2024-03-14,Thursday,2024-03-13 18:30:00+00:00,2024-03-13 22:30:00+00:00,2024-03-13 22:30:00+00:00,2024-03-14 02:30:00+00:00,615.0,591.08,23.91999999999996,True,,1,0,2024-03-13 22:30:00+00:00,2024-03-13 22:35:00+00:00,True,2024-03-13 22:35:00+00:00,2024-03-13 22:40:00+00:00,H2_ARRIVAL,2024-03-13 22:40:00+00:00,5.0
90,01:30,4,2024-03-15,Friday,2024-03-14 18:30:00+00:00,2024-03-14 22:30:00+00:00,2024-03-14 22:30:00+00:00,2024-03-15 02:30:00+00:00,609.72,565.55,44.17000000000007,True,,1,0,2024-03-15 00:20:00+00:00,2024-03-15 00:25:00+00:00,False,,,BREAK_DURING_K1,2024-03-15 00:30:00+00:00,
90,01:30,4,2024-03-16,Saturday,2024-03-15 18:30:00+00:00,2024-03-15 22:30:00+00:00,2024-03-15 22:30:00+00:00,2024-03-16 02:30:00+00:00,614.93,582.1,32.82999999999993,False,BREAK_BEFORE_K1,0,0,,,False,,,BREAK_BEFORE_K1,2024-03-15 23:20:00+00:00,
90,01:30,4,2024-03-17,Sunday,2024-03-16 18:30:00+00:00,2024-03-16 22:30:00+00:00,2024-03-16 22:30:00+00:00,2024-03-17 02:30:00+00:00,592.24,579.12,13.120000000000005,False,BREAK_BEFORE_K1,0,0,,,False,,,BREAK_BEFORE_K1,2024-03-16 23:10:00+00:00,
90,01:30,4,2024-03-18,Monday,2024-03-17 18:30:00+00:00,2024-03-17 22:30:00+00:00,2024-03-17 22:30:00+00:00,2024-03-18 02:30:00+00:00,584.2,572.59,11.610000000000014,False,BREAK_BEFORE_K1,0,0,,,False,,,BREAK_BEFORE_K1,2024-03-17 23:05:00+00:00,
90,01:30,4,2024-03-19,Tuesday,2024-03-18 18:30:00+00:00,2024-03-18 22:30:00+00:00,2024-03-18 22:30:00+00:00,2024-03-19 02:30:00+00:00,557.99,545.39,12.600000000000023,False,BREAK_BEFORE_K1,0,0,,,False,,,BREAK_BEFORE_K1,2024-03-18 23:20:00+00:00,
90,01:30,4,2024-03-20,Wednesday,2024-03-19 18:30:00+00:00,2024-03-19 22:30:00+00:00,2024-03-19 22:30:00+00:00,2024-03-20 02:30:00+00:00,536.78,509.08,27.69999999999999,False,OPPOSITE_VISIT_BEFORE_K1,0,1,,,False,,,OPPOSITE_VISIT_BEFORE_K1,2024-03-19 22:30:00+00:00,
90,01:30,4,2024-03-21,Thursday,2024-03-20 18:30:00+00:00,2024-03-20 22:30:00+00:00,2024-03-20 22:30:00+00:00,2024-03-21 02:30:00+00:00,559.47,527.65,31.82000000000005,False,NO_K1,0,0,,,False,,,NO_K1,,
90,01:30,4,2024-03-22,Friday,2024-03-21 18:30:00+00:00,2024-03-21 22:30:00+00:00,2024-03-21 22:30:00+00:00,2024-03-22 02:30:00+00:00,558.75,544.51,14.240000000000009,False,BREAK_BEFORE_K1,0,0,,,False,,,BREAK_BEFORE_K1,2024-03-22 00:15:00+00:00,
90,01:30,4,2024-03-23,Saturday,2024-03-22 18:30:00+00:00,2024-03-22 22:30:00+00:00,2024-03-22 22:30:00+00:00,2024-03-23 02:30:00+00:00,552.8,534.5,18.299999999999955,False,BREAK_BEFORE_K1,0,0,,,False,,,BREAK_BEFORE_K1,2024-03-22 23:55:00+00:00,
90,01:30,4,2024-03-24,Sunday,2024-03-23 18:30:00+00:00,2024-03-23 22:30:00+00:00,2024-03-23 22:30:00+00:00,2024-03-24 02:30:00+00:00,563.24,558.34,4.899999999999977,False,BREAK_BEFORE_K1,0,0,,,False,,,BREAK_BEFORE_K1,2024-03-23 22:40:00+00:00,
90,01:30,4,2024-03-25,Monday,2024-03-24 18:30:00+00:00,2024-03-24 22:30:00+00:00,2024-03-24 22:30:00+00:00,2024-03-25 02:30:00+00:00,571.49,560.42,11.07000000000005,False,BREAK_BEFORE_K1,0,0,,,False,,,BREAK_BEFORE_K1,2024-03-24 23:05:00+00:00,
90,01:30,4,2024-03-26,Tuesday,2024-03-25 18:30:00+00:00,2024-03-25 22:30:00+00:00,2024-03-25 22:30:00+00:00,2024-03-26 02:30:00+00:00,596.41,585.06,11.350000000000023,False,NO_K1,0,0,,,False,,,NO_K1,,
90,01:30,4,2024-03-27,Wednesday,2024-03-26 18:30:00+00:00,2024-03-26 22:30:00+00:00,2024-03-26 22:30:00+00:00,2024-03-27 02:30:00+00:00,580.58,573.54,7.040000000000077,False,BREAK_BEFORE_K1,0,0,,,False,,,BREAK_BEFORE_K1,2024-03-26 22:55:00+00:00,
90,01:30,4,2024-03-28,Thursday,2024-03-27 18:30:00+00:00,2024-03-27 22:30:00+00:00,2024-03-27 22:30:00+00:00,2024-03-28 02:30:00+00:00,574.76,566.2,8.559999999999945,True,,1,0,2024-03-27 22:30:00+00:00,2024-03-27 22:35:00+00:00,False,,,BREAK_DURING_K1,2024-03-27 22:45:00+00:00,
90,01:30,4,2024-03-29,Friday,2024-03-28 18:30:00+00:00,2024-03-28 22:30:00+00:00,2024-03-28 22:30:00+00:00,2024-03-29 02:30:00+00:00,583.94,580.03,3.910000000000082,False,BREAK_BEFORE_K1,0,0,,,False,,,BREAK_BEFORE_K1,2024-03-28 22:45:00+00:00,
90,01:30,4,2024-03-30,Saturday,2024-03-29 18:30:00+00:00,2024-03-29 22:30:00+00:00,2024-03-29 22:30:00+00:00,2024-03-30 02:30:00+00:00,617.99,609.39,8.600000000000023,False,BREAK_BEFORE_K1,0,0,,,False,,,BREAK_BEFORE_K1,2024-03-29 22:50:00+00:00,
90,01:30,4,2024-03-31,Sunday,2024-03-30 18:30:00+00:00,2024-03-30 22:30:00+00:00,2024-03-30 22:30:00+00:00,2024-03-31 02:30:00+00:00,609.07,601.58,7.490000000000009,False,BREAK_BEFORE_K1,0,0,,,False,,,BREAK_BEFORE_K1,2024-03-30 23:25:00+00:00,
90,01:30,4,2024-04-01,Monday,2024-03-31 18:30:00+00:00,2024-03-31 22:30:00+00:00,2024-03-31 22:30:00+00:00,2024-04-01 02:30:00+00:00,608.12,603.01,5.110000000000014,False,OPPOSITE_VISIT_BEFORE_K1,0,1,,,False,,,OPPOSITE_VISIT_BEFORE_K1,2024-04-01 01:35:00+00:00,
90,01:30,4,2024-04-02,Tuesday,2024-04-01 18:30:00+00:00,2024-04-01 22:30:00+00:00,2024-04-01 22:30:00+00:00,2024-04-02 02:30:00+00:00,581.79,571.53,10.259999999999991,False,BREAK_BEFORE_K1,0,0,,,False,,,BREAK_BEFORE_K1,2024-04-02 02:25:00+00:00,
90,01:30,4,2024-04-03,Wednesday,2024-04-02 18:30:00+00:00,2024-04-02 22:30:00+00:00,2024-04-02 22:30:00+00:00,2024-04-03 02:30:00+00:00,560.42,553.72,6.699999999999932,False,BREAK_BEFORE_K1,0,0,,,False,,,BREAK_BEFORE_K1,2024-04-02 23:30:00+00:00,
90,01:30,4,2024-04-04,Thursday,2024-04-03 18:30:00+00:00,2024-04-03 22:30:00+00:00,2024-04-03 22:30:00+00:00,2024-04-04 02:30:00+00:00,563.53,551.12,12.409999999999968,True,,1,0,2024-04-03 22:35:00+00:00,2024-04-03 22:40:00+00:00,False,,,BREAK_DURING_K1,2024-04-03 22:40:00+00:00,
90,01:30,4,2024-04-05,Friday,2024-04-04 18:30:00+00:00,2024-04-04 22:30:00+00:00,2024-04-04 22:30:00+00:00,2024-04-05 02:30:00+00:00,596.27,581.03,15.240000000000009,False,OPPOSITE_VISIT_BEFORE_K1,0,1,,,False,,,OPPOSITE_VISIT_BEFORE_K1,2024-04-04 22:45:00+00:00,
90,01:30,4,2024-04-06,Saturday,2024-04-05 18:30:00+00:00,2024-04-05 22:30:00+00:00,2024-04-05 22:30:00+00:00,2024-04-06 02:30:00+00:00,583.78,577.91,5.8700000000000045,False,BREAK_BEFORE_K1,0,0,,,False,,,BREAK_BEFORE_K1,2024-04-05 23:55:00+00:00,
90,01:30,4,2024-04-07,Sunday,2024-04-06 18:30:00+00:00,2024-04-06 22:30:00+00:00,2024-04-06 22:30:00+00:00,2024-04-07 02:30:00+00:00,585.68,582.32,3.3599999999999,True,,1,0,2024-04-06 22:30:00+00:00,2024-04-06 22:35:00+00:00,False,,,BREAK_DURING_K1,2024-04-06 22:35:00+00:00,
90,01:30,4,2024-04-08,Monday,2024-04-07 18:30:00+00:00,2024-04-07 22:30:00+00:00,2024-04-07 22:30:00+00:00,2024-04-08 02:30:00+00:00,582.84,577.44,5.399999999999977,False,BREAK_BEFORE_K1,0,0,,,False,,,BREAK_BEFORE_K1,2024-04-07 23:10:00+00:00,
90,01:30,4,2024-04-09,Tuesday,2024-04-08 18:30:00+00:00,2024-04-08 22:30:00+00:00,2024-04-08 22:30:00+00:00,2024-04-09 02:30:00+00:00,591.03,587.8,3.230000000000018,False,BREAK_BEFORE_K1,0,0,,,False,,,BREAK_BEFORE_K1,2024-04-08 22:30:00+00:00,
90,01:30,4,2024-04-10,Wednesday,2024-04-09 18:30:00+00:00,2024-04-09 22:30:00+00:00,2024-04-09 22:30:00+00:00,2024-04-10 02:30:00+00:00,583.32,578.67,4.650000000000091,True,,1,0,2024-04-09 22:30:00+00:00,2024-04-09 22:35:00+00:00,False,,,BREAK_DURING_K1,2024-04-09 22:35:00+00:00,
90,01:30,4,2024-04-11,Thursday,2024-04-10 18:30:00+00:00,2024-04-10 22:30:00+00:00,2024-04-10 22:30:00+00:00,2024-04-11 02:30:00+00:00,610.0,599.62,10.379999999999995,True,,1,0,2024-04-10 23:30:00+00:00,2024-04-10 23:35:00+00:00,False,,,BREAK_DURING_K1,2024-04-10 23:35:00+00:00,
90,01:30,4,2024-04-12,Friday,2024-04-11 18:30:00+00:00,2024-04-11 22:30:00+00:00,2024-04-11 22:30:00+00:00,2024-04-12 02:30:00+00:00,607.73,602.11,5.6200000000000045,False,BREAK_BEFORE_K1,0,0,,,False,,,BREAK_BEFORE_K1,2024-04-12 00:40:00+00:00,
90,01:30,4,2024-04-13,Saturday,2024-04-12 18:30:00+00:00,2024-04-12 22:30:00+00:00,2024-04-12 22:30:00+00:00,2024-04-13 02:30:00+00:00,599.4,563.33,36.069999999999936,False,NO_K1,0,0,,,False,,,NO_K1,,
90,01:30,4,2024-04-14,Sunday,2024-04-13 18:30:00+00:00,2024-04-13 22:30:00+00:00,2024-04-13 22:30:00+00:00,2024-04-14 02:30:00+00:00,582.66,489.0,93.65999999999997,False,NO_K1,0,0,,,False,,,NO_K1,,
90,01:30,4,2024-04-15,Monday,2024-04-14 18:30:00+00:00,2024-04-14 22:30:00+00:00,2024-04-14 22:30:00+00:00,2024-04-15 02:30:00+00:00,564.86,546.14,18.720000000000027,False,BREAK_BEFORE_K1,0,0,,,False,,,BREAK_BEFORE_K1,2024-04-14 22:35:00+00:00,
90,01:30,4,2024-04-16,Tuesday,2024-04-15 18:30:00+00:00,2024-04-15 22:30:00+00:00,2024-04-15 22:30:00+00:00,2024-04-16 02:30:00+00:00,558.32,543.62,14.700000000000045,False,BREAK_BEFORE_K1,0,0,,,False,,,BREAK_BEFORE_K1,2024-04-16 02:10:00+00:00,
90,01:30,4,2024-04-17,Wednesday,2024-04-16 18:30:00+00:00,2024-04-16 22:30:00+00:00,2024-04-16 22:30:00+00:00,2024-04-17 02:30:00+00:00,544.0,533.3,10.700000000000045,False,NO_K1,0,0,,,False,,,NO_K1,,
90,01:30,4,2024-04-18,Thursday,2024-04-17 18:30:00+00:00,2024-04-17 22:30:00+00:00,2024-04-17 22:30:00+00:00,2024-04-18 02:30:00+00:00,540.42,529.8,10.620000000000005,False,BREAK_BEFORE_K1,0,0,,,False,,,BREAK_BEFORE_K1,2024-04-18 00:20:00+00:00,
90,01:30,4,2024-04-19,Friday,2024-04-18 18:30:00+00:00,2024-04-18 22:30:00+00:00,2024-04-18 22:30:00+00:00,2024-04-19 02:30:00+00:00,551.86,546.86,5.0,False,BREAK_BEFORE_K1,0,0,,,False,,,BREAK_BEFORE_K1,2024-04-18 22:35:00+00:00,
90,01:30,4,2024-04-20,Saturday,2024-04-19 18:30:00+00:00,2024-04-19 22:30:00+00:00,2024-04-19 22:30:00+00:00,2024-04-20 02:30:00+00:00,561.75,557.1,4.649999999999977,False,BREAK_BEFORE_K1,0,0,,,False,,,BREAK_BEFORE_K1,2024-04-19 22:50:00+00:00,
90,01:30,4,2024-04-21,Sunday,2024-04-20 18:30:00+00:00,2024-04-20 22:30:00+00:00,2024-04-20 22:30:00+00:00,2024-04-21 02:30:00+00:00,574.0,568.07,5.92999999999995,False,OPPOSITE_VISIT_BEFORE_K1,0,1,,,False,,,OPPOSITE_VISIT_BEFORE_K1,2024-04-20 23:00:00+00:00,
90,01:30,4,2024-04-22,Monday,2024-04-21 18:30:00+00:00,2024-04-21 22:30:00+00:00,2024-04-21 22:30:00+00:00,2024-04-22 02:30:00+00:00,581.51,573.43,8.080000000000041,False,BREAK_BEFORE_K1,0,0,,,False,,,BREAK_BEFORE_K1,2024-04-22 00:05:00+00:00,
90,01:30,4,2024-04-23,Tuesday,2024-04-22 18:30:00+00:00,2024-04-22 22:30:00+00:00,2024-04-22 22:30:00+00:00,2024-04-23 02:30:00+00:00,605.33,593.64,11.690000000000055,True,,1,0,2024-04-22 22:50:00+00:00,2024-04-22 22:55:00+00:00,False,,,BREAK_DURING_K1,2024-04-22 23:05:00+00:00,
90,01:30,4,2024-04-24,Wednesday,2024-04-23 18:30:00+00:00,2024-04-23 22:30:00+00:00,2024-04-23 22:30:00+00:00,2024-04-24 02:30:00+00:00,609.8,604.48,5.319999999999936,False,BREAK_BEFORE_K1,0,0,,,False,,,BREAK_BEFORE_K1,2024-04-24 00:15:00+00:00,
90,01:30,4,2024-04-25,Thursday,2024-04-24 18:30:00+00:00,2024-04-24 22:30:00+00:00,2024-04-24 22:30:00+00:00,2024-04-25 02:30:00+00:00,612.7,592.29,20.410000000000082,False,NO_K1,0,0,,,False,,,NO_K1,,
90,01:30,4,2024-04-26,Friday,2024-04-25 18:30:00+00:00,2024-04-25 22:30:00+00:00,2024-04-25 22:30:00+00:00,2024-04-26 02:30:00+00:00,617.31,611.99,5.319999999999936,False,OPPOSITE_VISIT_BEFORE_K1,0,1,,,False,,,OPPOSITE_VISIT_BEFORE_K1,2024-04-26 00:15:00+00:00,
90,01:30,4,2024-04-27,Saturday,2024-04-26 18:30:00+00:00,2024-04-26 22:30:00+00:00,2024-04-26 22:30:00+00:00,2024-04-27 02:30:00+00:00,604.24,597.0,7.240000000000009,False,BREAK_BEFORE_K1,0,0,,,False,,,BREAK_BEFORE_K1,2024-04-26 22:40:00+00:00,
90,01:30,4,2024-04-28,Sunday,2024-04-27 18:30:00+00:00,2024-04-27 22:30:00+00:00,2024-04-27 22:30:00+00:00,2024-04-28 02:30:00+00:00,595.72,591.2,4.519999999999982,True,,1,0,2024-04-27 23:30:00+00:00,2024-04-27 23:35:00+00:00,False,,,BREAK_DURING_K1,2024-04-27 23:45:00+00:00,
90,01:30,4,2024-04-29,Monday,2024-04-28 18:30:00+00:00,2024-04-28 22:30:00+00:00,2024-04-28 22:30:00+00:00,2024-04-29 02:30:00+00:00,606.59,602.21,4.3799999999999955,False,BREAK_BEFORE_K1,0,0,,,False,,,BREAK_BEFORE_K1,2024-04-28 22:30:00+00:00,
90,01:30,4,2024-04-30,Tuesday,2024-04-29 18:30:00+00:00,2024-04-29 22:30:00+00:00,2024-04-29 22:30:00+00:00,2024-04-30 02:30:00+00:00,593.59,588.31,5.280000000000086,False,BREAK_BEFORE_K1,0,0,,,False,,,BREAK_BEFORE_K1,2024-04-29 22:30:00+00:00,
90,01:30,4,2024-05-01,Wednesday,2024-04-30 18:30:00+00:00,2024-04-30 22:30:00+00:00,2024-04-30 22:30:00+00:00,2024-05-01 02:30:00+00:00,581.57,562.16,19.410000000000082,False,NO_K1,0,0,,,False,,,NO_K1,,
90,01:30,4,2024-05-02,Thursday,2024-05-01 18:30:00+00:00,2024-05-01 22:30:00+00:00,2024-05-01 22:30:00+00:00,2024-05-02 02:30:00+00:00,565.9,547.34,18.559999999999945,False,BREAK_BEFORE_K1,0,0,,,False,,,BREAK_BEFORE_K1,2024-05-02 01:50:00+00:00,
90,01:30,4,2024-05-03,Friday,2024-05-02 18:30:00+00:00,2024-05-02 22:30:00+00:00,2024-05-02 22:30:00+00:00,2024-05-03 02:30:00+00:00,564.86,557.91,6.9500000000000455,True,,1,0,2024-05-03 01:20:00+00:00,2024-05-03 01:25:00+00:00,True,2024-05-03 01:25:00+00:00,2024-05-03 01:30:00+00:00,H2_ARRIVAL,2024-05-03 01:30:00+00:00,5.0
90,01:30,4,2024-05-04,Saturday,2024-05-03 18:30:00+00:00,2024-05-03 22:30:00+00:00,2024-05-03 22:30:00+00:00,2024-05-04 02:30:00+00:00,589.83,577.46,12.370000000000005,False,NO_K1,0,0,,,False,,,NO_K1,,
90,01:30,4,2024-05-05,Sunday,2024-05-04 18:30:00+00:00,2024-05-04 22:30:00+00:00,2024-05-04 22:30:00+00:00,2024-05-05 02:30:00+00:00,591.37,582.71,8.659999999999968,False,OPPOSITE_VISIT_BEFORE_K1,0,1,,,False,,,OPPOSITE_VISIT_BEFORE_K1,2024-05-05 00:35:00+00:00,
90,01:30,4,2024-05-06,Monday,2024-05-05 18:30:00+00:00,2024-05-05 22:30:00+00:00,2024-05-05 22:30:00+00:00,2024-05-06 02:30:00+00:00,593.76,588.01,5.75,False,BREAK_BEFORE_K1,0,0,,,False,,,BREAK_BEFORE_K1,2024-05-06 00:55:00+00:00,
90,01:30,4,2024-05-07,Tuesday,2024-05-06 18:30:00+00:00,2024-05-06 22:30:00+00:00,2024-05-06 22:30:00+00:00,2024-05-07 02:30:00+00:00,593.3,585.21,8.089999999999918,False,BREAK_BEFORE_K1,0,0,,,False,,,BREAK_BEFORE_K1,2024-05-07 02:25:00+00:00,
90,01:30,4,2024-05-08,Wednesday,2024-05-07 18:30:00+00:00,2024-05-07 22:30:00+00:00,2024-05-07 22:30:00+00:00,2024-05-08 02:30:00+00:00,589.63,578.1,11.529999999999973,False,BREAK_BEFORE_K1,0,0,,,False,,,BREAK_BEFORE_K1,2024-05-07 23:00:00+00:00,
90,01:30,4,2024-05-09,Thursday,2024-05-08 18:30:00+00:00,2024-05-08 22:30:00+00:00,2024-05-08 22:30:00+00:00,2024-05-09 02:30:00+00:00,589.88,579.06,10.82000000000005,False,BREAK_BEFORE_K1,0,0,,,False,,,BREAK_BEFORE_K1,2024-05-09 00:05:00+00:00,
90,01:30,4,2024-05-10,Friday,2024-05-09 18:30:00+00:00,2024-05-09 22:30:00+00:00,2024-05-09 22:30:00+00:00,2024-05-10 02:30:00+00:00,597.85,592.62,5.230000000000018,False,BREAK_BEFORE_K1,0,0,,,False,,,BREAK_BEFORE_K1,2024-05-09 22:45:00+00:00,
90,01:30,4,2024-05-11,Saturday,2024-05-10 18:30:00+00:00,2024-05-10 22:30:00+00:00,2024-05-10 22:30:00+00:00,2024-05-11 02:30:00+00:00,587.74,583.14,4.600000000000023,False,BREAK_BEFORE_K1,0,0,,,False,,,BREAK_BEFORE_K1,2024-05-11 01:05:00+00:00,
90,01:30,4,2024-05-12,Sunday,2024-05-11 18:30:00+00:00,2024-05-11 22:30:00+00:00,2024-05-11 22:30:00+00:00,2024-05-12 02:30:00+00:00,594.43,591.17,3.259999999999991,False,OPPOSITE_VISIT_BEFORE_K1,0,1,,,False,,,OPPOSITE_VISIT_BEFORE_K1,2024-05-11 23:40:00+00:00,
90,01:30,4,2024-05-13,Monday,2024-05-12 18:30:00+00:00,2024-05-12 22:30:00+00:00,2024-05-12 22:30:00+00:00,2024-05-13 02:30:00+00:00,598.45,592.8,5.650000000000091,False,OPPOSITE_VISIT_BEFORE_K1,0,1,,,False,,,OPPOSITE_VISIT_BEFORE_K1,2024-05-12 23:25:00+00:00,
90,01:30,4,2024-05-14,Tuesday,2024-05-13 18:30:00+00:00,2024-05-13 22:30:00+00:00,2024-05-13 22:30:00+00:00,2024-05-14 02:30:00+00:00,595.2,591.33,3.8700000000000045,False,BREAK_BEFORE_K1,0,0,,,False,,,BREAK_BEFORE_K1,2024-05-13 22:40:00+00:00,
90,01:30,4,2024-05-15,Wednesday,2024-05-14 18:30:00+00:00,2024-05-14 22:30:00+00:00,2024-05-14 22:30:00+00:00,2024-05-15 02:30:00+00:00,568.85,564.56,4.290000000000077,False,OPPOSITE_VISIT_BEFORE_K1,0,1,,,False,,,OPPOSITE_VISIT_BEFORE_K1,2024-05-14 22:30:00+00:00,
90,01:30,4,2024-05-16,Thursday,2024-05-15 18:30:00+00:00,2024-05-15 22:30:00+00:00,2024-05-15 22:30:00+00:00,2024-05-16 02:30:00+00:00,586.4,582.15,4.25,False,OPPOSITE_VISIT_BEFORE_K1,0,1,,,False,,,OPPOSITE_VISIT_BEFORE_K1,2024-05-15 23:35:00+00:00,
90,01:30,4,2024-05-17,Friday,2024-05-16 18:30:00+00:00,2024-05-16 22:30:00+00:00,2024-05-16 22:30:00+00:00,2024-05-17 02:30:00+00:00,569.79,566.05,3.740000000000009,False,BREAK_BEFORE_K1,0,0,,,False,,,BREAK_BEFORE_K1,2024-05-17 00:15:00+00:00,
90,01:30,4,2024-05-18,Saturday,2024-05-17 18:30:00+00:00,2024-05-17 22:30:00+00:00,2024-05-17 22:30:00+00:00,2024-05-18 02:30:00+00:00,580.12,577.42,2.7000000000000455,False,BREAK_BEFORE_K1,0,0,,,False,,,BREAK_BEFORE_K1,2024-05-17 22:45:00+00:00,
90,01:30,4,2024-05-19,Sunday,2024-05-18 18:30:00+00:00,2024-05-18 22:30:00+00:00,2024-05-18 22:30:00+00:00,2024-05-19 02:30:00+00:00,578.6,576.5,2.1000000000000227,True,,1,0,2024-05-18 23:15:00+00:00,2024-05-18 23:20:00+00:00,True,2024-05-18 23:20:00+00:00,2024-05-18 23:25:00+00:00,H2_ARRIVAL,2024-05-18 23:30:00+00:00,10.0
90,01:30,4,2024-05-20,Monday,2024-05-19 18:30:00+00:00,2024-05-19 22:30:00+00:00,2024-05-19 22:30:00+00:00,2024-05-20 02:30:00+00:00,575.92,571.0,4.919999999999959,False,OPPOSITE_VISIT_BEFORE_K1,0,1,,,False,,,OPPOSITE_VISIT_BEFORE_K1,2024-05-20 01:30:00+00:00,
90,01:30,4,2024-05-21,Tuesday,2024-05-20 18:30:00+00:00,2024-05-20 22:30:00+00:00,2024-05-20 22:30:00+00:00,2024-05-21 02:30:00+00:00,594.82,577.35,17.470000000000027,False,BREAK_BEFORE_K1,0,0,,,False,,,BREAK_BEFORE_K1,2024-05-20 23:15:00+00:00,
90,01:30,4,2024-05-22,Wednesday,2024-05-21 18:30:00+00:00,2024-05-21 22:30:00+00:00,2024-05-21 22:30:00+00:00,2024-05-22 02:30:00+00:00,617.0,608.01,8.990000000000009,True,,1,0,2024-05-21 22:35:00+00:00,2024-05-21 22:40:00+00:00,False,,,BREAK_DURING_K1,2024-05-21 22:40:00+00:00,
90,01:30,4,2024-05-23,Thursday,2024-05-22 18:30:00+00:00,2024-05-22 22:30:00+00:00,2024-05-22 22:30:00+00:00,2024-05-23 02:30:00+00:00,617.24,611.27,5.970000000000027,False,BREAK_BEFORE_K1,0,0,,,False,,,BREAK_BEFORE_K1,2024-05-23 00:35:00+00:00,
90,01:30,4,2024-05-24,Friday,2024-05-23 18:30:00+00:00,2024-05-23 22:30:00+00:00,2024-05-23 22:30:00+00:00,2024-05-24 02:30:00+00:00,601.62,577.73,23.889999999999986,True,,1,0,2024-05-24 00:35:00+00:00,2024-05-24 00:40:00+00:00,False,,,BREAK_DURING_K1,2024-05-24 00:40:00+00:00,
90,01:30,4,2024-05-25,Saturday,2024-05-24 18:30:00+00:00,2024-05-24 22:30:00+00:00,2024-05-24 22:30:00+00:00,2024-05-25 02:30:00+00:00,602.64,600.32,2.3199999999999363,False,OPPOSITE_VISIT_BEFORE_K1,0,1,,,False,,,OPPOSITE_VISIT_BEFORE_K1,2024-05-24 23:55:00+00:00,
90,01:30,4,2024-05-26,Sunday,2024-05-25 18:30:00+00:00,2024-05-25 22:30:00+00:00,2024-05-25 22:30:00+00:00,2024-05-26 02:30:00+00:00,603.18,600.82,2.3599999999999,False,OPPOSITE_VISIT_BEFORE_K1,0,1,,,False,,,OPPOSITE_VISIT_BEFORE_K1,2024-05-25 22:30:00+00:00,
90,01:30,4,2024-05-27,Monday,2024-05-26 18:30:00+00:00,2024-05-26 22:30:00+00:00,2024-05-26 22:30:00+00:00,2024-05-27 02:30:00+00:00,602.11,598.2,3.909999999999968,False,BREAK_BEFORE_K1,0,0,,,False,,,BREAK_BEFORE_K1,2024-05-27 01:35:00+00:00,
90,01:30,4,2024-05-28,Tuesday,2024-05-27 18:30:00+00:00,2024-05-27 22:30:00+00:00,2024-05-27 22:30:00+00:00,2024-05-28 02:30:00+00:00,611.08,600.77,10.31000000000006,False,OPPOSITE_VISIT_BEFORE_K1,0,1,,,False,,,OPPOSITE_VISIT_BEFORE_K1,2024-05-28 01:50:00+00:00,
90,01:30,4,2024-05-29,Wednesday,2024-05-28 18:30:00+00:00,2024-05-28 22:30:00+00:00,2024-05-28 22:30:00+00:00,2024-05-29 02:30:00+00:00,603.39,595.73,7.659999999999968,True,,1,0,2024-05-28 23:00:00+00:00,2024-05-28 23:05:00+00:00,True,2024-05-28 23:05:00+00:00,2024-05-28 23:10:00+00:00,H2_ARRIVAL,2024-05-29 01:45:00+00:00,160.0
90,01:30,4,2024-05-30,Thursday,2024-05-29 18:30:00+00:00,2024-05-29 22:30:00+00:00,2024-05-29 22:30:00+00:00,2024-05-30 02:30:00+00:00,597.62,593.86,3.759999999999991,True,,1,0,2024-05-29 22:30:00+00:00,2024-05-29 22:35:00+00:00,True,2024-05-29 22:35:00+00:00,2024-05-29 22:40:00+00:00,H2_ARRIVAL,2024-05-30 02:15:00+00:00,220.0
90,01:30,4,2024-05-31,Friday,2024-05-30 18:30:00+00:00,2024-05-30 22:30:00+00:00,2024-05-30 22:30:00+00:00,2024-05-31 02:30:00+00:00,601.35,591.51,9.840000000000032,False,NO_K1,0,0,,,False,,,NO_K1,,
90,01:30,4,2024-06-01,Saturday,2024-05-31 18:30:00+00:00,2024-05-31 22:30:00+00:00,2024-05-31 22:30:00+00:00,2024-06-01 02:30:00+00:00,596.34,592.7,3.6399999999999864,False,NO_K1,0,0,,,False,,,NO_K1,,
90,01:30,4,2024-06-02,Sunday,2024-06-01 18:30:00+00:00,2024-06-01 22:30:00+00:00,2024-06-01 22:30:00+00:00,2024-06-02 02:30:00+00:00,609.0,596.68,12.32000000000005,False,NO_K1,0,0,,,False,,,NO_K1,,
90,01:30,4,2024-06-03,Monday,2024-06-02 18:30:00+00:00,2024-06-02 22:30:00+00:00,2024-06-02 22:30:00+00:00,2024-06-03 02:30:00+00:00,603.24,597.62,5.6200000000000045,True,,1,0,2024-06-02 23:05:00+00:00,2024-06-02 23:10:00+00:00,False,,,BREAK_DURING_K1,2024-06-02 23:10:00+00:00,
90,01:30,4,2024-06-04,Tuesday,2024-06-03 18:30:00+00:00,2024-06-03 22:30:00+00:00,2024-06-03 22:30:00+00:00,2024-06-04 02:30:00+00:00,627.27,623.02,4.25,False,BREAK_BEFORE_K1,0,0,,,False,,,BREAK_BEFORE_K1,2024-06-03 22:30:00+00:00,
90,01:30,4,2024-06-05,Wednesday,2024-06-04 18:30:00+00:00,2024-06-04 22:30:00+00:00,2024-06-04 22:30:00+00:00,2024-06-05 02:30:00+00:00,685.85,665.03,20.82000000000005,True,,1,0,2024-06-04 22:30:00+00:00,2024-06-04 22:35:00+00:00,False,,,BREAK_DURING_K1,2024-06-04 22:35:00+00:00,
90,01:30,4,2024-06-06,Thursday,2024-06-05 18:30:00+00:00,2024-06-05 22:30:00+00:00,2024-06-05 22:30:00+00:00,2024-06-06 02:30:00+00:00,698.92,688.35,10.569999999999936,False,BREAK_BEFORE_K1,0,0,,,False,,,BREAK_BEFORE_K1,2024-06-05 23:45:00+00:00,
90,01:30,4,2024-06-07,Friday,2024-06-06 18:30:00+00:00,2024-06-06 22:30:00+00:00,2024-06-06 22:30:00+00:00,2024-06-07 02:30:00+00:00,711.22,700.37,10.850000000000023,False,BREAK_BEFORE_K1,0,0,,,False,,,BREAK_BEFORE_K1,2024-06-06 22:55:00+00:00,
90,01:30,4,2024-06-08,Saturday,2024-06-07 18:30:00+00:00,2024-06-07 22:30:00+00:00,2024-06-07 22:30:00+00:00,2024-06-08 02:30:00+00:00,685.55,671.59,13.959999999999923,True,,1,0,2024-06-07 22:45:00+00:00,2024-06-07 22:50:00+00:00,True,2024-06-07 22:50:00+00:00,2024-06-07 22:55:00+00:00,H2_ARRIVAL,2024-06-08 01:45:00+00:00,175.0
90,01:30,4,2024-06-09,Sunday,2024-06-08 18:30:00+00:00,2024-06-08 22:30:00+00:00,2024-06-08 22:30:00+00:00,2024-06-09 02:30:00+00:00,687.6,682.05,5.550000000000068,False,OPPOSITE_VISIT_BEFORE_K1,0,1,,,False,,,OPPOSITE_VISIT_BEFORE_K1,2024-06-08 22:30:00+00:00,
90,01:30,4,2024-06-10,Monday,2024-06-09 18:30:00+00:00,2024-06-09 22:30:00+00:00,2024-06-09 22:30:00+00:00,2024-06-10 02:30:00+00:00,678.77,670.15,8.620000000000005,False,NO_K1,0,0,,,False,,,NO_K1,,
90,01:30,4,2024-06-11,Tuesday,2024-06-10 18:30:00+00:00,2024-06-10 22:30:00+00:00,2024-06-10 22:30:00+00:00,2024-06-11 02:30:00+00:00,653.28,613.48,39.799999999999955,False,NO_K1,0,0,,,False,,,NO_K1,,
90,01:30,4,2024-06-12,Wednesday,2024-06-11 18:30:00+00:00,2024-06-11 22:30:00+00:00,2024-06-11 22:30:00+00:00,2024-06-12 02:30:00+00:00,610.0,604.25,5.75,False,BREAK_BEFORE_K1,0,0,,,False,,,BREAK_BEFORE_K1,2024-06-11 22:35:00+00:00,
90,01:30,4,2024-06-13,Thursday,2024-06-12 18:30:00+00:00,2024-06-12 22:30:00+00:00,2024-06-12 22:30:00+00:00,2024-06-13 02:30:00+00:00,626.86,609.5,17.360000000000014,False,BREAK_BEFORE_K1,0,0,,,False,,,BREAK_BEFORE_K1,2024-06-13 02:05:00+00:00,
90,01:30,4,2024-06-14,Friday,2024-06-13 18:30:00+00:00,2024-06-13 22:30:00+00:00,2024-06-13 22:30:00+00:00,2024-06-14 02:30:00+00:00,605.72,597.0,8.720000000000027,False,OPPOSITE_VISIT_BEFORE_K1,0,1,,,False,,,OPPOSITE_VISIT_BEFORE_K1,2024-06-14 00:20:00+00:00,
90,01:30,4,2024-06-15,Saturday,2024-06-14 18:30:00+00:00,2024-06-14 22:30:00+00:00,2024-06-14 22:30:00+00:00,2024-06-15 02:30:00+00:00,604.99,591.52,13.470000000000027,False,BREAK_BEFORE_K1,0,0,,,False,,,BREAK_BEFORE_K1,2024-06-15 00:40:00+00:00,
90,01:30,4,2024-06-16,Sunday,2024-06-15 18:30:00+00:00,2024-06-15 22:30:00+00:00,2024-06-15 22:30:00+00:00,2024-06-16 02:30:00+00:00,607.5,604.02,3.480000000000018,False,BREAK_BEFORE_K1,0,0,,,False,,,BREAK_BEFORE_K1,2024-06-15 22:55:00+00:00,
90,01:30,4,2024-06-17,Monday,2024-06-16 18:30:00+00:00,2024-06-16 22:30:00+00:00,2024-06-16 22:30:00+00:00,2024-06-17 02:30:00+00:00,611.6,607.55,4.050000000000068,False,BREAK_BEFORE_K1,0,0,,,False,,,BREAK_BEFORE_K1,2024-06-16 23:00:00+00:00,
90,01:30,4,2024-06-18,Tuesday,2024-06-17 18:30:00+00:00,2024-06-17 22:30:00+00:00,2024-06-17 22:30:00+00:00,2024-06-18 02:30:00+00:00,610.24,604.08,6.159999999999968,False,OPPOSITE_VISIT_BEFORE_K1,0,1,,,False,,,OPPOSITE_VISIT_BEFORE_K1,2024-06-17 23:40:00+00:00,
90,01:30,4,2024-06-19,Wednesday,2024-06-18 18:30:00+00:00,2024-06-18 22:30:00+00:00,2024-06-18 22:30:00+00:00,2024-06-19 02:30:00+00:00,589.25,575.67,13.580000000000041,True,,1,0,2024-06-18 22:40:00+00:00,2024-06-18 22:45:00+00:00,True,2024-06-18 22:45:00+00:00,2024-06-18 22:50:00+00:00,H2_ARRIVAL,2024-06-18 22:55:00+00:00,10.0
90,01:30,4,2024-06-20,Thursday,2024-06-19 18:30:00+00:00,2024-06-19 22:30:00+00:00,2024-06-19 22:30:00+00:00,2024-06-20 02:30:00+00:00,602.4,597.22,5.17999999999995,False,OPPOSITE_VISIT_BEFORE_K1,0,1,,,False,,,OPPOSITE_VISIT_BEFORE_K1,2024-06-19 23:40:00+00:00,
90,01:30,4,2024-06-21,Friday,2024-06-20 18:30:00+00:00,2024-06-20 22:30:00+00:00,2024-06-20 22:30:00+00:00,2024-06-21 02:30:00+00:00,595.1,591.11,3.990000000000009,False,BREAK_BEFORE_K1,0,0,,,False,,,BREAK_BEFORE_K1,2024-06-20 22:35:00+00:00,
90,01:30,4,2024-06-22,Saturday,2024-06-21 18:30:00+00:00,2024-06-21 22:30:00+00:00,2024-06-21 22:30:00+00:00,2024-06-22 02:30:00+00:00,587.68,583.03,4.649999999999977,False,BREAK_BEFORE_K1,0,0,,,False,,,BREAK_BEFORE_K1,2024-06-22 00:35:00+00:00,
90,01:30,4,2024-06-23,Sunday,2024-06-22 18:30:00+00:00,2024-06-22 22:30:00+00:00,2024-06-22 22:30:00+00:00,2024-06-23 02:30:00+00:00,589.8,585.69,4.1099999999999,True,,1,0,2024-06-22 22:30:00+00:00,2024-06-22 22:35:00+00:00,False,,,BREAK_DURING_K1,2024-06-22 22:35:00+00:00,
90,01:30,4,2024-06-24,Monday,2024-06-23 18:30:00+00:00,2024-06-23 22:30:00+00:00,2024-06-23 22:30:00+00:00,2024-06-24 02:30:00+00:00,585.78,579.14,6.639999999999986,False,OPPOSITE_VISIT_BEFORE_K1,0,1,,,False,,,OPPOSITE_VISIT_BEFORE_K1,2024-06-23 22:30:00+00:00,
90,01:30,4,2024-06-25,Tuesday,2024-06-24 18:30:00+00:00,2024-06-24 22:30:00+00:00,2024-06-24 22:30:00+00:00,2024-06-25 02:30:00+00:00,565.87,550.55,15.32000000000005,True,,1,0,2024-06-24 22:40:00+00:00,2024-06-24 22:45:00+00:00,True,2024-06-24 22:45:00+00:00,2024-06-24 22:50:00+00:00,H2_ARRIVAL,2024-06-24 23:10:00+00:00,25.0
90,01:30,4,2024-06-26,Wednesday,2024-06-25 18:30:00+00:00,2024-06-25 22:30:00+00:00,2024-06-25 22:30:00+00:00,2024-06-26 02:30:00+00:00,579.93,576.52,3.409999999999968,False,BREAK_BEFORE_K1,0,0,,,False,,,BREAK_BEFORE_K1,2024-06-25 22:40:00+00:00,
90,01:30,4,2024-06-27,Thursday,2024-06-26 18:30:00+00:00,2024-06-26 22:30:00+00:00,2024-06-26 22:30:00+00:00,2024-06-27 02:30:00+00:00,576.0,569.74,6.259999999999991,False,NO_K1,0,0,,,False,,,NO_K1,,
90,01:30,4,2024-06-28,Friday,2024-06-27 18:30:00+00:00,2024-06-27 22:30:00+00:00,2024-06-27 22:30:00+00:00,2024-06-28 02:30:00+00:00,582.47,579.13,3.340000000000032,False,OPPOSITE_VISIT_BEFORE_K1,0,1,,,False,,,OPPOSITE_VISIT_BEFORE_K1,2024-06-28 00:30:00+00:00,
90,01:30,4,2024-06-29,Saturday,2024-06-28 18:30:00+00:00,2024-06-28 22:30:00+00:00,2024-06-28 22:30:00+00:00,2024-06-29 02:30:00+00:00,572.69,566.01,6.680000000000064,True,,1,0,2024-06-29 02:00:00+00:00,2024-06-29 02:05:00+00:00,True,2024-06-29 02:05:00+00:00,2024-06-29 02:10:00+00:00,H2_ARRIVAL,2024-06-29 02:15:00+00:00,10.0
90,01:30,4,2024-06-30,Sunday,2024-06-29 18:30:00+00:00,2024-06-29 22:30:00+00:00,2024-06-29 22:30:00+00:00,2024-06-30 02:30:00+00:00,572.79,569.33,3.4599999999999227,False,OPPOSITE_VISIT_BEFORE_K1,0,1,,,False,,,OPPOSITE_VISIT_BEFORE_K1,2024-06-29 22:35:00+00:00,
90,01:30,4,2024-07-01,Monday,2024-06-30 18:30:00+00:00,2024-06-30 22:30:00+00:00,2024-06-30 22:30:00+00:00,2024-07-01 02:30:00+00:00,584.31,577.82,6.489999999999895,True,,1,0,2024-06-30 22:30:00+00:00,2024-06-30 22:35:00+00:00,True,2024-06-30 22:35:00+00:00,2024-06-30 22:40:00+00:00,H2_ARRIVAL,2024-06-30 22:55:00+00:00,20.0
90,01:30,4,2024-07-02,Tuesday,2024-07-01 18:30:00+00:00,2024-07-01 22:30:00+00:00,2024-07-01 22:30:00+00:00,2024-07-02 02:30:00+00:00,583.39,577.46,5.92999999999995,False,OPPOSITE_VISIT_BEFORE_K1,0,1,,,False,,,OPPOSITE_VISIT_BEFORE_K1,2024-07-01 22:35:00+00:00,
90,01:30,4,2024-07-03,Wednesday,2024-07-02 18:30:00+00:00,2024-07-02 22:30:00+00:00,2024-07-02 22:30:00+00:00,2024-07-03 02:30:00+00:00,580.76,577.57,3.189999999999941,False,BREAK_BEFORE_K1,0,0,,,False,,,BREAK_BEFORE_K1,2024-07-02 23:05:00+00:00,
90,01:30,4,2024-07-04,Thursday,2024-07-03 18:30:00+00:00,2024-07-03 22:30:00+00:00,2024-07-03 22:30:00+00:00,2024-07-04 02:30:00+00:00,559.18,550.05,9.129999999999995,False,OPPOSITE_VISIT_BEFORE_K1,0,1,,,False,,,OPPOSITE_VISIT_BEFORE_K1,2024-07-04 01:15:00+00:00,
90,01:30,4,2024-07-05,Friday,2024-07-04 18:30:00+00:00,2024-07-04 22:30:00+00:00,2024-07-04 22:30:00+00:00,2024-07-05 02:30:00+00:00,529.53,522.41,7.1200000000000045,False,OPPOSITE_VISIT_BEFORE_K1,0,1,,,False,,,OPPOSITE_VISIT_BEFORE_K1,2024-07-04 23:05:00+00:00,
90,01:30,4,2024-07-06,Saturday,2024-07-05 18:30:00+00:00,2024-07-05 22:30:00+00:00,2024-07-05 22:30:00+00:00,2024-07-06 02:30:00+00:00,498.91,493.78,5.130000000000052,True,,1,0,2024-07-05 23:20:00+00:00,2024-07-05 23:25:00+00:00,False,,,BREAK_DURING_K1,2024-07-05 23:30:00+00:00,
90,01:30,4,2024-07-07,Sunday,2024-07-06 18:30:00+00:00,2024-07-06 22:30:00+00:00,2024-07-06 22:30:00+00:00,2024-07-07 02:30:00+00:00,529.3,523.6,5.699999999999932,False,BREAK_BEFORE_K1,0,0,,,False,,,BREAK_BEFORE_K1,2024-07-06 23:15:00+00:00,
90,01:30,4,2024-07-08,Monday,2024-07-07 18:30:00+00:00,2024-07-07 22:30:00+00:00,2024-07-07 22:30:00+00:00,2024-07-08 02:30:00+00:00,502.35,491.26,11.090000000000032,False,BREAK_BEFORE_K1,0,0,,,False,,,BREAK_BEFORE_K1,2024-07-07 23:40:00+00:00,
90,01:30,4,2024-07-09,Tuesday,2024-07-08 18:30:00+00:00,2024-07-08 22:30:00+00:00,2024-07-08 22:30:00+00:00,2024-07-09 02:30:00+00:00,512.8,504.45,8.349999999999966,False,BREAK_BEFORE_K1,0,0,,,False,,,BREAK_BEFORE_K1,2024-07-09 01:10:00+00:00,
90,01:30,4,2024-07-10,Wednesday,2024-07-09 18:30:00+00:00,2024-07-09 22:30:00+00:00,2024-07-09 22:30:00+00:00,2024-07-10 02:30:00+00:00,521.16,514.48,6.67999999999995,False,OPPOSITE_VISIT_BEFORE_K1,0,1,,,False,,,OPPOSITE_VISIT_BEFORE_K1,2024-07-10 00:15:00+00:00,
90,01:30,4,2024-07-11,Thursday,2024-07-10 18:30:00+00:00,2024-07-10 22:30:00+00:00,2024-07-10 22:30:00+00:00,2024-07-11 02:30:00+00:00,524.39,520.85,3.5399999999999636,True,,1,0,2024-07-10 23:30:00+00:00,2024-07-10 23:35:00+00:00,False,,,BREAK_DURING_K1,2024-07-10 23:35:00+00:00,
90,01:30,4,2024-07-12,Friday,2024-07-11 18:30:00+00:00,2024-07-11 22:30:00+00:00,2024-07-11 22:30:00+00:00,2024-07-12 02:30:00+00:00,530.73,523.16,7.57000000000005,False,OPPOSITE_VISIT_BEFORE_K1,0,1,,,False,,,OPPOSITE_VISIT_BEFORE_K1,2024-07-11 23:20:00+00:00,
90,01:30,4,2024-07-13,Saturday,2024-07-12 18:30:00+00:00,2024-07-12 22:30:00+00:00,2024-07-12 22:30:00+00:00,2024-07-13 02:30:00+00:00,537.6,527.19,10.409999999999968,False,NO_K1,0,0,,,False,,,NO_K1,,
90,01:30,4,2024-07-14,Sunday,2024-07-13 18:30:00+00:00,2024-07-13 22:30:00+00:00,2024-07-13 22:30:00+00:00,2024-07-14 02:30:00+00:00,530.5,527.27,3.230000000000018,True,,1,0,2024-07-13 22:40:00+00:00,2024-07-13 22:45:00+00:00,False,,,BREAK_DURING_K1,2024-07-13 22:45:00+00:00,
90,01:30,4,2024-07-15,Monday,2024-07-14 18:30:00+00:00,2024-07-14 22:30:00+00:00,2024-07-14 22:30:00+00:00,2024-07-15 02:30:00+00:00,547.0,535.22,11.779999999999973,False,BREAK_BEFORE_K1,0,0,,,False,,,BREAK_BEFORE_K1,2024-07-14 23:20:00+00:00,
90,01:30,4,2024-07-16,Tuesday,2024-07-15 18:30:00+00:00,2024-07-15 22:30:00+00:00,2024-07-15 22:30:00+00:00,2024-07-16 02:30:00+00:00,582.08,575.4,6.680000000000064,False,BREAK_BEFORE_K1,0,0,,,False,,,BREAK_BEFORE_K1,2024-07-15 22:30:00+00:00,
90,01:30,4,2024-07-17,Wednesday,2024-07-16 18:30:00+00:00,2024-07-16 22:30:00+00:00,2024-07-16 22:30:00+00:00,2024-07-17 02:30:00+00:00,578.88,569.59,9.289999999999964,False,BREAK_BEFORE_K1,0,0,,,False,,,BREAK_BEFORE_K1,2024-07-17 00:40:00+00:00,
90,01:30,4,2024-07-18,Thursday,2024-07-17 18:30:00+00:00,2024-07-17 22:30:00+00:00,2024-07-17 22:30:00+00:00,2024-07-18 02:30:00+00:00,573.72,568.03,5.690000000000055,False,BREAK_BEFORE_K1,0,0,,,False,,,BREAK_BEFORE_K1,2024-07-17 22:35:00+00:00,
90,01:30,4,2024-07-19,Friday,2024-07-18 18:30:00+00:00,2024-07-18 22:30:00+00:00,2024-07-18 22:30:00+00:00,2024-07-19 02:30:00+00:00,571.89,565.1,6.789999999999964,True,,1,0,2024-07-18 22:30:00+00:00,2024-07-18 22:35:00+00:00,False,,,BREAK_DURING_K1,2024-07-18 22:35:00+00:00,
90,01:30,4,2024-07-20,Saturday,2024-07-19 18:30:00+00:00,2024-07-19 22:30:00+00:00,2024-07-19 22:30:00+00:00,2024-07-20 02:30:00+00:00,597.49,589.29,8.200000000000045,False,OPPOSITE_VISIT_BEFORE_K1,0,1,,,False,,,OPPOSITE_VISIT_BEFORE_K1,2024-07-20 00:35:00+00:00,
90,01:30,4,2024-07-21,Sunday,2024-07-20 18:30:00+00:00,2024-07-20 22:30:00+00:00,2024-07-20 22:30:00+00:00,2024-07-21 02:30:00+00:00,598.22,593.75,4.470000000000027,False,BREAK_BEFORE_K1,0,0,,,False,,,BREAK_BEFORE_K1,2024-07-20 22:35:00+00:00,
90,01:30,4,2024-07-22,Monday,2024-07-21 18:30:00+00:00,2024-07-21 22:30:00+00:00,2024-07-21 22:30:00+00:00,2024-07-22 02:30:00+00:00,603.97,590.69,13.279999999999973,True,,1,0,2024-07-22 00:00:00+00:00,2024-07-22 00:05:00+00:00,True,2024-07-22 00:20:00+00:00,2024-07-22 00:25:00+00:00,H2_ARRIVAL,2024-07-22 00:30:00+00:00,10.0
90,01:30,4,2024-07-23,Tuesday,2024-07-22 18:30:00+00:00,2024-07-22 22:30:00+00:00,2024-07-22 22:30:00+00:00,2024-07-23 02:30:00+00:00,596.72,589.27,7.4500000000000455,False,BREAK_BEFORE_K1,0,0,,,False,,,BREAK_BEFORE_K1,2024-07-22 23:05:00+00:00,
90,01:30,4,2024-07-24,Wednesday,2024-07-23 18:30:00+00:00,2024-07-23 22:30:00+00:00,2024-07-23 22:30:00+00:00,2024-07-24 02:30:00+00:00,584.97,580.25,4.720000000000027,True,,1,0,2024-07-24 01:05:00+00:00,2024-07-24 01:10:00+00:00,True,2024-07-24 01:15:00+00:00,2024-07-24 01:20:00+00:00,H2_ARRIVAL,2024-07-24 01:20:00+00:00,5.0
90,01:30,4,2024-07-25,Thursday,2024-07-24 18:30:00+00:00,2024-07-24 22:30:00+00:00,2024-07-24 22:30:00+00:00,2024-07-25 02:30:00+00:00,582.87,570.0,12.870000000000005,False,BREAK_BEFORE_K1,0,0,,,False,,,BREAK_BEFORE_K1,2024-07-25 01:05:00+00:00,
90,01:30,4,2024-07-26,Friday,2024-07-25 18:30:00+00:00,2024-07-25 22:30:00+00:00,2024-07-25 22:30:00+00:00,2024-07-26 02:30:00+00:00,573.35,560.89,12.460000000000036,True,,1,0,2024-07-25 22:30:00+00:00,2024-07-25 22:35:00+00:00,True,2024-07-25 22:40:00+00:00,2024-07-25 22:45:00+00:00,H2_ARRIVAL,2024-07-25 23:00:00+00:00,20.0
90,01:30,4,2024-07-27,Saturday,2024-07-26 18:30:00+00:00,2024-07-26 22:30:00+00:00,2024-07-26 22:30:00+00:00,2024-07-27 02:30:00+00:00,583.1,577.7,5.399999999999977,False,NO_K1,0,0,,,False,,,NO_K1,,
90,01:30,4,2024-07-28,Sunday,2024-07-27 18:30:00+00:00,2024-07-27 22:30:00+00:00,2024-07-27 22:30:00+00:00,2024-07-28 02:30:00+00:00,585.83,573.04,12.790000000000077,False,NO_K1,0,0,,,False,,,NO_K1,,
90,01:30,4,2024-07-29,Monday,2024-07-28 18:30:00+00:00,2024-07-28 22:30:00+00:00,2024-07-28 22:30:00+00:00,2024-07-29 02:30:00+00:00,584.95,581.32,3.6299999999999955,True,,1,0,2024-07-28 23:20:00+00:00,2024-07-28 23:25:00+00:00,False,,,BREAK_DURING_K1,2024-07-28 23:25:00+00:00,
90,01:30,4,2024-07-30,Tuesday,2024-07-29 18:30:00+00:00,2024-07-29 22:30:00+00:00,2024-07-29 22:30:00+00:00,2024-07-30 02:30:00+00:00,580.66,576.07,4.589999999999918,False,BREAK_BEFORE_K1,0,0,,,False,,,BREAK_BEFORE_K1,2024-07-29 23:10:00+00:00,
90,01:30,4,2024-07-31,Wednesday,2024-07-30 18:30:00+00:00,2024-07-30 22:30:00+00:00,2024-07-30 22:30:00+00:00,2024-07-31 02:30:00+00:00,579.77,570.08,9.68999999999994,True,,1,0,2024-07-30 22:30:00+00:00,2024-07-30 22:35:00+00:00,False,,,BREAK_DURING_K1,2024-07-30 22:35:00+00:00,
90,01:30,4,2024-08-01,Thursday,2024-07-31 18:30:00+00:00,2024-07-31 22:30:00+00:00,2024-07-31 22:30:00+00:00,2024-08-01 02:30:00+00:00,590.26,575.17,15.090000000000032,False,BREAK_BEFORE_K1,0,0,,,False,,,BREAK_BEFORE_K1,2024-08-01 00:45:00+00:00,
90,01:30,4,2024-08-02,Friday,2024-08-01 18:30:00+00:00,2024-08-01 22:30:00+00:00,2024-08-01 22:30:00+00:00,2024-08-02 02:30:00+00:00,577.9,553.74,24.159999999999968,True,,1,0,2024-08-02 00:15:00+00:00,2024-08-02 00:20:00+00:00,True,2024-08-02 00:20:00+00:00,2024-08-02 00:25:00+00:00,NO_H2_BY_END,,
90,01:30,4,2024-08-03,Saturday,2024-08-02 18:30:00+00:00,2024-08-02 22:30:00+00:00,2024-08-02 22:30:00+00:00,2024-08-03 02:30:00+00:00,558.92,545.18,13.740000000000009,False,BREAK_BEFORE_K1,0,0,,,False,,,BREAK_BEFORE_K1,2024-08-02 22:30:00+00:00,
90,01:30,4,2024-08-04,Sunday,2024-08-03 18:30:00+00:00,2024-08-03 22:30:00+00:00,2024-08-03 22:30:00+00:00,2024-08-04 02:30:00+00:00,529.48,521.36,8.120000000000005,True,,1,0,2024-08-03 23:15:00+00:00,2024-08-03 23:20:00+00:00,False,,,BREAK_DURING_K1,2024-08-03 23:20:00+00:00,
90,01:30,4,2024-08-05,Monday,2024-08-04 18:30:00+00:00,2024-08-04 22:30:00+00:00,2024-08-04 22:30:00+00:00,2024-08-05 02:30:00+00:00,511.65,496.86,14.789999999999964,False,BREAK_BEFORE_K1,0,0,,,False,,,BREAK_BEFORE_K1,2024-08-04 23:50:00+00:00,
90,01:30,4,2024-08-06,Tuesday,2024-08-05 18:30:00+00:00,2024-08-05 22:30:00+00:00,2024-08-05 22:30:00+00:00,2024-08-06 02:30:00+00:00,470.18,450.74,19.439999999999998,True,,1,0,2024-08-05 23:05:00+00:00,2024-08-05 23:10:00+00:00,True,2024-08-05 23:20:00+00:00,2024-08-05 23:25:00+00:00,H2_ARRIVAL,2024-08-06 00:05:00+00:00,45.0
90,01:30,4,2024-08-07,Wednesday,2024-08-06 18:30:00+00:00,2024-08-06 22:30:00+00:00,2024-08-06 22:30:00+00:00,2024-08-07 02:30:00+00:00,492.54,483.75,8.79000000000002,False,OPPOSITE_VISIT_BEFORE_K1,0,1,,,False,,,OPPOSITE_VISIT_BEFORE_K1,2024-08-06 23:40:00+00:00,
90,01:30,4,2024-08-08,Thursday,2024-08-07 18:30:00+00:00,2024-08-07 22:30:00+00:00,2024-08-07 22:30:00+00:00,2024-08-08 02:30:00+00:00,478.08,468.06,10.019999999999982,False,BREAK_BEFORE_K1,0,0,,,False,,,BREAK_BEFORE_K1,2024-08-08 00:35:00+00:00,
90,01:30,4,2024-08-09,Friday,2024-08-08 18:30:00+00:00,2024-08-08 22:30:00+00:00,2024-08-08 22:30:00+00:00,2024-08-09 02:30:00+00:00,514.07,501.63,12.440000000000055,False,BREAK_BEFORE_K1,0,0,,,False,,,BREAK_BEFORE_K1,2024-08-08 22:35:00+00:00,
90,01:30,4,2024-08-10,Saturday,2024-08-09 18:30:00+00:00,2024-08-09 22:30:00+00:00,2024-08-09 22:30:00+00:00,2024-08-10 02:30:00+00:00,509.29,504.27,5.020000000000039,True,,1,0,2024-08-09 22:30:00+00:00,2024-08-09 22:35:00+00:00,True,2024-08-09 22:35:00+00:00,2024-08-09 22:40:00+00:00,H2_ARRIVAL,2024-08-09 22:55:00+00:00,20.0
90,01:30,4,2024-08-11,Sunday,2024-08-10 18:30:00+00:00,2024-08-10 22:30:00+00:00,2024-08-10 22:30:00+00:00,2024-08-11 02:30:00+00:00,525.71,519.3,6.410000000000082,False,BREAK_BEFORE_K1,0,0,,,False,,,BREAK_BEFORE_K1,2024-08-11 00:20:00+00:00,
90,01:30,4,2024-08-12,Monday,2024-08-11 18:30:00+00:00,2024-08-11 22:30:00+00:00,2024-08-11 22:30:00+00:00,2024-08-12 02:30:00+00:00,519.81,503.39,16.41999999999996,False,OPPOSITE_VISIT_BEFORE_K1,0,1,,,False,,,OPPOSITE_VISIT_BEFORE_K1,2024-08-11 22:30:00+00:00,
90,01:30,4,2024-08-13,Tuesday,2024-08-12 18:30:00+00:00,2024-08-12 22:30:00+00:00,2024-08-12 22:30:00+00:00,2024-08-13 02:30:00+00:00,517.01,507.4,9.610000000000014,False,BREAK_BEFORE_K1,0,0,,,False,,,BREAK_BEFORE_K1,2024-08-12 23:10:00+00:00,
90,01:30,4,2024-08-14,Wednesday,2024-08-13 18:30:00+00:00,2024-08-13 22:30:00+00:00,2024-08-13 22:30:00+00:00,2024-08-14 02:30:00+00:00,526.0,518.8,7.2000000000000455,False,BREAK_BEFORE_K1,0,0,,,False,,,BREAK_BEFORE_K1,2024-08-14 00:55:00+00:00,
90,01:30,4,2024-08-15,Thursday,2024-08-14 18:30:00+00:00,2024-08-14 22:30:00+00:00,2024-08-14 22:30:00+00:00,2024-08-15 02:30:00+00:00,525.85,519.45,6.399999999999977,False,BREAK_BEFORE_K1,0,0,,,False,,,BREAK_BEFORE_K1,2024-08-15 00:35:00+00:00,
90,01:30,4,2024-08-16,Friday,2024-08-15 18:30:00+00:00,2024-08-15 22:30:00+00:00,2024-08-15 22:30:00+00:00,2024-08-16 02:30:00+00:00,520.57,509.88,10.690000000000055,True,,1,0,2024-08-15 22:30:00+00:00,2024-08-15 22:35:00+00:00,False,,,BREAK_DURING_K1,2024-08-15 22:35:00+00:00,
90,01:30,4,2024-08-17,Saturday,2024-08-16 18:30:00+00:00,2024-08-16 22:30:00+00:00,2024-08-16 22:30:00+00:00,2024-08-17 02:30:00+00:00,522.96,518.56,4.400000000000091,False,BREAK_BEFORE_K1,0,0,,,False,,,BREAK_BEFORE_K1,2024-08-16 23:10:00+00:00,
90,01:30,4,2024-08-18,Sunday,2024-08-17 18:30:00+00:00,2024-08-17 22:30:00+00:00,2024-08-17 22:30:00+00:00,2024-08-18 02:30:00+00:00,547.9,536.62,11.279999999999973,False,OPPOSITE_VISIT_BEFORE_K1,0,1,,,False,,,OPPOSITE_VISIT_BEFORE_K1,2024-08-18 01:20:00+00:00,
90,01:30,4,2024-08-19,Monday,2024-08-18 18:30:00+00:00,2024-08-18 22:30:00+00:00,2024-08-18 22:30:00+00:00,2024-08-19 02:30:00+00:00,538.4,535.02,3.3799999999999955,False,BREAK_BEFORE_K1,0,0,,,False,,,BREAK_BEFORE_K1,2024-08-18 23:20:00+00:00,
90,01:30,4,2024-08-20,Tuesday,2024-08-19 18:30:00+00:00,2024-08-19 22:30:00+00:00,2024-08-19 22:30:00+00:00,2024-08-20 02:30:00+00:00,557.73,550.46,7.269999999999982,False,BREAK_BEFORE_K1,0,0,,,False,,,BREAK_BEFORE_K1,2024-08-19 22:30:00+00:00,
90,01:30,4,2024-08-21,Wednesday,2024-08-20 18:30:00+00:00,2024-08-20 22:30:00+00:00,2024-08-20 22:30:00+00:00,2024-08-21 02:30:00+00:00,574.33,566.92,7.410000000000082,False,BREAK_BEFORE_K1,0,0,,,False,,,BREAK_BEFORE_K1,2024-08-20 23:05:00+00:00,
90,01:30,4,2024-08-22,Thursday,2024-08-21 18:30:00+00:00,2024-08-21 22:30:00+00:00,2024-08-21 22:30:00+00:00,2024-08-22 02:30:00+00:00,574.76,560.05,14.710000000000036,False,NO_K1,0,0,,,False,,,NO_K1,,
90,01:30,4,2024-08-23,Friday,2024-08-22 18:30:00+00:00,2024-08-22 22:30:00+00:00,2024-08-22 22:30:00+00:00,2024-08-23 02:30:00+00:00,586.63,578.33,8.299999999999955,True,,1,0,2024-08-23 01:50:00+00:00,2024-08-23 01:55:00+00:00,True,2024-08-23 01:55:00+00:00,2024-08-23 02:00:00+00:00,H2_ARRIVAL,2024-08-23 02:05:00+00:00,10.0
90,01:30,4,2024-08-24,Saturday,2024-08-23 18:30:00+00:00,2024-08-23 22:30:00+00:00,2024-08-23 22:30:00+00:00,2024-08-24 02:30:00+00:00,596.8,581.72,15.079999999999927,False,BREAK_BEFORE_K1,0,0,,,False,,,BREAK_BEFORE_K1,2024-08-23 22:30:00+00:00,
90,01:30,4,2024-08-25,Sunday,2024-08-24 18:30:00+00:00,2024-08-24 22:30:00+00:00,2024-08-24 22:30:00+00:00,2024-08-25 02:30:00+00:00,591.57,575.33,16.24000000000001,False,OPPOSITE_VISIT_BEFORE_K1,0,1,,,False,,,OPPOSITE_VISIT_BEFORE_K1,2024-08-25 01:45:00+00:00,
90,01:30,4,2024-08-26,Monday,2024-08-25 18:30:00+00:00,2024-08-25 22:30:00+00:00,2024-08-25 22:30:00+00:00,2024-08-26 02:30:00+00:00,578.33,574.0,4.330000000000041,True,,1,0,2024-08-25 23:05:00+00:00,2024-08-25 23:10:00+00:00,False,,,BREAK_DURING_K1,2024-08-25 23:10:00+00:00,
90,01:30,4,2024-08-27,Tuesday,2024-08-26 18:30:00+00:00,2024-08-26 22:30:00+00:00,2024-08-26 22:30:00+00:00,2024-08-27 02:30:00+00:00,558.59,546.41,12.180000000000064,False,NO_K1,0,0,,,False,,,NO_K1,,
90,01:30,4,2024-08-28,Wednesday,2024-08-27 18:30:00+00:00,2024-08-27 22:30:00+00:00,2024-08-27 22:30:00+00:00,2024-08-28 02:30:00+00:00,551.2,520.52,30.680000000000064,False,NO_K1,0,0,,,False,,,NO_K1,,
90,01:30,4,2024-08-29,Thursday,2024-08-28 18:30:00+00:00,2024-08-28 22:30:00+00:00,2024-08-28 22:30:00+00:00,2024-08-29 02:30:00+00:00,540.4,531.81,8.590000000000032,True,,1,0,2024-08-29 00:20:00+00:00,2024-08-29 00:25:00+00:00,True,2024-08-29 00:25:00+00:00,2024-08-29 00:30:00+00:00,H2_ARRIVAL,2024-08-29 01:00:00+00:00,35.0
90,01:30,4,2024-08-30,Friday,2024-08-29 18:30:00+00:00,2024-08-29 22:30:00+00:00,2024-08-29 22:30:00+00:00,2024-08-30 02:30:00+00:00,537.47,530.42,7.050000000000068,False,NO_K1,0,0,,,False,,,NO_K1,,
90,01:30,4,2024-08-31,Saturday,2024-08-30 18:30:00+00:00,2024-08-30 22:30:00+00:00,2024-08-30 22:30:00+00:00,2024-08-31 02:30:00+00:00,536.96,530.82,6.139999999999986,False,BREAK_BEFORE_K1,0,0,,,False,,,BREAK_BEFORE_K1,2024-08-31 00:30:00+00:00,
90,01:30,4,2024-09-01,Sunday,2024-08-31 18:30:00+00:00,2024-08-31 22:30:00+00:00,2024-08-31 22:30:00+00:00,2024-09-01 02:30:00+00:00,534.78,531.08,3.699999999999932,False,BREAK_BEFORE_K1,0,0,,,False,,,BREAK_BEFORE_K1,2024-09-01 00:30:00+00:00,
90,01:30,4,2024-09-02,Monday,2024-09-01 18:30:00+00:00,2024-09-01 22:30:00+00:00,2024-09-01 22:30:00+00:00,2024-09-02 02:30:00+00:00,523.25,512.0,11.25,False,BREAK_BEFORE_K1,0,0,,,False,,,BREAK_BEFORE_K1,2024-09-01 22:30:00+00:00,
90,01:30,4,2024-09-03,Tuesday,2024-09-02 18:30:00+00:00,2024-09-02 22:30:00+00:00,2024-09-02 22:30:00+00:00,2024-09-03 02:30:00+00:00,530.6,520.0,10.600000000000023,False,BREAK_BEFORE_K1,0,0,,,False,,,BREAK_BEFORE_K1,2024-09-03 01:05:00+00:00,
90,01:30,4,2024-09-04,Wednesday,2024-09-03 18:30:00+00:00,2024-09-03 22:30:00+00:00,2024-09-03 22:30:00+00:00,2024-09-04 02:30:00+00:00,526.24,522.02,4.220000000000027,False,OPPOSITE_VISIT_BEFORE_K1,0,1,,,False,,,OPPOSITE_VISIT_BEFORE_K1,2024-09-03 23:05:00+00:00,
90,01:30,4,2024-09-05,Thursday,2024-09-04 18:30:00+00:00,2024-09-04 22:30:00+00:00,2024-09-04 22:30:00+00:00,2024-09-05 02:30:00+00:00,513.5,505.3,8.199999999999989,False,NO_K1,0,0,,,False,,,NO_K1,,
90,01:30,4,2024-09-06,Friday,2024-09-05 18:30:00+00:00,2024-09-05 22:30:00+00:00,2024-09-05 22:30:00+00:00,2024-09-06 02:30:00+00:00,503.76,497.62,6.139999999999986,True,,1,0,2024-09-06 00:10:00+00:00,2024-09-06 00:15:00+00:00,False,,,BREAK_DURING_K1,2024-09-06 00:15:00+00:00,
90,01:30,4,2024-09-07,Saturday,2024-09-06 18:30:00+00:00,2024-09-06 22:30:00+00:00,2024-09-06 22:30:00+00:00,2024-09-07 02:30:00+00:00,487.76,471.0,16.75999999999999,False,BREAK_BEFORE_K1,0,0,,,False,,,BREAK_BEFORE_K1,2024-09-07 00:00:00+00:00,
90,01:30,4,2024-09-08,Sunday,2024-09-07 18:30:00+00:00,2024-09-07 22:30:00+00:00,2024-09-07 22:30:00+00:00,2024-09-08 02:30:00+00:00,496.72,491.2,5.520000000000039,False,BREAK_BEFORE_K1,0,0,,,False,,,BREAK_BEFORE_K1,2024-09-07 23:00:00+00:00,
90,01:30,4,2024-09-09,Monday,2024-09-08 18:30:00+00:00,2024-09-08 22:30:00+00:00,2024-09-08 22:30:00+00:00,2024-09-09 02:30:00+00:00,507.0,494.72,12.279999999999973,False,BREAK_BEFORE_K1,0,0,,,False,,,BREAK_BEFORE_K1,2024-09-09 00:55:00+00:00,
90,01:30,4,2024-09-10,Tuesday,2024-09-09 18:30:00+00:00,2024-09-09 22:30:00+00:00,2024-09-09 22:30:00+00:00,2024-09-10 02:30:00+00:00,527.61,516.02,11.590000000000032,False,BREAK_BEFORE_K1,0,0,,,False,,,BREAK_BEFORE_K1,2024-09-10 00:10:00+00:00,
90,01:30,4,2024-09-11,Wednesday,2024-09-10 18:30:00+00:00,2024-09-10 22:30:00+00:00,2024-09-10 22:30:00+00:00,2024-09-11 02:30:00+00:00,524.46,517.74,6.720000000000027,False,OPPOSITE_VISIT_BEFORE_K1,0,1,,,False,,,OPPOSITE_VISIT_BEFORE_K1,2024-09-10 23:35:00+00:00,
90,01:30,4,2024-09-12,Thursday,2024-09-11 18:30:00+00:00,2024-09-11 22:30:00+00:00,2024-09-11 22:30:00+00:00,2024-09-12 02:30:00+00:00,534.78,528.13,6.649999999999977,False,OPPOSITE_VISIT_BEFORE_K1,0,1,,,False,,,OPPOSITE_VISIT_BEFORE_K1,2024-09-11 22:45:00+00:00,
90,01:30,4,2024-09-13,Friday,2024-09-12 18:30:00+00:00,2024-09-12 22:30:00+00:00,2024-09-12 22:30:00+00:00,2024-09-13 02:30:00+00:00,543.72,538.55,5.170000000000073,True,,1,0,2024-09-12 23:30:00+00:00,2024-09-12 23:35:00+00:00,False,,,BREAK_DURING_K1,2024-09-12 23:35:00+00:00,
90,01:30,4,2024-09-14,Saturday,2024-09-13 18:30:00+00:00,2024-09-13 22:30:00+00:00,2024-09-13 22:30:00+00:00,2024-09-14 02:30:00+00:00,559.61,551.9,7.710000000000036,False,NO_K1,0,0,,,False,,,NO_K1,,
90,01:30,4,2024-09-15,Sunday,2024-09-14 18:30:00+00:00,2024-09-14 22:30:00+00:00,2024-09-14 22:30:00+00:00,2024-09-15 02:30:00+00:00,553.3,549.78,3.519999999999982,True,,1,0,2024-09-14 23:00:00+00:00,2024-09-14 23:05:00+00:00,False,,,BREAK_DURING_K1,2024-09-14 23:05:00+00:00,
90,01:30,4,2024-09-16,Monday,2024-09-15 18:30:00+00:00,2024-09-15 22:30:00+00:00,2024-09-15 22:30:00+00:00,2024-09-16 02:30:00+00:00,560.74,555.21,5.529999999999973,False,OPPOSITE_VISIT_BEFORE_K1,0,1,,,False,,,OPPOSITE_VISIT_BEFORE_K1,2024-09-15 23:10:00+00:00,
90,01:30,4,2024-09-17,Tuesday,2024-09-16 18:30:00+00:00,2024-09-16 22:30:00+00:00,2024-09-16 22:30:00+00:00,2024-09-17 02:30:00+00:00,534.05,526.5,7.5499999999999545,True,,1,0,2024-09-16 23:40:00+00:00,2024-09-16 23:45:00+00:00,False,,,BREAK_DURING_K1,2024-09-16 23:45:00+00:00,
90,01:30,4,2024-09-18,Wednesday,2024-09-17 18:30:00+00:00,2024-09-17 22:30:00+00:00,2024-09-17 22:30:00+00:00,2024-09-18 02:30:00+00:00,549.06,541.38,7.67999999999995,False,NO_K1,0,0,,,False,,,NO_K1,,
90,01:30,4,2024-09-19,Thursday,2024-09-18 18:30:00+00:00,2024-09-18 22:30:00+00:00,2024-09-18 22:30:00+00:00,2024-09-19 02:30:00+00:00,551.97,540.86,11.110000000000014,True,,1,0,2024-09-18 22:45:00+00:00,2024-09-18 22:50:00+00:00,False,,,BREAK_DURING_K1,2024-09-18 22:55:00+00:00,
90,01:30,4,2024-09-20,Friday,2024-09-19 18:30:00+00:00,2024-09-19 22:30:00+00:00,2024-09-19 22:30:00+00:00,2024-09-20 02:30:00+00:00,569.74,561.5,8.240000000000009,False,OPPOSITE_VISIT_BEFORE_K1,0,1,,,False,,,OPPOSITE_VISIT_BEFORE_K1,2024-09-20 00:25:00+00:00,
90,01:30,4,2024-09-21,Saturday,2024-09-20 18:30:00+00:00,2024-09-20 22:30:00+00:00,2024-09-20 22:30:00+00:00,2024-09-21 02:30:00+00:00,570.24,565.02,5.220000000000027,False,BREAK_BEFORE_K1,0,0,,,False,,,BREAK_BEFORE_K1,2024-09-21 00:20:00+00:00,
90,01:30,4,2024-09-22,Sunday,2024-09-21 18:30:00+00:00,2024-09-21 22:30:00+00:00,2024-09-21 22:30:00+00:00,2024-09-22 02:30:00+00:00,587.11,583.67,3.4400000000000546,False,BREAK_BEFORE_K1,0,0,,,False,,,BREAK_BEFORE_K1,2024-09-21 22:30:00+00:00,
90,01:30,4,2024-09-23,Monday,2024-09-22 18:30:00+00:00,2024-09-22 22:30:00+00:00,2024-09-22 22:30:00+00:00,2024-09-23 02:30:00+00:00,595.08,576.07,19.00999999999999,True,,1,0,2024-09-23 01:35:00+00:00,2024-09-23 01:40:00+00:00,False,,,BREAK_DURING_K1,2024-09-23 01:55:00+00:00,
90,01:30,4,2024-09-24,Tuesday,2024-09-23 18:30:00+00:00,2024-09-23 22:30:00+00:00,2024-09-23 22:30:00+00:00,2024-09-24 02:30:00+00:00,616.69,607.63,9.06000000000006,False,BREAK_BEFORE_K1,0,0,,,False,,,BREAK_BEFORE_K1,2024-09-23 22:40:00+00:00,
90,01:30,4,2024-09-25,Wednesday,2024-09-24 18:30:00+00:00,2024-09-24 22:30:00+00:00,2024-09-24 22:30:00+00:00,2024-09-25 02:30:00+00:00,613.9,606.51,7.389999999999986,False,BREAK_BEFORE_K1,0,0,,,False,,,BREAK_BEFORE_K1,2024-09-24 22:45:00+00:00,
90,01:30,4,2024-09-26,Thursday,2024-09-25 18:30:00+00:00,2024-09-25 22:30:00+00:00,2024-09-25 22:30:00+00:00,2024-09-26 02:30:00+00:00,591.71,585.28,6.430000000000064,False,OPPOSITE_VISIT_BEFORE_K1,0,1,,,False,,,OPPOSITE_VISIT_BEFORE_K1,2024-09-25 22:45:00+00:00,
90,01:30,4,2024-09-27,Friday,2024-09-26 18:30:00+00:00,2024-09-26 22:30:00+00:00,2024-09-26 22:30:00+00:00,2024-09-27 02:30:00+00:00,598.72,591.33,7.389999999999986,False,BREAK_BEFORE_K1,0,0,,,False,,,BREAK_BEFORE_K1,2024-09-27 00:30:00+00:00,
90,01:30,4,2024-09-28,Saturday,2024-09-27 18:30:00+00:00,2024-09-27 22:30:00+00:00,2024-09-27 22:30:00+00:00,2024-09-28 02:30:00+00:00,611.9,604.31,7.590000000000032,False,NO_K1,0,0,,,False,,,NO_K1,,
90,01:30,4,2024-09-29,Sunday,2024-09-28 18:30:00+00:00,2024-09-28 22:30:00+00:00,2024-09-28 22:30:00+00:00,2024-09-29 02:30:00+00:00,602.04,595.76,6.279999999999973,True,,1,0,2024-09-28 23:50:00+00:00,2024-09-28 23:55:00+00:00,True,2024-09-28 23:55:00+00:00,2024-09-29 00:00:00+00:00,H2_ARRIVAL,2024-09-29 00:15:00+00:00,20.0
90,01:30,4,2024-09-30,Monday,2024-09-29 18:30:00+00:00,2024-09-29 22:30:00+00:00,2024-09-29 22:30:00+00:00,2024-09-30 02:30:00+00:00,601.67,597.19,4.4799999999999045,False,OPPOSITE_VISIT_BEFORE_K1,0,1,,,False,,,OPPOSITE_VISIT_BEFORE_K1,2024-09-29 22:55:00+00:00,
90,01:30,4,2024-10-01,Tuesday,2024-09-30 18:30:00+00:00,2024-09-30 22:30:00+00:00,2024-09-30 22:30:00+00:00,2024-10-01 02:30:00+00:00,575.82,568.62,7.2000000000000455,False,OPPOSITE_VISIT_BEFORE_K1,0,1,,,False,,,OPPOSITE_VISIT_BEFORE_K1,2024-09-30 23:00:00+00:00,
90,01:30,4,2024-10-02,Wednesday,2024-10-01 18:30:00+00:00,2024-10-01 22:30:00+00:00,2024-10-01 22:30:00+00:00,2024-10-02 02:30:00+00:00,556.61,536.11,20.5,False,NO_K1,0,0,,,False,,,NO_K1,,
90,01:30,4,2024-10-03,Thursday,2024-10-02 18:30:00+00:00,2024-10-02 22:30:00+00:00,2024-10-02 22:30:00+00:00,2024-10-03 02:30:00+00:00,545.9,534.4,11.5,False,BREAK_BEFORE_K1,0,0,,,False,,,BREAK_BEFORE_K1,2024-10-03 01:00:00+00:00,
90,01:30,4,2024-10-04,Friday,2024-10-03 18:30:00+00:00,2024-10-03 22:30:00+00:00,2024-10-03 22:30:00+00:00,2024-10-04 02:30:00+00:00,546.45,540.99,5.460000000000036,False,BREAK_BEFORE_K1,0,0,,,False,,,BREAK_BEFORE_K1,2024-10-04 01:20:00+00:00,
90,01:30,4,2024-10-05,Saturday,2024-10-04 18:30:00+00:00,2024-10-04 22:30:00+00:00,2024-10-04 22:30:00+00:00,2024-10-05 02:30:00+00:00,557.97,554.37,3.6000000000000227,False,NO_K1,0,0,,,False,,,NO_K1,,
90,01:30,4,2024-10-06,Sunday,2024-10-05 18:30:00+00:00,2024-10-05 22:30:00+00:00,2024-10-05 22:30:00+00:00,2024-10-06 02:30:00+00:00,563.33,558.0,5.330000000000041,False,BREAK_BEFORE_K1,0,0,,,False,,,BREAK_BEFORE_K1,2024-10-05 22:35:00+00:00,
90,01:30,4,2024-10-07,Monday,2024-10-06 18:30:00+00:00,2024-10-06 22:30:00+00:00,2024-10-06 22:30:00+00:00,2024-10-07 02:30:00+00:00,567.95,563.25,4.7000000000000455,False,BREAK_BEFORE_K1,0,0,,,False,,,BREAK_BEFORE_K1,2024-10-06 23:00:00+00:00,
90,01:30,4,2024-10-08,Tuesday,2024-10-07 18:30:00+00:00,2024-10-07 22:30:00+00:00,2024-10-07 22:30:00+00:00,2024-10-08 02:30:00+00:00,574.36,566.5,7.860000000000014,False,BREAK_BEFORE_K1,0,0,,,False,,,BREAK_BEFORE_K1,2024-10-07 23:00:00+00:00,
90,01:30,4,2024-10-09,Wednesday,2024-10-08 18:30:00+00:00,2024-10-08 22:30:00+00:00,2024-10-08 22:30:00+00:00,2024-10-09 02:30:00+00:00,586.8,577.55,9.25,False,BREAK_BEFORE_K1,0,0,,,False,,,BREAK_BEFORE_K1,2024-10-09 00:35:00+00:00,
90,01:30,4,2024-10-10,Thursday,2024-10-09 18:30:00+00:00,2024-10-09 22:30:00+00:00,2024-10-09 22:30:00+00:00,2024-10-10 02:30:00+00:00,575.82,565.85,9.970000000000027,False,NO_K1,0,0,,,False,,,NO_K1,,
90,01:30,4,2024-10-11,Friday,2024-10-10 18:30:00+00:00,2024-10-10 22:30:00+00:00,2024-10-10 22:30:00+00:00,2024-10-11 02:30:00+00:00,561.73,551.89,9.840000000000032,True,,1,0,2024-10-10 22:45:00+00:00,2024-10-10 22:50:00+00:00,True,2024-10-10 22:50:00+00:00,2024-10-10 22:55:00+00:00,H2_ARRIVAL,2024-10-10 23:20:00+00:00,30.0
90,01:30,4,2024-10-12,Saturday,2024-10-11 18:30:00+00:00,2024-10-11 22:30:00+00:00,2024-10-11 22:30:00+00:00,2024-10-12 02:30:00+00:00,577.48,572.23,5.25,False,NO_K1,0,0,,,False,,,NO_K1,,
90,01:30,4,2024-10-13,Sunday,2024-10-12 18:30:00+00:00,2024-10-12 22:30:00+00:00,2024-10-12 22:30:00+00:00,2024-10-13 02:30:00+00:00,578.16,575.84,2.3199999999999363,True,,1,0,2024-10-12 23:05:00+00:00,2024-10-12 23:10:00+00:00,True,2024-10-12 23:15:00+00:00,2024-10-12 23:20:00+00:00,H2_ARRIVAL,2024-10-13 00:30:00+00:00,75.0
90,01:30,4,2024-10-14,Monday,2024-10-13 18:30:00+00:00,2024-10-13 22:30:00+00:00,2024-10-13 22:30:00+00:00,2024-10-14 02:30:00+00:00,573.13,567.59,5.539999999999964,False,NO_K1,0,0,,,False,,,NO_K1,,
90,01:30,4,2024-10-15,Tuesday,2024-10-14 18:30:00+00:00,2024-10-14 22:30:00+00:00,2024-10-14 22:30:00+00:00,2024-10-15 02:30:00+00:00,591.32,587.44,3.8799999999999955,False,BREAK_BEFORE_K1,0,0,,,False,,,BREAK_BEFORE_K1,2024-10-14 22:55:00+00:00,
90,01:30,4,2024-10-16,Wednesday,2024-10-15 18:30:00+00:00,2024-10-15 22:30:00+00:00,2024-10-15 22:30:00+00:00,2024-10-16 02:30:00+00:00,595.85,587.32,8.529999999999973,False,BREAK_BEFORE_K1,0,0,,,False,,,BREAK_BEFORE_K1,2024-10-16 01:20:00+00:00,
90,01:30,4,2024-10-17,Thursday,2024-10-16 18:30:00+00:00,2024-10-16 22:30:00+00:00,2024-10-16 22:30:00+00:00,2024-10-17 02:30:00+00:00,605.84,596.09,9.75,False,BREAK_BEFORE_K1,0,0,,,False,,,BREAK_BEFORE_K1,2024-10-17 01:15:00+00:00,
90,01:30,4,2024-10-18,Friday,2024-10-17 18:30:00+00:00,2024-10-17 22:30:00+00:00,2024-10-17 22:30:00+00:00,2024-10-18 02:30:00+00:00,591.74,586.23,5.509999999999991,False,BREAK_BEFORE_K1,0,0,,,False,,,BREAK_BEFORE_K1,2024-10-17 22:40:00+00:00,
90,01:30,4,2024-10-19,Saturday,2024-10-18 18:30:00+00:00,2024-10-18 22:30:00+00:00,2024-10-18 22:30:00+00:00,2024-10-19 02:30:00+00:00,602.54,597.75,4.789999999999964,False,NO_K1,0,0,,,False,,,NO_K1,,
90,01:30,4,2024-10-20,Sunday,2024-10-19 18:30:00+00:00,2024-10-19 22:30:00+00:00,2024-10-19 22:30:00+00:00,2024-10-20 02:30:00+00:00,597.75,595.95,1.7999999999999545,True,,1,0,2024-10-19 22:45:00+00:00,2024-10-19 22:50:00+00:00,True,2024-10-19 22:50:00+00:00,2024-10-19 22:55:00+00:00,H2_ARRIVAL,2024-10-19 23:05:00+00:00,15.0
90,01:30,4,2024-10-21,Monday,2024-10-20 18:30:00+00:00,2024-10-20 22:30:00+00:00,2024-10-20 22:30:00+00:00,2024-10-21 02:30:00+00:00,605.46,597.9,7.560000000000059,True,,1,0,2024-10-20 22:45:00+00:00,2024-10-20 22:50:00+00:00,False,,,BREAK_DURING_K1,2024-10-20 22:50:00+00:00,
90,01:30,4,2024-10-22,Tuesday,2024-10-21 18:30:00+00:00,2024-10-21 22:30:00+00:00,2024-10-21 22:30:00+00:00,2024-10-22 02:30:00+00:00,601.54,596.69,4.849999999999909,False,BREAK_BEFORE_K1,0,0,,,False,,,BREAK_BEFORE_K1,2024-10-22 00:30:00+00:00,
90,01:30,4,2024-10-23,Wednesday,2024-10-22 18:30:00+00:00,2024-10-22 22:30:00+00:00,2024-10-22 22:30:00+00:00,2024-10-23 02:30:00+00:00,596.64,593.05,3.590000000000032,False,BREAK_BEFORE_K1,0,0,,,False,,,BREAK_BEFORE_K1,2024-10-23 00:10:00+00:00,
90,01:30,4,2024-10-24,Thursday,2024-10-23 18:30:00+00:00,2024-10-23 22:30:00+00:00,2024-10-23 22:30:00+00:00,2024-10-24 02:30:00+00:00,584.53,574.96,9.569999999999936,True,,1,0,2024-10-23 23:05:00+00:00,2024-10-23 23:10:00+00:00,False,,,BREAK_DURING_K1,2024-10-23 23:10:00+00:00,
90,01:30,4,2024-10-25,Friday,2024-10-24 18:30:00+00:00,2024-10-24 22:30:00+00:00,2024-10-24 22:30:00+00:00,2024-10-25 02:30:00+00:00,598.23,591.96,6.269999999999982,False,NO_K1,0,0,,,False,,,NO_K1,,
90,01:30,4,2024-10-26,Saturday,2024-10-25 18:30:00+00:00,2024-10-25 22:30:00+00:00,2024-10-25 22:30:00+00:00,2024-10-26 02:30:00+00:00,589.16,582.48,6.67999999999995,False,BREAK_BEFORE_K1,0,0,,,False,,,BREAK_BEFORE_K1,2024-10-25 22:55:00+00:00,
90,01:30,4,2024-10-27,Sunday,2024-10-26 18:30:00+00:00,2024-10-26 22:30:00+00:00,2024-10-26 22:30:00+00:00,2024-10-27 02:30:00+00:00,587.1,583.32,3.7799999999999727,False,BREAK_BEFORE_K1,0,0,,,False,,,BREAK_BEFORE_K1,2024-10-26 23:10:00+00:00,
90,01:30,4,2024-10-28,Monday,2024-10-27 18:30:00+00:00,2024-10-27 22:30:00+00:00,2024-10-27 22:30:00+00:00,2024-10-28 02:30:00+00:00,590.82,585.5,5.32000000000005,False,BREAK_BEFORE_K1,0,0,,,False,,,BREAK_BEFORE_K1,2024-10-27 23:05:00+00:00,
90,01:30,4,2024-10-29,Tuesday,2024-10-28 18:30:00+00:00,2024-10-28 22:30:00+00:00,2024-10-28 22:30:00+00:00,2024-10-29 02:30:00+00:00,605.0,590.41,14.590000000000032,False,BREAK_BEFORE_K1,0,0,,,False,,,BREAK_BEFORE_K1,2024-10-29 02:05:00+00:00,
90,01:30,4,2024-10-30,Wednesday,2024-10-29 18:30:00+00:00,2024-10-29 22:30:00+00:00,2024-10-29 22:30:00+00:00,2024-10-30 02:30:00+00:00,612.0,600.69,11.309999999999945,False,OPPOSITE_VISIT_BEFORE_K1,0,1,,,False,,,OPPOSITE_VISIT_BEFORE_K1,2024-10-30 01:00:00+00:00,
90,01:30,4,2024-10-31,Thursday,2024-10-30 18:30:00+00:00,2024-10-30 22:30:00+00:00,2024-10-30 22:30:00+00:00,2024-10-31 02:30:00+00:00,600.84,595.02,5.82000000000005,False,BREAK_BEFORE_K1,0,0,,,False,,,BREAK_BEFORE_K1,2024-10-31 00:50:00+00:00,
90,01:30,4,2024-11-01,Friday,2024-10-31 18:30:00+00:00,2024-10-31 22:30:00+00:00,2024-10-31 22:30:00+00:00,2024-11-01 02:30:00+00:00,576.96,571.14,5.82000000000005,True,,1,0,2024-10-31 22:55:00+00:00,2024-10-31 23:00:00+00:00,True,2024-10-31 23:05:00+00:00,2024-10-31 23:10:00+00:00,H2_ARRIVAL,2024-10-31 23:10:00+00:00,5.0
90,01:30,4,2024-11-02,Saturday,2024-11-01 18:30:00+00:00,2024-11-01 22:30:00+00:00,2024-11-01 22:30:00+00:00,2024-11-02 02:30:00+00:00,573.59,567.52,6.07000000000005,False,BREAK_BEFORE_K1,0,0,,,False,,,BREAK_BEFORE_K1,2024-11-02 00:20:00+00:00,
90,01:30,4,2024-11-03,Sunday,2024-11-02 18:30:00+00:00,2024-11-02 22:30:00+00:00,2024-11-02 22:30:00+00:00,2024-11-03 02:30:00+00:00,570.64,567.41,3.230000000000018,False,OPPOSITE_VISIT_BEFORE_K1,0,1,,,False,,,OPPOSITE_VISIT_BEFORE_K1,2024-11-02 23:10:00+00:00,
90,01:30,4,2024-11-04,Monday,2024-11-03 18:30:00+00:00,2024-11-03 22:30:00+00:00,2024-11-03 22:30:00+00:00,2024-11-04 02:30:00+00:00,560.22,548.43,11.790000000000077,True,,1,0,2024-11-04 01:20:00+00:00,2024-11-04 01:25:00+00:00,True,2024-11-04 01:25:00+00:00,2024-11-04 01:30:00+00:00,H2_ARRIVAL,2024-11-04 01:30:00+00:00,5.0
90,01:30,4,2024-11-05,Tuesday,2024-11-04 18:30:00+00:00,2024-11-04 22:30:00+00:00,2024-11-04 22:30:00+00:00,2024-11-05 02:30:00+00:00,554.83,543.22,11.610000000000014,False,BREAK_BEFORE_K1,0,0,,,False,,,BREAK_BEFORE_K1,2024-11-05 00:45:00+00:00,
90,01:30,4,2024-11-06,Wednesday,2024-11-05 18:30:00+00:00,2024-11-05 22:30:00+00:00,2024-11-05 22:30:00+00:00,2024-11-06 02:30:00+00:00,570.52,559.03,11.490000000000009,True,,1,0,2024-11-06 00:35:00+00:00,2024-11-06 00:40:00+00:00,False,,,BREAK_DURING_K1,2024-11-06 00:40:00+00:00,
90,01:30,4,2024-11-07,Thursday,2024-11-06 18:30:00+00:00,2024-11-06 22:30:00+00:00,2024-11-06 22:30:00+00:00,2024-11-07 02:30:00+00:00,592.34,585.27,7.07000000000005,False,BREAK_BEFORE_K1,0,0,,,False,,,BREAK_BEFORE_K1,2024-11-06 22:45:00+00:00,
90,01:30,4,2024-11-08,Friday,2024-11-07 18:30:00+00:00,2024-11-07 22:30:00+00:00,2024-11-07 22:30:00+00:00,2024-11-08 02:30:00+00:00,603.17,596.03,7.139999999999986,True,,1,0,2024-11-08 00:10:00+00:00,2024-11-08 00:15:00+00:00,False,,,BREAK_DURING_K1,2024-11-08 00:15:00+00:00,
90,01:30,4,2024-11-09,Saturday,2024-11-08 18:30:00+00:00,2024-11-08 22:30:00+00:00,2024-11-08 22:30:00+00:00,2024-11-09 02:30:00+00:00,599.29,593.13,6.159999999999968,False,BREAK_BEFORE_K1,0,0,,,False,,,BREAK_BEFORE_K1,2024-11-09 00:10:00+00:00,
90,01:30,4,2024-11-10,Sunday,2024-11-09 18:30:00+00:00,2024-11-09 22:30:00+00:00,2024-11-09 22:30:00+00:00,2024-11-10 02:30:00+00:00,622.35,614.19,8.159999999999968,False,BREAK_BEFORE_K1,0,0,,,False,,,BREAK_BEFORE_K1,2024-11-09 22:40:00+00:00,
90,01:30,4,2024-11-11,Monday,2024-11-10 18:30:00+00:00,2024-11-10 22:30:00+00:00,2024-11-10 22:30:00+00:00,2024-11-11 02:30:00+00:00,641.19,612.02,29.170000000000073,True,,1,0,2024-11-11 02:10:00+00:00,2024-11-11 02:15:00+00:00,True,2024-11-11 02:15:00+00:00,2024-11-11 02:20:00+00:00,NO_H2_BY_END,,
90,01:30,4,2024-11-12,Tuesday,2024-11-11 18:30:00+00:00,2024-11-11 22:30:00+00:00,2024-11-11 22:30:00+00:00,2024-11-12 02:30:00+00:00,643.4,628.51,14.889999999999986,True,,1,0,2024-11-11 23:05:00+00:00,2024-11-11 23:10:00+00:00,False,,,BREAK_DURING_K1,2024-11-11 23:10:00+00:00,
90,01:30,4,2024-11-13,Wednesday,2024-11-12 18:30:00+00:00,2024-11-12 22:30:00+00:00,2024-11-12 22:30:00+00:00,2024-11-13 02:30:00+00:00,633.09,622.83,10.259999999999991,False,BREAK_BEFORE_K1,0,0,,,False,,,BREAK_BEFORE_K1,2024-11-12 22:35:00+00:00,
90,01:30,4,2024-11-14,Thursday,2024-11-13 18:30:00+00:00,2024-11-13 22:30:00+00:00,2024-11-13 22:30:00+00:00,2024-11-14 02:30:00+00:00,633.48,605.0,28.480000000000018,False,NO_K1,0,0,,,False,,,NO_K1,,
90,01:30,4,2024-11-15,Friday,2024-11-14 18:30:00+00:00,2024-11-14 22:30:00+00:00,2024-11-14 22:30:00+00:00,2024-11-15 02:30:00+00:00,639.26,632.68,6.580000000000041,False,BREAK_BEFORE_K1,0,0,,,False,,,BREAK_BEFORE_K1,2024-11-14 22:30:00+00:00,
90,01:30,4,2024-11-16,Saturday,2024-11-15 18:30:00+00:00,2024-11-15 22:30:00+00:00,2024-11-15 22:30:00+00:00,2024-11-16 02:30:00+00:00,619.63,610.24,9.389999999999986,True,,1,0,2024-11-15 22:30:00+00:00,2024-11-15 22:35:00+00:00,False,,,BREAK_DURING_K1,2024-11-15 22:35:00+00:00,
90,01:30,4,2024-11-17,Sunday,2024-11-16 18:30:00+00:00,2024-11-16 22:30:00+00:00,2024-11-16 22:30:00+00:00,2024-11-17 02:30:00+00:00,630.99,624.55,6.440000000000055,False,OPPOSITE_VISIT_BEFORE_K1,0,1,,,False,,,OPPOSITE_VISIT_BEFORE_K1,2024-11-16 22:50:00+00:00,
90,01:30,4,2024-11-18,Monday,2024-11-17 18:30:00+00:00,2024-11-17 22:30:00+00:00,2024-11-17 22:30:00+00:00,2024-11-18 02:30:00+00:00,622.05,611.33,10.719999999999914,True,,1,0,2024-11-18 00:30:00+00:00,2024-11-18 00:35:00+00:00,False,,,BREAK_DURING_K1,2024-11-18 00:35:00+00:00,
90,01:30,4,2024-11-19,Tuesday,2024-11-18 18:30:00+00:00,2024-11-18 22:30:00+00:00,2024-11-18 22:30:00+00:00,2024-11-19 02:30:00+00:00,635.0,612.83,22.16999999999996,False,NO_K1,0,0,,,False,,,NO_K1,,
90,01:30,4,2024-11-20,Wednesday,2024-11-19 18:30:00+00:00,2024-11-19 22:30:00+00:00,2024-11-19 22:30:00+00:00,2024-11-20 02:30:00+00:00,619.81,606.52,13.289999999999964,False,OPPOSITE_VISIT_BEFORE_K1,0,1,,,False,,,OPPOSITE_VISIT_BEFORE_K1,2024-11-19 22:30:00+00:00,
90,01:30,4,2024-11-21,Thursday,2024-11-20 18:30:00+00:00,2024-11-20 22:30:00+00:00,2024-11-20 22:30:00+00:00,2024-11-21 02:30:00+00:00,613.17,600.25,12.919999999999959,False,BREAK_BEFORE_K1,0,0,,,False,,,BREAK_BEFORE_K1,2024-11-21 02:25:00+00:00,
90,01:30,4,2024-11-22,Friday,2024-11-21 18:30:00+00:00,2024-11-21 22:30:00+00:00,2024-11-21 22:30:00+00:00,2024-11-22 02:30:00+00:00,626.08,619.73,6.350000000000023,False,BREAK_BEFORE_K1,0,0,,,False,,,BREAK_BEFORE_K1,2024-11-22 00:20:00+00:00,
90,01:30,4,2024-11-23,Saturday,2024-11-22 18:30:00+00:00,2024-11-22 22:30:00+00:00,2024-11-22 22:30:00+00:00,2024-11-23 02:30:00+00:00,629.93,618.76,11.169999999999959,True,,1,0,2024-11-22 22:50:00+00:00,2024-11-22 22:55:00+00:00,True,2024-11-22 22:55:00+00:00,2024-11-22 23:00:00+00:00,H2_ARRIVAL,2024-11-22 23:05:00+00:00,10.0
90,01:30,4,2024-11-24,Sunday,2024-11-23 18:30:00+00:00,2024-11-23 22:30:00+00:00,2024-11-23 22:30:00+00:00,2024-11-24 02:30:00+00:00,659.25,642.65,16.600000000000023,False,BREAK_BEFORE_K1,0,0,,,False,,,BREAK_BEFORE_K1,2024-11-24 00:45:00+00:00,
90,01:30,4,2024-11-25,Monday,2024-11-24 18:30:00+00:00,2024-11-24 22:30:00+00:00,2024-11-24 22:30:00+00:00,2024-11-25 02:30:00+00:00,661.51,648.5,13.009999999999991,True,,1,0,2024-11-24 22:50:00+00:00,2024-11-24 22:55:00+00:00,False,,,BREAK_DURING_K1,2024-11-24 22:55:00+00:00,
90,01:30,4,2024-11-26,Tuesday,2024-11-25 18:30:00+00:00,2024-11-25 22:30:00+00:00,2024-11-25 22:30:00+00:00,2024-11-26 02:30:00+00:00,647.57,632.69,14.879999999999995,False,BREAK_BEFORE_K1,0,0,,,False,,,BREAK_BEFORE_K1,2024-11-25 22:30:00+00:00,
90,01:30,4,2024-11-27,Wednesday,2024-11-26 18:30:00+00:00,2024-11-26 22:30:00+00:00,2024-11-26 22:30:00+00:00,2024-11-27 02:30:00+00:00,617.15,599.92,17.230000000000018,True,,1,0,2024-11-27 00:20:00+00:00,2024-11-27 00:25:00+00:00,True,2024-11-27 00:25:00+00:00,2024-11-27 00:30:00+00:00,NO_H2_BY_END,,
90,01:30,4,2024-11-28,Thursday,2024-11-27 18:30:00+00:00,2024-11-27 22:30:00+00:00,2024-11-27 22:30:00+00:00,2024-11-28 02:30:00+00:00,646.87,636.0,10.870000000000005,True,,1,0,2024-11-27 22:35:00+00:00,2024-11-27 22:40:00+00:00,True,2024-11-27 22:40:00+00:00,2024-11-27 22:45:00+00:00,H2_ARRIVAL,2024-11-27 23:40:00+00:00,60.0
90,01:30,4,2024-11-29,Friday,2024-11-28 18:30:00+00:00,2024-11-28 22:30:00+00:00,2024-11-28 22:30:00+00:00,2024-11-29 02:30:00+00:00,660.0,649.81,10.190000000000055,True,,1,0,2024-11-28 23:00:00+00:00,2024-11-28 23:05:00+00:00,True,2024-11-28 23:05:00+00:00,2024-11-28 23:10:00+00:00,NO_H2_BY_END,,
90,01:30,4,2024-11-30,Saturday,2024-11-29 18:30:00+00:00,2024-11-29 22:30:00+00:00,2024-11-29 22:30:00+00:00,2024-11-30 02:30:00+00:00,660.14,650.39,9.75,False,OPPOSITE_VISIT_BEFORE_K1,0,1,,,False,,,OPPOSITE_VISIT_BEFORE_K1,2024-11-30 00:40:00+00:00,
90,01:30,4,2024-12-01,Sunday,2024-11-30 18:30:00+00:00,2024-11-30 22:30:00+00:00,2024-11-30 22:30:00+00:00,2024-12-01 02:30:00+00:00,658.76,653.03,5.730000000000018,False,BREAK_BEFORE_K1,0,0,,,False,,,BREAK_BEFORE_K1,2024-12-01 00:40:00+00:00,
90,01:30,4,2024-12-02,Monday,2024-12-01 18:30:00+00:00,2024-12-01 22:30:00+00:00,2024-12-01 22:30:00+00:00,2024-12-02 02:30:00+00:00,659.22,651.91,7.310000000000059,True,,1,0,2024-12-01 23:10:00+00:00,2024-12-01 23:15:00+00:00,True,2024-12-01 23:15:00+00:00,2024-12-01 23:20:00+00:00,H2_ARRIVAL,2024-12-02 00:35:00+00:00,80.0
90,01:30,4,2024-12-03,Tuesday,2024-12-02 18:30:00+00:00,2024-12-02 22:30:00+00:00,2024-12-02 22:30:00+00:00,2024-12-03 02:30:00+00:00,643.94,634.32,9.620000000000005,False,BREAK_BEFORE_K1,0,0,,,False,,,BREAK_BEFORE_K1,2024-12-02 23:00:00+00:00,
90,01:30,4,2024-12-04,Wednesday,2024-12-03 18:30:00+00:00,2024-12-03 22:30:00+00:00,2024-12-03 22:30:00+00:00,2024-12-04 02:30:00+00:00,717.64,670.34,47.299999999999955,False,BREAK_BEFORE_K1,0,0,,,False,,,BREAK_BEFORE_K1,2024-12-03 22:50:00+00:00,
90,01:30,4,2024-12-05,Thursday,2024-12-04 18:30:00+00:00,2024-12-04 22:30:00+00:00,2024-12-04 22:30:00+00:00,2024-12-05 02:30:00+00:00,747.46,726.82,20.639999999999986,False,OPPOSITE_VISIT_BEFORE_K1,0,1,,,False,,,OPPOSITE_VISIT_BEFORE_K1,2024-12-05 00:45:00+00:00,
90,01:30,4,2024-12-06,Friday,2024-12-05 18:30:00+00:00,2024-12-05 22:30:00+00:00,2024-12-05 22:30:00+00:00,2024-12-06 02:30:00+00:00,732.37,694.48,37.889999999999986,True,,1,0,2024-12-06 00:50:00+00:00,2024-12-06 00:55:00+00:00,True,2024-12-06 01:00:00+00:00,2024-12-06 01:05:00+00:00,H2_ARRIVAL,2024-12-06 01:35:00+00:00,35.0
90,01:30,4,2024-12-07,Saturday,2024-12-06 18:30:00+00:00,2024-12-06 22:30:00+00:00,2024-12-06 22:30:00+00:00,2024-12-07 02:30:00+00:00,744.66,731.96,12.699999999999932,False,OPPOSITE_VISIT_BEFORE_K1,0,1,,,False,,,OPPOSITE_VISIT_BEFORE_K1,2024-12-06 23:15:00+00:00,
90,01:30,4,2024-12-08,Sunday,2024-12-07 18:30:00+00:00,2024-12-07 22:30:00+00:00,2024-12-07 22:30:00+00:00,2024-12-08 02:30:00+00:00,761.69,752.36,9.330000000000041,False,OPPOSITE_VISIT_BEFORE_K1,0,1,,,False,,,OPPOSITE_VISIT_BEFORE_K1,2024-12-07 22:30:00+00:00,
90,01:30,4,2024-12-09,Monday,2024-12-08 18:30:00+00:00,2024-12-08 22:30:00+00:00,2024-12-08 22:30:00+00:00,2024-12-09 02:30:00+00:00,742.76,735.23,7.529999999999973,False,BREAK_BEFORE_K1,0,0,,,False,,,BREAK_BEFORE_K1,2024-12-08 22:35:00+00:00,
90,01:30,4,2024-12-10,Tuesday,2024-12-09 18:30:00+00:00,2024-12-09 22:30:00+00:00,2024-12-09 22:30:00+00:00,2024-12-10 02:30:00+00:00,721.95,633.0,88.95000000000005,False,NO_K1,0,0,,,False,,,NO_K1,,
90,01:30,4,2024-12-11,Wednesday,2024-12-10 18:30:00+00:00,2024-12-10 22:30:00+00:00,2024-12-10 22:30:00+00:00,2024-12-11 02:30:00+00:00,680.68,660.16,20.519999999999982,False,OPPOSITE_VISIT_BEFORE_K1,0,1,,,False,,,OPPOSITE_VISIT_BEFORE_K1,2024-12-11 01:25:00+00:00,
90,01:30,4,2024-12-12,Thursday,2024-12-11 18:30:00+00:00,2024-12-11 22:30:00+00:00,2024-12-11 22:30:00+00:00,2024-12-12 02:30:00+00:00,712.22,703.61,8.610000000000014,True,,1,0,2024-12-11 23:15:00+00:00,2024-12-11 23:20:00+00:00,True,2024-12-11 23:25:00+00:00,2024-12-11 23:30:00+00:00,H2_ARRIVAL,2024-12-11 23:55:00+00:00,30.0
90,01:30,4,2024-12-13,Friday,2024-12-12 18:30:00+00:00,2024-12-12 22:30:00+00:00,2024-12-12 22:30:00+00:00,2024-12-13 02:30:00+00:00,722.9,699.68,23.220000000000027,False,OPPOSITE_VISIT_BEFORE_K1,0,1,,,False,,,OPPOSITE_VISIT_BEFORE_K1,2024-12-13 01:15:00+00:00,
90,01:30,4,2024-12-14,Saturday,2024-12-13 18:30:00+00:00,2024-12-13 22:30:00+00:00,2024-12-13 22:30:00+00:00,2024-12-14 02:30:00+00:00,730.24,717.37,12.870000000000005,False,BREAK_BEFORE_K1,0,0,,,False,,,BREAK_BEFORE_K1,2024-12-14 01:20:00+00:00,
90,01:30,4,2024-12-15,Sunday,2024-12-14 18:30:00+00:00,2024-12-14 22:30:00+00:00,2024-12-14 22:30:00+00:00,2024-12-15 02:30:00+00:00,714.05,704.65,9.399999999999977,True,,1,0,2024-12-14 22:30:00+00:00,2024-12-14 22:35:00+00:00,True,2024-12-14 22:35:00+00:00,2024-12-14 22:40:00+00:00,H2_ARRIVAL,2024-12-14 22:40:00+00:00,5.0
90,01:30,4,2024-12-16,Monday,2024-12-15 18:30:00+00:00,2024-12-15 22:30:00+00:00,2024-12-15 22:30:00+00:00,2024-12-16 02:30:00+00:00,720.5,706.15,14.350000000000023,False,BREAK_BEFORE_K1,0,0,,,False,,,BREAK_BEFORE_K1,2024-12-15 23:20:00+00:00,
90,01:30,4,2024-12-17,Tuesday,2024-12-16 18:30:00+00:00,2024-12-16 22:30:00+00:00,2024-12-16 22:30:00+00:00,2024-12-17 02:30:00+00:00,731.0,723.24,7.759999999999991,False,BREAK_BEFORE_K1,0,0,,,False,,,BREAK_BEFORE_K1,2024-12-16 23:05:00+00:00,
90,01:30,4,2024-12-18,Wednesday,2024-12-17 18:30:00+00:00,2024-12-17 22:30:00+00:00,2024-12-17 22:30:00+00:00,2024-12-18 02:30:00+00:00,737.22,720.75,16.470000000000027,False,BREAK_BEFORE_K1,0,0,,,False,,,BREAK_BEFORE_K1,2024-12-17 22:50:00+00:00,
90,01:30,4,2024-12-19,Thursday,2024-12-18 18:30:00+00:00,2024-12-18 22:30:00+00:00,2024-12-18 22:30:00+00:00,2024-12-19 02:30:00+00:00,721.1,680.0,41.10000000000002,False,BREAK_BEFORE_K1,0,0,,,False,,,BREAK_BEFORE_K1,2024-12-19 02:05:00+00:00,
90,01:30,4,2024-12-20,Friday,2024-12-19 18:30:00+00:00,2024-12-19 22:30:00+00:00,2024-12-19 22:30:00+00:00,2024-12-20 02:30:00+00:00,675.0,647.59,27.409999999999968,False,BREAK_BEFORE_K1,0,0,,,False,,,BREAK_BEFORE_K1,2024-12-19 22:50:00+00:00,
90,01:30,4,2024-12-21,Saturday,2024-12-20 18:30:00+00:00,2024-12-20 22:30:00+00:00,2024-12-20 22:30:00+00:00,2024-12-21 02:30:00+00:00,676.4,664.48,11.919999999999959,True,,1,0,2024-12-20 22:30:00+00:00,2024-12-20 22:35:00+00:00,True,2024-12-20 22:35:00+00:00,2024-12-20 22:40:00+00:00,H2_ARRIVAL,2024-12-20 22:40:00+00:00,5.0
90,01:30,4,2024-12-22,Sunday,2024-12-21 18:30:00+00:00,2024-12-21 22:30:00+00:00,2024-12-21 22:30:00+00:00,2024-12-22 02:30:00+00:00,670.45,649.64,20.81000000000006,False,NO_K1,0,0,,,False,,,NO_K1,,
90,01:30,4,2024-12-23,Monday,2024-12-22 18:30:00+00:00,2024-12-22 22:30:00+00:00,2024-12-22 22:30:00+00:00,2024-12-23 02:30:00+00:00,660.6,639.2,21.399999999999977,False,BREAK_BEFORE_K1,0,0,,,False,,,BREAK_BEFORE_K1,2024-12-23 01:15:00+00:00,
90,01:30,4,2024-12-24,Tuesday,2024-12-23 18:30:00+00:00,2024-12-23 22:30:00+00:00,2024-12-23 22:30:00+00:00,2024-12-24 02:30:00+00:00,696.96,679.02,17.940000000000055,True,,1,0,2024-12-23 22:50:00+00:00,2024-12-23 22:55:00+00:00,False,,,BREAK_DURING_K1,2024-12-23 22:55:00+00:00,
90,01:30,4,2024-12-25,Wednesday,2024-12-24 18:30:00+00:00,2024-12-24 22:30:00+00:00,2024-12-24 22:30:00+00:00,2024-12-25 02:30:00+00:00,699.27,686.09,13.17999999999995,True,,1,0,2024-12-25 00:45:00+00:00,2024-12-25 00:50:00+00:00,True,2024-12-25 00:50:00+00:00,2024-12-25 00:55:00+00:00,H2_ARRIVAL,2024-12-25 01:00:00+00:00,10.0
90,01:30,4,2024-12-26,Thursday,2024-12-25 18:30:00+00:00,2024-12-25 22:30:00+00:00,2024-12-25 22:30:00+00:00,2024-12-26 02:30:00+00:00,704.85,695.51,9.340000000000032,True,,1,0,2024-12-26 01:35:00+00:00,2024-12-26 01:40:00+00:00,True,2024-12-26 01:40:00+00:00,2024-12-26 01:45:00+00:00,H2_ARRIVAL,2024-12-26 01:55:00+00:00,15.0
90,01:30,4,2024-12-27,Friday,2024-12-26 18:30:00+00:00,2024-12-26 22:30:00+00:00,2024-12-26 22:30:00+00:00,2024-12-27 02:30:00+00:00,694.45,685.04,9.410000000000082,False,NO_K1,0,0,,,False,,,NO_K1,,
90,01:30,4,2024-12-28,Saturday,2024-12-27 18:30:00+00:00,2024-12-27 22:30:00+00:00,2024-12-27 22:30:00+00:00,2024-12-28 02:30:00+00:00,696.57,686.93,9.6400000000001,False,BREAK_BEFORE_K1,0,0,,,False,,,BREAK_BEFORE_K1,2024-12-28 01:40:00+00:00,
90,01:30,4,2024-12-29,Sunday,2024-12-28 18:30:00+00:00,2024-12-28 22:30:00+00:00,2024-12-28 22:30:00+00:00,2024-12-29 02:30:00+00:00,731.25,722.83,8.419999999999959,False,OPPOSITE_VISIT_BEFORE_K1,0,1,,,False,,,OPPOSITE_VISIT_BEFORE_K1,2024-12-28 23:00:00+00:00,
90,01:30,4,2024-12-30,Monday,2024-12-29 18:30:00+00:00,2024-12-29 22:30:00+00:00,2024-12-29 22:30:00+00:00,2024-12-30 02:30:00+00:00,702.0,689.67,12.330000000000041,True,,1,0,2024-12-30 01:30:00+00:00,2024-12-30 01:35:00+00:00,True,2024-12-30 01:45:00+00:00,2024-12-30 01:50:00+00:00,NO_H2_BY_END,,
90,01:30,4,2024-12-31,Tuesday,2024-12-30 18:30:00+00:00,2024-12-30 22:30:00+00:00,2024-12-30 22:30:00+00:00,2024-12-31 02:30:00+00:00,712.16,695.04,17.120000000000005,False,NO_K1,0,0,,,False,,,NO_K1,,
120,02:00,4,2022-01-02,Sunday,2022-01-01 19:00:00+00:00,2022-01-01 23:00:00+00:00,2022-01-01 23:00:00+00:00,2022-01-02 03:00:00+00:00,527.39,522.89,4.5,True,,1,0,2022-01-01 23:50:00+00:00,2022-01-01 23:55:00+00:00,False,,,BREAK_DURING_K1,2022-01-02 00:00:00+00:00,
120,02:00,4,2022-01-03,Monday,2022-01-02 19:00:00+00:00,2022-01-02 23:00:00+00:00,2022-01-02 23:00:00+00:00,2022-01-03 03:00:00+00:00,531.65,526.51,5.139999999999986,True,,1,0,2022-01-02 23:00:00+00:00,2022-01-02 23:05:00+00:00,False,,,BREAK_DURING_K1,2022-01-02 23:05:00+00:00,
120,02:00,4,2022-01-04,Tuesday,2022-01-03 19:00:00+00:00,2022-01-03 23:00:00+00:00,2022-01-03 23:00:00+00:00,2022-01-04 03:00:00+00:00,519.01,510.41,8.599999999999966,False,BREAK_BEFORE_K1,0,0,,,False,,,BREAK_BEFORE_K1,2022-01-04 00:20:00+00:00,
120,02:00,4,2022-01-05,Wednesday,2022-01-04 19:00:00+00:00,2022-01-04 23:00:00+00:00,2022-01-04 23:00:00+00:00,2022-01-05 03:00:00+00:00,512.86,505.52,7.340000000000032,False,OPPOSITE_VISIT_BEFORE_K1,0,1,,,False,,,OPPOSITE_VISIT_BEFORE_K1,2022-01-05 00:00:00+00:00,
120,02:00,4,2022-01-06,Thursday,2022-01-05 19:00:00+00:00,2022-01-05 23:00:00+00:00,2022-01-05 23:00:00+00:00,2022-01-06 03:00:00+00:00,508.94,456.2,52.74000000000001,False,NO_K1,0,0,,,False,,,NO_K1,,
120,02:00,4,2022-01-07,Friday,2022-01-06 19:00:00+00:00,2022-01-06 23:00:00+00:00,2022-01-06 23:00:00+00:00,2022-01-07 03:00:00+00:00,480.85,473.51,7.340000000000032,False,BREAK_BEFORE_K1,0,0,,,False,,,BREAK_BEFORE_K1,2022-01-06 23:45:00+00:00,
120,02:00,4,2022-01-08,Saturday,2022-01-07 19:00:00+00:00,2022-01-07 23:00:00+00:00,2022-01-07 23:00:00+00:00,2022-01-08 03:00:00+00:00,452.88,445.88,7.0,False,BREAK_BEFORE_K1,0,0,,,False,,,BREAK_BEFORE_K1,2022-01-07 23:15:00+00:00,
120,02:00,4,2022-01-09,Sunday,2022-01-08 19:00:00+00:00,2022-01-08 23:00:00+00:00,2022-01-08 23:00:00+00:00,2022-01-09 03:00:00+00:00,437.07,416.0,21.069999999999993,False,NO_K1,0,0,,,False,,,NO_K1,,
120,02:00,4,2022-01-10,Monday,2022-01-09 19:00:00+00:00,2022-01-09 23:00:00+00:00,2022-01-09 23:00:00+00:00,2022-01-10 03:00:00+00:00,444.14,438.07,6.069999999999993,False,BREAK_BEFORE_K1,0,0,,,False,,,BREAK_BEFORE_K1,2022-01-09 23:20:00+00:00,
120,02:00,4,2022-01-11,Tuesday,2022-01-10 19:00:00+00:00,2022-01-10 23:00:00+00:00,2022-01-10 23:00:00+00:00,2022-01-11 03:00:00+00:00,425.6,417.34,8.260000000000048,True,,1,0,2022-01-11 02:00:00+00:00,2022-01-11 02:05:00+00:00,False,,,BREAK_DURING_K1,2022-01-11 02:05:00+00:00,
120,02:00,4,2022-01-12,Wednesday,2022-01-11 19:00:00+00:00,2022-01-11 23:00:00+00:00,2022-01-11 23:00:00+00:00,2022-01-12 03:00:00+00:00,461.87,455.64,6.230000000000018,True,,1,0,2022-01-11 23:05:00+00:00,2022-01-11 23:10:00+00:00,False,,,BREAK_DURING_K1,2022-01-11 23:10:00+00:00,
120,02:00,4,2022-01-13,Thursday,2022-01-12 19:00:00+00:00,2022-01-12 23:00:00+00:00,2022-01-12 23:00:00+00:00,2022-01-13 03:00:00+00:00,488.41,482.27,6.140000000000043,True,,1,0,2022-01-13 00:05:00+00:00,2022-01-13 00:10:00+00:00,True,2022-01-13 00:10:00+00:00,2022-01-13 00:15:00+00:00,OPPOSITE_BREAK_BEFORE_H2,2022-01-13 00:55:00+00:00,
120,02:00,4,2022-01-14,Friday,2022-01-13 19:00:00+00:00,2022-01-13 23:00:00+00:00,2022-01-13 23:00:00+00:00,2022-01-14 03:00:00+00:00,479.31,468.62,10.689999999999998,True,,1,0,2022-01-14 00:45:00+00:00,2022-01-14 00:50:00+00:00,False,,,BREAK_DURING_K1,2022-01-14 00:50:00+00:00,
120,02:00,4,2022-01-15,Saturday,2022-01-14 19:00:00+00:00,2022-01-14 23:00:00+00:00,2022-01-14 23:00:00+00:00,2022-01-15 03:00:00+00:00,492.28,481.98,10.299999999999955,True,,1,0,2022-01-15 00:00:00+00:00,2022-01-15 00:05:00+00:00,True,2022-01-15 00:05:00+00:00,2022-01-15 00:10:00+00:00,NO_H2_BY_END,,
120,02:00,4,2022-01-16,Sunday,2022-01-15 19:00:00+00:00,2022-01-15 23:00:00+00:00,2022-01-15 23:00:00+00:00,2022-01-16 03:00:00+00:00,499.45,493.0,6.449999999999989,False,BREAK_BEFORE_K1,0,0,,,False,,,BREAK_BEFORE_K1,2022-01-16 00:00:00+00:00,
120,02:00,4,2022-01-17,Monday,2022-01-16 19:00:00+00:00,2022-01-16 23:00:00+00:00,2022-01-16 23:00:00+00:00,2022-01-17 03:00:00+00:00,500.53,496.6,3.92999999999995,False,OPPOSITE_VISIT_BEFORE_K1,0,1,,,False,,,OPPOSITE_VISIT_BEFORE_K1,2022-01-17 00:00:00+00:00,
120,02:00,4,2022-01-18,Tuesday,2022-01-17 19:00:00+00:00,2022-01-17 23:00:00+00:00,2022-01-17 23:00:00+00:00,2022-01-18 03:00:00+00:00,477.89,466.47,11.419999999999959,False,BREAK_BEFORE_K1,0,0,,,False,,,BREAK_BEFORE_K1,2022-01-18 01:10:00+00:00,
120,02:00,4,2022-01-19,Wednesday,2022-01-18 19:00:00+00:00,2022-01-18 23:00:00+00:00,2022-01-18 23:00:00+00:00,2022-01-19 03:00:00+00:00,473.59,459.55,14.039999999999964,False,NO_K1,0,0,,,False,,,NO_K1,,
120,02:00,4,2022-01-20,Thursday,2022-01-19 19:00:00+00:00,2022-01-19 23:00:00+00:00,2022-01-19 23:00:00+00:00,2022-01-20 03:00:00+00:00,471.92,464.67,7.25,False,BREAK_BEFORE_K1,0,0,,,False,,,BREAK_BEFORE_K1,2022-01-19 23:45:00+00:00,
120,02:00,4,2022-01-21,Friday,2022-01-20 19:00:00+00:00,2022-01-20 23:00:00+00:00,2022-01-20 23:00:00+00:00,2022-01-21 03:00:00+00:00,467.91,444.15,23.760000000000048,False,BREAK_BEFORE_K1,0,0,,,False,,,BREAK_BEFORE_K1,2022-01-20 23:15:00+00:00,
120,02:00,4,2022-01-22,Saturday,2022-01-21 19:00:00+00:00,2022-01-21 23:00:00+00:00,2022-01-21 23:00:00+00:00,2022-01-22 03:00:00+00:00,418.78,373.11,45.66999999999996,False,NO_K1,0,0,,,False,,,NO_K1,,
120,02:00,4,2022-01-23,Sunday,2022-01-22 19:00:00+00:00,2022-01-22 23:00:00+00:00,2022-01-22 23:00:00+00:00,2022-01-23 03:00:00+00:00,366.46,346.0,20.45999999999998,False,BREAK_BEFORE_K1,0,0,,,False,,,BREAK_BEFORE_K1,2022-01-23 00:50:00+00:00,
120,02:00,4,2022-01-24,Monday,2022-01-23 19:00:00+00:00,2022-01-23 23:00:00+00:00,2022-01-23 23:00:00+00:00,2022-01-24 03:00:00+00:00,371.43,363.12,8.310000000000002,False,BREAK_BEFORE_K1,0,0,,,False,,,BREAK_BEFORE_K1,2022-01-23 23:00:00+00:00,
120,02:00,4,2022-01-25,Tuesday,2022-01-24 19:00:00+00:00,2022-01-24 23:00:00+00:00,2022-01-24 23:00:00+00:00,2022-01-25 03:00:00+00:00,376.33,360.25,16.079999999999984,False,NO_K1,0,0,,,False,,,NO_K1,,
120,02:00,4,2022-01-26,Wednesday,2022-01-25 19:00:00+00:00,2022-01-25 23:00:00+00:00,2022-01-25 23:00:00+00:00,2022-01-26 03:00:00+00:00,387.13,376.73,10.399999999999977,False,NO_K1,0,0,,,False,,,NO_K1,,
120,02:00,4,2022-01-27,Thursday,2022-01-26 19:00:00+00:00,2022-01-26 23:00:00+00:00,2022-01-26 23:00:00+00:00,2022-01-27 03:00:00+00:00,402.42,366.0,36.420000000000016,False,BREAK_BEFORE_K1,0,0,,,False,,,BREAK_BEFORE_K1,2022-01-27 02:05:00+00:00,
120,02:00,4,2022-01-28,Friday,2022-01-27 19:00:00+00:00,2022-01-27 23:00:00+00:00,2022-01-27 23:00:00+00:00,2022-01-28 03:00:00+00:00,392.88,359.63,33.25,True,,1,0,2022-01-28 00:05:00+00:00,2022-01-28 00:10:00+00:00,True,2022-01-28 00:10:00+00:00,2022-01-28 00:15:00+00:00,NO_H2_BY_END,,
120,02:00,4,2022-01-29,Saturday,2022-01-28 19:00:00+00:00,2022-01-28 23:00:00+00:00,2022-01-28 23:00:00+00:00,2022-01-29 03:00:00+00:00,392.0,381.58,10.420000000000016,False,NO_K1,0,0,,,False,,,NO_K1,,
120,02:00,4,2022-01-30,Sunday,2022-01-29 19:00:00+00:00,2022-01-29 23:00:00+00:00,2022-01-29 23:00:00+00:00,2022-01-30 03:00:00+00:00,392.57,385.06,7.509999999999991,False,BREAK_BEFORE_K1,0,0,,,False,,,BREAK_BEFORE_K1,2022-01-30 00:40:00+00:00,
120,02:00,4,2022-01-31,Monday,2022-01-30 19:00:00+00:00,2022-01-30 23:00:00+00:00,2022-01-30 23:00:00+00:00,2022-01-31 03:00:00+00:00,378.68,372.13,6.550000000000011,False,BREAK_BEFORE_K1,0,0,,,False,,,BREAK_BEFORE_K1,2022-01-30 23:05:00+00:00,
120,02:00,4,2022-02-01,Tuesday,2022-01-31 19:00:00+00:00,2022-01-31 23:00:00+00:00,2022-01-31 23:00:00+00:00,2022-02-01 03:00:00+00:00,385.01,375.73,9.279999999999973,False,BREAK_BEFORE_K1,0,0,,,False,,,BREAK_BEFORE_K1,2022-01-31 23:20:00+00:00,
120,02:00,4,2022-02-02,Wednesday,2022-02-01 19:00:00+00:00,2022-02-01 23:00:00+00:00,2022-02-01 23:00:00+00:00,2022-02-02 03:00:00+00:00,387.2,382.28,4.920000000000016,False,BREAK_BEFORE_K1,0,0,,,False,,,BREAK_BEFORE_K1,2022-02-02 00:30:00+00:00,
120,02:00,4,2022-02-03,Thursday,2022-02-02 19:00:00+00:00,2022-02-02 23:00:00+00:00,2022-02-02 23:00:00+00:00,2022-02-03 03:00:00+00:00,376.99,366.1,10.889999999999986,False,OPPOSITE_VISIT_BEFORE_K1,0,1,,,False,,,OPPOSITE_VISIT_BEFORE_K1,2022-02-02 23:50:00+00:00,
120,02:00,4,2022-02-04,Friday,2022-02-03 19:00:00+00:00,2022-02-03 23:00:00+00:00,2022-02-03 23:00:00+00:00,2022-02-04 03:00:00+00:00,370.62,361.56,9.060000000000002,False,BREAK_BEFORE_K1,0,0,,,False,,,BREAK_BEFORE_K1,2022-02-03 23:55:00+00:00,
120,02:00,4,2022-02-05,Saturday,2022-02-04 19:00:00+00:00,2022-02-04 23:00:00+00:00,2022-02-04 23:00:00+00:00,2022-02-05 03:00:00+00:00,398.19,391.52,6.670000000000016,False,BREAK_BEFORE_K1,0,0,,,False,,,BREAK_BEFORE_K1,2022-02-04 23:45:00+00:00,
120,02:00,4,2022-02-06,Sunday,2022-02-05 19:00:00+00:00,2022-02-05 23:00:00+00:00,2022-02-05 23:00:00+00:00,2022-02-06 03:00:00+00:00,414.62,409.85,4.769999999999982,False,BREAK_BEFORE_K1,0,0,,,False,,,BREAK_BEFORE_K1,2022-02-05 23:00:00+00:00,
120,02:00,4,2022-02-07,Monday,2022-02-06 19:00:00+00:00,2022-02-06 23:00:00+00:00,2022-02-06 23:00:00+00:00,2022-02-07 03:00:00+00:00,414.27,410.17,4.099999999999966,True,,1,0,2022-02-06 23:10:00+00:00,2022-02-06 23:15:00+00:00,False,,,BREAK_DURING_K1,2022-02-06 23:15:00+00:00,
120,02:00,4,2022-02-08,Tuesday,2022-02-07 19:00:00+00:00,2022-02-07 23:00:00+00:00,2022-02-07 23:00:00+00:00,2022-02-08 03:00:00+00:00,437.7,432.24,5.4599999999999795,False,OPPOSITE_VISIT_BEFORE_K1,0,1,,,False,,,OPPOSITE_VISIT_BEFORE_K1,2022-02-07 23:25:00+00:00,
120,02:00,4,2022-02-09,Wednesday,2022-02-08 19:00:00+00:00,2022-02-08 23:00:00+00:00,2022-02-08 23:00:00+00:00,2022-02-09 03:00:00+00:00,417.42,406.26,11.160000000000025,False,NO_K1,0,0,,,False,,,NO_K1,,
120,02:00,4,2022-02-10,Thursday,2022-02-09 19:00:00+00:00,2022-02-09 23:00:00+00:00,2022-02-09 23:00:00+00:00,2022-02-10 03:00:00+00:00,427.49,419.75,7.740000000000009,False,OPPOSITE_VISIT_BEFORE_K1,0,1,,,False,,,OPPOSITE_VISIT_BEFORE_K1,2022-02-10 00:15:00+00:00,
120,02:00,4,2022-02-11,Friday,2022-02-10 19:00:00+00:00,2022-02-10 23:00:00+00:00,2022-02-10 23:00:00+00:00,2022-02-11 03:00:00+00:00,426.9,414.77,12.129999999999995,False,OPPOSITE_VISIT_BEFORE_K1,0,1,,,False,,,OPPOSITE_VISIT_BEFORE_K1,2022-02-10 23:30:00+00:00,
120,02:00,4,2022-02-12,Saturday,2022-02-11 19:00:00+00:00,2022-02-11 23:00:00+00:00,2022-02-11 23:00:00+00:00,2022-02-12 03:00:00+00:00,408.68,392.5,16.180000000000007,False,NO_K1,0,0,,,False,,,NO_K1,,
120,02:00,4,2022-02-13,Sunday,2022-02-12 19:00:00+00:00,2022-02-12 23:00:00+00:00,2022-02-12 23:00:00+00:00,2022-02-13 03:00:00+00:00,405.92,397.5,8.420000000000016,False,BREAK_BEFORE_K1,0,0,,,False,,,BREAK_BEFORE_K1,2022-02-13 00:35:00+00:00,
120,02:00,4,2022-02-14,Monday,2022-02-13 19:00:00+00:00,2022-02-13 23:00:00+00:00,2022-02-13 23:00:00+00:00,2022-02-14 03:00:00+00:00,400.67,394.51,6.160000000000025,False,BREAK_BEFORE_K1,0,0,,,False,,,BREAK_BEFORE_K1,2022-02-14 01:25:00+00:00,
120,02:00,4,2022-02-15,Tuesday,2022-02-14 19:00:00+00:00,2022-02-14 23:00:00+00:00,2022-02-14 23:00:00+00:00,2022-02-15 03:00:00+00:00,403.86,395.62,8.240000000000009,True,,1,0,2022-02-14 23:00:00+00:00,2022-02-14 23:05:00+00:00,True,2022-02-14 23:05:00+00:00,2022-02-14 23:10:00+00:00,H2_ARRIVAL,2022-02-15 00:00:00+00:00,55.0
120,02:00,4,2022-02-16,Wednesday,2022-02-15 19:00:00+00:00,2022-02-15 23:00:00+00:00,2022-02-15 23:00:00+00:00,2022-02-16 03:00:00+00:00,432.77,426.1,6.669999999999959,False,BREAK_BEFORE_K1,0,0,,,False,,,BREAK_BEFORE_K1,2022-02-15 23:35:00+00:00,
120,02:00,4,2022-02-17,Thursday,2022-02-16 19:00:00+00:00,2022-02-16 23:00:00+00:00,2022-02-16 23:00:00+00:00,2022-02-17 03:00:00+00:00,432.0,423.35,8.649999999999977,False,NO_K1,0,0,,,False,,,NO_K1,,
120,02:00,4,2022-02-18,Friday,2022-02-17 19:00:00+00:00,2022-02-17 23:00:00+00:00,2022-02-17 23:00:00+00:00,2022-02-18 03:00:00+00:00,408.53,399.52,9.009999999999991,False,OPPOSITE_VISIT_BEFORE_K1,0,1,,,False,,,OPPOSITE_VISIT_BEFORE_K1,2022-02-18 00:00:00+00:00,
120,02:00,4,2022-02-19,Saturday,2022-02-18 19:00:00+00:00,2022-02-18 23:00:00+00:00,2022-02-18 23:00:00+00:00,2022-02-19 03:00:00+00:00,399.91,394.73,5.180000000000007,True,,1,0,2022-02-18 23:45:00+00:00,2022-02-18 23:50:00+00:00,True,2022-02-18 23:55:00+00:00,2022-02-19 00:00:00+00:00,H2_ARRIVAL,2022-02-19 00:20:00+00:00,25.0
120,02:00,4,2022-02-20,Sunday,2022-02-19 19:00:00+00:00,2022-02-19 23:00:00+00:00,2022-02-19 23:00:00+00:00,2022-02-20 03:00:00+00:00,400.51,395.56,4.949999999999989,False,OPPOSITE_VISIT_BEFORE_K1,0,1,,,False,,,OPPOSITE_VISIT_BEFORE_K1,2022-02-20 00:50:00+00:00,
120,02:00,4,2022-02-21,Monday,2022-02-20 19:00:00+00:00,2022-02-20 23:00:00+00:00,2022-02-20 23:00:00+00:00,2022-02-21 03:00:00+00:00,384.89,377.37,7.519999999999982,True,,1,0,2022-02-20 23:00:00+00:00,2022-02-20 23:05:00+00:00,False,,,BREAK_DURING_K1,2022-02-20 23:05:00+00:00,
120,02:00,4,2022-02-22,Tuesday,2022-02-21 19:00:00+00:00,2022-02-21 23:00:00+00:00,2022-02-21 23:00:00+00:00,2022-02-22 03:00:00+00:00,372.43,359.53,12.900000000000034,False,OPPOSITE_VISIT_BEFORE_K1,0,1,,,False,,,OPPOSITE_VISIT_BEFORE_K1,2022-02-21 23:15:00+00:00,
120,02:00,4,2022-02-23,Wednesday,2022-02-22 19:00:00+00:00,2022-02-22 23:00:00+00:00,2022-02-22 23:00:00+00:00,2022-02-23 03:00:00+00:00,373.52,365.01,8.509999999999991,False,BREAK_BEFORE_K1,0,0,,,False,,,BREAK_BEFORE_K1,2022-02-22 23:40:00+00:00,
120,02:00,4,2022-02-24,Thursday,2022-02-23 19:00:00+00:00,2022-02-23 23:00:00+00:00,2022-02-23 23:00:00+00:00,2022-02-24 03:00:00+00:00,375.2,365.88,9.319999999999993,False,BREAK_BEFORE_K1,0,0,,,False,,,BREAK_BEFORE_K1,2022-02-23 23:15:00+00:00,
120,02:00,4,2022-02-25,Friday,2022-02-24 19:00:00+00:00,2022-02-24 23:00:00+00:00,2022-02-24 23:00:00+00:00,2022-02-25 03:00:00+00:00,370.77,349.19,21.579999999999984,False,NO_K1,0,0,,,False,,,NO_K1,,
120,02:00,4,2022-02-26,Saturday,2022-02-25 19:00:00+00:00,2022-02-25 23:00:00+00:00,2022-02-25 23:00:00+00:00,2022-02-26 03:00:00+00:00,375.0,362.78,12.220000000000027,False,BREAK_BEFORE_K1,0,0,,,False,,,BREAK_BEFORE_K1,2022-02-25 23:00:00+00:00,
120,02:00,4,2022-02-27,Sunday,2022-02-26 19:00:00+00:00,2022-02-26 23:00:00+00:00,2022-02-26 23:00:00+00:00,2022-02-27 03:00:00+00:00,378.23,372.58,5.650000000000034,False,OPPOSITE_VISIT_BEFORE_K1,0,1,,,False,,,OPPOSITE_VISIT_BEFORE_K1,2022-02-26 23:00:00+00:00,
120,02:00,4,2022-02-28,Monday,2022-02-27 19:00:00+00:00,2022-02-27 23:00:00+00:00,2022-02-27 23:00:00+00:00,2022-02-28 03:00:00+00:00,370.73,357.87,12.860000000000014,False,BREAK_BEFORE_K1,0,0,,,False,,,BREAK_BEFORE_K1,2022-02-28 00:20:00+00:00,
120,02:00,4,2022-03-01,Tuesday,2022-02-28 19:00:00+00:00,2022-02-28 23:00:00+00:00,2022-02-28 23:00:00+00:00,2022-03-01 03:00:00+00:00,397.37,382.09,15.28000000000003,False,BREAK_BEFORE_K1,0,0,,,False,,,BREAK_BEFORE_K1,2022-03-01 00:00:00+00:00,
120,02:00,4,2022-03-02,Wednesday,2022-03-01 19:00:00+00:00,2022-03-01 23:00:00+00:00,2022-03-01 23:00:00+00:00,2022-03-02 03:00:00+00:00,409.63,403.26,6.3700000000000045,True,,1,0,2022-03-02 00:00:00+00:00,2022-03-02 00:05:00+00:00,True,2022-03-02 00:10:00+00:00,2022-03-02 00:15:00+00:00,H2_ARRIVAL,2022-03-02 01:00:00+00:00,50.0
120,02:00,4,2022-03-03,Thursday,2022-03-02 19:00:00+00:00,2022-03-02 23:00:00+00:00,2022-03-02 23:00:00+00:00,2022-03-03 03:00:00+00:00,410.56,404.73,5.829999999999984,False,BREAK_BEFORE_K1,0,0,,,False,,,BREAK_BEFORE_K1,2022-03-03 01:00:00+00:00,
120,02:00,4,2022-03-04,Friday,2022-03-03 19:00:00+00:00,2022-03-03 23:00:00+00:00,2022-03-03 23:00:00+00:00,2022-03-04 03:00:00+00:00,402.85,397.34,5.510000000000048,False,BREAK_BEFORE_K1,0,0,,,False,,,BREAK_BEFORE_K1,2022-03-03 23:15:00+00:00,
120,02:00,4,2022-03-05,Saturday,2022-03-04 19:00:00+00:00,2022-03-04 23:00:00+00:00,2022-03-04 23:00:00+00:00,2022-03-05 03:00:00+00:00,387.83,371.5,16.329999999999984,False,BREAK_BEFORE_K1,0,0,,,False,,,BREAK_BEFORE_K1,2022-03-05 00:05:00+00:00,
120,02:00,4,2022-03-06,Sunday,2022-03-05 19:00:00+00:00,2022-03-05 23:00:00+00:00,2022-03-05 23:00:00+00:00,2022-03-06 03:00:00+00:00,387.22,379.87,7.350000000000023,False,NO_K1,0,0,,,False,,,NO_K1,,
120,02:00,4,2022-03-07,Monday,2022-03-06 19:00:00+00:00,2022-03-06 23:00:00+00:00,2022-03-06 23:00:00+00:00,2022-03-07 03:00:00+00:00,381.81,376.17,5.639999999999986,False,OPPOSITE_VISIT_BEFORE_K1,0,1,,,False,,,OPPOSITE_VISIT_BEFORE_K1,2022-03-06 23:15:00+00:00,
120,02:00,4,2022-03-08,Tuesday,2022-03-07 19:00:00+00:00,2022-03-07 23:00:00+00:00,2022-03-07 23:00:00+00:00,2022-03-08 03:00:00+00:00,385.62,362.36,23.25999999999999,False,NO_K1,0,0,,,False,,,NO_K1,,
120,02:00,4,2022-03-09,Wednesday,2022-03-08 19:00:00+00:00,2022-03-08 23:00:00+00:00,2022-03-08 23:00:00+00:00,2022-03-09 03:00:00+00:00,384.4,378.68,5.71999999999997,False,BREAK_BEFORE_K1,0,0,,,False,,,BREAK_BEFORE_K1,2022-03-09 01:25:00+00:00,
120,02:00,4,2022-03-10,Thursday,2022-03-09 19:00:00+00:00,2022-03-09 23:00:00+00:00,2022-03-09 23:00:00+00:00,2022-03-10 03:00:00+00:00,394.68,390.17,4.509999999999991,False,BREAK_BEFORE_K1,0,0,,,False,,,BREAK_BEFORE_K1,2022-03-10 01:40:00+00:00,
120,02:00,4,2022-03-11,Friday,2022-03-10 19:00:00+00:00,2022-03-10 23:00:00+00:00,2022-03-10 23:00:00+00:00,2022-03-11 03:00:00+00:00,372.4,367.54,4.859999999999957,True,,1,0,2022-03-10 23:00:00+00:00,2022-03-10 23:05:00+00:00,False,,,BREAK_DURING_K1,2022-03-10 23:05:00+00:00,
120,02:00,4,2022-03-12,Saturday,2022-03-11 19:00:00+00:00,2022-03-11 23:00:00+00:00,2022-03-11 23:00:00+00:00,2022-03-12 03:00:00+00:00,374.77,368.25,6.519999999999982,False,BREAK_BEFORE_K1,0,0,,,False,,,BREAK_BEFORE_K1,2022-03-12 00:25:00+00:00,
120,02:00,4,2022-03-13,Sunday,2022-03-12 19:00:00+00:00,2022-03-12 23:00:00+00:00,2022-03-12 23:00:00+00:00,2022-03-13 03:00:00+00:00,376.9,374.24,2.659999999999968,False,BREAK_BEFORE_K1,0,0,,,False,,,BREAK_BEFORE_K1,2022-03-12 23:15:00+00:00,
120,02:00,4,2022-03-14,Monday,2022-03-13 19:00:00+00:00,2022-03-13 23:00:00+00:00,2022-03-13 23:00:00+00:00,2022-03-14 03:00:00+00:00,373.29,361.01,12.28000000000003,False,OPPOSITE_VISIT_BEFORE_K1,0,1,,,False,,,OPPOSITE_VISIT_BEFORE_K1,2022-03-13 23:00:00+00:00,
120,02:00,4,2022-03-15,Tuesday,2022-03-14 19:00:00+00:00,2022-03-14 23:00:00+00:00,2022-03-14 23:00:00+00:00,2022-03-15 03:00:00+00:00,371.65,364.31,7.339999999999975,False,BREAK_BEFORE_K1,0,0,,,False,,,BREAK_BEFORE_K1,2022-03-14 23:10:00+00:00,
120,02:00,4,2022-03-16,Wednesday,2022-03-15 19:00:00+00:00,2022-03-15 23:00:00+00:00,2022-03-15 23:00:00+00:00,2022-03-16 03:00:00+00:00,374.46,370.58,3.8799999999999955,False,BREAK_BEFORE_K1,0,0,,,False,,,BREAK_BEFORE_K1,2022-03-15 23:20:00+00:00,
120,02:00,4,2022-03-17,Thursday,2022-03-16 19:00:00+00:00,2022-03-16 23:00:00+00:00,2022-03-16 23:00:00+00:00,2022-03-17 03:00:00+00:00,386.6,375.33,11.270000000000039,False,NO_K1,0,0,,,False,,,NO_K1,,
120,02:00,4,2022-03-18,Friday,2022-03-17 19:00:00+00:00,2022-03-17 23:00:00+00:00,2022-03-17 23:00:00+00:00,2022-03-18 03:00:00+00:00,391.37,386.98,4.389999999999986,True,,1,0,2022-03-17 23:00:00+00:00,2022-03-17 23:05:00+00:00,True,2022-03-17 23:05:00+00:00,2022-03-17 23:10:00+00:00,H2_ARRIVAL,2022-03-17 23:30:00+00:00,25.0
120,02:00,4,2022-03-19,Saturday,2022-03-18 19:00:00+00:00,2022-03-18 23:00:00+00:00,2022-03-18 23:00:00+00:00,2022-03-19 03:00:00+00:00,400.3,395.23,5.069999999999993,True,,1,0,2022-03-19 01:55:00+00:00,2022-03-19 02:00:00+00:00,True,2022-03-19 02:00:00+00:00,2022-03-19 02:05:00+00:00,NO_H2_BY_END,,
120,02:00,4,2022-03-20,Sunday,2022-03-19 19:00:00+00:00,2022-03-19 23:00:00+00:00,2022-03-19 23:00:00+00:00,2022-03-20 03:00:00+00:00,402.54,395.6,6.939999999999998,False,BREAK_BEFORE_K1,0,0,,,False,,,BREAK_BEFORE_K1,2022-03-20 01:15:00+00:00,
120,02:00,4,2022-03-21,Monday,2022-03-20 19:00:00+00:00,2022-03-20 23:00:00+00:00,2022-03-20 23:00:00+00:00,2022-03-21 03:00:00+00:00,394.23,388.2,6.03000000000003,False,OPPOSITE_VISIT_BEFORE_K1,0,1,,,False,,,OPPOSITE_VISIT_BEFORE_K1,2022-03-21 02:20:00+00:00,
120,02:00,4,2022-03-22,Tuesday,2022-03-21 19:00:00+00:00,2022-03-21 23:00:00+00:00,2022-03-21 23:00:00+00:00,2022-03-22 03:00:00+00:00,397.92,395.75,2.170000000000016,False,OPPOSITE_VISIT_BEFORE_K1,0,1,,,False,,,OPPOSITE_VISIT_BEFORE_K1,2022-03-21 23:20:00+00:00,
120,02:00,4,2022-03-23,Wednesday,2022-03-22 19:00:00+00:00,2022-03-22 23:00:00+00:00,2022-03-22 23:00:00+00:00,2022-03-23 03:00:00+00:00,407.0,402.0,5.0,False,OPPOSITE_VISIT_BEFORE_K1,0,1,,,False,,,OPPOSITE_VISIT_BEFORE_K1,2022-03-23 01:00:00+00:00,
120,02:00,4,2022-03-24,Thursday,2022-03-23 19:00:00+00:00,2022-03-23 23:00:00+00:00,2022-03-23 23:00:00+00:00,2022-03-24 03:00:00+00:00,407.0,402.01,4.990000000000009,False,BREAK_BEFORE_K1,0,0,,,False,,,BREAK_BEFORE_K1,2022-03-23 23:25:00+00:00,
120,02:00,4,2022-03-25,Friday,2022-03-24 19:00:00+00:00,2022-03-24 23:00:00+00:00,2022-03-24 23:00:00+00:00,2022-03-25 03:00:00+00:00,415.57,412.61,2.9599999999999795,False,BREAK_BEFORE_K1,0,0,,,False,,,BREAK_BEFORE_K1,2022-03-25 00:15:00+00:00,
120,02:00,4,2022-03-26,Saturday,2022-03-25 19:00:00+00:00,2022-03-25 23:00:00+00:00,2022-03-25 23:00:00+00:00,2022-03-26 03:00:00+00:00,412.86,408.2,4.660000000000025,False,OPPOSITE_VISIT_BEFORE_K1,0,1,,,False,,,OPPOSITE_VISIT_BEFORE_K1,2022-03-26 01:00:00+00:00,
120,02:00,4,2022-03-27,Sunday,2022-03-26 19:00:00+00:00,2022-03-26 23:00:00+00:00,2022-03-26 23:00:00+00:00,2022-03-27 03:00:00+00:00,416.29,413.28,3.0100000000000477,True,,1,0,2022-03-27 00:20:00+00:00,2022-03-27 00:25:00+00:00,True,2022-03-27 00:25:00+00:00,2022-03-27 00:30:00+00:00,H2_ARRIVAL,2022-03-27 00:30:00+00:00,5.0
120,02:00,4,2022-03-28,Monday,2022-03-27 19:00:00+00:00,2022-03-27 23:00:00+00:00,2022-03-27 23:00:00+00:00,2022-03-28 03:00:00+00:00,431.72,416.0,15.720000000000027,False,BREAK_BEFORE_K1,0,0,,,False,,,BREAK_BEFORE_K1,2022-03-28 00:30:00+00:00,
120,02:00,4,2022-03-29,Tuesday,2022-03-28 19:00:00+00:00,2022-03-28 23:00:00+00:00,2022-03-28 23:00:00+00:00,2022-03-29 03:00:00+00:00,440.6,432.12,8.480000000000018,False,BREAK_BEFORE_K1,0,0,,,False,,,BREAK_BEFORE_K1,2022-03-28 23:15:00+00:00,
120,02:00,4,2022-03-30,Wednesday,2022-03-29 19:00:00+00:00,2022-03-29 23:00:00+00:00,2022-03-29 23:00:00+00:00,2022-03-30 03:00:00+00:00,437.85,429.49,8.360000000000014,False,BREAK_BEFORE_K1,0,0,,,False,,,BREAK_BEFORE_K1,2022-03-30 01:40:00+00:00,
120,02:00,4,2022-03-31,Thursday,2022-03-30 19:00:00+00:00,2022-03-30 23:00:00+00:00,2022-03-30 23:00:00+00:00,2022-03-31 03:00:00+00:00,446.77,441.19,5.579999999999984,False,BREAK_BEFORE_K1,0,0,,,False,,,BREAK_BEFORE_K1,2022-03-31 00:00:00+00:00,
120,02:00,4,2022-04-01,Friday,2022-03-31 19:00:00+00:00,2022-03-31 23:00:00+00:00,2022-03-31 23:00:00+00:00,2022-04-01 03:00:00+00:00,431.83,426.02,5.810000000000002,False,OPPOSITE_VISIT_BEFORE_K1,0,1,,,False,,,OPPOSITE_VISIT_BEFORE_K1,2022-03-31 23:45:00+00:00,
120,02:00,4,2022-04-02,Saturday,2022-04-01 19:00:00+00:00,2022-04-01 23:00:00+00:00,2022-04-01 23:00:00+00:00,2022-04-02 03:00:00+00:00,447.08,442.43,4.649999999999977,False,BREAK_BEFORE_K1,0,0,,,False,,,BREAK_BEFORE_K1,2022-04-01 23:55:00+00:00,
120,02:00,4,2022-04-03,Sunday,2022-04-02 19:00:00+00:00,2022-04-02 23:00:00+00:00,2022-04-02 23:00:00+00:00,2022-04-03 03:00:00+00:00,444.12,439.21,4.910000000000025,False,BREAK_BEFORE_K1,0,0,,,False,,,BREAK_BEFORE_K1,2022-04-02 23:00:00+00:00,
120,02:00,4,2022-04-04,Monday,2022-04-03 19:00:00+00:00,2022-04-03 23:00:00+00:00,2022-04-03 23:00:00+00:00,2022-04-04 03:00:00+00:00,455.9,446.86,9.039999999999964,False,OPPOSITE_VISIT_BEFORE_K1,0,1,,,False,,,OPPOSITE_VISIT_BEFORE_K1,2022-04-04 00:10:00+00:00,
120,02:00,4,2022-04-05,Tuesday,2022-04-04 19:00:00+00:00,2022-04-04 23:00:00+00:00,2022-04-04 23:00:00+00:00,2022-04-05 03:00:00+00:00,448.93,438.57,10.360000000000014,False,BREAK_BEFORE_K1,0,0,,,False,,,BREAK_BEFORE_K1,2022-04-04 23:15:00+00:00,
120,02:00,4,2022-04-06,Wednesday,2022-04-05 19:00:00+00:00,2022-04-05 23:00:00+00:00,2022-04-05 23:00:00+00:00,2022-04-06 03:00:00+00:00,451.44,446.0,5.439999999999998,False,BREAK_BEFORE_K1,0,0,,,False,,,BREAK_BEFORE_K1,2022-04-05 23:45:00+00:00,
120,02:00,4,2022-04-07,Thursday,2022-04-06 19:00:00+00:00,2022-04-06 23:00:00+00:00,2022-04-06 23:00:00+00:00,2022-04-07 03:00:00+00:00,427.91,422.52,5.390000000000043,False,OPPOSITE_VISIT_BEFORE_K1,0,1,,,False,,,OPPOSITE_VISIT_BEFORE_K1,2022-04-06 23:00:00+00:00,
120,02:00,4,2022-04-08,Friday,2022-04-07 19:00:00+00:00,2022-04-07 23:00:00+00:00,2022-04-07 23:00:00+00:00,2022-04-08 03:00:00+00:00,438.42,433.72,4.699999999999989,True,,1,0,2022-04-08 00:10:00+00:00,2022-04-08 00:15:00+00:00,True,2022-04-08 00:20:00+00:00,2022-04-08 00:25:00+00:00,H2_ARRIVAL,2022-04-08 01:30:00+00:00,70.0
120,02:00,4,2022-04-09,Saturday,2022-04-08 19:00:00+00:00,2022-04-08 23:00:00+00:00,2022-04-08 23:00:00+00:00,2022-04-09 03:00:00+00:00,430.67,421.31,9.360000000000014,False,OPPOSITE_VISIT_BEFORE_K1,0,1,,,False,,,OPPOSITE_VISIT_BEFORE_K1,2022-04-08 23:00:00+00:00,
120,02:00,4,2022-04-10,Sunday,2022-04-09 19:00:00+00:00,2022-04-09 23:00:00+00:00,2022-04-09 23:00:00+00:00,2022-04-10 03:00:00+00:00,423.8,420.37,3.430000000000007,True,,1,0,2022-04-09 23:00:00+00:00,2022-04-09 23:05:00+00:00,True,2022-04-09 23:10:00+00:00,2022-04-09 23:15:00+00:00,H2_ARRIVAL,2022-04-09 23:25:00+00:00,15.0
120,02:00,4,2022-04-11,Monday,2022-04-10 19:00:00+00:00,2022-04-10 23:00:00+00:00,2022-04-10 23:00:00+00:00,2022-04-11 03:00:00+00:00,429.54,418.56,10.980000000000018,False,BREAK_BEFORE_K1,0,0,,,False,,,BREAK_BEFORE_K1,2022-04-10 23:00:00+00:00,
120,02:00,4,2022-04-12,Tuesday,2022-04-11 19:00:00+00:00,2022-04-11 23:00:00+00:00,2022-04-11 23:00:00+00:00,2022-04-12 03:00:00+00:00,403.49,391.0,12.490000000000009,False,NO_K1,0,0,,,False,,,NO_K1,,
120,02:00,4,2022-04-13,Wednesday,2022-04-12 19:00:00+00:00,2022-04-12 23:00:00+00:00,2022-04-12 23:00:00+00:00,2022-04-13 03:00:00+00:00,412.99,406.4,6.590000000000032,True,,1,0,2022-04-12 23:00:00+00:00,2022-04-12 23:05:00+00:00,True,2022-04-12 23:05:00+00:00,2022-04-12 23:10:00+00:00,H2_ARRIVAL,2022-04-12 23:20:00+00:00,15.0
120,02:00,4,2022-04-14,Thursday,2022-04-13 19:00:00+00:00,2022-04-13 23:00:00+00:00,2022-04-13 23:00:00+00:00,2022-04-14 03:00:00+00:00,424.49,418.75,5.740000000000009,True,,1,0,2022-04-14 00:30:00+00:00,2022-04-14 00:35:00+00:00,True,2022-04-14 00:35:00+00:00,2022-04-14 00:40:00+00:00,H2_ARRIVAL,2022-04-14 01:10:00+00:00,35.0
120,02:00,4,2022-04-15,Friday,2022-04-14 19:00:00+00:00,2022-04-14 23:00:00+00:00,2022-04-14 23:00:00+00:00,2022-04-15 03:00:00+00:00,416.27,411.53,4.740000000000009,True,,1,0,2022-04-15 00:20:00+00:00,2022-04-15 00:25:00+00:00,False,,,BREAK_DURING_K1,2022-04-15 00:25:00+00:00,
120,02:00,4,2022-04-16,Saturday,2022-04-15 19:00:00+00:00,2022-04-15 23:00:00+00:00,2022-04-15 23:00:00+00:00,2022-04-16 03:00:00+00:00,418.73,415.49,3.240000000000009,False,BREAK_BEFORE_K1,0,0,,,False,,,BREAK_BEFORE_K1,2022-04-15 23:20:00+00:00,
120,02:00,4,2022-04-17,Sunday,2022-04-16 19:00:00+00:00,2022-04-16 23:00:00+00:00,2022-04-16 23:00:00+00:00,2022-04-17 03:00:00+00:00,418.89,413.24,5.649999999999977,False,NO_K1,0,0,,,False,,,NO_K1,,
120,02:00,4,2022-04-18,Monday,2022-04-17 19:00:00+00:00,2022-04-17 23:00:00+00:00,2022-04-17 23:00:00+00:00,2022-04-18 03:00:00+00:00,416.16,412.01,4.150000000000034,False,BREAK_BEFORE_K1,0,0,,,False,,,BREAK_BEFORE_K1,2022-04-17 23:00:00+00:00,
120,02:00,4,2022-04-19,Tuesday,2022-04-18 19:00:00+00:00,2022-04-18 23:00:00+00:00,2022-04-18 23:00:00+00:00,2022-04-19 03:00:00+00:00,417.8,413.46,4.340000000000032,True,,1,0,2022-04-18 23:00:00+00:00,2022-04-18 23:05:00+00:00,True,2022-04-18 23:05:00+00:00,2022-04-18 23:10:00+00:00,H2_ARRIVAL,2022-04-19 00:00:00+00:00,55.0
120,02:00,4,2022-04-20,Wednesday,2022-04-19 19:00:00+00:00,2022-04-19 23:00:00+00:00,2022-04-19 23:00:00+00:00,2022-04-20 03:00:00+00:00,421.23,417.6,3.6299999999999955,False,BREAK_BEFORE_K1,0,0,,,False,,,BREAK_BEFORE_K1,2022-04-19 23:20:00+00:00,
120,02:00,4,2022-04-21,Thursday,2022-04-20 19:00:00+00:00,2022-04-20 23:00:00+00:00,2022-04-20 23:00:00+00:00,2022-04-21 03:00:00+00:00,420.4,415.46,4.939999999999998,True,,1,0,2022-04-21 00:45:00+00:00,2022-04-21 00:50:00+00:00,False,,,BREAK_DURING_K1,2022-04-21 00:55:00+00:00,
120,02:00,4,2022-04-22,Friday,2022-04-21 19:00:00+00:00,2022-04-21 23:00:00+00:00,2022-04-21 23:00:00+00:00,2022-04-22 03:00:00+00:00,416.16,400.72,15.439999999999998,False,NO_K1,0,0,,,False,,,NO_K1,,
120,02:00,4,2022-04-23,Saturday,2022-04-22 19:00:00+00:00,2022-04-22 23:00:00+00:00,2022-04-22 23:00:00+00:00,2022-04-23 03:00:00+00:00,409.75,404.8,4.949999999999989,False,OPPOSITE_VISIT_BEFORE_K1,0,1,,,False,,,OPPOSITE_VISIT_BEFORE_K1,2022-04-23 00:55:00+00:00,
120,02:00,4,2022-04-24,Sunday,2022-04-23 19:00:00+00:00,2022-04-23 23:00:00+00:00,2022-04-23 23:00:00+00:00,2022-04-24 03:00:00+00:00,407.28,403.6,3.67999999999995,False,OPPOSITE_VISIT_BEFORE_K1,0,1,,,False,,,OPPOSITE_VISIT_BEFORE_K1,2022-04-23 23:00:00+00:00,
120,02:00,4,2022-04-25,Monday,2022-04-24 19:00:00+00:00,2022-04-24 23:00:00+00:00,2022-04-24 23:00:00+00:00,2022-04-25 03:00:00+00:00,403.27,399.73,3.5399999999999636,False,OPPOSITE_VISIT_BEFORE_K1,0,1,,,False,,,OPPOSITE_VISIT_BEFORE_K1,2022-04-24 23:05:00+00:00,
120,02:00,4,2022-04-26,Tuesday,2022-04-25 19:00:00+00:00,2022-04-25 23:00:00+00:00,2022-04-25 23:00:00+00:00,2022-04-26 03:00:00+00:00,404.5,398.88,5.6200000000000045,True,,1,0,2022-04-25 23:15:00+00:00,2022-04-25 23:20:00+00:00,True,2022-04-25 23:20:00+00:00,2022-04-25 23:25:00+00:00,H2_ARRIVAL,2022-04-25 23:30:00+00:00,10.0
120,02:00,4,2022-04-27,Wednesday,2022-04-26 19:00:00+00:00,2022-04-26 23:00:00+00:00,2022-04-26 23:00:00+00:00,2022-04-27 03:00:00+00:00,389.45,382.08,7.3700000000000045,False,BREAK_BEFORE_K1,0,0,,,False,,,BREAK_BEFORE_K1,2022-04-26 23:15:00+00:00,
120,02:00,4,2022-04-28,Thursday,2022-04-27 19:00:00+00:00,2022-04-27 23:00:00+00:00,2022-04-27 23:00:00+00:00,2022-04-28 03:00:00+00:00,391.22,386.6,4.6200000000000045,True,,1,0,2022-04-27 23:30:00+00:00,2022-04-27 23:35:00+00:00,False,,,BREAK_DURING_K1,2022-04-27 23:35:00+00:00,
120,02:00,4,2022-04-29,Friday,2022-04-28 19:00:00+00:00,2022-04-28 23:00:00+00:00,2022-04-28 23:00:00+00:00,2022-04-29 03:00:00+00:00,408.43,402.88,5.550000000000011,False,BREAK_BEFORE_K1,0,0,,,False,,,BREAK_BEFORE_K1,2022-04-29 01:00:00+00:00,
120,02:00,4,2022-04-30,Saturday,2022-04-29 19:00:00+00:00,2022-04-29 23:00:00+00:00,2022-04-29 23:00:00+00:00,2022-04-30 03:00:00+00:00,394.35,389.46,4.890000000000043,False,BREAK_BEFORE_K1,0,0,,,False,,,BREAK_BEFORE_K1,2022-04-30 00:25:00+00:00,
120,02:00,4,2022-05-01,Sunday,2022-04-30 19:00:00+00:00,2022-04-30 23:00:00+00:00,2022-04-30 23:00:00+00:00,2022-05-01 03:00:00+00:00,391.78,384.86,6.919999999999959,False,BREAK_BEFORE_K1,0,0,,,False,,,BREAK_BEFORE_K1,2022-04-30 23:00:00+00:00,
120,02:00,4,2022-05-02,Monday,2022-05-01 19:00:00+00:00,2022-05-01 23:00:00+00:00,2022-05-01 23:00:00+00:00,2022-05-02 03:00:00+00:00,389.91,382.42,7.490000000000009,False,BREAK_BEFORE_K1,0,0,,,False,,,BREAK_BEFORE_K1,2022-05-01 23:20:00+00:00,
120,02:00,4,2022-05-03,Tuesday,2022-05-02 19:00:00+00:00,2022-05-02 23:00:00+00:00,2022-05-02 23:00:00+00:00,2022-05-03 03:00:00+00:00,390.57,383.77,6.800000000000011,True,,1,0,2022-05-02 23:15:00+00:00,2022-05-02 23:20:00+00:00,True,2022-05-02 23:25:00+00:00,2022-05-02 23:30:00+00:00,H2_ARRIVAL,2022-05-03 01:35:00+00:00,130.0
120,02:00,4,2022-05-04,Wednesday,2022-05-03 19:00:00+00:00,2022-05-03 23:00:00+00:00,2022-05-03 23:00:00+00:00,2022-05-04 03:00:00+00:00,383.92,379.5,4.420000000000016,False,BREAK_BEFORE_K1,0,0,,,False,,,BREAK_BEFORE_K1,2022-05-04 00:05:00+00:00,
120,02:00,4,2022-05-05,Thursday,2022-05-04 19:00:00+00:00,2022-05-04 23:00:00+00:00,2022-05-04 23:00:00+00:00,2022-05-05 03:00:00+00:00,402.93,398.49,4.439999999999998,False,BREAK_BEFORE_K1,0,0,,,False,,,BREAK_BEFORE_K1,2022-05-05 00:00:00+00:00,
120,02:00,4,2022-05-06,Friday,2022-05-05 19:00:00+00:00,2022-05-05 23:00:00+00:00,2022-05-05 23:00:00+00:00,2022-05-06 03:00:00+00:00,378.39,370.0,8.389999999999986,True,,1,0,2022-05-05 23:10:00+00:00,2022-05-05 23:15:00+00:00,True,2022-05-05 23:20:00+00:00,2022-05-05 23:25:00+00:00,H2_ARRIVAL,2022-05-05 23:50:00+00:00,30.0
120,02:00,4,2022-05-07,Saturday,2022-05-06 19:00:00+00:00,2022-05-06 23:00:00+00:00,2022-05-06 23:00:00+00:00,2022-05-07 03:00:00+00:00,382.38,378.09,4.2900000000000205,False,OPPOSITE_VISIT_BEFORE_K1,0,1,,,False,,,OPPOSITE_VISIT_BEFORE_K1,2022-05-07 01:45:00+00:00,
120,02:00,4,2022-05-08,Sunday,2022-05-07 19:00:00+00:00,2022-05-07 23:00:00+00:00,2022-05-07 23:00:00+00:00,2022-05-08 03:00:00+00:00,377.77,359.75,18.019999999999982,False,OPPOSITE_VISIT_BEFORE_K1,0,1,,,False,,,OPPOSITE_VISIT_BEFORE_K1,2022-05-08 02:05:00+00:00,
120,02:00,4,2022-05-09,Monday,2022-05-08 19:00:00+00:00,2022-05-08 23:00:00+00:00,2022-05-08 23:00:00+00:00,2022-05-09 03:00:00+00:00,359.51,355.62,3.8899999999999864,False,OPPOSITE_VISIT_BEFORE_K1,0,1,,,False,,,OPPOSITE_VISIT_BEFORE_K1,2022-05-08 23:15:00+00:00,
120,02:00,4,2022-05-10,Tuesday,2022-05-09 19:00:00+00:00,2022-05-09 23:00:00+00:00,2022-05-09 23:00:00+00:00,2022-05-10 03:00:00+00:00,316.41,300.61,15.800000000000011,False,BREAK_BEFORE_K1,0,0,,,False,,,BREAK_BEFORE_K1,2022-05-09 23:40:00+00:00,
120,02:00,4,2022-05-11,Wednesday,2022-05-10 19:00:00+00:00,2022-05-10 23:00:00+00:00,2022-05-10 23:00:00+00:00,2022-05-11 03:00:00+00:00,326.36,307.84,18.52000000000004,False,NO_K1,0,0,,,False,,,NO_K1,,
120,02:00,4,2022-05-12,Thursday,2022-05-11 19:00:00+00:00,2022-05-11 23:00:00+00:00,2022-05-11 23:00:00+00:00,2022-05-12 03:00:00+00:00,277.82,260.04,17.779999999999973,True,,1,0,2022-05-12 00:25:00+00:00,2022-05-12 00:30:00+00:00,False,,,BREAK_DURING_K1,2022-05-12 00:40:00+00:00,
120,02:00,4,2022-05-13,Friday,2022-05-12 19:00:00+00:00,2022-05-12 23:00:00+00:00,2022-05-12 23:00:00+00:00,2022-05-13 03:00:00+00:00,272.21,262.0,10.20999999999998,False,BREAK_BEFORE_K1,0,0,,,False,,,BREAK_BEFORE_K1,2022-05-13 00:35:00+00:00,
120,02:00,4,2022-05-14,Saturday,2022-05-13 19:00:00+00:00,2022-05-13 23:00:00+00:00,2022-05-13 23:00:00+00:00,2022-05-14 03:00:00+00:00,300.0,293.0,7.0,False,BREAK_BEFORE_K1,0,0,,,False,,,BREAK_BEFORE_K1,2022-05-13 23:05:00+00:00,
120,02:00,4,2022-05-15,Sunday,2022-05-14 19:00:00+00:00,2022-05-14 23:00:00+00:00,2022-05-14 23:00:00+00:00,2022-05-15 03:00:00+00:00,295.91,284.76,11.150000000000034,False,BREAK_BEFORE_K1,0,0,,,False,,,BREAK_BEFORE_K1,2022-05-14 23:40:00+00:00,
120,02:00,4,2022-05-16,Monday,2022-05-15 19:00:00+00:00,2022-05-15 23:00:00+00:00,2022-05-15 23:00:00+00:00,2022-05-16 03:00:00+00:00,311.34,300.58,10.759999999999991,False,BREAK_BEFORE_K1,0,0,,,False,,,BREAK_BEFORE_K1,2022-05-15 23:40:00+00:00,
120,02:00,4,2022-05-17,Tuesday,2022-05-16 19:00:00+00:00,2022-05-16 23:00:00+00:00,2022-05-16 23:00:00+00:00,2022-05-17 03:00:00+00:00,301.77,294.0,7.769999999999982,False,BREAK_BEFORE_K1,0,0,,,False,,,BREAK_BEFORE_K1,2022-05-17 00:50:00+00:00,
120,02:00,4,2022-05-18,Wednesday,2022-05-17 19:00:00+00:00,2022-05-17 23:00:00+00:00,2022-05-17 23:00:00+00:00,2022-05-18 03:00:00+00:00,305.9,298.9,7.0,True,,1,0,2022-05-17 23:05:00+00:00,2022-05-17 23:10:00+00:00,False,,,BREAK_DURING_K1,2022-05-17 23:10:00+00:00,
120,02:00,4,2022-05-19,Thursday,2022-05-18 19:00:00+00:00,2022-05-18 23:00:00+00:00,2022-05-18 23:00:00+00:00,2022-05-19 03:00:00+00:00,297.5,290.6,6.899999999999977,False,BREAK_BEFORE_K1,0,0,,,False,,,BREAK_BEFORE_K1,2022-05-18 23:25:00+00:00,
120,02:00,4,2022-05-20,Friday,2022-05-19 19:00:00+00:00,2022-05-19 23:00:00+00:00,2022-05-19 23:00:00+00:00,2022-05-20 03:00:00+00:00,306.82,302.62,4.199999999999989,False,BREAK_BEFORE_K1,0,0,,,False,,,BREAK_BEFORE_K1,2022-05-19 23:30:00+00:00,
120,02:00,4,2022-05-21,Saturday,2022-05-20 19:00:00+00:00,2022-05-20 23:00:00+00:00,2022-05-20 23:00:00+00:00,2022-05-21 03:00:00+00:00,304.71,297.15,7.560000000000002,True,,1,0,2022-05-20 23:15:00+00:00,2022-05-20 23:20:00+00:00,True,2022-05-20 23:20:00+00:00,2022-05-20 23:25:00+00:00,NO_H2_BY_END,,
120,02:00,4,2022-05-22,Sunday,2022-05-21 19:00:00+00:00,2022-05-21 23:00:00+00:00,2022-05-21 23:00:00+00:00,2022-05-22 03:00:00+00:00,313.98,310.82,3.160000000000025,False,BREAK_BEFORE_K1,0,0,,,False,,,BREAK_BEFORE_K1,2022-05-22 01:15:00+00:00,
120,02:00,4,2022-05-23,Monday,2022-05-22 19:00:00+00:00,2022-05-22 23:00:00+00:00,2022-05-22 23:00:00+00:00,2022-05-23 03:00:00+00:00,320.65,315.97,4.67999999999995,False,BREAK_BEFORE_K1,0,0,,,False,,,BREAK_BEFORE_K1,2022-05-23 00:15:00+00:00,
120,02:00,4,2022-05-24,Tuesday,2022-05-23 19:00:00+00:00,2022-05-23 23:00:00+00:00,2022-05-23 23:00:00+00:00,2022-05-24 03:00:00+00:00,330.3,318.11,12.189999999999998,False,OPPOSITE_VISIT_BEFORE_K1,0,1,,,False,,,OPPOSITE_VISIT_BEFORE_K1,2022-05-23 23:05:00+00:00,
120,02:00,4,2022-05-25,Wednesday,2022-05-24 19:00:00+00:00,2022-05-24 23:00:00+00:00,2022-05-24 23:00:00+00:00,2022-05-25 03:00:00+00:00,330.45,319.76,10.689999999999998,False,BREAK_BEFORE_K1,0,0,,,False,,,BREAK_BEFORE_K1,2022-05-25 01:05:00+00:00,
120,02:00,4,2022-05-26,Thursday,2022-05-25 19:00:00+00:00,2022-05-25 23:00:00+00:00,2022-05-25 23:00:00+00:00,2022-05-26 03:00:00+00:00,329.53,325.24,4.289999999999964,False,OPPOSITE_VISIT_BEFORE_K1,0,1,,,False,,,OPPOSITE_VISIT_BEFORE_K1,2022-05-25 23:50:00+00:00,
120,02:00,4,2022-05-27,Friday,2022-05-26 19:00:00+00:00,2022-05-26 23:00:00+00:00,2022-05-26 23:00:00+00:00,2022-05-27 03:00:00+00:00,313.58,307.46,6.1200000000000045,False,BREAK_BEFORE_K1,0,0,,,False,,,BREAK_BEFORE_K1,2022-05-26 23:45:00+00:00,
120,02:00,4,2022-05-28,Saturday,2022-05-27 19:00:00+00:00,2022-05-27 23:00:00+00:00,2022-05-27 23:00:00+00:00,2022-05-28 03:00:00+00:00,303.75,295.63,8.120000000000005,True,,1,0,2022-05-27 23:00:00+00:00,2022-05-27 23:05:00+00:00,True,2022-05-27 23:10:00+00:00,2022-05-27 23:15:00+00:00,H2_ARRIVAL,2022-05-28 00:40:00+00:00,90.0
120,02:00,4,2022-05-29,Sunday,2022-05-28 19:00:00+00:00,2022-05-28 23:00:00+00:00,2022-05-28 23:00:00+00:00,2022-05-29 03:00:00+00:00,309.57,306.12,3.4499999999999886,True,,1,0,2022-05-28 23:40:00+00:00,2022-05-28 23:45:00+00:00,True,2022-05-28 23:50:00+00:00,2022-05-28 23:55:00+00:00,OPPOSITE_BREAK_BEFORE_H2,2022-05-29 00:30:00+00:00,
120,02:00,4,2022-05-30,Monday,2022-05-29 19:00:00+00:00,2022-05-29 23:00:00+00:00,2022-05-29 23:00:00+00:00,2022-05-30 03:00:00+00:00,307.79,301.47,6.319999999999993,True,,1,0,2022-05-30 01:25:00+00:00,2022-05-30 01:30:00+00:00,False,,,BREAK_DURING_K1,2022-05-30 01:30:00+00:00,
120,02:00,4,2022-05-31,Tuesday,2022-05-30 19:00:00+00:00,2022-05-30 23:00:00+00:00,2022-05-30 23:00:00+00:00,2022-05-31 03:00:00+00:00,323.26,311.78,11.480000000000018,True,,1,0,2022-05-30 23:05:00+00:00,2022-05-30 23:10:00+00:00,False,,,BREAK_DURING_K1,2022-05-30 23:10:00+00:00,
120,02:00,4,2022-06-01,Wednesday,2022-05-31 19:00:00+00:00,2022-05-31 23:00:00+00:00,2022-05-31 23:00:00+00:00,2022-06-01 03:00:00+00:00,322.32,318.08,4.240000000000009,False,BREAK_BEFORE_K1,0,0,,,False,,,BREAK_BEFORE_K1,2022-05-31 23:00:00+00:00,
120,02:00,4,2022-06-02,Thursday,2022-06-01 19:00:00+00:00,2022-06-01 23:00:00+00:00,2022-06-01 23:00:00+00:00,2022-06-02 03:00:00+00:00,304.0,297.15,6.850000000000023,True,,1,0,2022-06-02 01:45:00+00:00,2022-06-02 01:50:00+00:00,True,2022-06-02 01:50:00+00:00,2022-06-02 01:55:00+00:00,NO_H2_BY_END,,
120,02:00,4,2022-06-03,Friday,2022-06-02 19:00:00+00:00,2022-06-02 23:00:00+00:00,2022-06-02 23:00:00+00:00,2022-06-03 03:00:00+00:00,308.19,303.33,4.860000000000014,True,,1,0,2022-06-02 23:05:00+00:00,2022-06-02 23:10:00+00:00,False,,,BREAK_DURING_K1,2022-06-02 23:20:00+00:00,
120,02:00,4,2022-06-04,Saturday,2022-06-03 19:00:00+00:00,2022-06-03 23:00:00+00:00,2022-06-03 23:00:00+00:00,2022-06-04 03:00:00+00:00,299.48,295.74,3.740000000000009,False,BREAK_BEFORE_K1,0,0,,,False,,,BREAK_BEFORE_K1,2022-06-04 01:55:00+00:00,
120,02:00,4,2022-06-05,Sunday,2022-06-04 19:00:00+00:00,2022-06-04 23:00:00+00:00,2022-06-04 23:00:00+00:00,2022-06-05 03:00:00+00:00,303.0,299.08,3.920000000000016,False,OPPOSITE_VISIT_BEFORE_K1,0,1,,,False,,,OPPOSITE_VISIT_BEFORE_K1,2022-06-05 00:30:00+00:00,
120,02:00,4,2022-06-06,Monday,2022-06-05 19:00:00+00:00,2022-06-05 23:00:00+00:00,2022-06-05 23:00:00+00:00,2022-06-06 03:00:00+00:00,302.43,298.89,3.5400000000000205,False,OPPOSITE_VISIT_BEFORE_K1,0,1,,,False,,,OPPOSITE_VISIT_BEFORE_K1,2022-06-05 23:15:00+00:00,
120,02:00,4,2022-06-07,Tuesday,2022-06-06 19:00:00+00:00,2022-06-06 23:00:00+00:00,2022-06-06 23:00:00+00:00,2022-06-07 03:00:00+00:00,302.13,286.8,15.329999999999984,False,BREAK_BEFORE_K1,0,0,,,False,,,BREAK_BEFORE_K1,2022-06-07 00:35:00+00:00,
120,02:00,4,2022-06-08,Wednesday,2022-06-07 19:00:00+00:00,2022-06-07 23:00:00+00:00,2022-06-07 23:00:00+00:00,2022-06-08 03:00:00+00:00,295.98,283.56,12.420000000000016,False,NO_K1,0,0,,,False,,,NO_K1,,
120,02:00,4,2022-06-09,Thursday,2022-06-08 19:00:00+00:00,2022-06-08 23:00:00+00:00,2022-06-08 23:00:00+00:00,2022-06-09 03:00:00+00:00,290.72,287.08,3.640000000000043,False,BREAK_BEFORE_K1,0,0,,,False,,,BREAK_BEFORE_K1,2022-06-09 00:05:00+00:00,
120,02:00,4,2022-06-10,Friday,2022-06-09 19:00:00+00:00,2022-06-09 23:00:00+00:00,2022-06-09 23:00:00+00:00,2022-06-10 03:00:00+00:00,290.39,286.5,3.8899999999999864,False,BREAK_BEFORE_K1,0,0,,,False,,,BREAK_BEFORE_K1,2022-06-10 00:15:00+00:00,
120,02:00,4,2022-06-11,Saturday,2022-06-10 19:00:00+00:00,2022-06-10 23:00:00+00:00,2022-06-10 23:00:00+00:00,2022-06-11 03:00:00+00:00,288.23,282.91,5.319999999999993,True,,1,0,2022-06-11 00:20:00+00:00,2022-06-11 00:25:00+00:00,False,,,BREAK_DURING_K1,2022-06-11 00:35:00+00:00,
120,02:00,4,2022-06-12,Sunday,2022-06-11 19:00:00+00:00,2022-06-11 23:00:00+00:00,2022-06-11 23:00:00+00:00,2022-06-12 03:00:00+00:00,273.77,268.29,5.479999999999961,False,OPPOSITE_VISIT_BEFORE_K1,0,1,,,False,,,OPPOSITE_VISIT_BEFORE_K1,2022-06-11 23:40:00+00:00,
120,02:00,4,2022-06-13,Monday,2022-06-12 19:00:00+00:00,2022-06-12 23:00:00+00:00,2022-06-12 23:00:00+00:00,2022-06-13 03:00:00+00:00,265.46,257.24,8.21999999999997,False,OPPOSITE_VISIT_BEFORE_K1,0,1,,,False,,,OPPOSITE_VISIT_BEFORE_K1,2022-06-12 23:00:00+00:00,
120,02:00,4,2022-06-14,Tuesday,2022-06-13 19:00:00+00:00,2022-06-13 23:00:00+00:00,2022-06-13 23:00:00+00:00,2022-06-14 03:00:00+00:00,231.98,219.6,12.379999999999995,False,BREAK_BEFORE_K1,0,0,,,False,,,BREAK_BEFORE_K1,2022-06-13 23:00:00+00:00,
120,02:00,4,2022-06-15,Wednesday,2022-06-14 19:00:00+00:00,2022-06-14 23:00:00+00:00,2022-06-14 23:00:00+00:00,2022-06-15 03:00:00+00:00,222.45,214.28,8.169999999999987,True,,1,0,2022-06-14 23:25:00+00:00,2022-06-14 23:30:00+00:00,False,,,BREAK_DURING_K1,2022-06-14 23:30:00+00:00,
120,02:00,4,2022-06-16,Thursday,2022-06-15 19:00:00+00:00,2022-06-15 23:00:00+00:00,2022-06-15 23:00:00+00:00,2022-06-16 03:00:00+00:00,232.92,218.36,14.559999999999974,False,BREAK_BEFORE_K1,0,0,,,False,,,BREAK_BEFORE_K1,2022-06-15 23:15:00+00:00,
120,02:00,4,2022-06-17,Friday,2022-06-16 19:00:00+00:00,2022-06-16 23:00:00+00:00,2022-06-16 23:00:00+00:00,2022-06-17 03:00:00+00:00,217.16,209.08,8.079999999999984,False,BREAK_BEFORE_K1,0,0,,,False,,,BREAK_BEFORE_K1,2022-06-16 23:00:00+00:00,
120,02:00,4,2022-06-18,Saturday,2022-06-17 19:00:00+00:00,2022-06-17 23:00:00+00:00,2022-06-17 23:00:00+00:00,2022-06-18 03:00:00+00:00,217.28,213.65,3.6299999999999955,False,BREAK_BEFORE_K1,0,0,,,False,,,BREAK_BEFORE_K1,2022-06-18 00:10:00+00:00,
120,02:00,4,2022-06-19,Sunday,2022-06-18 19:00:00+00:00,2022-06-18 23:00:00+00:00,2022-06-18 23:00:00+00:00,2022-06-19 03:00:00+00:00,200.78,182.97,17.810000000000002,False,NO_K1,0,0,,,False,,,NO_K1,,
120,02:00,4,2022-06-20,Monday,2022-06-19 19:00:00+00:00,2022-06-19 23:00:00+00:00,2022-06-19 23:00:00+00:00,2022-06-20 03:00:00+00:00,216.8,210.24,6.560000000000002,False,OPPOSITE_VISIT_BEFORE_K1,0,1,,,False,,,OPPOSITE_VISIT_BEFORE_K1,2022-06-20 00:50:00+00:00,
120,02:00,4,2022-06-21,Tuesday,2022-06-20 19:00:00+00:00,2022-06-20 23:00:00+00:00,2022-06-20 23:00:00+00:00,2022-06-21 03:00:00+00:00,216.62,211.7,4.920000000000016,False,BREAK_BEFORE_K1,0,0,,,False,,,BREAK_BEFORE_K1,2022-06-20 23:30:00+00:00,
120,02:00,4,2022-06-22,Wednesday,2022-06-21 19:00:00+00:00,2022-06-21 23:00:00+00:00,2022-06-21 23:00:00+00:00,2022-06-22 03:00:00+00:00,224.8,218.61,6.189999999999998,False,OPPOSITE_VISIT_BEFORE_K1,0,1,,,False,,,OPPOSITE_VISIT_BEFORE_K1,2022-06-21 23:20:00+00:00,
120,02:00,4,2022-06-23,Thursday,2022-06-22 19:00:00+00:00,2022-06-22 23:00:00+00:00,2022-06-22 23:00:00+00:00,2022-06-23 03:00:00+00:00,217.6,212.72,4.8799999999999955,True,,1,0,2022-06-23 00:15:00+00:00,2022-06-23 00:20:00+00:00,False,,,BREAK_DURING_K1,2022-06-23 00:20:00+00:00,
120,02:00,4,2022-06-24,Friday,2022-06-23 19:00:00+00:00,2022-06-23 23:00:00+00:00,2022-06-23 23:00:00+00:00,2022-06-24 03:00:00+00:00,230.67,222.42,8.25,True,,1,0,2022-06-24 00:15:00+00:00,2022-06-24 00:20:00+00:00,True,2022-06-24 00:25:00+00:00,2022-06-24 00:30:00+00:00,H2_ARRIVAL,2022-06-24 01:15:00+00:00,50.0
120,02:00,4,2022-06-25,Saturday,2022-06-24 19:00:00+00:00,2022-06-24 23:00:00+00:00,2022-06-24 23:00:00+00:00,2022-06-25 03:00:00+00:00,243.4,236.5,6.900000000000006,False,OPPOSITE_VISIT_BEFORE_K1,0,1,,,False,,,OPPOSITE_VISIT_BEFORE_K1,2022-06-25 02:20:00+00:00,
120,02:00,4,2022-06-26,Sunday,2022-06-25 19:00:00+00:00,2022-06-25 23:00:00+00:00,2022-06-25 23:00:00+00:00,2022-06-26 03:00:00+00:00,240.0,234.9,5.099999999999994,True,,1,0,2022-06-25 23:05:00+00:00,2022-06-25 23:10:00+00:00,False,,,BREAK_DURING_K1,2022-06-25 23:10:00+00:00,
120,02:00,4,2022-06-27,Monday,2022-06-26 19:00:00+00:00,2022-06-26 23:00:00+00:00,2022-06-26 23:00:00+00:00,2022-06-27 03:00:00+00:00,240.0,233.71,6.289999999999992,False,BREAK_BEFORE_K1,0,0,,,False,,,BREAK_BEFORE_K1,2022-06-26 23:40:00+00:00,
120,02:00,4,2022-06-28,Tuesday,2022-06-27 19:00:00+00:00,2022-06-27 23:00:00+00:00,2022-06-27 23:00:00+00:00,2022-06-28 03:00:00+00:00,236.09,232.94,3.1500000000000057,False,OPPOSITE_VISIT_BEFORE_K1,0,1,,,False,,,OPPOSITE_VISIT_BEFORE_K1,2022-06-27 23:45:00+00:00,
120,02:00,4,2022-06-29,Wednesday,2022-06-28 19:00:00+00:00,2022-06-28 23:00:00+00:00,2022-06-28 23:00:00+00:00,2022-06-29 03:00:00+00:00,233.69,226.7,6.990000000000009,False,OPPOSITE_VISIT_BEFORE_K1,0,1,,,False,,,OPPOSITE_VISIT_BEFORE_K1,2022-06-28 23:00:00+00:00,
120,02:00,4,2022-06-30,Thursday,2022-06-29 19:00:00+00:00,2022-06-29 23:00:00+00:00,2022-06-29 23:00:00+00:00,2022-06-30 03:00:00+00:00,222.44,218.3,4.139999999999986,False,OPPOSITE_VISIT_BEFORE_K1,0,1,,,False,,,OPPOSITE_VISIT_BEFORE_K1,2022-06-29 23:50:00+00:00,
120,02:00,4,2022-07-01,Friday,2022-06-30 19:00:00+00:00,2022-06-30 23:00:00+00:00,2022-06-30 23:00:00+00:00,2022-07-01 03:00:00+00:00,214.62,209.62,5.0,False,BREAK_BEFORE_K1,0,0,,,False,,,BREAK_BEFORE_K1,2022-06-30 23:45:00+00:00,
120,02:00,4,2022-07-02,Saturday,2022-07-01 19:00:00+00:00,2022-07-01 23:00:00+00:00,2022-07-01 23:00:00+00:00,2022-07-02 03:00:00+00:00,220.77,216.18,4.590000000000003,False,BREAK_BEFORE_K1,0,0,,,False,,,BREAK_BEFORE_K1,2022-07-01 23:50:00+00:00,
120,02:00,4,2022-07-03,Sunday,2022-07-02 19:00:00+00:00,2022-07-02 23:00:00+00:00,2022-07-02 23:00:00+00:00,2022-07-03 03:00:00+00:00,219.68,217.23,2.450000000000017,False,BREAK_BEFORE_K1,0,0,,,False,,,BREAK_BEFORE_K1,2022-07-03 00:20:00+00:00,
120,02:00,4,2022-07-04,Monday,2022-07-03 19:00:00+00:00,2022-07-03 23:00:00+00:00,2022-07-03 23:00:00+00:00,2022-07-04 03:00:00+00:00,220.2,216.57,3.6299999999999955,False,BREAK_BEFORE_K1,0,0,,,False,,,BREAK_BEFORE_K1,2022-07-04 02:40:00+00:00,
120,02:00,4,2022-07-05,Tuesday,2022-07-04 19:00:00+00:00,2022-07-04 23:00:00+00:00,2022-07-04 23:00:00+00:00,2022-07-05 03:00:00+00:00,230.84,226.59,4.25,False,BREAK_BEFORE_K1,0,0,,,False,,,BREAK_BEFORE_K1,2022-07-04 23:20:00+00:00,
120,02:00,4,2022-07-06,Wednesday,2022-07-05 19:00:00+00:00,2022-07-05 23:00:00+00:00,2022-07-05 23:00:00+00:00,2022-07-06 03:00:00+00:00,233.69,228.55,5.139999999999986,False,BREAK_BEFORE_K1,0,0,,,False,,,BREAK_BEFORE_K1,2022-07-06 00:45:00+00:00,
120,02:00,4,2022-07-07,Thursday,2022-07-06 19:00:00+00:00,2022-07-06 23:00:00+00:00,2022-07-06 23:00:00+00:00,2022-07-07 03:00:00+00:00,239.87,236.91,2.960000000000008,True,,1,0,2022-07-06 23:05:00+00:00,2022-07-06 23:10:00+00:00,True,2022-07-06 23:10:00+00:00,2022-07-06 23:15:00+00:00,OPPOSITE_BREAK_BEFORE_H2,2022-07-07 02:30:00+00:00,
120,02:00,4,2022-07-08,Friday,2022-07-07 19:00:00+00:00,2022-07-07 23:00:00+00:00,2022-07-07 23:00:00+00:00,2022-07-08 03:00:00+00:00,243.71,240.2,3.5100000000000193,False,OPPOSITE_VISIT_BEFORE_K1,0,1,,,False,,,OPPOSITE_VISIT_BEFORE_K1,2022-07-08 00:30:00+00:00,
120,02:00,4,2022-07-09,Saturday,2022-07-08 19:00:00+00:00,2022-07-08 23:00:00+00:00,2022-07-08 23:00:00+00:00,2022-07-09 03:00:00+00:00,243.6,240.74,2.859999999999985,True,,1,0,2022-07-08 23:25:00+00:00,2022-07-08 23:30:00+00:00,True,2022-07-08 23:30:00+00:00,2022-07-08 23:35:00+00:00,OPPOSITE_BREAK_BEFORE_H2,2022-07-08 23:55:00+00:00,
120,02:00,4,2022-07-10,Sunday,2022-07-09 19:00:00+00:00,2022-07-09 23:00:00+00:00,2022-07-09 23:00:00+00:00,2022-07-10 03:00:00+00:00,244.19,241.87,2.319999999999993,False,BREAK_BEFORE_K1,0,0,,,False,,,BREAK_BEFORE_K1,2022-07-10 00:45:00+00:00,
120,02:00,4,2022-07-11,Monday,2022-07-10 19:00:00+00:00,2022-07-10 23:00:00+00:00,2022-07-10 23:00:00+00:00,2022-07-11 03:00:00+00:00,235.65,232.48,3.170000000000016,False,BREAK_BEFORE_K1,0,0,,,False,,,BREAK_BEFORE_K1,2022-07-11 01:20:00+00:00,
120,02:00,4,2022-07-12,Tuesday,2022-07-11 19:00:00+00:00,2022-07-11 23:00:00+00:00,2022-07-11 23:00:00+00:00,2022-07-12 03:00:00+00:00,232.33,225.43,6.900000000000006,False,BREAK_BEFORE_K1,0,0,,,False,,,BREAK_BEFORE_K1,2022-07-11 23:00:00+00:00,
120,02:00,4,2022-07-13,Wednesday,2022-07-12 19:00:00+00:00,2022-07-12 23:00:00+00:00,2022-07-12 23:00:00+00:00,2022-07-13 03:00:00+00:00,225.24,221.15,4.090000000000003,False,BREAK_BEFORE_K1,0,0,,,False,,,BREAK_BEFORE_K1,2022-07-12 23:50:00+00:00,
120,02:00,4,2022-07-14,Thursday,2022-07-13 19:00:00+00:00,2022-07-13 23:00:00+00:00,2022-07-13 23:00:00+00:00,2022-07-14 03:00:00+00:00,227.35,224.29,3.0600000000000023,True,,1,0,2022-07-13 23:10:00+00:00,2022-07-13 23:15:00+00:00,False,,,BREAK_DURING_K1,2022-07-13 23:15:00+00:00,
120,02:00,4,2022-07-15,Friday,2022-07-14 19:00:00+00:00,2022-07-14 23:00:00+00:00,2022-07-14 23:00:00+00:00,2022-07-15 03:00:00+00:00,239.94,236.76,3.180000000000007,False,BREAK_BEFORE_K1,0,0,,,False,,,BREAK_BEFORE_K1,2022-07-15 00:05:00+00:00,
120,02:00,4,2022-07-16,Saturday,2022-07-15 19:00:00+00:00,2022-07-15 23:00:00+00:00,2022-07-15 23:00:00+00:00,2022-07-16 03:00:00+00:00,242.6,237.6,5.0,False,OPPOSITE_VISIT_BEFORE_K1,0,1,,,False,,,OPPOSITE_VISIT_BEFORE_K1,2022-07-16 00:00:00+00:00,
120,02:00,4,2022-07-17,Sunday,2022-07-16 19:00:00+00:00,2022-07-16 23:00:00+00:00,2022-07-16 23:00:00+00:00,2022-07-17 03:00:00+00:00,251.57,246.46,5.109999999999985,True,,1,0,2022-07-17 00:05:00+00:00,2022-07-17 00:10:00+00:00,True,2022-07-17 00:15:00+00:00,2022-07-17 00:20:00+00:00,NO_H2_BY_END,,
120,02:00,4,2022-07-18,Monday,2022-07-17 19:00:00+00:00,2022-07-17 23:00:00+00:00,2022-07-17 23:00:00+00:00,2022-07-18 03:00:00+00:00,251.18,247.57,3.6100000000000136,False,OPPOSITE_VISIT_BEFORE_K1,0,1,,,False,,,OPPOSITE_VISIT_BEFORE_K1,2022-07-17 23:50:00+00:00,
120,02:00,4,2022-07-19,Tuesday,2022-07-18 19:00:00+00:00,2022-07-18 23:00:00+00:00,2022-07-18 23:00:00+00:00,2022-07-19 03:00:00+00:00,259.7,254.68,5.019999999999982,False,BREAK_BEFORE_K1,0,0,,,False,,,BREAK_BEFORE_K1,2022-07-18 23:00:00+00:00,
120,02:00,4,2022-07-20,Wednesday,2022-07-19 19:00:00+00:00,2022-07-19 23:00:00+00:00,2022-07-19 23:00:00+00:00,2022-07-20 03:00:00+00:00,274.77,269.1,5.669999999999959,False,OPPOSITE_VISIT_BEFORE_K1,0,1,,,False,,,OPPOSITE_VISIT_BEFORE_K1,2022-07-19 23:20:00+00:00,
120,02:00,4,2022-07-21,Thursday,2022-07-20 19:00:00+00:00,2022-07-20 23:00:00+00:00,2022-07-20 23:00:00+00:00,2022-07-21 03:00:00+00:00,267.09,256.74,10.349999999999966,False,OPPOSITE_VISIT_BEFORE_K1,0,1,,,False,,,OPPOSITE_VISIT_BEFORE_K1,2022-07-20 23:15:00+00:00,
120,02:00,4,2022-07-22,Friday,2022-07-21 19:00:00+00:00,2022-07-21 23:00:00+00:00,2022-07-21 23:00:00+00:00,2022-07-22 03:00:00+00:00,265.88,261.61,4.269999999999982,False,BREAK_BEFORE_K1,0,0,,,False,,,BREAK_BEFORE_K1,2022-07-22 00:10:00+00:00,
120,02:00,4,2022-07-23,Saturday,2022-07-22 19:00:00+00:00,2022-07-22 23:00:00+00:00,2022-07-22 23:00:00+00:00,2022-07-23 03:00:00+00:00,266.99,261.07,5.920000000000016,False,OPPOSITE_VISIT_BEFORE_K1,0,1,,,False,,,OPPOSITE_VISIT_BEFORE_K1,2022-07-23 00:05:00+00:00,
120,02:00,4,2022-07-24,Sunday,2022-07-23 19:00:00+00:00,2022-07-23 23:00:00+00:00,2022-07-23 23:00:00+00:00,2022-07-24 03:00:00+00:00,260.27,252.56,7.7099999999999795,False,BREAK_BEFORE_K1,0,0,,,False,,,BREAK_BEFORE_K1,2022-07-24 00:00:00+00:00,
120,02:00,4,2022-07-25,Monday,2022-07-24 19:00:00+00:00,2022-07-24 23:00:00+00:00,2022-07-24 23:00:00+00:00,2022-07-25 03:00:00+00:00,266.22,260.92,5.300000000000011,False,BREAK_BEFORE_K1,0,0,,,False,,,BREAK_BEFORE_K1,2022-07-24 23:00:00+00:00,
120,02:00,4,2022-07-26,Tuesday,2022-07-25 19:00:00+00:00,2022-07-25 23:00:00+00:00,2022-07-25 23:00:00+00:00,2022-07-26 03:00:00+00:00,255.03,249.24,5.789999999999992,False,OPPOSITE_VISIT_BEFORE_K1,0,1,,,False,,,OPPOSITE_VISIT_BEFORE_K1,2022-07-25 23:10:00+00:00,
120,02:00,4,2022-07-27,Wednesday,2022-07-26 19:00:00+00:00,2022-07-26 23:00:00+00:00,2022-07-26 23:00:00+00:00,2022-07-27 03:00:00+00:00,247.3,241.39,5.910000000000025,False,BREAK_BEFORE_K1,0,0,,,False,,,BREAK_BEFORE_K1,2022-07-26 23:10:00+00:00,
120,02:00,4,2022-07-28,Thursday,2022-07-27 19:00:00+00:00,2022-07-27 23:00:00+00:00,2022-07-27 23:00:00+00:00,2022-07-28 03:00:00+00:00,270.59,266.7,3.8899999999999864,True,,1,0,2022-07-27 23:45:00+00:00,2022-07-27 23:50:00+00:00,False,,,BREAK_DURING_K1,2022-07-27 23:50:00+00:00,
120,02:00,4,2022-07-29,Friday,2022-07-28 19:00:00+00:00,2022-07-28 23:00:00+00:00,2022-07-28 23:00:00+00:00,2022-07-29 03:00:00+00:00,280.93,275.05,5.8799999999999955,False,OPPOSITE_VISIT_BEFORE_K1,0,1,,,False,,,OPPOSITE_VISIT_BEFORE_K1,2022-07-29 00:20:00+00:00,
120,02:00,4,2022-07-30,Saturday,2022-07-29 19:00:00+00:00,2022-07-29 23:00:00+00:00,2022-07-29 23:00:00+00:00,2022-07-30 03:00:00+00:00,299.23,293.7,5.53000000000003,False,BREAK_BEFORE_K1,0,0,,,False,,,BREAK_BEFORE_K1,2022-07-29 23:50:00+00:00,
120,02:00,4,2022-07-31,Sunday,2022-07-30 19:00:00+00:00,2022-07-30 23:00:00+00:00,2022-07-30 23:00:00+00:00,2022-07-31 03:00:00+00:00,296.77,286.1,10.669999999999959,False,OPPOSITE_VISIT_BEFORE_K1,0,1,,,False,,,OPPOSITE_VISIT_BEFORE_K1,2022-07-30 23:15:00+00:00,
120,02:00,4,2022-08-01,Monday,2022-07-31 19:00:00+00:00,2022-07-31 23:00:00+00:00,2022-07-31 23:00:00+00:00,2022-08-01 03:00:00+00:00,292.74,282.03,10.710000000000036,False,NO_K1,0,0,,,False,,,NO_K1,,
120,02:00,4,2022-08-02,Tuesday,2022-08-01 19:00:00+00:00,2022-08-01 23:00:00+00:00,2022-08-01 23:00:00+00:00,2022-08-02 03:00:00+00:00,283.06,278.74,4.319999999999993,True,,1,0,2022-08-01 23:00:00+00:00,2022-08-01 23:05:00+00:00,False,,,BREAK_DURING_K1,2022-08-01 23:05:00+00:00,
120,02:00,4,2022-08-03,Wednesday,2022-08-02 19:00:00+00:00,2022-08-02 23:00:00+00:00,2022-08-02 23:00:00+00:00,2022-08-03 03:00:00+00:00,287.8,283.21,4.590000000000032,False,OPPOSITE_VISIT_BEFORE_K1,0,1,,,False,,,OPPOSITE_VISIT_BEFORE_K1,2022-08-02 23:15:00+00:00,
120,02:00,4,2022-08-04,Thursday,2022-08-03 19:00:00+00:00,2022-08-03 23:00:00+00:00,2022-08-03 23:00:00+00:00,2022-08-04 03:00:00+00:00,305.36,298.5,6.860000000000014,False,BREAK_BEFORE_K1,0,0,,,False,,,BREAK_BEFORE_K1,2022-08-03 23:05:00+00:00,
120,02:00,4,2022-08-05,Friday,2022-08-04 19:00:00+00:00,2022-08-04 23:00:00+00:00,2022-08-04 23:00:00+00:00,2022-08-05 03:00:00+00:00,313.67,304.51,9.160000000000025,False,BREAK_BEFORE_K1,0,0,,,False,,,BREAK_BEFORE_K1,2022-08-05 01:50:00+00:00,
120,02:00,4,2022-08-06,Saturday,2022-08-05 19:00:00+00:00,2022-08-05 23:00:00+00:00,2022-08-05 23:00:00+00:00,2022-08-06 03:00:00+00:00,316.9,312.05,4.849999999999966,False,BREAK_BEFORE_K1,0,0,,,False,,,BREAK_BEFORE_K1,2022-08-06 00:30:00+00:00,
120,02:00,4,2022-08-07,Sunday,2022-08-06 19:00:00+00:00,2022-08-06 23:00:00+00:00,2022-08-06 23:00:00+00:00,2022-08-07 03:00:00+00:00,321.2,315.81,5.389999999999986,False,BREAK_BEFORE_K1,0,0,,,False,,,BREAK_BEFORE_K1,2022-08-06 23:15:00+00:00,
120,02:00,4,2022-08-08,Monday,2022-08-07 19:00:00+00:00,2022-08-07 23:00:00+00:00,2022-08-07 23:00:00+00:00,2022-08-08 03:00:00+00:00,325.93,321.44,4.490000000000009,False,BREAK_BEFORE_K1,0,0,,,False,,,BREAK_BEFORE_K1,2022-08-08 00:15:00+00:00,
120,02:00,4,2022-08-09,Tuesday,2022-08-08 19:00:00+00:00,2022-08-08 23:00:00+00:00,2022-08-08 23:00:00+00:00,2022-08-09 03:00:00+00:00,329.64,321.0,8.639999999999986,False,NO_K1,0,0,,,False,,,NO_K1,,
120,02:00,4,2022-08-10,Wednesday,2022-08-09 19:00:00+00:00,2022-08-09 23:00:00+00:00,2022-08-09 23:00:00+00:00,2022-08-10 03:00:00+00:00,326.44,318.68,7.759999999999991,False,BREAK_BEFORE_K1,0,0,,,False,,,BREAK_BEFORE_K1,2022-08-09 23:00:00+00:00,
120,02:00,4,2022-08-11,Thursday,2022-08-10 19:00:00+00:00,2022-08-10 23:00:00+00:00,2022-08-10 23:00:00+00:00,2022-08-11 03:00:00+00:00,330.49,325.79,4.699999999999989,True,,1,0,2022-08-11 00:20:00+00:00,2022-08-11 00:25:00+00:00,True,2022-08-11 00:25:00+00:00,2022-08-11 00:30:00+00:00,H2_ARRIVAL,2022-08-11 00:35:00+00:00,10.0
120,02:00,4,2022-08-12,Friday,2022-08-11 19:00:00+00:00,2022-08-11 23:00:00+00:00,2022-08-11 23:00:00+00:00,2022-08-12 03:00:00+00:00,327.42,322.86,4.560000000000002,False,BREAK_BEFORE_K1,0,0,,,False,,,BREAK_BEFORE_K1,2022-08-11 23:00:00+00:00,
120,02:00,4,2022-08-13,Saturday,2022-08-12 19:00:00+00:00,2022-08-12 23:00:00+00:00,2022-08-12 23:00:00+00:00,2022-08-13 03:00:00+00:00,326.0,323.0,3.0,False,BREAK_BEFORE_K1,0,0,,,False,,,BREAK_BEFORE_K1,2022-08-12 23:15:00+00:00,
120,02:00,4,2022-08-14,Sunday,2022-08-13 19:00:00+00:00,2022-08-13 23:00:00+00:00,2022-08-13 23:00:00+00:00,2022-08-14 03:00:00+00:00,326.85,323.0,3.8500000000000227,False,OPPOSITE_VISIT_BEFORE_K1,0,1,,,False,,,OPPOSITE_VISIT_BEFORE_K1,2022-08-13 23:00:00+00:00,
120,02:00,4,2022-08-15,Monday,2022-08-14 19:00:00+00:00,2022-08-14 23:00:00+00:00,2022-08-14 23:00:00+00:00,2022-08-15 03:00:00+00:00,320.48,316.32,4.160000000000025,False,BREAK_BEFORE_K1,0,0,,,False,,,BREAK_BEFORE_K1,2022-08-15 00:05:00+00:00,
120,02:00,4,2022-08-16,Tuesday,2022-08-15 19:00:00+00:00,2022-08-15 23:00:00+00:00,2022-08-15 23:00:00+00:00,2022-08-16 03:00:00+00:00,320.18,316.64,3.5400000000000205,False,BREAK_BEFORE_K1,0,0,,,False,,,BREAK_BEFORE_K1,2022-08-15 23:00:00+00:00,
120,02:00,4,2022-08-17,Wednesday,2022-08-16 19:00:00+00:00,2022-08-16 23:00:00+00:00,2022-08-16 23:00:00+00:00,2022-08-17 03:00:00+00:00,317.58,313.06,4.519999999999982,False,BREAK_BEFORE_K1,0,0,,,False,,,BREAK_BEFORE_K1,2022-08-17 00:35:00+00:00,
120,02:00,4,2022-08-18,Thursday,2022-08-17 19:00:00+00:00,2022-08-17 23:00:00+00:00,2022-08-17 23:00:00+00:00,2022-08-18 03:00:00+00:00,310.28,303.5,6.779999999999973,False,BREAK_BEFORE_K1,0,0,,,False,,,BREAK_BEFORE_K1,2022-08-18 00:25:00+00:00,
120,02:00,4,2022-08-19,Friday,2022-08-18 19:00:00+00:00,2022-08-18 23:00:00+00:00,2022-08-18 23:00:00+00:00,2022-08-19 03:00:00+00:00,304.8,302.34,2.4600000000000364,False,OPPOSITE_VISIT_BEFORE_K1,0,1,,,False,,,OPPOSITE_VISIT_BEFORE_K1,2022-08-18 23:00:00+00:00,
120,02:00,4,2022-08-20,Saturday,2022-08-19 19:00:00+00:00,2022-08-19 23:00:00+00:00,2022-08-19 23:00:00+00:00,2022-08-20 03:00:00+00:00,287.83,277.3,10.529999999999973,False,NO_K1,0,0,,,False,,,NO_K1,,
120,02:00,4,2022-08-21,Sunday,2022-08-20 19:00:00+00:00,2022-08-20 23:00:00+00:00,2022-08-20 23:00:00+00:00,2022-08-21 03:00:00+00:00,283.8,276.55,7.25,False,BREAK_BEFORE_K1,0,0,,,False,,,BREAK_BEFORE_K1,2022-08-20 23:25:00+00:00,
120,02:00,4,2022-08-22,Monday,2022-08-21 19:00:00+00:00,2022-08-21 23:00:00+00:00,2022-08-21 23:00:00+00:00,2022-08-22 03:00:00+00:00,304.31,296.43,7.8799999999999955,True,,1,0,2022-08-22 00:20:00+00:00,2022-08-22 00:25:00+00:00,True,2022-08-22 00:25:00+00:00,2022-08-22 00:30:00+00:00,NO_H2_BY_END,,
120,02:00,4,2022-08-23,Tuesday,2022-08-22 19:00:00+00:00,2022-08-22 23:00:00+00:00,2022-08-22 23:00:00+00:00,2022-08-23 03:00:00+00:00,301.68,293.84,7.840000000000032,True,,1,0,2022-08-23 00:25:00+00:00,2022-08-23 00:30:00+00:00,True,2022-08-23 00:35:00+00:00,2022-08-23 00:40:00+00:00,NO_H2_BY_END,,
120,02:00,4,2022-08-24,Wednesday,2022-08-23 19:00:00+00:00,2022-08-23 23:00:00+00:00,2022-08-23 23:00:00+00:00,2022-08-24 03:00:00+00:00,299.57,297.01,2.5600000000000023,True,,1,0,2022-08-23 23:10:00+00:00,2022-08-23 23:15:00+00:00,False,,,BREAK_DURING_K1,2022-08-23 23:20:00+00:00,
120,02:00,4,2022-08-25,Thursday,2022-08-24 19:00:00+00:00,2022-08-24 23:00:00+00:00,2022-08-24 23:00:00+00:00,2022-08-25 03:00:00+00:00,300.17,296.02,4.150000000000034,False,OPPOSITE_VISIT_BEFORE_K1,0,1,,,False,,,OPPOSITE_VISIT_BEFORE_K1,2022-08-24 23:25:00+00:00,
120,02:00,4,2022-08-26,Friday,2022-08-25 19:00:00+00:00,2022-08-25 23:00:00+00:00,2022-08-25 23:00:00+00:00,2022-08-26 03:00:00+00:00,303.78,300.67,3.109999999999957,False,OPPOSITE_VISIT_BEFORE_K1,0,1,,,False,,,OPPOSITE_VISIT_BEFORE_K1,2022-08-25 23:00:00+00:00,
120,02:00,4,2022-08-27,Saturday,2022-08-26 19:00:00+00:00,2022-08-26 23:00:00+00:00,2022-08-26 23:00:00+00:00,2022-08-27 03:00:00+00:00,286.23,282.0,4.230000000000018,False,OPPOSITE_VISIT_BEFORE_K1,0,1,,,False,,,OPPOSITE_VISIT_BEFORE_K1,2022-08-26 23:05:00+00:00,
120,02:00,4,2022-08-28,Sunday,2022-08-27 19:00:00+00:00,2022-08-27 23:00:00+00:00,2022-08-27 23:00:00+00:00,2022-08-28 03:00:00+00:00,278.31,272.8,5.509999999999991,False,BREAK_BEFORE_K1,0,0,,,False,,,BREAK_BEFORE_K1,2022-08-28 01:20:00+00:00,
120,02:00,4,2022-08-29,Monday,2022-08-28 19:00:00+00:00,2022-08-28 23:00:00+00:00,2022-08-28 23:00:00+00:00,2022-08-29 03:00:00+00:00,282.94,278.5,4.439999999999998,False,BREAK_BEFORE_K1,0,0,,,False,,,BREAK_BEFORE_K1,2022-08-28 23:00:00+00:00,
120,02:00,4,2022-08-30,Tuesday,2022-08-29 19:00:00+00:00,2022-08-29 23:00:00+00:00,2022-08-29 23:00:00+00:00,2022-08-30 03:00:00+00:00,284.35,279.85,4.5,True,,1,0,2022-08-29 23:00:00+00:00,2022-08-29 23:05:00+00:00,True,2022-08-29 23:05:00+00:00,2022-08-29 23:10:00+00:00,H2_ARRIVAL,2022-08-29 23:20:00+00:00,15.0
120,02:00,4,2022-08-31,Wednesday,2022-08-30 19:00:00+00:00,2022-08-30 23:00:00+00:00,2022-08-30 23:00:00+00:00,2022-08-31 03:00:00+00:00,284.58,278.43,6.149999999999977,True,,1,0,2022-08-31 00:25:00+00:00,2022-08-31 00:30:00+00:00,True,2022-08-31 00:35:00+00:00,2022-08-31 00:40:00+00:00,H2_ARRIVAL,2022-08-31 01:35:00+00:00,60.0
120,02:00,4,2022-09-01,Thursday,2022-08-31 19:00:00+00:00,2022-08-31 23:00:00+00:00,2022-08-31 23:00:00+00:00,2022-09-01 03:00:00+00:00,283.3,279.3,4.0,False,OPPOSITE_VISIT_BEFORE_K1,0,1,,,False,,,OPPOSITE_VISIT_BEFORE_K1,2022-08-31 23:00:00+00:00,
120,02:00,4,2022-09-02,Friday,2022-09-01 19:00:00+00:00,2022-09-01 23:00:00+00:00,2022-09-01 23:00:00+00:00,2022-09-02 03:00:00+00:00,278.5,274.41,4.089999999999975,True,,1,0,2022-09-01 23:35:00+00:00,2022-09-01 23:40:00+00:00,True,2022-09-01 23:40:00+00:00,2022-09-01 23:45:00+00:00,NO_H2_BY_END,,
120,02:00,4,2022-09-03,Saturday,2022-09-02 19:00:00+00:00,2022-09-02 23:00:00+00:00,2022-09-02 23:00:00+00:00,2022-09-03 03:00:00+00:00,277.8,273.33,4.470000000000027,True,,1,0,2022-09-03 00:20:00+00:00,2022-09-03 00:25:00+00:00,True,2022-09-03 00:30:00+00:00,2022-09-03 00:35:00+00:00,H2_ARRIVAL,2022-09-03 00:35:00+00:00,5.0
120,02:00,4,2022-09-04,Sunday,2022-09-03 19:00:00+00:00,2022-09-03 23:00:00+00:00,2022-09-03 23:00:00+00:00,2022-09-04 03:00:00+00:00,277.99,275.28,2.7100000000000364,False,BREAK_BEFORE_K1,0,0,,,False,,,BREAK_BEFORE_K1,2022-09-04 00:25:00+00:00,
120,02:00,4,2022-09-05,Monday,2022-09-04 19:00:00+00:00,2022-09-04 23:00:00+00:00,2022-09-04 23:00:00+00:00,2022-09-05 03:00:00+00:00,279.12,276.9,2.2200000000000273,False,BREAK_BEFORE_K1,0,0,,,False,,,BREAK_BEFORE_K1,2022-09-05 00:00:00+00:00,
120,02:00,4,2022-09-06,Tuesday,2022-09-05 19:00:00+00:00,2022-09-05 23:00:00+00:00,2022-09-05 23:00:00+00:00,2022-09-06 03:00:00+00:00,276.12,273.42,2.6999999999999886,False,BREAK_BEFORE_K1,0,0,,,False,,,BREAK_BEFORE_K1,2022-09-05 23:35:00+00:00,
120,02:00,4,2022-09-07,Wednesday,2022-09-06 19:00:00+00:00,2022-09-06 23:00:00+00:00,2022-09-06 23:00:00+00:00,2022-09-07 03:00:00+00:00,267.09,260.44,6.649999999999977,False,OPPOSITE_VISIT_BEFORE_K1,0,1,,,False,,,OPPOSITE_VISIT_BEFORE_K1,2022-09-06 23:55:00+00:00,
120,02:00,4,2022-09-08,Thursday,2022-09-07 19:00:00+00:00,2022-09-07 23:00:00+00:00,2022-09-07 23:00:00+00:00,2022-09-08 03:00:00+00:00,280.68,269.32,11.360000000000014,True,,1,0,2022-09-08 02:30:00+00:00,2022-09-08 02:35:00+00:00,True,2022-09-08 02:35:00+00:00,2022-09-08 02:40:00+00:00,NO_H2_BY_END,,
120,02:00,4,2022-09-09,Friday,2022-09-08 19:00:00+00:00,2022-09-08 23:00:00+00:00,2022-09-08 23:00:00+00:00,2022-09-09 03:00:00+00:00,281.94,279.2,2.740000000000009,True,,1,0,2022-09-09 01:15:00+00:00,2022-09-09 01:20:00+00:00,True,2022-09-09 01:20:00+00:00,2022-09-09 01:25:00+00:00,H2_ARRIVAL,2022-09-09 02:25:00+00:00,65.0
120,02:00,4,2022-09-10,Saturday,2022-09-09 19:00:00+00:00,2022-09-09 23:00:00+00:00,2022-09-09 23:00:00+00:00,2022-09-10 03:00:00+00:00,293.88,289.45,4.430000000000007,True,,1,0,2022-09-09 23:15:00+00:00,2022-09-09 23:20:00+00:00,True,2022-09-09 23:20:00+00:00,2022-09-09 23:25:00+00:00,H2_ARRIVAL,2022-09-10 01:05:00+00:00,105.0
120,02:00,4,2022-09-11,Sunday,2022-09-10 19:00:00+00:00,2022-09-10 23:00:00+00:00,2022-09-10 23:00:00+00:00,2022-09-11 03:00:00+00:00,298.45,292.55,5.899999999999977,True,,1,0,2022-09-10 23:30:00+00:00,2022-09-10 23:35:00+00:00,True,2022-09-10 23:35:00+00:00,2022-09-10 23:40:00+00:00,NO_H2_BY_END,,
120,02:00,4,2022-09-12,Monday,2022-09-11 19:00:00+00:00,2022-09-11 23:00:00+00:00,2022-09-11 23:00:00+00:00,2022-09-12 03:00:00+00:00,295.33,289.35,5.979999999999961,True,,1,0,2022-09-11 23:45:00+00:00,2022-09-11 23:50:00+00:00,True,2022-09-11 23:50:00+00:00,2022-09-11 23:55:00+00:00,H2_ARRIVAL,2022-09-12 00:05:00+00:00,15.0
120,02:00,4,2022-09-13,Tuesday,2022-09-12 19:00:00+00:00,2022-09-12 23:00:00+00:00,2022-09-12 23:00:00+00:00,2022-09-13 03:00:00+00:00,294.77,291.2,3.569999999999993,False,OPPOSITE_VISIT_BEFORE_K1,0,1,,,False,,,OPPOSITE_VISIT_BEFORE_K1,2022-09-13 00:15:00+00:00,
120,02:00,4,2022-09-14,Wednesday,2022-09-13 19:00:00+00:00,2022-09-13 23:00:00+00:00,2022-09-13 23:00:00+00:00,2022-09-14 03:00:00+00:00,280.82,275.4,5.420000000000016,False,OPPOSITE_VISIT_BEFORE_K1,0,1,,,False,,,OPPOSITE_VISIT_BEFORE_K1,2022-09-13 23:20:00+00:00,
120,02:00,4,2022-09-15,Thursday,2022-09-14 19:00:00+00:00,2022-09-14 23:00:00+00:00,2022-09-14 23:00:00+00:00,2022-09-15 03:00:00+00:00,280.18,275.39,4.7900000000000205,True,,1,0,2022-09-15 00:20:00+00:00,2022-09-15 00:25:00+00:00,True,2022-09-15 00:25:00+00:00,2022-09-15 00:30:00+00:00,OPPOSITE_BREAK_BEFORE_H2,2022-09-15 02:25:00+00:00,
120,02:00,4,2022-09-16,Friday,2022-09-15 19:00:00+00:00,2022-09-15 23:00:00+00:00,2022-09-15 23:00:00+00:00,2022-09-16 03:00:00+00:00,272.57,268.42,4.149999999999977,False,OPPOSITE_VISIT_BEFORE_K1,0,1,,,False,,,OPPOSITE_VISIT_BEFORE_K1,2022-09-16 00:15:00+00:00,
120,02:00,4,2022-09-17,Saturday,2022-09-16 19:00:00+00:00,2022-09-16 23:00:00+00:00,2022-09-16 23:00:00+00:00,2022-09-17 03:00:00+00:00,274.47,272.04,2.430000000000007,True,,1,0,2022-09-16 23:05:00+00:00,2022-09-16 23:10:00+00:00,True,2022-09-16 23:10:00+00:00,2022-09-16 23:15:00+00:00,H2_ARRIVAL,2022-09-16 23:50:00+00:00,40.0
120,02:00,4,2022-09-18,Sunday,2022-09-17 19:00:00+00:00,2022-09-17 23:00:00+00:00,2022-09-17 23:00:00+00:00,2022-09-18 03:00:00+00:00,279.38,277.35,2.0299999999999727,True,,1,0,2022-09-17 23:35:00+00:00,2022-09-17 23:40:00+00:00,True,2022-09-17 23:50:00+00:00,2022-09-17 23:55:00+00:00,OPPOSITE_BREAK_BEFORE_H2,2022-09-18 00:15:00+00:00,
120,02:00,4,2022-09-19,Monday,2022-09-18 19:00:00+00:00,2022-09-18 23:00:00+00:00,2022-09-18 23:00:00+00:00,2022-09-19 03:00:00+00:00,273.38,262.13,11.25,False,OPPOSITE_VISIT_BEFORE_K1,0,1,,,False,,,OPPOSITE_VISIT_BEFORE_K1,2022-09-19 02:15:00+00:00,
120,02:00,4,2022-09-20,Tuesday,2022-09-19 19:00:00+00:00,2022-09-19 23:00:00+00:00,2022-09-19 23:00:00+00:00,2022-09-20 03:00:00+00:00,273.09,266.54,6.5499999999999545,True,,1,0,2022-09-20 00:00:00+00:00,2022-09-20 00:05:00+00:00,False,,,BREAK_DURING_K1,2022-09-20 00:05:00+00:00,
120,02:00,4,2022-09-21,Wednesday,2022-09-20 19:00:00+00:00,2022-09-20 23:00:00+00:00,2022-09-20 23:00:00+00:00,2022-09-21 03:00:00+00:00,268.87,265.23,3.6399999999999864,False,OPPOSITE_VISIT_BEFORE_K1,0,1,,,False,,,OPPOSITE_VISIT_BEFORE_K1,2022-09-20 23:10:00+00:00,
120,02:00,4,2022-09-22,Thursday,2022-09-21 19:00:00+00:00,2022-09-21 23:00:00+00:00,2022-09-21 23:00:00+00:00,2022-09-22 03:00:00+00:00,276.07,260.0,16.069999999999993,False,NO_K1,0,0,,,False,,,NO_K1,,
120,02:00,4,2022-09-23,Friday,2022-09-22 19:00:00+00:00,2022-09-22 23:00:00+00:00,2022-09-22 23:00:00+00:00,2022-09-23 03:00:00+00:00,275.86,271.0,4.860000000000014,False,BREAK_BEFORE_K1,0,0,,,False,,,BREAK_BEFORE_K1,2022-09-22 23:05:00+00:00,
120,02:00,4,2022-09-24,Saturday,2022-09-23 19:00:00+00:00,2022-09-23 23:00:00+00:00,2022-09-23 23:00:00+00:00,2022-09-24 03:00:00+00:00,276.45,268.1,8.349999999999966,False,BREAK_BEFORE_K1,0,0,,,False,,,BREAK_BEFORE_K1,2022-09-23 23:00:00+00:00,
120,02:00,4,2022-09-25,Sunday,2022-09-24 19:00:00+00:00,2022-09-24 23:00:00+00:00,2022-09-24 23:00:00+00:00,2022-09-25 03:00:00+00:00,278.36,275.0,3.3600000000000136,False,BREAK_BEFORE_K1,0,0,,,False,,,BREAK_BEFORE_K1,2022-09-24 23:30:00+00:00,
120,02:00,4,2022-09-26,Monday,2022-09-25 19:00:00+00:00,2022-09-25 23:00:00+00:00,2022-09-25 23:00:00+00:00,2022-09-26 03:00:00+00:00,275.87,270.9,4.970000000000027,False,BREAK_BEFORE_K1,0,0,,,False,,,BREAK_BEFORE_K1,2022-09-26 00:10:00+00:00,
120,02:00,4,2022-09-27,Tuesday,2022-09-26 19:00:00+00:00,2022-09-26 23:00:00+00:00,2022-09-26 23:00:00+00:00,2022-09-27 03:00:00+00:00,275.76,273.69,2.069999999999993,True,,1,0,2022-09-26 23:35:00+00:00,2022-09-26 23:40:00+00:00,True,2022-09-26 23:40:00+00:00,2022-09-26 23:45:00+00:00,H2_ARRIVAL,2022-09-26 23:50:00+00:00,10.0
120,02:00,4,2022-09-28,Wednesday,2022-09-27 19:00:00+00:00,2022-09-27 23:00:00+00:00,2022-09-27 23:00:00+00:00,2022-09-28 03:00:00+00:00,272.9,270.39,2.509999999999991,False,BREAK_BEFORE_K1,0,0,,,False,,,BREAK_BEFORE_K1,2022-09-28 00:10:00+00:00,
120,02:00,4,2022-09-29,Thursday,2022-09-28 19:00:00+00:00,2022-09-28 23:00:00+00:00,2022-09-28 23:00:00+00:00,2022-09-29 03:00:00+00:00,283.68,278.61,5.069999999999993,False,BREAK_BEFORE_K1,0,0,,,False,,,BREAK_BEFORE_K1,2022-09-29 01:30:00+00:00,
120,02:00,4,2022-09-30,Friday,2022-09-29 19:00:00+00:00,2022-09-29 23:00:00+00:00,2022-09-29 23:00:00+00:00,2022-09-30 03:00:00+00:00,283.8,281.6,2.1999999999999886,True,,1,0,2022-09-29 23:40:00+00:00,2022-09-29 23:45:00+00:00,False,,,BREAK_DURING_K1,2022-09-29 23:50:00+00:00,
120,02:00,4,2022-10-01,Saturday,2022-09-30 19:00:00+00:00,2022-09-30 23:00:00+00:00,2022-09-30 23:00:00+00:00,2022-10-01 03:00:00+00:00,286.44,280.38,6.060000000000002,False,NO_K1,0,0,,,False,,,NO_K1,,
120,02:00,4,2022-10-02,Sunday,2022-10-01 19:00:00+00:00,2022-10-01 23:00:00+00:00,2022-10-01 23:00:00+00:00,2022-10-02 03:00:00+00:00,284.37,280.48,3.8899999999999864,False,NO_K1,0,0,,,False,,,NO_K1,,
120,02:00,4,2022-10-03,Monday,2022-10-02 19:00:00+00:00,2022-10-02 23:00:00+00:00,2022-10-02 23:00:00+00:00,2022-10-03 03:00:00+00:00,287.99,284.26,3.730000000000018,False,OPPOSITE_VISIT_BEFORE_K1,0,1,,,False,,,OPPOSITE_VISIT_BEFORE_K1,2022-10-02 23:05:00+00:00,
120,02:00,4,2022-10-04,Tuesday,2022-10-03 19:00:00+00:00,2022-10-03 23:00:00+00:00,2022-10-03 23:00:00+00:00,2022-10-04 03:00:00+00:00,287.38,285.25,2.1299999999999955,True,,1,0,2022-10-03 23:30:00+00:00,2022-10-03 23:35:00+00:00,False,,,BREAK_DURING_K1,2022-10-03 23:35:00+00:00,
120,02:00,4,2022-10-05,Wednesday,2022-10-04 19:00:00+00:00,2022-10-04 23:00:00+00:00,2022-10-04 23:00:00+00:00,2022-10-05 03:00:00+00:00,298.35,294.2,4.150000000000034,False,OPPOSITE_VISIT_BEFORE_K1,0,1,,,False,,,OPPOSITE_VISIT_BEFORE_K1,2022-10-05 02:05:00+00:00,
120,02:00,4,2022-10-06,Thursday,2022-10-05 19:00:00+00:00,2022-10-05 23:00:00+00:00,2022-10-05 23:00:00+00:00,2022-10-06 03:00:00+00:00,294.77,292.06,2.7099999999999795,True,,1,0,2022-10-06 00:10:00+00:00,2022-10-06 00:15:00+00:00,True,2022-10-06 00:20:00+00:00,2022-10-06 00:25:00+00:00,H2_ARRIVAL,2022-10-06 00:30:00+00:00,10.0
120,02:00,4,2022-10-07,Friday,2022-10-06 19:00:00+00:00,2022-10-06 23:00:00+00:00,2022-10-06 23:00:00+00:00,2022-10-07 03:00:00+00:00,293.17,278.0,15.170000000000016,False,NO_K1,0,0,,,False,,,NO_K1,,
120,02:00,4,2022-10-08,Saturday,2022-10-07 19:00:00+00:00,2022-10-07 23:00:00+00:00,2022-10-07 23:00:00+00:00,2022-10-08 03:00:00+00:00,283.61,282.1,1.509999999999991,False,OPPOSITE_VISIT_BEFORE_K1,0,1,,,False,,,OPPOSITE_VISIT_BEFORE_K1,2022-10-07 23:35:00+00:00,
120,02:00,4,2022-10-09,Sunday,2022-10-08 19:00:00+00:00,2022-10-08 23:00:00+00:00,2022-10-08 23:00:00+00:00,2022-10-09 03:00:00+00:00,281.5,275.27,6.230000000000018,False,NO_K1,0,0,,,False,,,NO_K1,,
120,02:00,4,2022-10-10,Monday,2022-10-09 19:00:00+00:00,2022-10-09 23:00:00+00:00,2022-10-09 23:00:00+00:00,2022-10-10 03:00:00+00:00,278.57,276.59,1.9800000000000182,True,,1,0,2022-10-10 00:45:00+00:00,2022-10-10 00:50:00+00:00,False,,,BREAK_DURING_K1,2022-10-10 01:00:00+00:00,
120,02:00,4,2022-10-11,Tuesday,2022-10-10 19:00:00+00:00,2022-10-10 23:00:00+00:00,2022-10-10 23:00:00+00:00,2022-10-11 03:00:00+00:00,275.44,271.6,3.839999999999975,False,OPPOSITE_VISIT_BEFORE_K1,0,1,,,False,,,OPPOSITE_VISIT_BEFORE_K1,2022-10-10 23:45:00+00:00,
120,02:00,4,2022-10-12,Wednesday,2022-10-11 19:00:00+00:00,2022-10-11 23:00:00+00:00,2022-10-11 23:00:00+00:00,2022-10-12 03:00:00+00:00,271.12,269.1,2.019999999999982,True,,1,0,2022-10-11 23:00:00+00:00,2022-10-11 23:05:00+00:00,False,,,BREAK_DURING_K1,2022-10-11 23:05:00+00:00,
120,02:00,4,2022-10-13,Thursday,2022-10-12 19:00:00+00:00,2022-10-12 23:00:00+00:00,2022-10-12 23:00:00+00:00,2022-10-13 03:00:00+00:00,271.88,270.49,1.3899999999999864,False,BREAK_BEFORE_K1,0,0,,,False,,,BREAK_BEFORE_K1,2022-10-13 01:00:00+00:00,
120,02:00,4,2022-10-14,Friday,2022-10-13 19:00:00+00:00,2022-10-13 23:00:00+00:00,2022-10-13 23:00:00+00:00,2022-10-14 03:00:00+00:00,273.66,271.11,2.5500000000000114,False,OPPOSITE_VISIT_BEFORE_K1,0,1,,,False,,,OPPOSITE_VISIT_BEFORE_K1,2022-10-13 23:25:00+00:00,
120,02:00,4,2022-10-15,Saturday,2022-10-14 19:00:00+00:00,2022-10-14 23:00:00+00:00,2022-10-14 23:00:00+00:00,2022-10-15 03:00:00+00:00,270.41,267.39,3.0200000000000387,False,NO_K1,0,0,,,False,,,NO_K1,,
120,02:00,4,2022-10-16,Sunday,2022-10-15 19:00:00+00:00,2022-10-15 23:00:00+00:00,2022-10-15 23:00:00+00:00,2022-10-16 03:00:00+00:00,270.04,268.04,2.0,False,BREAK_BEFORE_K1,0,0,,,False,,,BREAK_BEFORE_K1,2022-10-15 23:00:00+00:00,
120,02:00,4,2022-10-17,Monday,2022-10-16 19:00:00+00:00,2022-10-16 23:00:00+00:00,2022-10-16 23:00:00+00:00,2022-10-17 03:00:00+00:00,273.74,270.1,3.6399999999999864,False,NO_K1,0,0,,,False,,,NO_K1,,
120,02:00,4,2022-10-18,Tuesday,2022-10-17 19:00:00+00:00,2022-10-17 23:00:00+00:00,2022-10-17 23:00:00+00:00,2022-10-18 03:00:00+00:00,275.82,274.36,1.4599999999999795,True,,1,0,2022-10-18 00:00:00+00:00,2022-10-18 00:05:00+00:00,True,2022-10-18 00:05:00+00:00,2022-10-18 00:10:00+00:00,OPPOSITE_BREAK_BEFORE_H2,2022-10-18 01:30:00+00:00,
120,02:00,4,2022-10-19,Wednesday,2022-10-18 19:00:00+00:00,2022-10-18 23:00:00+00:00,2022-10-18 23:00:00+00:00,2022-10-19 03:00:00+00:00,273.98,270.12,3.8600000000000136,False,NO_K1,0,0,,,False,,,NO_K1,,
120,02:00,4,2022-10-20,Thursday,2022-10-19 19:00:00+00:00,2022-10-19 23:00:00+00:00,2022-10-19 23:00:00+00:00,2022-10-20 03:00:00+00:00,273.87,271.0,2.8700000000000045,False,OPPOSITE_VISIT_BEFORE_K1,0,1,,,False,,,OPPOSITE_VISIT_BEFORE_K1,2022-10-19 23:45:00+00:00,
120,02:00,4,2022-10-21,Friday,2022-10-20 19:00:00+00:00,2022-10-20 23:00:00+00:00,2022-10-20 23:00:00+00:00,2022-10-21 03:00:00+00:00,269.42,267.1,2.319999999999993,False,BREAK_BEFORE_K1,0,0,,,False,,,BREAK_BEFORE_K1,2022-10-21 00:20:00+00:00,
120,02:00,4,2022-10-22,Saturday,2022-10-21 19:00:00+00:00,2022-10-21 23:00:00+00:00,2022-10-21 23:00:00+00:00,2022-10-22 03:00:00+00:00,271.0,268.77,2.230000000000018,False,BREAK_BEFORE_K1,0,0,,,False,,,BREAK_BEFORE_K1,2022-10-22 01:20:00+00:00,
120,02:00,4,2022-10-23,Sunday,2022-10-22 19:00:00+00:00,2022-10-22 23:00:00+00:00,2022-10-22 23:00:00+00:00,2022-10-23 03:00:00+00:00,271.06,269.54,1.5199999999999818,False,OPPOSITE_VISIT_BEFORE_K1,0,1,,,False,,,OPPOSITE_VISIT_BEFORE_K1,2022-10-23 01:30:00+00:00,
120,02:00,4,2022-10-24,Monday,2022-10-23 19:00:00+00:00,2022-10-23 23:00:00+00:00,2022-10-23 23:00:00+00:00,2022-10-24 03:00:00+00:00,276.64,272.65,3.990000000000009,False,BREAK_BEFORE_K1,0,0,,,False,,,BREAK_BEFORE_K1,2022-10-24 00:30:00+00:00,
120,02:00,4,2022-10-25,Tuesday,2022-10-24 19:00:00+00:00,2022-10-24 23:00:00+00:00,2022-10-24 23:00:00+00:00,2022-10-25 03:00:00+00:00,274.23,272.53,1.7000000000000455,True,,1,0,2022-10-25 00:00:00+00:00,2022-10-25 00:05:00+00:00,False,,,BREAK_DURING_K1,2022-10-25 00:10:00+00:00,
120,02:00,4,2022-10-26,Wednesday,2022-10-25 19:00:00+00:00,2022-10-25 23:00:00+00:00,2022-10-25 23:00:00+00:00,2022-10-26 03:00:00+00:00,289.75,284.57,5.180000000000007,False,BREAK_BEFORE_K1,0,0,,,False,,,BREAK_BEFORE_K1,2022-10-25 23:50:00+00:00,
120,02:00,4,2022-10-27,Thursday,2022-10-26 19:00:00+00:00,2022-10-26 23:00:00+00:00,2022-10-26 23:00:00+00:00,2022-10-27 03:00:00+00:00,291.87,288.71,3.160000000000025,True,,1,0,2022-10-26 23:10:00+00:00,2022-10-26 23:15:00+00:00,True,2022-10-26 23:15:00+00:00,2022-10-26 23:20:00+00:00,H2_ARRIVAL,2022-10-27 00:15:00+00:00,60.0
120,02:00,4,2022-10-28,Friday,2022-10-27 19:00:00+00:00,2022-10-27 23:00:00+00:00,2022-10-27 23:00:00+00:00,2022-10-28 03:00:00+00:00,289.02,284.42,4.599999999999966,False,NO_K1,0,0,,,False,,,NO_K1,,
120,02:00,4,2022-10-29,Saturday,2022-10-28 19:00:00+00:00,2022-10-28 23:00:00+00:00,2022-10-28 23:00:00+00:00,2022-10-29 03:00:00+00:00,301.08,297.07,4.009999999999991,False,BREAK_BEFORE_K1,0,0,,,False,,,BREAK_BEFORE_K1,2022-10-29 00:20:00+00:00,
120,02:00,4,2022-10-30,Sunday,2022-10-29 19:00:00+00:00,2022-10-29 23:00:00+00:00,2022-10-29 23:00:00+00:00,2022-10-30 03:00:00+00:00,305.89,301.69,4.199999999999989,False,BREAK_BEFORE_K1,0,0,,,False,,,BREAK_BEFORE_K1,2022-10-29 23:05:00+00:00,
120,02:00,4,2022-10-31,Monday,2022-10-30 19:00:00+00:00,2022-10-30 23:00:00+00:00,2022-10-30 23:00:00+00:00,2022-10-31 03:00:00+00:00,316.63,309.93,6.699999999999989,False,OPPOSITE_VISIT_BEFORE_K1,0,1,,,False,,,OPPOSITE_VISIT_BEFORE_K1,2022-10-31 01:40:00+00:00,
120,02:00,4,2022-11-01,Tuesday,2022-10-31 19:00:00+00:00,2022-10-31 23:00:00+00:00,2022-10-31 23:00:00+00:00,2022-11-01 03:00:00+00:00,329.94,325.21,4.730000000000018,False,OPPOSITE_VISIT_BEFORE_K1,0,1,,,False,,,OPPOSITE_VISIT_BEFORE_K1,2022-11-01 00:00:00+00:00,
120,02:00,4,2022-11-02,Wednesday,2022-11-01 19:00:00+00:00,2022-11-01 23:00:00+00:00,2022-11-01 23:00:00+00:00,2022-11-02 03:00:00+00:00,326.26,322.68,3.579999999999984,False,OPPOSITE_VISIT_BEFORE_K1,0,1,,,False,,,OPPOSITE_VISIT_BEFORE_K1,2022-11-02 00:10:00+00:00,
120,02:00,4,2022-11-03,Thursday,2022-11-02 19:00:00+00:00,2022-11-02 23:00:00+00:00,2022-11-02 23:00:00+00:00,2022-11-03 03:00:00+00:00,326.71,315.31,11.399999999999977,False,NO_K1,0,0,,,False,,,NO_K1,,
120,02:00,4,2022-11-04,Friday,2022-11-03 19:00:00+00:00,2022-11-03 23:00:00+00:00,2022-11-03 23:00:00+00:00,2022-11-04 03:00:00+00:00,334.78,328.92,5.859999999999957,False,BREAK_BEFORE_K1,0,0,,,False,,,BREAK_BEFORE_K1,2022-11-03 23:15:00+00:00,
120,02:00,4,2022-11-05,Saturday,2022-11-04 19:00:00+00:00,2022-11-04 23:00:00+00:00,2022-11-04 23:00:00+00:00,2022-11-05 03:00:00+00:00,354.86,351.46,3.400000000000034,True,,1,0,2022-11-05 00:00:00+00:00,2022-11-05 00:05:00+00:00,True,2022-11-05 00:05:00+00:00,2022-11-05 00:10:00+00:00,H2_ARRIVAL,2022-11-05 00:35:00+00:00,30.0
120,02:00,4,2022-11-06,Sunday,2022-11-05 19:00:00+00:00,2022-11-05 23:00:00+00:00,2022-11-05 23:00:00+00:00,2022-11-06 03:00:00+00:00,351.52,348.13,3.3899999999999864,False,BREAK_BEFORE_K1,0,0,,,False,,,BREAK_BEFORE_K1,2022-11-05 23:05:00+00:00,
120,02:00,4,2022-11-07,Monday,2022-11-06 19:00:00+00:00,2022-11-06 23:00:00+00:00,2022-11-06 23:00:00+00:00,2022-11-07 03:00:00+00:00,353.48,347.58,5.900000000000034,False,OPPOSITE_VISIT_BEFORE_K1,0,1,,,False,,,OPPOSITE_VISIT_BEFORE_K1,2022-11-06 23:00:00+00:00,
120,02:00,4,2022-11-08,Tuesday,2022-11-07 19:00:00+00:00,2022-11-07 23:00:00+00:00,2022-11-07 23:00:00+00:00,2022-11-08 03:00:00+00:00,344.19,328.35,15.839999999999975,True,,1,0,2022-11-08 02:35:00+00:00,2022-11-08 02:40:00+00:00,False,,,BREAK_DURING_K1,2022-11-08 02:40:00+00:00,
120,02:00,4,2022-11-09,Wednesday,2022-11-08 19:00:00+00:00,2022-11-08 23:00:00+00:00,2022-11-08 23:00:00+00:00,2022-11-09 03:00:00+00:00,330.54,298.17,32.370000000000005,False,BREAK_BEFORE_K1,0,0,,,False,,,BREAK_BEFORE_K1,2022-11-08 23:35:00+00:00,
120,02:00,4,2022-11-10,Thursday,2022-11-09 19:00:00+00:00,2022-11-09 23:00:00+00:00,2022-11-09 23:00:00+00:00,2022-11-10 03:00:00+00:00,287.06,260.0,27.060000000000002,False,NO_K1,0,0,,,False,,,NO_K1,,
120,02:00,4,2022-11-11,Friday,2022-11-10 19:00:00+00:00,2022-11-10 23:00:00+00:00,2022-11-10 23:00:00+00:00,2022-11-11 03:00:00+00:00,308.55,297.21,11.340000000000032,False,OPPOSITE_VISIT_BEFORE_K1,0,1,,,False,,,OPPOSITE_VISIT_BEFORE_K1,2022-11-11 01:45:00+00:00,
120,02:00,4,2022-11-12,Saturday,2022-11-11 19:00:00+00:00,2022-11-11 23:00:00+00:00,2022-11-11 23:00:00+00:00,2022-11-12 03:00:00+00:00,289.75,284.7,5.050000000000011,True,,1,0,2022-11-11 23:00:00+00:00,2022-11-11 23:05:00+00:00,True,2022-11-11 23:10:00+00:00,2022-11-11 23:15:00+00:00,H2_ARRIVAL,2022-11-11 23:35:00+00:00,25.0
120,02:00,4,2022-11-13,Sunday,2022-11-12 19:00:00+00:00,2022-11-12 23:00:00+00:00,2022-11-12 23:00:00+00:00,2022-11-13 03:00:00+00:00,283.3,280.52,2.7800000000000296,False,BREAK_BEFORE_K1,0,0,,,False,,,BREAK_BEFORE_K1,2022-11-13 00:20:00+00:00,
120,02:00,4,2022-11-14,Monday,2022-11-13 19:00:00+00:00,2022-11-13 23:00:00+00:00,2022-11-13 23:00:00+00:00,2022-11-14 03:00:00+00:00,279.18,273.0,6.180000000000007,False,BREAK_BEFORE_K1,0,0,,,False,,,BREAK_BEFORE_K1,2022-11-14 00:20:00+00:00,
120,02:00,4,2022-11-15,Tuesday,2022-11-14 19:00:00+00:00,2022-11-14 23:00:00+00:00,2022-11-14 23:00:00+00:00,2022-11-15 03:00:00+00:00,277.4,271.74,5.659999999999968,True,,1,0,2022-11-14 23:05:00+00:00,2022-11-14 23:10:00+00:00,False,,,BREAK_DURING_K1,2022-11-14 23:15:00+00:00,
120,02:00,4,2022-11-16,Wednesday,2022-11-15 19:00:00+00:00,2022-11-15 23:00:00+00:00,2022-11-15 23:00:00+00:00,2022-11-16 03:00:00+00:00,276.5,272.9,3.6000000000000227,False,BREAK_BEFORE_K1,0,0,,,False,,,BREAK_BEFORE_K1,2022-11-15 23:15:00+00:00,
120,02:00,4,2022-11-17,Thursday,2022-11-16 19:00:00+00:00,2022-11-16 23:00:00+00:00,2022-11-16 23:00:00+00:00,2022-11-17 03:00:00+00:00,272.55,269.48,3.069999999999993,True,,1,0,2022-11-16 23:00:00+00:00,2022-11-16 23:05:00+00:00,True,2022-11-16 23:10:00+00:00,2022-11-16 23:15:00+00:00,H2_ARRIVAL,2022-11-16 23:30:00+00:00,20.0
120,02:00,4,2022-11-18,Friday,2022-11-17 19:00:00+00:00,2022-11-17 23:00:00+00:00,2022-11-17 23:00:00+00:00,2022-11-18 03:00:00+00:00,268.78,267.08,1.6999999999999886,True,,1,0,2022-11-17 23:00:00+00:00,2022-11-17 23:05:00+00:00,True,2022-11-17 23:05:00+00:00,2022-11-17 23:10:00+00:00,H2_ARRIVAL,2022-11-18 00:10:00+00:00,65.0
120,02:00,4,2022-11-19,Saturday,2022-11-18 19:00:00+00:00,2022-11-18 23:00:00+00:00,2022-11-18 23:00:00+00:00,2022-11-19 03:00:00+00:00,274.78,271.86,2.919999999999959,False,OPPOSITE_VISIT_BEFORE_K1,0,1,,,False,,,OPPOSITE_VISIT_BEFORE_K1,2022-11-19 02:30:00+00:00,
120,02:00,4,2022-11-20,Sunday,2022-11-19 19:00:00+00:00,2022-11-19 23:00:00+00:00,2022-11-19 23:00:00+00:00,2022-11-20 03:00:00+00:00,273.88,271.06,2.819999999999993,False,NO_K1,0,0,,,False,,,NO_K1,,
120,02:00,4,2022-11-21,Monday,2022-11-20 19:00:00+00:00,2022-11-20 23:00:00+00:00,2022-11-20 23:00:00+00:00,2022-11-21 03:00:00+00:00,269.84,261.36,8.479999999999961,False,OPPOSITE_VISIT_BEFORE_K1,0,1,,,False,,,OPPOSITE_VISIT_BEFORE_K1,2022-11-21 00:05:00+00:00,
120,02:00,4,2022-11-22,Tuesday,2022-11-21 19:00:00+00:00,2022-11-21 23:00:00+00:00,2022-11-21 23:00:00+00:00,2022-11-22 03:00:00+00:00,256.08,249.12,6.9599999999999795,False,BREAK_BEFORE_K1,0,0,,,False,,,BREAK_BEFORE_K1,2022-11-22 00:20:00+00:00,
120,02:00,4,2022-11-23,Wednesday,2022-11-22 19:00:00+00:00,2022-11-22 23:00:00+00:00,2022-11-22 23:00:00+00:00,2022-11-23 03:00:00+00:00,267.79,262.42,5.3700000000000045,False,BREAK_BEFORE_K1,0,0,,,False,,,BREAK_BEFORE_K1,2022-11-23 02:20:00+00:00,
120,02:00,4,2022-11-24,Thursday,2022-11-23 19:00:00+00:00,2022-11-23 23:00:00+00:00,2022-11-23 23:00:00+00:00,2022-11-24 03:00:00+00:00,302.16,293.43,8.730000000000018,True,,1,0,2022-11-24 01:35:00+00:00,2022-11-24 01:40:00+00:00,False,,,BREAK_DURING_K1,2022-11-24 01:40:00+00:00,
120,02:00,4,2022-11-25,Friday,2022-11-24 19:00:00+00:00,2022-11-24 23:00:00+00:00,2022-11-24 23:00:00+00:00,2022-11-25 03:00:00+00:00,300.36,297.34,3.0200000000000387,True,,1,0,2022-11-24 23:00:00+00:00,2022-11-24 23:05:00+00:00,True,2022-11-24 23:05:00+00:00,2022-11-24 23:10:00+00:00,H2_ARRIVAL,2022-11-24 23:10:00+00:00,5.0
120,02:00,4,2022-11-26,Saturday,2022-11-25 19:00:00+00:00,2022-11-25 23:00:00+00:00,2022-11-25 23:00:00+00:00,2022-11-26 03:00:00+00:00,302.5,299.12,3.3799999999999955,True,,1,0,2022-11-26 00:55:00+00:00,2022-11-26 01:00:00+00:00,False,,,BREAK_DURING_K1,2022-11-26 01:05:00+00:00,
120,02:00,4,2022-11-27,Sunday,2022-11-26 19:00:00+00:00,2022-11-26 23:00:00+00:00,2022-11-26 23:00:00+00:00,2022-11-27 03:00:00+00:00,313.41,307.15,6.260000000000048,False,BREAK_BEFORE_K1,0,0,,,False,,,BREAK_BEFORE_K1,2022-11-27 00:45:00+00:00,
120,02:00,4,2022-11-28,Monday,2022-11-27 19:00:00+00:00,2022-11-27 23:00:00+00:00,2022-11-27 23:00:00+00:00,2022-11-28 03:00:00+00:00,314.4,309.39,5.009999999999991,False,BREAK_BEFORE_K1,0,0,,,False,,,BREAK_BEFORE_K1,2022-11-27 23:20:00+00:00,
120,02:00,4,2022-11-29,Tuesday,2022-11-28 19:00:00+00:00,2022-11-28 23:00:00+00:00,2022-11-28 23:00:00+00:00,2022-11-29 03:00:00+00:00,294.16,291.1,3.0600000000000023,False,BREAK_BEFORE_K1,0,0,,,False,,,BREAK_BEFORE_K1,2022-11-29 00:10:00+00:00,
120,02:00,4,2022-11-30,Wednesday,2022-11-29 19:00:00+00:00,2022-11-29 23:00:00+00:00,2022-11-29 23:00:00+00:00,2022-11-30 03:00:00+00:00,297.27,295.02,2.25,True,,1,0,2022-11-29 23:00:00+00:00,2022-11-29 23:05:00+00:00,True,2022-11-29 23:05:00+00:00,2022-11-29 23:10:00+00:00,H2_ARRIVAL,2022-11-30 00:30:00+00:00,85.0
120,02:00,4,2022-12-01,Thursday,2022-11-30 19:00:00+00:00,2022-11-30 23:00:00+00:00,2022-11-30 23:00:00+00:00,2022-12-01 03:00:00+00:00,301.36,296.81,4.550000000000011,True,,1,0,2022-11-30 23:35:00+00:00,2022-11-30 23:40:00+00:00,False,,,BREAK_DURING_K1,2022-11-30 23:40:00+00:00,
120,02:00,4,2022-12-02,Friday,2022-12-01 19:00:00+00:00,2022-12-01 23:00:00+00:00,2022-12-01 23:00:00+00:00,2022-12-02 03:00:00+00:00,293.58,290.86,2.7199999999999704,True,,1,0,2022-12-02 00:40:00+00:00,2022-12-02 00:45:00+00:00,True,2022-12-02 00:50:00+00:00,2022-12-02 00:55:00+00:00,OPPOSITE_BREAK_BEFORE_H2,2022-12-02 01:40:00+00:00,
120,02:00,4,2022-12-03,Saturday,2022-12-02 19:00:00+00:00,2022-12-02 23:00:00+00:00,2022-12-02 23:00:00+00:00,2022-12-03 03:00:00+00:00,293.0,289.42,3.579999999999984,False,BREAK_BEFORE_K1,0,0,,,False,,,BREAK_BEFORE_K1,2022-12-02 23:30:00+00:00,
120,02:00,4,2022-12-04,Sunday,2022-12-03 19:00:00+00:00,2022-12-03 23:00:00+00:00,2022-12-03 23:00:00+00:00,2022-12-04 03:00:00+00:00,292.57,289.8,2.769999999999982,True,,1,0,2022-12-04 01:25:00+00:00,2022-12-04 01:30:00+00:00,True,2022-12-04 01:30:00+00:00,2022-12-04 01:35:00+00:00,NO_H2_BY_END,,
120,02:00,4,2022-12-05,Monday,2022-12-04 19:00:00+00:00,2022-12-04 23:00:00+00:00,2022-12-04 23:00:00+00:00,2022-12-05 03:00:00+00:00,291.97,290.98,0.9900000000000091,False,BREAK_BEFORE_K1,0,0,,,False,,,BREAK_BEFORE_K1,2022-12-04 23:30:00+00:00,
120,02:00,4,2022-12-06,Tuesday,2022-12-05 19:00:00+00:00,2022-12-05 23:00:00+00:00,2022-12-05 23:00:00+00:00,2022-12-06 03:00:00+00:00,289.34,286.01,3.329999999999984,False,BREAK_BEFORE_K1,0,0,,,False,,,BREAK_BEFORE_K1,2022-12-06 00:30:00+00:00,
120,02:00,4,2022-12-07,Wednesday,2022-12-06 19:00:00+00:00,2022-12-06 23:00:00+00:00,2022-12-06 23:00:00+00:00,2022-12-07 03:00:00+00:00,289.34,287.43,1.9099999999999682,True,,1,0,2022-12-06 23:00:00+00:00,2022-12-06 23:05:00+00:00,False,,,BREAK_DURING_K1,2022-12-06 23:10:00+00:00,
120,02:00,4,2022-12-08,Thursday,2022-12-07 19:00:00+00:00,2022-12-07 23:00:00+00:00,2022-12-07 23:00:00+00:00,2022-12-08 03:00:00+00:00,284.16,282.25,1.910000000000025,False,BREAK_BEFORE_K1,0,0,,,False,,,BREAK_BEFORE_K1,2022-12-07 23:00:00+00:00,
120,02:00,4,2022-12-09,Friday,2022-12-08 19:00:00+00:00,2022-12-08 23:00:00+00:00,2022-12-08 23:00:00+00:00,2022-12-09 03:00:00+00:00,290.99,288.4,2.590000000000032,False,BREAK_BEFORE_K1,0,0,,,False,,,BREAK_BEFORE_K1,2022-12-08 23:40:00+00:00,
120,02:00,4,2022-12-10,Saturday,2022-12-09 19:00:00+00:00,2022-12-09 23:00:00+00:00,2022-12-09 23:00:00+00:00,2022-12-10 03:00:00+00:00,287.96,284.5,3.4599999999999795,False,NO_K1,0,0,,,False,,,NO_K1,,
120,02:00,4,2022-12-11,Sunday,2022-12-10 19:00:00+00:00,2022-12-10 23:00:00+00:00,2022-12-10 23:00:00+00:00,2022-12-11 03:00:00+00:00,288.55,287.52,1.0300000000000296,False,OPPOSITE_VISIT_BEFORE_K1,0,1,,,False,,,OPPOSITE_VISIT_BEFORE_K1,2022-12-10 23:40:00+00:00,
120,02:00,4,2022-12-12,Monday,2022-12-11 19:00:00+00:00,2022-12-11 23:00:00+00:00,2022-12-11 23:00:00+00:00,2022-12-12 03:00:00+00:00,291.49,284.0,7.490000000000009,False,OPPOSITE_VISIT_BEFORE_K1,0,1,,,False,,,OPPOSITE_VISIT_BEFORE_K1,2022-12-11 23:35:00+00:00,
120,02:00,4,2022-12-13,Tuesday,2022-12-12 19:00:00+00:00,2022-12-12 23:00:00+00:00,2022-12-12 23:00:00+00:00,2022-12-13 03:00:00+00:00,277.4,272.95,4.449999999999989,True,,1,0,2022-12-12 23:40:00+00:00,2022-12-12 23:45:00+00:00,True,2022-12-12 23:50:00+00:00,2022-12-12 23:55:00+00:00,OPPOSITE_BREAK_BEFORE_H2,2022-12-13 02:00:00+00:00,
120,02:00,4,2022-12-14,Wednesday,2022-12-13 19:00:00+00:00,2022-12-13 23:00:00+00:00,2022-12-13 23:00:00+00:00,2022-12-14 03:00:00+00:00,273.99,268.07,5.920000000000016,True,,1,0,2022-12-14 00:00:00+00:00,2022-12-14 00:05:00+00:00,True,2022-12-14 00:05:00+00:00,2022-12-14 00:10:00+00:00,H2_ARRIVAL,2022-12-14 00:40:00+00:00,35.0
120,02:00,4,2022-12-15,Thursday,2022-12-14 19:00:00+00:00,2022-12-14 23:00:00+00:00,2022-12-14 23:00:00+00:00,2022-12-15 03:00:00+00:00,272.19,265.0,7.189999999999998,False,BREAK_BEFORE_K1,0,0,,,False,,,BREAK_BEFORE_K1,2022-12-15 01:35:00+00:00,
120,02:00,4,2022-12-16,Friday,2022-12-15 19:00:00+00:00,2022-12-15 23:00:00+00:00,2022-12-15 23:00:00+00:00,2022-12-16 03:00:00+00:00,261.72,256.5,5.220000000000027,True,,1,0,2022-12-16 00:50:00+00:00,2022-12-16 00:55:00+00:00,False,,,BREAK_DURING_K1,2022-12-16 00:55:00+00:00,
120,02:00,4,2022-12-17,Saturday,2022-12-16 19:00:00+00:00,2022-12-16 23:00:00+00:00,2022-12-16 23:00:00+00:00,2022-12-17 03:00:00+00:00,246.62,222.96,23.659999999999997,False,BREAK_BEFORE_K1,0,0,,,False,,,BREAK_BEFORE_K1,2022-12-17 02:00:00+00:00,
120,02:00,4,2022-12-18,Sunday,2022-12-17 19:00:00+00:00,2022-12-17 23:00:00+00:00,2022-12-17 23:00:00+00:00,2022-12-18 03:00:00+00:00,240.97,234.65,6.319999999999993,True,,1,0,2022-12-17 23:05:00+00:00,2022-12-17 23:10:00+00:00,True,2022-12-17 23:10:00+00:00,2022-12-17 23:15:00+00:00,H2_ARRIVAL,2022-12-17 23:30:00+00:00,20.0
120,02:00,4,2022-12-19,Monday,2022-12-18 19:00:00+00:00,2022-12-18 23:00:00+00:00,2022-12-18 23:00:00+00:00,2022-12-19 03:00:00+00:00,254.2,247.62,6.579999999999984,False,NO_K1,0,0,,,False,,,NO_K1,,
120,02:00,4,2022-12-20,Tuesday,2022-12-19 19:00:00+00:00,2022-12-19 23:00:00+00:00,2022-12-19 23:00:00+00:00,2022-12-20 03:00:00+00:00,244.8,236.46,8.340000000000003,False,BREAK_BEFORE_K1,0,0,,,False,,,BREAK_BEFORE_K1,2022-12-20 01:30:00+00:00,
120,02:00,4,2022-12-21,Wednesday,2022-12-20 19:00:00+00:00,2022-12-20 23:00:00+00:00,2022-12-20 23:00:00+00:00,2022-12-21 03:00:00+00:00,251.26,249.19,2.069999999999993,False,BREAK_BEFORE_K1,0,0,,,False,,,BREAK_BEFORE_K1,2022-12-20 23:00:00+00:00,
120,02:00,4,2022-12-22,Thursday,2022-12-21 19:00:00+00:00,2022-12-21 23:00:00+00:00,2022-12-21 23:00:00+00:00,2022-12-22 03:00:00+00:00,247.91,245.0,2.9099999999999966,False,BREAK_BEFORE_K1,0,0,,,False,,,BREAK_BEFORE_K1,2022-12-22 00:55:00+00:00,
120,02:00,4,2022-12-23,Friday,2022-12-22 19:00:00+00:00,2022-12-22 23:00:00+00:00,2022-12-22 23:00:00+00:00,2022-12-23 03:00:00+00:00,247.0,241.51,5.490000000000009,False,BREAK_BEFORE_K1,0,0,,,False,,,BREAK_BEFORE_K1,2022-12-23 02:55:00+00:00,
120,02:00,4,2022-12-24,Saturday,2022-12-23 19:00:00+00:00,2022-12-23 23:00:00+00:00,2022-12-23 23:00:00+00:00,2022-12-24 03:00:00+00:00,246.34,245.38,0.960000000000008,False,OPPOSITE_VISIT_BEFORE_K1,0,1,,,False,,,OPPOSITE_VISIT_BEFORE_K1,2022-12-24 00:45:00+00:00,
120,02:00,4,2022-12-25,Sunday,2022-12-24 19:00:00+00:00,2022-12-24 23:00:00+00:00,2022-12-24 23:00:00+00:00,2022-12-25 03:00:00+00:00,244.85,243.81,1.039999999999992,True,,1,0,2022-12-25 00:25:00+00:00,2022-12-25 00:30:00+00:00,False,,,BREAK_DURING_K1,2022-12-25 00:30:00+00:00,
120,02:00,4,2022-12-26,Monday,2022-12-25 19:00:00+00:00,2022-12-25 23:00:00+00:00,2022-12-25 23:00:00+00:00,2022-12-26 03:00:00+00:00,243.76,241.2,2.5600000000000023,False,BREAK_BEFORE_K1,0,0,,,False,,,BREAK_BEFORE_K1,2022-12-26 01:45:00+00:00,
120,02:00,4,2022-12-27,Tuesday,2022-12-26 19:00:00+00:00,2022-12-26 23:00:00+00:00,2022-12-26 23:00:00+00:00,2022-12-27 03:00:00+00:00,243.13,242.11,1.0199999999999818,True,,1,0,2022-12-26 23:30:00+00:00,2022-12-26 23:35:00+00:00,False,,,BREAK_DURING_K1,2022-12-26 23:35:00+00:00,
120,02:00,4,2022-12-28,Wednesday,2022-12-27 19:00:00+00:00,2022-12-27 23:00:00+00:00,2022-12-27 23:00:00+00:00,2022-12-28 03:00:00+00:00,246.57,244.63,1.9399999999999977,True,,1,0,2022-12-27 23:30:00+00:00,2022-12-27 23:35:00+00:00,True,2022-12-27 23:35:00+00:00,2022-12-27 23:40:00+00:00,H2_ARRIVAL,2022-12-27 23:50:00+00:00,15.0
120,02:00,4,2022-12-29,Thursday,2022-12-28 19:00:00+00:00,2022-12-28 23:00:00+00:00,2022-12-28 23:00:00+00:00,2022-12-29 03:00:00+00:00,244.4,241.89,2.5100000000000193,False,BREAK_BEFORE_K1,0,0,,,False,,,BREAK_BEFORE_K1,2022-12-28 23:55:00+00:00,
120,02:00,4,2022-12-30,Friday,2022-12-29 19:00:00+00:00,2022-12-29 23:00:00+00:00,2022-12-29 23:00:00+00:00,2022-12-30 03:00:00+00:00,246.29,244.46,1.829999999999984,True,,1,0,2022-12-29 23:15:00+00:00,2022-12-29 23:20:00+00:00,True,2022-12-29 23:20:00+00:00,2022-12-29 23:25:00+00:00,H2_ARRIVAL,2022-12-29 23:30:00+00:00,10.0
120,02:00,4,2022-12-31,Saturday,2022-12-30 19:00:00+00:00,2022-12-30 23:00:00+00:00,2022-12-30 23:00:00+00:00,2022-12-31 03:00:00+00:00,245.72,244.52,1.1999999999999886,False,BREAK_BEFORE_K1,0,0,,,False,,,BREAK_BEFORE_K1,2022-12-30 23:05:00+00:00,
120,02:00,4,2023-01-01,Sunday,2022-12-31 19:00:00+00:00,2022-12-31 23:00:00+00:00,2022-12-31 23:00:00+00:00,2023-01-01 03:00:00+00:00,247.35,245.56,1.789999999999992,False,OPPOSITE_VISIT_BEFORE_K1,0,1,,,False,,,OPPOSITE_VISIT_BEFORE_K1,2023-01-01 00:45:00+00:00,
120,02:00,4,2023-01-02,Monday,2023-01-01 19:00:00+00:00,2023-01-01 23:00:00+00:00,2023-01-01 23:00:00+00:00,2023-01-02 03:00:00+00:00,245.81,244.57,1.240000000000009,False,BREAK_BEFORE_K1,0,0,,,False,,,BREAK_BEFORE_K1,2023-01-01 23:00:00+00:00,
120,02:00,4,2023-01-03,Tuesday,2023-01-02 19:00:00+00:00,2023-01-02 23:00:00+00:00,2023-01-02 23:00:00+00:00,2023-01-03 03:00:00+00:00,247.73,245.89,1.8400000000000034,False,OPPOSITE_VISIT_BEFORE_K1,0,1,,,False,,,OPPOSITE_VISIT_BEFORE_K1,2023-01-02 23:00:00+00:00,
120,02:00,4,2023-01-04,Wednesday,2023-01-03 19:00:00+00:00,2023-01-03 23:00:00+00:00,2023-01-03 23:00:00+00:00,2023-01-04 03:00:00+00:00,245.98,244.71,1.2699999999999818,True,,1,0,2023-01-03 23:00:00+00:00,2023-01-03 23:05:00+00:00,False,,,BREAK_DURING_K1,2023-01-03 23:05:00+00:00,
120,02:00,4,2023-01-05,Thursday,2023-01-04 19:00:00+00:00,2023-01-04 23:00:00+00:00,2023-01-04 23:00:00+00:00,2023-01-05 03:00:00+00:00,259.9,254.7,5.199999999999989,False,NO_K1,0,0,,,False,,,NO_K1,,
120,02:00,4,2023-01-06,Friday,2023-01-05 19:00:00+00:00,2023-01-05 23:00:00+00:00,2023-01-05 23:00:00+00:00,2023-01-06 03:00:00+00:00,258.22,256.45,1.7700000000000387,False,OPPOSITE_VISIT_BEFORE_K1,0,1,,,False,,,OPPOSITE_VISIT_BEFORE_K1,2023-01-05 23:10:00+00:00,
120,02:00,4,2023-01-07,Saturday,2023-01-06 19:00:00+00:00,2023-01-06 23:00:00+00:00,2023-01-06 23:00:00+00:00,2023-01-07 03:00:00+00:00,260.5,258.26,2.240000000000009,False,BREAK_BEFORE_K1,0,0,,,False,,,BREAK_BEFORE_K1,2023-01-07 00:55:00+00:00,
120,02:00,4,2023-01-08,Sunday,2023-01-07 19:00:00+00:00,2023-01-07 23:00:00+00:00,2023-01-07 23:00:00+00:00,2023-01-08 03:00:00+00:00,261.62,260.41,1.2099999999999795,False,BREAK_BEFORE_K1,0,0,,,False,,,BREAK_BEFORE_K1,2023-01-08 00:05:00+00:00,
120,02:00,4,2023-01-09,Monday,2023-01-08 19:00:00+00:00,2023-01-08 23:00:00+00:00,2023-01-08 23:00:00+00:00,2023-01-09 03:00:00+00:00,272.58,265.09,7.490000000000009,False,BREAK_BEFORE_K1,0,0,,,False,,,BREAK_BEFORE_K1,2023-01-08 23:05:00+00:00,
120,02:00,4,2023-01-10,Tuesday,2023-01-09 19:00:00+00:00,2023-01-09 23:00:00+00:00,2023-01-09 23:00:00+00:00,2023-01-10 03:00:00+00:00,278.12,271.31,6.810000000000002,False,OPPOSITE_VISIT_BEFORE_K1,0,1,,,False,,,OPPOSITE_VISIT_BEFORE_K1,2023-01-09 23:10:00+00:00,
120,02:00,4,2023-01-11,Wednesday,2023-01-10 19:00:00+00:00,2023-01-10 23:00:00+00:00,2023-01-10 23:00:00+00:00,2023-01-11 03:00:00+00:00,278.65,275.33,3.319999999999993,False,OPPOSITE_VISIT_BEFORE_K1,0,1,,,False,,,OPPOSITE_VISIT_BEFORE_K1,2023-01-11 02:20:00+00:00,
120,02:00,4,2023-01-12,Thursday,2023-01-11 19:00:00+00:00,2023-01-11 23:00:00+00:00,2023-01-11 23:00:00+00:00,2023-01-12 03:00:00+00:00,280.9,277.86,3.0399999999999636,True,,1,0,2023-01-11 23:00:00+00:00,2023-01-11 23:05:00+00:00,True,2023-01-11 23:10:00+00:00,2023-01-11 23:15:00+00:00,H2_ARRIVAL,2023-01-11 23:15:00+00:00,5.0
120,02:00,4,2023-01-13,Friday,2023-01-12 19:00:00+00:00,2023-01-12 23:00:00+00:00,2023-01-12 23:00:00+00:00,2023-01-13 03:00:00+00:00,288.67,285.22,3.4499999999999886,False,NO_K1,0,0,,,False,,,NO_K1,,
120,02:00,4,2023-01-14,Saturday,2023-01-13 19:00:00+00:00,2023-01-13 23:00:00+00:00,2023-01-13 23:00:00+00:00,2023-01-14 03:00:00+00:00,296.25,286.7,9.550000000000011,False,BREAK_BEFORE_K1,0,0,,,False,,,BREAK_BEFORE_K1,2023-01-14 00:20:00+00:00,
120,02:00,4,2023-01-15,Sunday,2023-01-14 19:00:00+00:00,2023-01-14 23:00:00+00:00,2023-01-14 23:00:00+00:00,2023-01-15 03:00:00+00:00,305.75,303.06,2.6899999999999977,False,BREAK_BEFORE_K1,0,0,,,False,,,BREAK_BEFORE_K1,2023-01-14 23:00:00+00:00,
120,02:00,4,2023-01-16,Monday,2023-01-15 19:00:00+00:00,2023-01-15 23:00:00+00:00,2023-01-15 23:00:00+00:00,2023-01-16 03:00:00+00:00,303.25,300.23,3.019999999999982,True,,1,0,2023-01-15 23:00:00+00:00,2023-01-15 23:05:00+00:00,True,2023-01-15 23:05:00+00:00,2023-01-15 23:10:00+00:00,H2_ARRIVAL,2023-01-16 00:05:00+00:00,60.0
120,02:00,4,2023-01-17,Tuesday,2023-01-16 19:00:00+00:00,2023-01-16 23:00:00+00:00,2023-01-16 23:00:00+00:00,2023-01-17 03:00:00+00:00,302.55,298.2,4.350000000000023,False,BREAK_BEFORE_K1,0,0,,,False,,,BREAK_BEFORE_K1,2023-01-17 00:00:00+00:00,
120,02:00,4,2023-01-18,Wednesday,2023-01-17 19:00:00+00:00,2023-01-17 23:00:00+00:00,2023-01-17 23:00:00+00:00,2023-01-18 03:00:00+00:00,303.63,300.69,2.9399999999999977,False,OPPOSITE_VISIT_BEFORE_K1,0,1,,,False,,,OPPOSITE_VISIT_BEFORE_K1,2023-01-17 23:00:00+00:00,
120,02:00,4,2023-01-19,Thursday,2023-01-18 19:00:00+00:00,2023-01-18 23:00:00+00:00,2023-01-18 23:00:00+00:00,2023-01-19 03:00:00+00:00,294.34,287.44,6.899999999999977,False,BREAK_BEFORE_K1,0,0,,,False,,,BREAK_BEFORE_K1,2023-01-18 23:35:00+00:00,
120,02:00,4,2023-01-20,Friday,2023-01-19 19:00:00+00:00,2023-01-19 23:00:00+00:00,2023-01-19 23:00:00+00:00,2023-01-20 03:00:00+00:00,295.4,291.95,3.4499999999999886,True,,1,0,2023-01-20 00:05:00+00:00,2023-01-20 00:10:00+00:00,True,2023-01-20 00:10:00+00:00,2023-01-20 00:15:00+00:00,H2_ARRIVAL,2023-01-20 02:15:00+00:00,125.0
120,02:00,4,2023-01-21,Saturday,2023-01-20 19:00:00+00:00,2023-01-20 23:00:00+00:00,2023-01-20 23:00:00+00:00,2023-01-21 03:00:00+00:00,305.12,292.26,12.860000000000014,True,,1,0,2023-01-20 23:10:00+00:00,2023-01-20 23:15:00+00:00,False,,,BREAK_DURING_K1,2023-01-20 23:15:00+00:00,
120,02:00,4,2023-01-22,Sunday,2023-01-21 19:00:00+00:00,2023-01-21 23:00:00+00:00,2023-01-21 23:00:00+00:00,2023-01-22 03:00:00+00:00,305.19,301.32,3.8700000000000045,False,OPPOSITE_VISIT_BEFORE_K1,0,1,,,False,,,OPPOSITE_VISIT_BEFORE_K1,2023-01-21 23:00:00+00:00,
120,02:00,4,2023-01-23,Monday,2023-01-22 19:00:00+00:00,2023-01-22 23:00:00+00:00,2023-01-22 23:00:00+00:00,2023-01-23 03:00:00+00:00,307.54,298.5,9.04000000000002,True,,1,0,2023-01-23 02:25:00+00:00,2023-01-23 02:30:00+00:00,True,2023-01-23 02:35:00+00:00,2023-01-23 02:40:00+00:00,H2_ARRIVAL,2023-01-23 02:50:00+00:00,15.0
120,02:00,4,2023-01-24,Tuesday,2023-01-23 19:00:00+00:00,2023-01-23 23:00:00+00:00,2023-01-23 23:00:00+00:00,2023-01-24 03:00:00+00:00,306.88,303.5,3.3799999999999955,False,OPPOSITE_VISIT_BEFORE_K1,0,1,,,False,,,OPPOSITE_VISIT_BEFORE_K1,2023-01-24 00:05:00+00:00,
120,02:00,4,2023-01-25,Wednesday,2023-01-24 19:00:00+00:00,2023-01-24 23:00:00+00:00,2023-01-24 23:00:00+00:00,2023-01-25 03:00:00+00:00,311.36,299.5,11.860000000000014,False,BREAK_BEFORE_K1,0,0,,,False,,,BREAK_BEFORE_K1,2023-01-24 23:15:00+00:00,
120,02:00,4,2023-01-26,Thursday,2023-01-25 19:00:00+00:00,2023-01-25 23:00:00+00:00,2023-01-25 23:00:00+00:00,2023-01-26 03:00:00+00:00,314.05,301.19,12.860000000000014,False,NO_K1,0,0,,,False,,,NO_K1,,
120,02:00,4,2023-01-27,Friday,2023-01-26 19:00:00+00:00,2023-01-26 23:00:00+00:00,2023-01-26 23:00:00+00:00,2023-01-27 03:00:00+00:00,307.1,303.57,3.5300000000000296,False,BREAK_BEFORE_K1,0,0,,,False,,,BREAK_BEFORE_K1,2023-01-27 00:15:00+00:00,
120,02:00,4,2023-01-28,Saturday,2023-01-27 19:00:00+00:00,2023-01-27 23:00:00+00:00,2023-01-27 23:00:00+00:00,2023-01-28 03:00:00+00:00,310.73,305.29,5.439999999999998,False,NO_K1,0,0,,,False,,,NO_K1,,
120,02:00,4,2023-01-29,Sunday,2023-01-28 19:00:00+00:00,2023-01-28 23:00:00+00:00,2023-01-28 23:00:00+00:00,2023-01-29 03:00:00+00:00,306.89,304.08,2.8100000000000023,True,,1,0,2023-01-29 00:30:00+00:00,2023-01-29 00:35:00+00:00,False,,,BREAK_DURING_K1,2023-01-29 00:35:00+00:00,
120,02:00,4,2023-01-30,Monday,2023-01-29 19:00:00+00:00,2023-01-29 23:00:00+00:00,2023-01-29 23:00:00+00:00,2023-01-30 03:00:00+00:00,320.71,315.0,5.7099999999999795,False,BREAK_BEFORE_K1,0,0,,,False,,,BREAK_BEFORE_K1,2023-01-30 00:45:00+00:00,
120,02:00,4,2023-01-31,Tuesday,2023-01-30 19:00:00+00:00,2023-01-30 23:00:00+00:00,2023-01-30 23:00:00+00:00,2023-01-31 03:00:00+00:00,308.67,300.88,7.7900000000000205,False,BREAK_BEFORE_K1,0,0,,,False,,,BREAK_BEFORE_K1,2023-01-31 01:10:00+00:00,
120,02:00,4,2023-02-01,Wednesday,2023-01-31 19:00:00+00:00,2023-01-31 23:00:00+00:00,2023-01-31 23:00:00+00:00,2023-02-01 03:00:00+00:00,314.12,308.68,5.439999999999998,False,BREAK_BEFORE_K1,0,0,,,False,,,BREAK_BEFORE_K1,2023-02-01 00:40:00+00:00,
120,02:00,4,2023-02-02,Thursday,2023-02-01 19:00:00+00:00,2023-02-01 23:00:00+00:00,2023-02-01 23:00:00+00:00,2023-02-02 03:00:00+00:00,319.58,306.77,12.810000000000002,False,BREAK_BEFORE_K1,0,0,,,False,,,BREAK_BEFORE_K1,2023-02-02 00:40:00+00:00,
120,02:00,4,2023-02-03,Friday,2023-02-02 19:00:00+00:00,2023-02-02 23:00:00+00:00,2023-02-02 23:00:00+00:00,2023-02-03 03:00:00+00:00,331.72,321.36,10.360000000000014,False,OPPOSITE_VISIT_BEFORE_K1,0,1,,,False,,,OPPOSITE_VISIT_BEFORE_K1,2023-02-03 02:35:00+00:00,
120,02:00,4,2023-02-04,Saturday,2023-02-03 19:00:00+00:00,2023-02-03 23:00:00+00:00,2023-02-03 23:00:00+00:00,2023-02-04 03:00:00+00:00,332.5,328.32,4.180000000000007,True,,1,0,2023-02-03 23:45:00+00:00,2023-02-03 23:50:00+00:00,True,2023-02-03 23:50:00+00:00,2023-02-03 23:55:00+00:00,H2_ARRIVAL,2023-02-03 23:55:00+00:00,5.0
120,02:00,4,2023-02-05,Sunday,2023-02-04 19:00:00+00:00,2023-02-04 23:00:00+00:00,2023-02-04 23:00:00+00:00,2023-02-05 03:00:00+00:00,331.6,329.55,2.0500000000000114,False,BREAK_BEFORE_K1,0,0,,,False,,,BREAK_BEFORE_K1,2023-02-04 23:00:00+00:00,
120,02:00,4,2023-02-06,Monday,2023-02-05 19:00:00+00:00,2023-02-05 23:00:00+00:00,2023-02-05 23:00:00+00:00,2023-02-06 03:00:00+00:00,328.64,324.41,4.229999999999961,False,BREAK_BEFORE_K1,0,0,,,False,,,BREAK_BEFORE_K1,2023-02-06 00:00:00+00:00,
120,02:00,4,2023-02-07,Tuesday,2023-02-06 19:00:00+00:00,2023-02-06 23:00:00+00:00,2023-02-06 23:00:00+00:00,2023-02-07 03:00:00+00:00,330.0,326.52,3.480000000000018,False,BREAK_BEFORE_K1,0,0,,,False,,,BREAK_BEFORE_K1,2023-02-06 23:00:00+00:00,
120,02:00,4,2023-02-08,Wednesday,2023-02-07 19:00:00+00:00,2023-02-07 23:00:00+00:00,2023-02-07 23:00:00+00:00,2023-02-08 03:00:00+00:00,333.27,327.68,5.589999999999975,False,BREAK_BEFORE_K1,0,0,,,False,,,BREAK_BEFORE_K1,2023-02-07 23:05:00+00:00,
120,02:00,4,2023-02-09,Thursday,2023-02-08 19:00:00+00:00,2023-02-08 23:00:00+00:00,2023-02-08 23:00:00+00:00,2023-02-09 03:00:00+00:00,328.22,325.01,3.2100000000000364,True,,1,0,2023-02-08 23:35:00+00:00,2023-02-08 23:40:00+00:00,False,,,BREAK_DURING_K1,2023-02-08 23:40:00+00:00,
120,02:00,4,2023-02-10,Friday,2023-02-09 19:00:00+00:00,2023-02-09 23:00:00+00:00,2023-02-09 23:00:00+00:00,2023-02-10 03:00:00+00:00,316.54,301.41,15.129999999999995,False,NO_K1,0,0,,,False,,,NO_K1,,
120,02:00,4,2023-02-11,Saturday,2023-02-10 19:00:00+00:00,2023-02-10 23:00:00+00:00,2023-02-10 23:00:00+00:00,2023-02-11 03:00:00+00:00,308.56,304.14,4.420000000000016,False,NO_K1,0,0,,,False,,,NO_K1,,
120,02:00,4,2023-02-12,Sunday,2023-02-11 19:00:00+00:00,2023-02-11 23:00:00+00:00,2023-02-11 23:00:00+00:00,2023-02-12 03:00:00+00:00,311.13,307.48,3.6499999999999773,False,NO_K1,0,0,,,False,,,NO_K1,,
120,02:00,4,2023-02-13,Monday,2023-02-12 19:00:00+00:00,2023-02-12 23:00:00+00:00,2023-02-12 23:00:00+00:00,2023-02-13 03:00:00+00:00,320.18,313.0,7.180000000000007,False,BREAK_BEFORE_K1,0,0,,,False,,,BREAK_BEFORE_K1,2023-02-12 23:25:00+00:00,
120,02:00,4,2023-02-14,Tuesday,2023-02-13 19:00:00+00:00,2023-02-13 23:00:00+00:00,2023-02-13 23:00:00+00:00,2023-02-14 03:00:00+00:00,291.8,287.07,4.730000000000018,False,BREAK_BEFORE_K1,0,0,,,False,,,BREAK_BEFORE_K1,2023-02-13 23:20:00+00:00,
120,02:00,4,2023-02-15,Wednesday,2023-02-14 19:00:00+00:00,2023-02-14 23:00:00+00:00,2023-02-14 23:00:00+00:00,2023-02-15 03:00:00+00:00,298.4,295.49,2.909999999999968,False,OPPOSITE_VISIT_BEFORE_K1,0,1,,,False,,,OPPOSITE_VISIT_BEFORE_K1,2023-02-14 23:00:00+00:00,
120,02:00,4,2023-02-16,Thursday,2023-02-15 19:00:00+00:00,2023-02-15 23:00:00+00:00,2023-02-15 23:00:00+00:00,2023-02-16 03:00:00+00:00,317.42,303.3,14.120000000000005,False,BREAK_BEFORE_K1,0,0,,,False,,,BREAK_BEFORE_K1,2023-02-15 23:10:00+00:00,
120,02:00,4,2023-02-17,Friday,2023-02-16 19:00:00+00:00,2023-02-16 23:00:00+00:00,2023-02-16 23:00:00+00:00,2023-02-17 03:00:00+00:00,321.87,307.09,14.78000000000003,False,OPPOSITE_VISIT_BEFORE_K1,0,1,,,False,,,OPPOSITE_VISIT_BEFORE_K1,2023-02-16 23:05:00+00:00,
120,02:00,4,2023-02-18,Saturday,2023-02-17 19:00:00+00:00,2023-02-17 23:00:00+00:00,2023-02-17 23:00:00+00:00,2023-02-18 03:00:00+00:00,317.0,309.17,7.829999999999984,False,NO_K1,0,0,,,False,,,NO_K1,,
120,02:00,4,2023-02-19,Sunday,2023-02-18 19:00:00+00:00,2023-02-18 23:00:00+00:00,2023-02-18 23:00:00+00:00,2023-02-19 03:00:00+00:00,316.99,313.73,3.259999999999991,True,,1,0,2023-02-19 00:00:00+00:00,2023-02-19 00:05:00+00:00,True,2023-02-19 00:05:00+00:00,2023-02-19 00:10:00+00:00,H2_ARRIVAL,2023-02-19 00:45:00+00:00,40.0
120,02:00,4,2023-02-20,Monday,2023-02-19 19:00:00+00:00,2023-02-19 23:00:00+00:00,2023-02-19 23:00:00+00:00,2023-02-20 03:00:00+00:00,313.64,310.0,3.6399999999999864,False,BREAK_BEFORE_K1,0,0,,,False,,,BREAK_BEFORE_K1,2023-02-20 00:30:00+00:00,
120,02:00,4,2023-02-21,Tuesday,2023-02-20 19:00:00+00:00,2023-02-20 23:00:00+00:00,2023-02-20 23:00:00+00:00,2023-02-21 03:00:00+00:00,315.08,313.0,2.079999999999984,True,,1,0,2023-02-20 23:10:00+00:00,2023-02-20 23:15:00+00:00,True,2023-02-20 23:15:00+00:00,2023-02-20 23:20:00+00:00,H2_ARRIVAL,2023-02-20 23:50:00+00:00,35.0
120,02:00,4,2023-02-22,Wednesday,2023-02-21 19:00:00+00:00,2023-02-21 23:00:00+00:00,2023-02-21 23:00:00+00:00,2023-02-22 03:00:00+00:00,314.02,309.03,4.990000000000009,False,OPPOSITE_VISIT_BEFORE_K1,0,1,,,False,,,OPPOSITE_VISIT_BEFORE_K1,2023-02-22 00:45:00+00:00,
120,02:00,4,2023-02-23,Thursday,2023-02-22 19:00:00+00:00,2023-02-22 23:00:00+00:00,2023-02-22 23:00:00+00:00,2023-02-23 03:00:00+00:00,310.78,305.4,5.3799999999999955,False,BREAK_BEFORE_K1,0,0,,,False,,,BREAK_BEFORE_K1,2023-02-22 23:00:00+00:00,
120,02:00,4,2023-02-24,Friday,2023-02-23 19:00:00+00:00,2023-02-23 23:00:00+00:00,2023-02-23 23:00:00+00:00,2023-02-24 03:00:00+00:00,309.88,306.36,3.519999999999982,False,BREAK_BEFORE_K1,0,0,,,False,,,BREAK_BEFORE_K1,2023-02-24 01:10:00+00:00,
120,02:00,4,2023-02-25,Saturday,2023-02-24 19:00:00+00:00,2023-02-24 23:00:00+00:00,2023-02-24 23:00:00+00:00,2023-02-25 03:00:00+00:00,303.9,298.19,5.7099999999999795,False,NO_K1,0,0,,,False,,,NO_K1,,
120,02:00,4,2023-02-26,Sunday,2023-02-25 19:00:00+00:00,2023-02-25 23:00:00+00:00,2023-02-25 23:00:00+00:00,2023-02-26 03:00:00+00:00,301.42,295.07,6.350000000000023,False,BREAK_BEFORE_K1,0,0,,,False,,,BREAK_BEFORE_K1,2023-02-25 23:00:00+00:00,
120,02:00,4,2023-02-27,Monday,2023-02-26 19:00:00+00:00,2023-02-26 23:00:00+00:00,2023-02-26 23:00:00+00:00,2023-02-27 03:00:00+00:00,309.8,306.81,2.990000000000009,False,NO_K1,0,0,,,False,,,NO_K1,,
120,02:00,4,2023-02-28,Tuesday,2023-02-27 19:00:00+00:00,2023-02-27 23:00:00+00:00,2023-02-27 23:00:00+00:00,2023-02-28 03:00:00+00:00,304.82,301.22,3.599999999999966,False,NO_K1,0,0,,,False,,,NO_K1,,
120,02:00,4,2023-03-01,Wednesday,2023-02-28 19:00:00+00:00,2023-02-28 23:00:00+00:00,2023-02-28 23:00:00+00:00,2023-03-01 03:00:00+00:00,303.14,299.52,3.6200000000000045,False,NO_K1,0,0,,,False,,,NO_K1,,
120,02:00,4,2023-03-02,Thursday,2023-03-01 19:00:00+00:00,2023-03-01 23:00:00+00:00,2023-03-01 23:00:00+00:00,2023-03-02 03:00:00+00:00,302.64,300.44,2.1999999999999886,False,BREAK_BEFORE_K1,0,0,,,False,,,BREAK_BEFORE_K1,2023-03-01 23:45:00+00:00,
120,02:00,4,2023-03-03,Friday,2023-03-02 19:00:00+00:00,2023-03-02 23:00:00+00:00,2023-03-02 23:00:00+00:00,2023-03-03 03:00:00+00:00,300.68,298.68,2.0,False,OPPOSITE_VISIT_BEFORE_K1,0,1,,,False,,,OPPOSITE_VISIT_BEFORE_K1,2023-03-03 00:30:00+00:00,
120,02:00,4,2023-03-04,Saturday,2023-03-03 19:00:00+00:00,2023-03-03 23:00:00+00:00,2023-03-03 23:00:00+00:00,2023-03-04 03:00:00+00:00,289.8,287.23,2.569999999999993,False,BREAK_BEFORE_K1,0,0,,,False,,,BREAK_BEFORE_K1,2023-03-03 23:40:00+00:00,
120,02:00,4,2023-03-05,Sunday,2023-03-04 19:00:00+00:00,2023-03-04 23:00:00+00:00,2023-03-04 23:00:00+00:00,2023-03-05 03:00:00+00:00,290.08,285.51,4.569999999999993,False,BREAK_BEFORE_K1,0,0,,,False,,,BREAK_BEFORE_K1,2023-03-05 01:15:00+00:00,
120,02:00,4,2023-03-06,Monday,2023-03-05 19:00:00+00:00,2023-03-05 23:00:00+00:00,2023-03-05 23:00:00+00:00,2023-03-06 03:00:00+00:00,290.51,288.27,2.240000000000009,False,OPPOSITE_VISIT_BEFORE_K1,0,1,,,False,,,OPPOSITE_VISIT_BEFORE_K1,2023-03-05 23:00:00+00:00,
120,02:00,4,2023-03-07,Tuesday,2023-03-06 19:00:00+00:00,2023-03-06 23:00:00+00:00,2023-03-06 23:00:00+00:00,2023-03-07 03:00:00+00:00,288.75,286.37,2.3799999999999955,False,BREAK_BEFORE_K1,0,0,,,False,,,BREAK_BEFORE_K1,2023-03-07 01:20:00+00:00,
120,02:00,4,2023-03-08,Wednesday,2023-03-07 19:00:00+00:00,2023-03-07 23:00:00+00:00,2023-03-07 23:00:00+00:00,2023-03-08 03:00:00+00:00,288.34,285.32,3.019999999999982,False,BREAK_BEFORE_K1,0,0,,,False,,,BREAK_BEFORE_K1,2023-03-07 23:30:00+00:00,
120,02:00,4,2023-03-09,Thursday,2023-03-08 19:00:00+00:00,2023-03-08 23:00:00+00:00,2023-03-08 23:00:00+00:00,2023-03-09 03:00:00+00:00,291.95,285.85,6.099999999999966,False,OPPOSITE_VISIT_BEFORE_K1,0,1,,,False,,,OPPOSITE_VISIT_BEFORE_K1,2023-03-09 00:10:00+00:00,
120,02:00,4,2023-03-10,Friday,2023-03-09 19:00:00+00:00,2023-03-09 23:00:00+00:00,2023-03-09 23:00:00+00:00,2023-03-10 03:00:00+00:00,284.01,270.82,13.189999999999998,False,NO_K1,0,0,,,False,,,NO_K1,,
120,02:00,4,2023-03-11,Saturday,2023-03-10 19:00:00+00:00,2023-03-10 23:00:00+00:00,2023-03-10 23:00:00+00:00,2023-03-11 03:00:00+00:00,277.62,274.51,3.1100000000000136,True,,1,0,2023-03-10 23:10:00+00:00,2023-03-10 23:15:00+00:00,False,,,BREAK_DURING_K1,2023-03-10 23:15:00+00:00,
120,02:00,4,2023-03-12,Sunday,2023-03-11 19:00:00+00:00,2023-03-11 23:00:00+00:00,2023-03-11 23:00:00+00:00,2023-03-12 03:00:00+00:00,275.02,271.76,3.259999999999991,True,,1,0,2023-03-11 23:40:00+00:00,2023-03-11 23:45:00+00:00,False,,,BREAK_DURING_K1,2023-03-11 23:50:00+00:00,
120,02:00,4,2023-03-13,Monday,2023-03-12 19:00:00+00:00,2023-03-12 23:00:00+00:00,2023-03-12 23:00:00+00:00,2023-03-13 03:00:00+00:00,286.5,277.41,9.089999999999975,True,,1,0,2023-03-12 23:25:00+00:00,2023-03-12 23:30:00+00:00,False,,,BREAK_DURING_K1,2023-03-12 23:30:00+00:00,
120,02:00,4,2023-03-14,Tuesday,2023-03-13 19:00:00+00:00,2023-03-13 23:00:00+00:00,2023-03-13 23:00:00+00:00,2023-03-14 03:00:00+00:00,309.93,306.12,3.8100000000000023,False,OPPOSITE_VISIT_BEFORE_K1,0,1,,,False,,,OPPOSITE_VISIT_BEFORE_K1,2023-03-13 23:20:00+00:00,
120,02:00,4,2023-03-15,Wednesday,2023-03-14 19:00:00+00:00,2023-03-14 23:00:00+00:00,2023-03-14 23:00:00+00:00,2023-03-15 03:00:00+00:00,313.55,304.49,9.060000000000002,False,NO_K1,0,0,,,False,,,NO_K1,,
120,02:00,4,2023-03-16,Thursday,2023-03-15 19:00:00+00:00,2023-03-15 23:00:00+00:00,2023-03-15 23:00:00+00:00,2023-03-16 03:00:00+00:00,308.03,304.09,3.9399999999999977,False,BREAK_BEFORE_K1,0,0,,,False,,,BREAK_BEFORE_K1,2023-03-16 00:40:00+00:00,
120,02:00,4,2023-03-17,Friday,2023-03-16 19:00:00+00:00,2023-03-16 23:00:00+00:00,2023-03-16 23:00:00+00:00,2023-03-17 03:00:00+00:00,332.32,325.84,6.480000000000018,False,BREAK_BEFORE_K1,0,0,,,False,,,BREAK_BEFORE_K1,2023-03-17 00:35:00+00:00,
120,02:00,4,2023-03-18,Saturday,2023-03-17 19:00:00+00:00,2023-03-17 23:00:00+00:00,2023-03-17 23:00:00+00:00,2023-03-18 03:00:00+00:00,338.8,331.6,7.199999999999989,False,BREAK_BEFORE_K1,0,0,,,False,,,BREAK_BEFORE_K1,2023-03-17 23:15:00+00:00,
120,02:00,4,2023-03-19,Sunday,2023-03-18 19:00:00+00:00,2023-03-18 23:00:00+00:00,2023-03-18 23:00:00+00:00,2023-03-19 03:00:00+00:00,337.33,331.53,5.800000000000011,False,BREAK_BEFORE_K1,0,0,,,False,,,BREAK_BEFORE_K1,2023-03-18 23:00:00+00:00,
120,02:00,4,2023-03-20,Monday,2023-03-19 19:00:00+00:00,2023-03-19 23:00:00+00:00,2023-03-19 23:00:00+00:00,2023-03-20 03:00:00+00:00,340.21,334.0,6.2099999999999795,False,OPPOSITE_VISIT_BEFORE_K1,0,1,,,False,,,OPPOSITE_VISIT_BEFORE_K1,2023-03-20 00:05:00+00:00,
120,02:00,4,2023-03-21,Tuesday,2023-03-20 19:00:00+00:00,2023-03-20 23:00:00+00:00,2023-03-20 23:00:00+00:00,2023-03-21 03:00:00+00:00,338.14,331.91,6.229999999999961,False,BREAK_BEFORE_K1,0,0,,,False,,,BREAK_BEFORE_K1,2023-03-20 23:40:00+00:00,
120,02:00,4,2023-03-22,Wednesday,2023-03-21 19:00:00+00:00,2023-03-21 23:00:00+00:00,2023-03-21 23:00:00+00:00,2023-03-22 03:00:00+00:00,337.62,334.01,3.6100000000000136,False,OPPOSITE_VISIT_BEFORE_K1,0,1,,,False,,,OPPOSITE_VISIT_BEFORE_K1,2023-03-22 00:00:00+00:00,
120,02:00,4,2023-03-23,Thursday,2023-03-22 19:00:00+00:00,2023-03-22 23:00:00+00:00,2023-03-22 23:00:00+00:00,2023-03-23 03:00:00+00:00,326.95,316.0,10.949999999999989,False,NO_K1,0,0,,,False,,,NO_K1,,
120,02:00,4,2023-03-24,Friday,2023-03-23 19:00:00+00:00,2023-03-23 23:00:00+00:00,2023-03-23 23:00:00+00:00,2023-03-24 03:00:00+00:00,329.99,326.4,3.590000000000032,False,NO_K1,0,0,,,False,,,NO_K1,,
120,02:00,4,2023-03-25,Saturday,2023-03-24 19:00:00+00:00,2023-03-24 23:00:00+00:00,2023-03-24 23:00:00+00:00,2023-03-25 03:00:00+00:00,322.78,318.3,4.479999999999961,True,,1,0,2023-03-25 00:45:00+00:00,2023-03-25 00:50:00+00:00,False,,,BREAK_DURING_K1,2023-03-25 00:55:00+00:00,
120,02:00,4,2023-03-26,Sunday,2023-03-25 19:00:00+00:00,2023-03-25 23:00:00+00:00,2023-03-25 23:00:00+00:00,2023-03-26 03:00:00+00:00,322.67,318.86,3.8100000000000023,True,,1,0,2023-03-26 00:40:00+00:00,2023-03-26 00:45:00+00:00,False,,,BREAK_DURING_K1,2023-03-26 00:45:00+00:00,
120,02:00,4,2023-03-27,Monday,2023-03-26 19:00:00+00:00,2023-03-26 23:00:00+00:00,2023-03-26 23:00:00+00:00,2023-03-27 03:00:00+00:00,328.99,326.0,2.990000000000009,True,,1,0,2023-03-26 23:20:00+00:00,2023-03-26 23:25:00+00:00,True,2023-03-26 23:25:00+00:00,2023-03-26 23:30:00+00:00,H2_ARRIVAL,2023-03-26 23:35:00+00:00,10.0
120,02:00,4,2023-03-28,Tuesday,2023-03-27 19:00:00+00:00,2023-03-27 23:00:00+00:00,2023-03-27 23:00:00+00:00,2023-03-28 03:00:00+00:00,309.3,305.46,3.840000000000032,False,BREAK_BEFORE_K1,0,0,,,False,,,BREAK_BEFORE_K1,2023-03-27 23:30:00+00:00,
120,02:00,4,2023-03-29,Wednesday,2023-03-28 19:00:00+00:00,2023-03-28 23:00:00+00:00,2023-03-28 23:00:00+00:00,2023-03-29 03:00:00+00:00,315.85,311.45,4.400000000000034,False,NO_K1,0,0,,,False,,,NO_K1,,
120,02:00,4,2023-03-30,Thursday,2023-03-29 19:00:00+00:00,2023-03-29 23:00:00+00:00,2023-03-29 23:00:00+00:00,2023-03-30 03:00:00+00:00,316.45,312.63,3.819999999999993,False,BREAK_BEFORE_K1,0,0,,,False,,,BREAK_BEFORE_K1,2023-03-30 00:50:00+00:00,
120,02:00,4,2023-03-31,Friday,2023-03-30 19:00:00+00:00,2023-03-30 23:00:00+00:00,2023-03-30 23:00:00+00:00,2023-03-31 03:00:00+00:00,317.17,314.86,2.3100000000000023,True,,1,0,2023-03-31 00:25:00+00:00,2023-03-31 00:30:00+00:00,True,2023-03-31 00:30:00+00:00,2023-03-31 00:35:00+00:00,H2_ARRIVAL,2023-03-31 01:00:00+00:00,30.0
120,02:00,4,2023-04-01,Saturday,2023-03-31 19:00:00+00:00,2023-03-31 23:00:00+00:00,2023-03-31 23:00:00+00:00,2023-04-01 03:00:00+00:00,317.38,314.79,2.589999999999975,True,,1,0,2023-04-01 00:20:00+00:00,2023-04-01 00:25:00+00:00,True,2023-04-01 00:25:00+00:00,2023-04-01 00:30:00+00:00,H2_ARRIVAL,2023-04-01 02:00:00+00:00,95.0
120,02:00,4,2023-04-02,Sunday,2023-04-01 19:00:00+00:00,2023-04-01 23:00:00+00:00,2023-04-01 23:00:00+00:00,2023-04-02 03:00:00+00:00,315.53,313.86,1.669999999999959,False,BREAK_BEFORE_K1,0,0,,,False,,,BREAK_BEFORE_K1,2023-04-02 00:45:00+00:00,
120,02:00,4,2023-04-03,Monday,2023-04-02 19:00:00+00:00,2023-04-02 23:00:00+00:00,2023-04-02 23:00:00+00:00,2023-04-03 03:00:00+00:00,313.16,310.36,2.8000000000000114,False,BREAK_BEFORE_K1,0,0,,,False,,,BREAK_BEFORE_K1,2023-04-02 23:20:00+00:00,
120,02:00,4,2023-04-04,Tuesday,2023-04-03 19:00:00+00:00,2023-04-03 23:00:00+00:00,2023-04-03 23:00:00+00:00,2023-04-04 03:00:00+00:00,312.0,297.43,14.569999999999993,False,NO_K1,0,0,,,False,,,NO_K1,,
120,02:00,4,2023-04-05,Wednesday,2023-04-04 19:00:00+00:00,2023-04-04 23:00:00+00:00,2023-04-04 23:00:00+00:00,2023-04-05 03:00:00+00:00,311.75,310.53,1.2200000000000273,False,OPPOSITE_VISIT_BEFORE_K1,0,1,,,False,,,OPPOSITE_VISIT_BEFORE_K1,2023-04-04 23:15:00+00:00,
120,02:00,4,2023-04-06,Thursday,2023-04-05 19:00:00+00:00,2023-04-05 23:00:00+00:00,2023-04-05 23:00:00+00:00,2023-04-06 03:00:00+00:00,314.75,311.85,2.8999999999999773,False,BREAK_BEFORE_K1,0,0,,,False,,,BREAK_BEFORE_K1,2023-04-06 01:20:00+00:00,
120,02:00,4,2023-04-07,Friday,2023-04-06 19:00:00+00:00,2023-04-06 23:00:00+00:00,2023-04-06 23:00:00+00:00,2023-04-07 03:00:00+00:00,312.93,311.73,1.1999999999999886,False,BREAK_BEFORE_K1,0,0,,,False,,,BREAK_BEFORE_K1,2023-04-07 00:05:00+00:00,
120,02:00,4,2023-04-08,Saturday,2023-04-07 19:00:00+00:00,2023-04-07 23:00:00+00:00,2023-04-07 23:00:00+00:00,2023-04-08 03:00:00+00:00,311.35,310.3,1.0500000000000114,False,OPPOSITE_VISIT_BEFORE_K1,0,1,,,False,,,OPPOSITE_VISIT_BEFORE_K1,2023-04-07 23:25:00+00:00,
120,02:00,4,2023-04-09,Sunday,2023-04-08 19:00:00+00:00,2023-04-08 23:00:00+00:00,2023-04-08 23:00:00+00:00,2023-04-09 03:00:00+00:00,310.95,310.0,0.9499999999999886,True,,1,0,2023-04-09 00:35:00+00:00,2023-04-09 00:40:00+00:00,False,,,BREAK_DURING_K1,2023-04-09 00:40:00+00:00,
120,02:00,4,2023-04-10,Monday,2023-04-09 19:00:00+00:00,2023-04-09 23:00:00+00:00,2023-04-09 23:00:00+00:00,2023-04-10 03:00:00+00:00,313.81,311.3,2.509999999999991,False,NO_K1,0,0,,,False,,,NO_K1,,
120,02:00,4,2023-04-11,Tuesday,2023-04-10 19:00:00+00:00,2023-04-10 23:00:00+00:00,2023-04-10 23:00:00+00:00,2023-04-11 03:00:00+00:00,315.86,312.53,3.330000000000041,False,BREAK_BEFORE_K1,0,0,,,False,,,BREAK_BEFORE_K1,2023-04-10 23:00:00+00:00,
120,02:00,4,2023-04-12,Wednesday,2023-04-11 19:00:00+00:00,2023-04-11 23:00:00+00:00,2023-04-11 23:00:00+00:00,2023-04-12 03:00:00+00:00,327.48,324.18,3.3000000000000114,False,BREAK_BEFORE_K1,0,0,,,False,,,BREAK_BEFORE_K1,2023-04-11 23:00:00+00:00,
120,02:00,4,2023-04-13,Thursday,2023-04-12 19:00:00+00:00,2023-04-12 23:00:00+00:00,2023-04-12 23:00:00+00:00,2023-04-13 03:00:00+00:00,320.32,318.0,2.319999999999993,False,BREAK_BEFORE_K1,0,0,,,False,,,BREAK_BEFORE_K1,2023-04-12 23:15:00+00:00,
120,02:00,4,2023-04-14,Friday,2023-04-13 19:00:00+00:00,2023-04-13 23:00:00+00:00,2023-04-13 23:00:00+00:00,2023-04-14 03:00:00+00:00,325.04,323.65,1.3900000000000432,False,BREAK_BEFORE_K1,0,0,,,False,,,BREAK_BEFORE_K1,2023-04-14 00:00:00+00:00,
120,02:00,4,2023-04-15,Saturday,2023-04-14 19:00:00+00:00,2023-04-14 23:00:00+00:00,2023-04-14 23:00:00+00:00,2023-04-15 03:00:00+00:00,330.42,326.94,3.480000000000018,False,NO_K1,0,0,,,False,,,NO_K1,,
120,02:00,4,2023-04-16,Sunday,2023-04-15 19:00:00+00:00,2023-04-15 23:00:00+00:00,2023-04-15 23:00:00+00:00,2023-04-16 03:00:00+00:00,334.09,331.29,2.7999999999999545,False,BREAK_BEFORE_K1,0,0,,,False,,,BREAK_BEFORE_K1,2023-04-15 23:05:00+00:00,
120,02:00,4,2023-04-17,Monday,2023-04-16 19:00:00+00:00,2023-04-16 23:00:00+00:00,2023-04-16 23:00:00+00:00,2023-04-17 03:00:00+00:00,350.39,346.43,3.9599999999999795,False,BREAK_BEFORE_K1,0,0,,,False,,,BREAK_BEFORE_K1,2023-04-17 00:25:00+00:00,
120,02:00,4,2023-04-18,Tuesday,2023-04-17 19:00:00+00:00,2023-04-17 23:00:00+00:00,2023-04-17 23:00:00+00:00,2023-04-18 03:00:00+00:00,343.16,339.79,3.3700000000000045,False,BREAK_BEFORE_K1,0,0,,,False,,,BREAK_BEFORE_K1,2023-04-17 23:35:00+00:00,
120,02:00,4,2023-04-19,Wednesday,2023-04-18 19:00:00+00:00,2023-04-18 23:00:00+00:00,2023-04-18 23:00:00+00:00,2023-04-19 03:00:00+00:00,343.27,340.82,2.4499999999999886,False,BREAK_BEFORE_K1,0,0,,,False,,,BREAK_BEFORE_K1,2023-04-18 23:30:00+00:00,
120,02:00,4,2023-04-20,Thursday,2023-04-19 19:00:00+00:00,2023-04-19 23:00:00+00:00,2023-04-19 23:00:00+00:00,2023-04-20 03:00:00+00:00,325.92,320.66,5.259999999999991,False,OPPOSITE_VISIT_BEFORE_K1,0,1,,,False,,,OPPOSITE_VISIT_BEFORE_K1,2023-04-19 23:20:00+00:00,
120,02:00,4,2023-04-21,Friday,2023-04-20 19:00:00+00:00,2023-04-20 23:00:00+00:00,2023-04-20 23:00:00+00:00,2023-04-21 03:00:00+00:00,319.37,315.14,4.230000000000018,False,BREAK_BEFORE_K1,0,0,,,False,,,BREAK_BEFORE_K1,2023-04-21 00:45:00+00:00,
120,02:00,4,2023-04-22,Saturday,2023-04-21 19:00:00+00:00,2023-04-21 23:00:00+00:00,2023-04-21 23:00:00+00:00,2023-04-22 03:00:00+00:00,325.18,316.45,8.730000000000018,False,NO_K1,0,0,,,False,,,NO_K1,,
120,02:00,4,2023-04-23,Sunday,2023-04-22 19:00:00+00:00,2023-04-22 23:00:00+00:00,2023-04-22 23:00:00+00:00,2023-04-23 03:00:00+00:00,333.96,329.02,4.939999999999998,False,BREAK_BEFORE_K1,0,0,,,False,,,BREAK_BEFORE_K1,2023-04-23 00:30:00+00:00,
120,02:00,4,2023-04-24,Monday,2023-04-23 19:00:00+00:00,2023-04-23 23:00:00+00:00,2023-04-23 23:00:00+00:00,2023-04-24 03:00:00+00:00,330.46,327.01,3.4499999999999886,True,,1,0,2023-04-23 23:50:00+00:00,2023-04-23 23:55:00+00:00,False,,,BREAK_DURING_K1,2023-04-24 00:00:00+00:00,
120,02:00,4,2023-04-25,Tuesday,2023-04-24 19:00:00+00:00,2023-04-24 23:00:00+00:00,2023-04-24 23:00:00+00:00,2023-04-25 03:00:00+00:00,332.32,330.56,1.759999999999991,False,BREAK_BEFORE_K1,0,0,,,False,,,BREAK_BEFORE_K1,2023-04-24 23:45:00+00:00,
120,02:00,4,2023-04-26,Wednesday,2023-04-25 19:00:00+00:00,2023-04-25 23:00:00+00:00,2023-04-25 23:00:00+00:00,2023-04-26 03:00:00+00:00,338.43,331.72,6.7099999999999795,False,BREAK_BEFORE_K1,0,0,,,False,,,BREAK_BEFORE_K1,2023-04-25 23:15:00+00:00,
120,02:00,4,2023-04-27,Thursday,2023-04-26 19:00:00+00:00,2023-04-26 23:00:00+00:00,2023-04-26 23:00:00+00:00,2023-04-27 03:00:00+00:00,340.6,321.63,18.970000000000027,False,NO_K1,0,0,,,False,,,NO_K1,,
120,02:00,4,2023-04-28,Friday,2023-04-27 19:00:00+00:00,2023-04-27 23:00:00+00:00,2023-04-27 23:00:00+00:00,2023-04-28 03:00:00+00:00,335.65,331.06,4.589999999999975,False,BREAK_BEFORE_K1,0,0,,,False,,,BREAK_BEFORE_K1,2023-04-27 23:45:00+00:00,
120,02:00,4,2023-04-29,Saturday,2023-04-28 19:00:00+00:00,2023-04-28 23:00:00+00:00,2023-04-28 23:00:00+00:00,2023-04-29 03:00:00+00:00,324.68,322.41,2.269999999999982,False,BREAK_BEFORE_K1,0,0,,,False,,,BREAK_BEFORE_K1,2023-04-29 01:00:00+00:00,
120,02:00,4,2023-04-30,Sunday,2023-04-29 19:00:00+00:00,2023-04-29 23:00:00+00:00,2023-04-29 23:00:00+00:00,2023-04-30 03:00:00+00:00,322.87,321.32,1.5500000000000114,False,OPPOSITE_VISIT_BEFORE_K1,0,1,,,False,,,OPPOSITE_VISIT_BEFORE_K1,2023-04-30 00:05:00+00:00,
120,02:00,4,2023-05-01,Monday,2023-04-30 19:00:00+00:00,2023-04-30 23:00:00+00:00,2023-04-30 23:00:00+00:00,2023-05-01 03:00:00+00:00,337.5,332.16,5.339999999999975,True,,1,0,2023-04-30 23:10:00+00:00,2023-04-30 23:15:00+00:00,True,2023-04-30 23:20:00+00:00,2023-04-30 23:25:00+00:00,H2_ARRIVAL,2023-05-01 00:20:00+00:00,60.0
120,02:00,4,2023-05-02,Tuesday,2023-05-01 19:00:00+00:00,2023-05-01 23:00:00+00:00,2023-05-01 23:00:00+00:00,2023-05-02 03:00:00+00:00,328.82,325.34,3.480000000000018,False,OPPOSITE_VISIT_BEFORE_K1,0,1,,,False,,,OPPOSITE_VISIT_BEFORE_K1,2023-05-02 02:50:00+00:00,
120,02:00,4,2023-05-03,Wednesday,2023-05-02 19:00:00+00:00,2023-05-02 23:00:00+00:00,2023-05-02 23:00:00+00:00,2023-05-03 03:00:00+00:00,325.59,320.6,4.989999999999952,False,NO_K1,0,0,,,False,,,NO_K1,,
120,02:00,4,2023-05-04,Thursday,2023-05-03 19:00:00+00:00,2023-05-03 23:00:00+00:00,2023-05-03 23:00:00+00:00,2023-05-04 03:00:00+00:00,327.36,322.65,4.710000000000036,False,NO_K1,0,0,,,False,,,NO_K1,,
120,02:00,4,2023-05-05,Friday,2023-05-04 19:00:00+00:00,2023-05-04 23:00:00+00:00,2023-05-04 23:00:00+00:00,2023-05-05 03:00:00+00:00,324.43,323.06,1.3700000000000045,False,OPPOSITE_VISIT_BEFORE_K1,0,1,,,False,,,OPPOSITE_VISIT_BEFORE_K1,2023-05-04 23:00:00+00:00,
120,02:00,4,2023-05-06,Saturday,2023-05-05 19:00:00+00:00,2023-05-05 23:00:00+00:00,2023-05-05 23:00:00+00:00,2023-05-06 03:00:00+00:00,327.84,324.49,3.349999999999966,False,BREAK_BEFORE_K1,0,0,,,False,,,BREAK_BEFORE_K1,2023-05-06 00:35:00+00:00,
120,02:00,4,2023-05-07,Sunday,2023-05-06 19:00:00+00:00,2023-05-06 23:00:00+00:00,2023-05-06 23:00:00+00:00,2023-05-07 03:00:00+00:00,323.64,321.47,2.169999999999959,False,BREAK_BEFORE_K1,0,0,,,False,,,BREAK_BEFORE_K1,2023-05-07 00:25:00+00:00,
120,02:00,4,2023-05-08,Monday,2023-05-07 19:00:00+00:00,2023-05-07 23:00:00+00:00,2023-05-07 23:00:00+00:00,2023-05-08 03:00:00+00:00,323.93,322.13,1.8000000000000114,False,OPPOSITE_VISIT_BEFORE_K1,0,1,,,False,,,OPPOSITE_VISIT_BEFORE_K1,2023-05-07 23:10:00+00:00,
120,02:00,4,2023-05-09,Tuesday,2023-05-08 19:00:00+00:00,2023-05-08 23:00:00+00:00,2023-05-08 23:00:00+00:00,2023-05-09 03:00:00+00:00,313.28,311.04,2.2399999999999523,False,BREAK_BEFORE_K1,0,0,,,False,,,BREAK_BEFORE_K1,2023-05-08 23:20:00+00:00,
120,02:00,4,2023-05-10,Wednesday,2023-05-09 19:00:00+00:00,2023-05-09 23:00:00+00:00,2023-05-09 23:00:00+00:00,2023-05-10 03:00:00+00:00,313.05,311.0,2.0500000000000114,False,BREAK_BEFORE_K1,0,0,,,False,,,BREAK_BEFORE_K1,2023-05-10 00:25:00+00:00,
120,02:00,4,2023-05-11,Thursday,2023-05-10 19:00:00+00:00,2023-05-10 23:00:00+00:00,2023-05-10 23:00:00+00:00,2023-05-11 03:00:00+00:00,316.56,311.87,4.689999999999998,False,NO_K1,0,0,,,False,,,NO_K1,,
120,02:00,4,2023-05-12,Friday,2023-05-11 19:00:00+00:00,2023-05-11 23:00:00+00:00,2023-05-11 23:00:00+00:00,2023-05-12 03:00:00+00:00,307.54,304.63,2.910000000000025,False,BREAK_BEFORE_K1,0,0,,,False,,,BREAK_BEFORE_K1,2023-05-11 23:40:00+00:00,
120,02:00,4,2023-05-13,Saturday,2023-05-12 19:00:00+00:00,2023-05-12 23:00:00+00:00,2023-05-12 23:00:00+00:00,2023-05-13 03:00:00+00:00,308.55,301.2,7.350000000000023,True,,1,0,2023-05-13 00:00:00+00:00,2023-05-13 00:05:00+00:00,True,2023-05-13 00:05:00+00:00,2023-05-13 00:10:00+00:00,H2_ARRIVAL,2023-05-13 01:00:00+00:00,55.0
120,02:00,4,2023-05-14,Sunday,2023-05-13 19:00:00+00:00,2023-05-13 23:00:00+00:00,2023-05-13 23:00:00+00:00,2023-05-14 03:00:00+00:00,311.6,308.97,2.6299999999999955,False,BREAK_BEFORE_K1,0,0,,,False,,,BREAK_BEFORE_K1,2023-05-13 23:00:00+00:00,
120,02:00,4,2023-05-15,Monday,2023-05-14 19:00:00+00:00,2023-05-14 23:00:00+00:00,2023-05-14 23:00:00+00:00,2023-05-15 03:00:00+00:00,311.9,310.55,1.349999999999966,False,BREAK_BEFORE_K1,0,0,,,False,,,BREAK_BEFORE_K1,2023-05-14 23:55:00+00:00,
120,02:00,4,2023-05-16,Tuesday,2023-05-15 19:00:00+00:00,2023-05-15 23:00:00+00:00,2023-05-15 23:00:00+00:00,2023-05-16 03:00:00+00:00,314.15,312.9,1.25,False,BREAK_BEFORE_K1,0,0,,,False,,,BREAK_BEFORE_K1,2023-05-16 00:40:00+00:00,
120,02:00,4,2023-05-17,Wednesday,2023-05-16 19:00:00+00:00,2023-05-16 23:00:00+00:00,2023-05-16 23:00:00+00:00,2023-05-17 03:00:00+00:00,311.74,309.67,2.069999999999993,True,,1,0,2023-05-17 00:35:00+00:00,2023-05-17 00:40:00+00:00,True,2023-05-17 00:40:00+00:00,2023-05-17 00:45:00+00:00,H2_ARRIVAL,2023-05-17 00:50:00+00:00,10.0
120,02:00,4,2023-05-18,Thursday,2023-05-17 19:00:00+00:00,2023-05-17 23:00:00+00:00,2023-05-17 23:00:00+00:00,2023-05-18 03:00:00+00:00,314.41,311.75,2.660000000000025,False,NO_K1,0,0,,,False,,,NO_K1,,
120,02:00,4,2023-05-19,Friday,2023-05-18 19:00:00+00:00,2023-05-18 23:00:00+00:00,2023-05-18 23:00:00+00:00,2023-05-19 03:00:00+00:00,310.59,306.72,3.8699999999999477,False,NO_K1,0,0,,,False,,,NO_K1,,
120,02:00,4,2023-05-20,Saturday,2023-05-19 19:00:00+00:00,2023-05-19 23:00:00+00:00,2023-05-19 23:00:00+00:00,2023-05-20 03:00:00+00:00,308.87,307.65,1.2200000000000273,False,BREAK_BEFORE_K1,0,0,,,False,,,BREAK_BEFORE_K1,2023-05-19 23:20:00+00:00,
120,02:00,4,2023-05-21,Sunday,2023-05-20 19:00:00+00:00,2023-05-20 23:00:00+00:00,2023-05-20 23:00:00+00:00,2023-05-21 03:00:00+00:00,311.58,310.0,1.579999999999984,True,,1,0,2023-05-21 00:50:00+00:00,2023-05-21 00:55:00+00:00,True,2023-05-21 00:55:00+00:00,2023-05-21 01:00:00+00:00,NO_H2_BY_END,,
120,02:00,4,2023-05-22,Monday,2023-05-21 19:00:00+00:00,2023-05-21 23:00:00+00:00,2023-05-21 23:00:00+00:00,2023-05-22 03:00:00+00:00,308.9,305.55,3.349999999999966,False,OPPOSITE_VISIT_BEFORE_K1,0,1,,,False,,,OPPOSITE_VISIT_BEFORE_K1,2023-05-22 00:30:00+00:00,
120,02:00,4,2023-05-23,Tuesday,2023-05-22 19:00:00+00:00,2023-05-22 23:00:00+00:00,2023-05-22 23:00:00+00:00,2023-05-23 03:00:00+00:00,310.77,309.55,1.2199999999999704,False,BREAK_BEFORE_K1,0,0,,,False,,,BREAK_BEFORE_K1,2023-05-22 23:05:00+00:00,
120,02:00,4,2023-05-24,Wednesday,2023-05-23 19:00:00+00:00,2023-05-23 23:00:00+00:00,2023-05-23 23:00:00+00:00,2023-05-24 03:00:00+00:00,313.92,312.32,1.6000000000000227,False,NO_K1,0,0,,,False,,,NO_K1,,
120,02:00,4,2023-05-25,Thursday,2023-05-24 19:00:00+00:00,2023-05-24 23:00:00+00:00,2023-05-24 23:00:00+00:00,2023-05-25 03:00:00+00:00,306.62,304.91,1.7099999999999795,False,BREAK_BEFORE_K1,0,0,,,False,,,BREAK_BEFORE_K1,2023-05-25 00:40:00+00:00,
120,02:00,4,2023-05-26,Friday,2023-05-25 19:00:00+00:00,2023-05-25 23:00:00+00:00,2023-05-25 23:00:00+00:00,2023-05-26 03:00:00+00:00,305.94,304.06,1.8799999999999955,False,OPPOSITE_VISIT_BEFORE_K1,0,1,,,False,,,OPPOSITE_VISIT_BEFORE_K1,2023-05-26 00:45:00+00:00,
120,02:00,4,2023-05-27,Saturday,2023-05-26 19:00:00+00:00,2023-05-26 23:00:00+00:00,2023-05-26 23:00:00+00:00,2023-05-27 03:00:00+00:00,307.45,306.61,0.839999999999975,False,OPPOSITE_VISIT_BEFORE_K1,0,1,,,False,,,OPPOSITE_VISIT_BEFORE_K1,2023-05-27 00:00:00+00:00,
120,02:00,4,2023-05-28,Sunday,2023-05-27 19:00:00+00:00,2023-05-27 23:00:00+00:00,2023-05-27 23:00:00+00:00,2023-05-28 03:00:00+00:00,306.95,304.75,2.1999999999999886,False,BREAK_BEFORE_K1,0,0,,,False,,,BREAK_BEFORE_K1,2023-05-27 23:00:00+00:00,
120,02:00,4,2023-05-29,Monday,2023-05-28 19:00:00+00:00,2023-05-28 23:00:00+00:00,2023-05-28 23:00:00+00:00,2023-05-29 03:00:00+00:00,314.21,308.91,5.2999999999999545,False,BREAK_BEFORE_K1,0,0,,,False,,,BREAK_BEFORE_K1,2023-05-28 23:10:00+00:00,
120,02:00,4,2023-05-30,Tuesday,2023-05-29 19:00:00+00:00,2023-05-29 23:00:00+00:00,2023-05-29 23:00:00+00:00,2023-05-30 03:00:00+00:00,312.87,310.65,2.2200000000000273,False,BREAK_BEFORE_K1,0,0,,,False,,,BREAK_BEFORE_K1,2023-05-30 01:55:00+00:00,
120,02:00,4,2023-05-31,Wednesday,2023-05-30 19:00:00+00:00,2023-05-30 23:00:00+00:00,2023-05-30 23:00:00+00:00,2023-05-31 03:00:00+00:00,313.34,311.84,1.5,False,OPPOSITE_VISIT_BEFORE_K1,0,1,,,False,,,OPPOSITE_VISIT_BEFORE_K1,2023-05-30 23:00:00+00:00,
120,02:00,4,2023-06-01,Thursday,2023-05-31 19:00:00+00:00,2023-05-31 23:00:00+00:00,2023-05-31 23:00:00+00:00,2023-06-01 03:00:00+00:00,306.56,305.35,1.2099999999999795,True,,1,0,2023-05-31 23:25:00+00:00,2023-05-31 23:30:00+00:00,False,,,BREAK_DURING_K1,2023-05-31 23:30:00+00:00,
120,02:00,4,2023-06-02,Friday,2023-06-01 19:00:00+00:00,2023-06-01 23:00:00+00:00,2023-06-01 23:00:00+00:00,2023-06-02 03:00:00+00:00,306.03,303.52,2.509999999999991,False,OPPOSITE_VISIT_BEFORE_K1,0,1,,,False,,,OPPOSITE_VISIT_BEFORE_K1,2023-06-02 00:35:00+00:00,
120,02:00,4,2023-06-03,Saturday,2023-06-02 19:00:00+00:00,2023-06-02 23:00:00+00:00,2023-06-02 23:00:00+00:00,2023-06-03 03:00:00+00:00,308.5,307.03,1.4700000000000273,False,OPPOSITE_VISIT_BEFORE_K1,0,1,,,False,,,OPPOSITE_VISIT_BEFORE_K1,2023-06-03 00:00:00+00:00,
120,02:00,4,2023-06-04,Sunday,2023-06-03 19:00:00+00:00,2023-06-03 23:00:00+00:00,2023-06-03 23:00:00+00:00,2023-06-04 03:00:00+00:00,306.73,305.61,1.1200000000000045,False,BREAK_BEFORE_K1,0,0,,,False,,,BREAK_BEFORE_K1,2023-06-03 23:45:00+00:00,
120,02:00,4,2023-06-05,Monday,2023-06-04 19:00:00+00:00,2023-06-04 23:00:00+00:00,2023-06-04 23:00:00+00:00,2023-06-05 03:00:00+00:00,307.69,305.71,1.9800000000000182,False,OPPOSITE_VISIT_BEFORE_K1,0,1,,,False,,,OPPOSITE_VISIT_BEFORE_K1,2023-06-04 23:20:00+00:00,
120,02:00,4,2023-06-06,Tuesday,2023-06-05 19:00:00+00:00,2023-06-05 23:00:00+00:00,2023-06-05 23:00:00+00:00,2023-06-06 03:00:00+00:00,277.39,271.88,5.509999999999991,False,BREAK_BEFORE_K1,0,0,,,False,,,BREAK_BEFORE_K1,2023-06-06 00:10:00+00:00,
120,02:00,4,2023-06-07,Wednesday,2023-06-06 19:00:00+00:00,2023-06-06 23:00:00+00:00,2023-06-06 23:00:00+00:00,2023-06-07 03:00:00+00:00,285.87,280.42,5.449999999999989,False,OPPOSITE_VISIT_BEFORE_K1,0,1,,,False,,,OPPOSITE_VISIT_BEFORE_K1,2023-06-07 00:10:00+00:00,
120,02:00,4,2023-06-08,Thursday,2023-06-07 19:00:00+00:00,2023-06-07 23:00:00+00:00,2023-06-07 23:00:00+00:00,2023-06-08 03:00:00+00:00,261.38,257.25,4.1299999999999955,False,BREAK_BEFORE_K1,0,0,,,False,,,BREAK_BEFORE_K1,2023-06-08 01:10:00+00:00,
120,02:00,4,2023-06-09,Friday,2023-06-08 19:00:00+00:00,2023-06-08 23:00:00+00:00,2023-06-08 23:00:00+00:00,2023-06-09 03:00:00+00:00,265.26,262.6,2.659999999999968,False,OPPOSITE_VISIT_BEFORE_K1,0,1,,,False,,,OPPOSITE_VISIT_BEFORE_K1,2023-06-08 23:10:00+00:00,
120,02:00,4,2023-06-10,Saturday,2023-06-09 19:00:00+00:00,2023-06-09 23:00:00+00:00,2023-06-09 23:00:00+00:00,2023-06-10 03:00:00+00:00,262.5,259.12,3.3799999999999955,False,OPPOSITE_VISIT_BEFORE_K1,0,1,,,False,,,OPPOSITE_VISIT_BEFORE_K1,2023-06-10 00:50:00+00:00,
120,02:00,4,2023-06-11,Sunday,2023-06-10 19:00:00+00:00,2023-06-10 23:00:00+00:00,2023-06-10 23:00:00+00:00,2023-06-11 03:00:00+00:00,240.18,236.42,3.7600000000000193,False,OPPOSITE_VISIT_BEFORE_K1,0,1,,,False,,,OPPOSITE_VISIT_BEFORE_K1,2023-06-11 02:05:00+00:00,
120,02:00,4,2023-06-12,Monday,2023-06-11 19:00:00+00:00,2023-06-11 23:00:00+00:00,2023-06-11 23:00:00+00:00,2023-06-12 03:00:00+00:00,238.46,234.33,4.1299999999999955,False,BREAK_BEFORE_K1,0,0,,,False,,,BREAK_BEFORE_K1,2023-06-11 23:25:00+00:00,
120,02:00,4,2023-06-13,Tuesday,2023-06-12 19:00:00+00:00,2023-06-12 23:00:00+00:00,2023-06-12 23:00:00+00:00,2023-06-13 03:00:00+00:00,232.95,228.11,4.839999999999975,True,,1,0,2023-06-13 00:15:00+00:00,2023-06-13 00:20:00+00:00,True,2023-06-13 00:20:00+00:00,2023-06-13 00:25:00+00:00,H2_ARRIVAL,2023-06-13 02:35:00+00:00,135.0
120,02:00,4,2023-06-14,Wednesday,2023-06-13 19:00:00+00:00,2023-06-13 23:00:00+00:00,2023-06-13 23:00:00+00:00,2023-06-14 03:00:00+00:00,245.0,236.63,8.370000000000005,True,,1,0,2023-06-14 00:00:00+00:00,2023-06-14 00:05:00+00:00,False,,,BREAK_DURING_K1,2023-06-14 00:05:00+00:00,
120,02:00,4,2023-06-15,Thursday,2023-06-14 19:00:00+00:00,2023-06-14 23:00:00+00:00,2023-06-14 23:00:00+00:00,2023-06-15 03:00:00+00:00,246.85,232.32,14.530000000000001,False,NO_K1,0,0,,,False,,,NO_K1,,
120,02:00,4,2023-06-16,Friday,2023-06-15 19:00:00+00:00,2023-06-15 23:00:00+00:00,2023-06-15 23:00:00+00:00,2023-06-16 03:00:00+00:00,238.97,234.45,4.52000000000001,False,NO_K1,0,0,,,False,,,NO_K1,,
120,02:00,4,2023-06-17,Saturday,2023-06-16 19:00:00+00:00,2023-06-16 23:00:00+00:00,2023-06-16 23:00:00+00:00,2023-06-17 03:00:00+00:00,240.65,238.5,2.1500000000000057,False,OPPOSITE_VISIT_BEFORE_K1,0,1,,,False,,,OPPOSITE_VISIT_BEFORE_K1,2023-06-17 00:00:00+00:00,
120,02:00,4,2023-06-18,Sunday,2023-06-17 19:00:00+00:00,2023-06-17 23:00:00+00:00,2023-06-17 23:00:00+00:00,2023-06-18 03:00:00+00:00,246.15,244.27,1.8799999999999955,False,OPPOSITE_VISIT_BEFORE_K1,0,1,,,False,,,OPPOSITE_VISIT_BEFORE_K1,2023-06-17 23:30:00+00:00,
120,02:00,4,2023-06-19,Monday,2023-06-18 19:00:00+00:00,2023-06-18 23:00:00+00:00,2023-06-18 23:00:00+00:00,2023-06-19 03:00:00+00:00,246.68,242.58,4.099999999999994,False,OPPOSITE_VISIT_BEFORE_K1,0,1,,,False,,,OPPOSITE_VISIT_BEFORE_K1,2023-06-18 23:00:00+00:00,
120,02:00,4,2023-06-20,Tuesday,2023-06-19 19:00:00+00:00,2023-06-19 23:00:00+00:00,2023-06-19 23:00:00+00:00,2023-06-20 03:00:00+00:00,243.38,239.52,3.859999999999985,False,BREAK_BEFORE_K1,0,0,,,False,,,BREAK_BEFORE_K1,2023-06-20 00:10:00+00:00,
120,02:00,4,2023-06-21,Wednesday,2023-06-20 19:00:00+00:00,2023-06-20 23:00:00+00:00,2023-06-20 23:00:00+00:00,2023-06-21 03:00:00+00:00,245.86,242.14,3.7200000000000273,False,BREAK_BEFORE_K1,0,0,,,False,,,BREAK_BEFORE_K1,2023-06-20 23:15:00+00:00,
120,02:00,4,2023-06-22,Thursday,2023-06-21 19:00:00+00:00,2023-06-21 23:00:00+00:00,2023-06-21 23:00:00+00:00,2023-06-22 03:00:00+00:00,250.13,247.29,2.8400000000000034,False,BREAK_BEFORE_K1,0,0,,,False,,,BREAK_BEFORE_K1,2023-06-21 23:00:00+00:00,
120,02:00,4,2023-06-23,Friday,2023-06-22 19:00:00+00:00,2023-06-22 23:00:00+00:00,2023-06-22 23:00:00+00:00,2023-06-23 03:00:00+00:00,245.24,239.24,6.0,False,NO_K1,0,0,,,False,,,NO_K1,,
120,02:00,4,2023-06-24,Saturday,2023-06-23 19:00:00+00:00,2023-06-23 23:00:00+00:00,2023-06-23 23:00:00+00:00,2023-06-24 03:00:00+00:00,247.5,243.3,4.199999999999989,False,OPPOSITE_VISIT_BEFORE_K1,0,1,,,False,,,OPPOSITE_VISIT_BEFORE_K1,2023-06-24 01:30:00+00:00,
120,02:00,4,2023-06-25,Sunday,2023-06-24 19:00:00+00:00,2023-06-24 23:00:00+00:00,2023-06-24 23:00:00+00:00,2023-06-25 03:00:00+00:00,237.46,233.61,3.8499999999999943,True,,1,0,2023-06-25 01:40:00+00:00,2023-06-25 01:45:00+00:00,True,2023-06-25 01:45:00+00:00,2023-06-25 01:50:00+00:00,H2_ARRIVAL,2023-06-25 01:50:00+00:00,5.0
120,02:00,4,2023-06-26,Monday,2023-06-25 19:00:00+00:00,2023-06-25 23:00:00+00:00,2023-06-25 23:00:00+00:00,2023-06-26 03:00:00+00:00,239.47,236.78,2.6899999999999977,False,BREAK_BEFORE_K1,0,0,,,False,,,BREAK_BEFORE_K1,2023-06-26 00:05:00+00:00,
120,02:00,4,2023-06-27,Tuesday,2023-06-26 19:00:00+00:00,2023-06-26 23:00:00+00:00,2023-06-26 23:00:00+00:00,2023-06-27 03:00:00+00:00,236.96,233.62,3.3400000000000034,True,,1,0,2023-06-27 01:50:00+00:00,2023-06-27 01:55:00+00:00,True,2023-06-27 01:55:00+00:00,2023-06-27 02:00:00+00:00,H2_ARRIVAL,2023-06-27 02:30:00+00:00,35.0
120,02:00,4,2023-06-28,Wednesday,2023-06-27 19:00:00+00:00,2023-06-27 23:00:00+00:00,2023-06-27 23:00:00+00:00,2023-06-28 03:00:00+00:00,239.3,237.57,1.7300000000000182,False,BREAK_BEFORE_K1,0,0,,,False,,,BREAK_BEFORE_K1,2023-06-27 23:00:00+00:00,
120,02:00,4,2023-06-29,Thursday,2023-06-28 19:00:00+00:00,2023-06-28 23:00:00+00:00,2023-06-28 23:00:00+00:00,2023-06-29 03:00:00+00:00,233.15,221.2,11.950000000000017,False,NO_K1,0,0,,,False,,,NO_K1,,
120,02:00,4,2023-06-30,Friday,2023-06-29 19:00:00+00:00,2023-06-29 23:00:00+00:00,2023-06-29 23:00:00+00:00,2023-06-30 03:00:00+00:00,234.05,232.2,1.8500000000000227,True,,1,0,2023-06-30 00:25:00+00:00,2023-06-30 00:30:00+00:00,False,,,BREAK_DURING_K1,2023-06-30 00:30:00+00:00,
120,02:00,4,2023-07-01,Saturday,2023-06-30 19:00:00+00:00,2023-06-30 23:00:00+00:00,2023-06-30 23:00:00+00:00,2023-07-01 03:00:00+00:00,241.52,239.82,1.700000000000017,False,BREAK_BEFORE_K1,0,0,,,False,,,BREAK_BEFORE_K1,2023-07-01 00:20:00+00:00,
120,02:00,4,2023-07-02,Sunday,2023-07-01 19:00:00+00:00,2023-07-01 23:00:00+00:00,2023-07-01 23:00:00+00:00,2023-07-02 03:00:00+00:00,249.54,246.34,3.1999999999999886,False,OPPOSITE_VISIT_BEFORE_K1,0,1,,,False,,,OPPOSITE_VISIT_BEFORE_K1,2023-07-02 01:45:00+00:00,
120,02:00,4,2023-07-03,Monday,2023-07-02 19:00:00+00:00,2023-07-02 23:00:00+00:00,2023-07-02 23:00:00+00:00,2023-07-03 03:00:00+00:00,248.0,244.31,3.6899999999999977,False,BREAK_BEFORE_K1,0,0,,,False,,,BREAK_BEFORE_K1,2023-07-03 02:00:00+00:00,
120,02:00,4,2023-07-04,Tuesday,2023-07-03 19:00:00+00:00,2023-07-03 23:00:00+00:00,2023-07-03 23:00:00+00:00,2023-07-04 03:00:00+00:00,248.6,245.1,3.5,False,NO_K1,0,0,,,False,,,NO_K1,,
120,02:00,4,2023-07-05,Wednesday,2023-07-04 19:00:00+00:00,2023-07-04 23:00:00+00:00,2023-07-04 23:00:00+00:00,2023-07-05 03:00:00+00:00,243.05,240.15,2.9000000000000057,True,,1,0,2023-07-04 23:00:00+00:00,2023-07-04 23:05:00+00:00,True,2023-07-04 23:10:00+00:00,2023-07-04 23:15:00+00:00,H2_ARRIVAL,2023-07-05 00:20:00+00:00,70.0
120,02:00,4,2023-07-06,Thursday,2023-07-05 19:00:00+00:00,2023-07-05 23:00:00+00:00,2023-07-05 23:00:00+00:00,2023-07-06 03:00:00+00:00,239.67,237.98,1.6899999999999977,False,OPPOSITE_VISIT_BEFORE_K1,0,1,,,False,,,OPPOSITE_VISIT_BEFORE_K1,2023-07-05 23:10:00+00:00,
120,02:00,4,2023-07-07,Friday,2023-07-06 19:00:00+00:00,2023-07-06 23:00:00+00:00,2023-07-06 23:00:00+00:00,2023-07-07 03:00:00+00:00,238.85,232.51,6.340000000000003,False,BREAK_BEFORE_K1,0,0,,,False,,,BREAK_BEFORE_K1,2023-07-06 23:00:00+00:00,
120,02:00,4,2023-07-08,Saturday,2023-07-07 19:00:00+00:00,2023-07-07 23:00:00+00:00,2023-07-07 23:00:00+00:00,2023-07-08 03:00:00+00:00,235.58,233.85,1.7300000000000182,False,BREAK_BEFORE_K1,0,0,,,False,,,BREAK_BEFORE_K1,2023-07-07 23:00:00+00:00,
120,02:00,4,2023-07-09,Sunday,2023-07-08 19:00:00+00:00,2023-07-08 23:00:00+00:00,2023-07-08 23:00:00+00:00,2023-07-09 03:00:00+00:00,235.99,233.53,2.460000000000008,False,BREAK_BEFORE_K1,0,0,,,False,,,BREAK_BEFORE_K1,2023-07-08 23:00:00+00:00,
120,02:00,4,2023-07-10,Monday,2023-07-09 19:00:00+00:00,2023-07-09 23:00:00+00:00,2023-07-09 23:00:00+00:00,2023-07-10 03:00:00+00:00,234.78,233.36,1.4199999999999875,False,BREAK_BEFORE_K1,0,0,,,False,,,BREAK_BEFORE_K1,2023-07-10 00:05:00+00:00,
120,02:00,4,2023-07-11,Tuesday,2023-07-10 19:00:00+00:00,2023-07-10 23:00:00+00:00,2023-07-10 23:00:00+00:00,2023-07-11 03:00:00+00:00,246.29,242.0,4.289999999999992,True,,1,0,2023-07-10 23:55:00+00:00,2023-07-11 00:00:00+00:00,True,2023-07-11 00:00:00+00:00,2023-07-11 00:05:00+00:00,H2_ARRIVAL,2023-07-11 02:35:00+00:00,155.0
120,02:00,4,2023-07-12,Wednesday,2023-07-11 19:00:00+00:00,2023-07-11 23:00:00+00:00,2023-07-11 23:00:00+00:00,2023-07-12 03:00:00+00:00,249.44,246.6,2.8400000000000034,True,,1,0,2023-07-12 00:50:00+00:00,2023-07-12 00:55:00+00:00,True,2023-07-12 00:55:00+00:00,2023-07-12 01:00:00+00:00,H2_ARRIVAL,2023-07-12 01:05:00+00:00,10.0
120,02:00,4,2023-07-13,Thursday,2023-07-12 19:00:00+00:00,2023-07-12 23:00:00+00:00,2023-07-12 23:00:00+00:00,2023-07-13 03:00:00+00:00,243.66,242.12,1.539999999999992,True,,1,0,2023-07-12 23:30:00+00:00,2023-07-12 23:35:00+00:00,False,,,BREAK_DURING_K1,2023-07-12 23:35:00+00:00,
120,02:00,4,2023-07-14,Friday,2023-07-13 19:00:00+00:00,2023-07-13 23:00:00+00:00,2023-07-13 23:00:00+00:00,2023-07-14 03:00:00+00:00,254.74,250.44,4.300000000000011,True,,1,0,2023-07-13 23:30:00+00:00,2023-07-13 23:35:00+00:00,False,,,BREAK_DURING_K1,2023-07-13 23:35:00+00:00,
120,02:00,4,2023-07-15,Saturday,2023-07-14 19:00:00+00:00,2023-07-14 23:00:00+00:00,2023-07-14 23:00:00+00:00,2023-07-15 03:00:00+00:00,246.57,242.93,3.6399999999999864,False,BREAK_BEFORE_K1,0,0,,,False,,,BREAK_BEFORE_K1,2023-07-14 23:20:00+00:00,
120,02:00,4,2023-07-16,Sunday,2023-07-15 19:00:00+00:00,2023-07-15 23:00:00+00:00,2023-07-15 23:00:00+00:00,2023-07-16 03:00:00+00:00,251.74,249.63,2.1100000000000136,False,OPPOSITE_VISIT_BEFORE_K1,0,1,,,False,,,OPPOSITE_VISIT_BEFORE_K1,2023-07-16 02:15:00+00:00,
120,02:00,4,2023-07-17,Monday,2023-07-16 19:00:00+00:00,2023-07-16 23:00:00+00:00,2023-07-16 23:00:00+00:00,2023-07-17 03:00:00+00:00,244.88,243.0,1.8799999999999955,False,OPPOSITE_VISIT_BEFORE_K1,0,1,,,False,,,OPPOSITE_VISIT_BEFORE_K1,2023-07-16 23:20:00+00:00,
120,02:00,4,2023-07-18,Tuesday,2023-07-17 19:00:00+00:00,2023-07-17 23:00:00+00:00,2023-07-17 23:00:00+00:00,2023-07-18 03:00:00+00:00,244.77,240.46,4.310000000000002,True,,1,0,2023-07-18 00:15:00+00:00,2023-07-18 00:20:00+00:00,False,,,BREAK_DURING_K1,2023-07-18 00:20:00+00:00,
120,02:00,4,2023-07-19,Wednesday,2023-07-18 19:00:00+00:00,2023-07-18 23:00:00+00:00,2023-07-18 23:00:00+00:00,2023-07-19 03:00:00+00:00,241.45,239.23,2.219999999999999,False,BREAK_BEFORE_K1,0,0,,,False,,,BREAK_BEFORE_K1,2023-07-19 00:30:00+00:00,
120,02:00,4,2023-07-20,Thursday,2023-07-19 19:00:00+00:00,2023-07-19 23:00:00+00:00,2023-07-19 23:00:00+00:00,2023-07-20 03:00:00+00:00,243.0,240.27,2.7299999999999898,True,,1,0,2023-07-20 02:10:00+00:00,2023-07-20 02:15:00+00:00,True,2023-07-20 02:15:00+00:00,2023-07-20 02:20:00+00:00,H2_ARRIVAL,2023-07-20 02:20:00+00:00,5.0
120,02:00,4,2023-07-21,Friday,2023-07-20 19:00:00+00:00,2023-07-20 23:00:00+00:00,2023-07-20 23:00:00+00:00,2023-07-21 03:00:00+00:00,243.55,240.69,2.8600000000000136,True,,1,0,2023-07-21 01:10:00+00:00,2023-07-21 01:15:00+00:00,False,,,BREAK_DURING_K1,2023-07-21 01:15:00+00:00,
120,02:00,4,2023-07-22,Saturday,2023-07-21 19:00:00+00:00,2023-07-21 23:00:00+00:00,2023-07-21 23:00:00+00:00,2023-07-22 03:00:00+00:00,244.58,242.8,1.7800000000000011,False,BREAK_BEFORE_K1,0,0,,,False,,,BREAK_BEFORE_K1,2023-07-22 00:35:00+00:00,
120,02:00,4,2023-07-23,Sunday,2023-07-22 19:00:00+00:00,2023-07-22 23:00:00+00:00,2023-07-22 23:00:00+00:00,2023-07-23 03:00:00+00:00,242.82,241.79,1.0300000000000011,False,OPPOSITE_VISIT_BEFORE_K1,0,1,,,False,,,OPPOSITE_VISIT_BEFORE_K1,2023-07-22 23:05:00+00:00,
120,02:00,4,2023-07-24,Monday,2023-07-23 19:00:00+00:00,2023-07-23 23:00:00+00:00,2023-07-23 23:00:00+00:00,2023-07-24 03:00:00+00:00,243.82,241.68,2.1399999999999864,False,BREAK_BEFORE_K1,0,0,,,False,,,BREAK_BEFORE_K1,2023-07-24 02:10:00+00:00,
120,02:00,4,2023-07-25,Tuesday,2023-07-24 19:00:00+00:00,2023-07-24 23:00:00+00:00,2023-07-24 23:00:00+00:00,2023-07-25 03:00:00+00:00,239.31,237.66,1.6500000000000057,True,,1,0,2023-07-25 00:00:00+00:00,2023-07-25 00:05:00+00:00,True,2023-07-25 00:10:00+00:00,2023-07-25 00:15:00+00:00,H2_ARRIVAL,2023-07-25 00:15:00+00:00,5.0
120,02:00,4,2023-07-26,Wednesday,2023-07-25 19:00:00+00:00,2023-07-25 23:00:00+00:00,2023-07-25 23:00:00+00:00,2023-07-26 03:00:00+00:00,238.12,236.95,1.170000000000016,True,,1,0,2023-07-26 00:15:00+00:00,2023-07-26 00:20:00+00:00,True,2023-07-26 00:20:00+00:00,2023-07-26 00:25:00+00:00,OPPOSITE_BREAK_BEFORE_H2,2023-07-26 01:30:00+00:00,
120,02:00,4,2023-07-27,Thursday,2023-07-26 19:00:00+00:00,2023-07-26 23:00:00+00:00,2023-07-26 23:00:00+00:00,2023-07-27 03:00:00+00:00,240.65,237.3,3.3499999999999943,False,NO_K1,0,0,,,False,,,NO_K1,,
120,02:00,4,2023-07-28,Friday,2023-07-27 19:00:00+00:00,2023-07-27 23:00:00+00:00,2023-07-27 23:00:00+00:00,2023-07-28 03:00:00+00:00,240.95,239.46,1.4899999999999807,True,,1,0,2023-07-28 00:30:00+00:00,2023-07-28 00:35:00+00:00,False,,,BREAK_DURING_K1,2023-07-28 00:40:00+00:00,
120,02:00,4,2023-07-29,Saturday,2023-07-28 19:00:00+00:00,2023-07-28 23:00:00+00:00,2023-07-28 23:00:00+00:00,2023-07-29 03:00:00+00:00,243.11,241.89,1.2200000000000273,False,OPPOSITE_VISIT_BEFORE_K1,0,1,,,False,,,OPPOSITE_VISIT_BEFORE_K1,2023-07-29 00:00:00+00:00,
120,02:00,4,2023-07-30,Sunday,2023-07-29 19:00:00+00:00,2023-07-29 23:00:00+00:00,2023-07-29 23:00:00+00:00,2023-07-30 03:00:00+00:00,242.72,241.82,0.9000000000000057,False,BREAK_BEFORE_K1,0,0,,,False,,,BREAK_BEFORE_K1,2023-07-29 23:40:00+00:00,
120,02:00,4,2023-07-31,Monday,2023-07-30 19:00:00+00:00,2023-07-30 23:00:00+00:00,2023-07-30 23:00:00+00:00,2023-07-31 03:00:00+00:00,243.63,240.39,3.240000000000009,False,BREAK_BEFORE_K1,0,0,,,False,,,BREAK_BEFORE_K1,2023-07-31 00:55:00+00:00,
120,02:00,4,2023-08-01,Tuesday,2023-07-31 19:00:00+00:00,2023-07-31 23:00:00+00:00,2023-07-31 23:00:00+00:00,2023-08-01 03:00:00+00:00,242.03,240.57,1.460000000000008,True,,1,0,2023-08-01 00:40:00+00:00,2023-08-01 00:45:00+00:00,True,2023-08-01 00:50:00+00:00,2023-08-01 00:55:00+00:00,H2_ARRIVAL,2023-08-01 00:55:00+00:00,5.0
120,02:00,4,2023-08-02,Wednesday,2023-08-01 19:00:00+00:00,2023-08-01 23:00:00+00:00,2023-08-01 23:00:00+00:00,2023-08-02 03:00:00+00:00,247.34,245.44,1.9000000000000057,True,,1,0,2023-08-01 23:30:00+00:00,2023-08-01 23:35:00+00:00,True,2023-08-01 23:45:00+00:00,2023-08-01 23:50:00+00:00,H2_ARRIVAL,2023-08-01 23:50:00+00:00,5.0
120,02:00,4,2023-08-03,Thursday,2023-08-02 19:00:00+00:00,2023-08-02 23:00:00+00:00,2023-08-02 23:00:00+00:00,2023-08-03 03:00:00+00:00,242.26,240.53,1.7299999999999898,False,OPPOSITE_VISIT_BEFORE_K1,0,1,,,False,,,OPPOSITE_VISIT_BEFORE_K1,2023-08-02 23:35:00+00:00,
120,02:00,4,2023-08-04,Friday,2023-08-03 19:00:00+00:00,2023-08-03 23:00:00+00:00,2023-08-03 23:00:00+00:00,2023-08-04 03:00:00+00:00,241.74,240.0,1.740000000000009,True,,1,0,2023-08-04 01:15:00+00:00,2023-08-04 01:20:00+00:00,True,2023-08-04 01:20:00+00:00,2023-08-04 01:25:00+00:00,H2_ARRIVAL,2023-08-04 01:35:00+00:00,15.0
120,02:00,4,2023-08-05,Saturday,2023-08-04 19:00:00+00:00,2023-08-04 23:00:00+00:00,2023-08-04 23:00:00+00:00,2023-08-05 03:00:00+00:00,241.96,240.11,1.8499999999999943,True,,1,0,2023-08-05 00:05:00+00:00,2023-08-05 00:10:00+00:00,True,2023-08-05 00:20:00+00:00,2023-08-05 00:25:00+00:00,H2_ARRIVAL,2023-08-05 00:35:00+00:00,15.0
120,02:00,4,2023-08-06,Sunday,2023-08-05 19:00:00+00:00,2023-08-05 23:00:00+00:00,2023-08-05 23:00:00+00:00,2023-08-06 03:00:00+00:00,243.37,242.68,0.6899999999999977,True,,1,0,2023-08-06 00:00:00+00:00,2023-08-06 00:05:00+00:00,False,,,BREAK_DURING_K1,2023-08-06 00:15:00+00:00,
120,02:00,4,2023-08-07,Monday,2023-08-06 19:00:00+00:00,2023-08-06 23:00:00+00:00,2023-08-06 23:00:00+00:00,2023-08-07 03:00:00+00:00,244.04,242.77,1.2699999999999818,True,,1,0,2023-08-07 01:10:00+00:00,2023-08-07 01:15:00+00:00,False,,,BREAK_DURING_K1,2023-08-07 01:15:00+00:00,
120,02:00,4,2023-08-08,Tuesday,2023-08-07 19:00:00+00:00,2023-08-07 23:00:00+00:00,2023-08-07 23:00:00+00:00,2023-08-08 03:00:00+00:00,242.08,240.87,1.210000000000008,True,,1,0,2023-08-08 00:05:00+00:00,2023-08-08 00:10:00+00:00,True,2023-08-08 00:10:00+00:00,2023-08-08 00:15:00+00:00,H2_ARRIVAL,2023-08-08 00:50:00+00:00,40.0
120,02:00,4,2023-08-09,Wednesday,2023-08-08 19:00:00+00:00,2023-08-08 23:00:00+00:00,2023-08-08 23:00:00+00:00,2023-08-09 03:00:00+00:00,247.38,245.41,1.9699999999999989,False,OPPOSITE_VISIT_BEFORE_K1,0,1,,,False,,,OPPOSITE_VISIT_BEFORE_K1,2023-08-08 23:00:00+00:00,
120,02:00,4,2023-08-10,Thursday,2023-08-09 19:00:00+00:00,2023-08-09 23:00:00+00:00,2023-08-09 23:00:00+00:00,2023-08-10 03:00:00+00:00,243.82,242.75,1.0699999999999932,False,BREAK_BEFORE_K1,0,0,,,False,,,BREAK_BEFORE_K1,2023-08-09 23:00:00+00:00,
120,02:00,4,2023-08-11,Friday,2023-08-10 19:00:00+00:00,2023-08-10 23:00:00+00:00,2023-08-10 23:00:00+00:00,2023-08-11 03:00:00+00:00,241.32,240.34,0.9799999999999898,True,,1,0,2023-08-10 23:30:00+00:00,2023-08-10 23:35:00+00:00,True,2023-08-10 23:35:00+00:00,2023-08-10 23:40:00+00:00,H2_ARRIVAL,2023-08-10 23:40:00+00:00,5.0
120,02:00,4,2023-08-12,Saturday,2023-08-11 19:00:00+00:00,2023-08-11 23:00:00+00:00,2023-08-11 23:00:00+00:00,2023-08-12 03:00:00+00:00,239.24,238.67,0.5700000000000216,True,,1,0,2023-08-11 23:20:00+00:00,2023-08-11 23:25:00+00:00,False,,,BREAK_DURING_K1,2023-08-11 23:25:00+00:00,
120,02:00,4,2023-08-13,Sunday,2023-08-12 19:00:00+00:00,2023-08-12 23:00:00+00:00,2023-08-12 23:00:00+00:00,2023-08-13 03:00:00+00:00,240.62,239.71,0.9099999999999966,False,NO_K1,0,0,,,False,,,NO_K1,,
120,02:00,4,2023-08-14,Monday,2023-08-13 19:00:00+00:00,2023-08-13 23:00:00+00:00,2023-08-13 23:00:00+00:00,2023-08-14 03:00:00+00:00,241.75,239.57,2.180000000000007,False,OPPOSITE_VISIT_BEFORE_K1,0,1,,,False,,,OPPOSITE_VISIT_BEFORE_K1,2023-08-14 02:20:00+00:00,
120,02:00,4,2023-08-15,Tuesday,2023-08-14 19:00:00+00:00,2023-08-14 23:00:00+00:00,2023-08-14 23:00:00+00:00,2023-08-15 03:00:00+00:00,240.7,239.7,1.0,False,NO_K1,0,0,,,False,,,NO_K1,,
120,02:00,4,2023-08-16,Wednesday,2023-08-15 19:00:00+00:00,2023-08-15 23:00:00+00:00,2023-08-15 23:00:00+00:00,2023-08-16 03:00:00+00:00,238.94,232.21,6.72999999999999,False,NO_K1,0,0,,,False,,,NO_K1,,
120,02:00,4,2023-08-17,Thursday,2023-08-16 19:00:00+00:00,2023-08-16 23:00:00+00:00,2023-08-16 23:00:00+00:00,2023-08-17 03:00:00+00:00,234.67,230.1,4.569999999999993,False,BREAK_BEFORE_K1,0,0,,,False,,,BREAK_BEFORE_K1,2023-08-17 00:40:00+00:00,
120,02:00,4,2023-08-18,Friday,2023-08-17 19:00:00+00:00,2023-08-17 23:00:00+00:00,2023-08-17 23:00:00+00:00,2023-08-18 03:00:00+00:00,226.64,204.43,22.20999999999998,False,NO_K1,0,0,,,False,,,NO_K1,,
120,02:00,4,2023-08-19,Saturday,2023-08-18 19:00:00+00:00,2023-08-18 23:00:00+00:00,2023-08-18 23:00:00+00:00,2023-08-19 03:00:00+00:00,217.15,215.54,1.6100000000000136,False,BREAK_BEFORE_K1,0,0,,,False,,,BREAK_BEFORE_K1,2023-08-19 01:35:00+00:00,
120,02:00,4,2023-08-20,Sunday,2023-08-19 19:00:00+00:00,2023-08-19 23:00:00+00:00,2023-08-19 23:00:00+00:00,2023-08-20 03:00:00+00:00,217.6,215.5,2.0999999999999943,False,NO_K1,0,0,,,False,,,NO_K1,,
120,02:00,4,2023-08-21,Monday,2023-08-20 19:00:00+00:00,2023-08-20 23:00:00+00:00,2023-08-20 23:00:00+00:00,2023-08-21 03:00:00+00:00,218.0,216.63,1.3700000000000045,False,BREAK_BEFORE_K1,0,0,,,False,,,BREAK_BEFORE_K1,2023-08-20 23:00:00+00:00,
120,02:00,4,2023-08-22,Tuesday,2023-08-21 19:00:00+00:00,2023-08-21 23:00:00+00:00,2023-08-21 23:00:00+00:00,2023-08-22 03:00:00+00:00,212.12,209.5,2.6200000000000045,False,NO_K1,0,0,,,False,,,NO_K1,,
120,02:00,4,2023-08-23,Wednesday,2023-08-22 19:00:00+00:00,2023-08-22 23:00:00+00:00,2023-08-22 23:00:00+00:00,2023-08-23 03:00:00+00:00,209.76,204.06,5.699999999999989,False,BREAK_BEFORE_K1,0,0,,,False,,,BREAK_BEFORE_K1,2023-08-22 23:10:00+00:00,
120,02:00,4,2023-08-24,Thursday,2023-08-23 19:00:00+00:00,2023-08-23 23:00:00+00:00,2023-08-23 23:00:00+00:00,2023-08-24 03:00:00+00:00,218.63,214.54,4.090000000000003,False,NO_K1,0,0,,,False,,,NO_K1,,
120,02:00,4,2023-08-25,Friday,2023-08-24 19:00:00+00:00,2023-08-24 23:00:00+00:00,2023-08-24 23:00:00+00:00,2023-08-25 03:00:00+00:00,217.76,215.4,2.359999999999985,False,BREAK_BEFORE_K1,0,0,,,False,,,BREAK_BEFORE_K1,2023-08-24 23:25:00+00:00,
120,02:00,4,2023-08-26,Saturday,2023-08-25 19:00:00+00:00,2023-08-25 23:00:00+00:00,2023-08-25 23:00:00+00:00,2023-08-26 03:00:00+00:00,218.45,216.96,1.4899999999999807,True,,1,0,2023-08-25 23:55:00+00:00,2023-08-26 00:00:00+00:00,False,,,BREAK_DURING_K1,2023-08-26 00:00:00+00:00,
120,02:00,4,2023-08-27,Sunday,2023-08-26 19:00:00+00:00,2023-08-26 23:00:00+00:00,2023-08-26 23:00:00+00:00,2023-08-27 03:00:00+00:00,216.77,216.2,0.5700000000000216,False,BREAK_BEFORE_K1,0,0,,,False,,,BREAK_BEFORE_K1,2023-08-26 23:10:00+00:00,
120,02:00,4,2023-08-28,Monday,2023-08-27 19:00:00+00:00,2023-08-27 23:00:00+00:00,2023-08-27 23:00:00+00:00,2023-08-28 03:00:00+00:00,219.08,217.56,1.5200000000000102,False,BREAK_BEFORE_K1,0,0,,,False,,,BREAK_BEFORE_K1,2023-08-28 00:50:00+00:00,
120,02:00,4,2023-08-29,Tuesday,2023-08-28 19:00:00+00:00,2023-08-28 23:00:00+00:00,2023-08-28 23:00:00+00:00,2023-08-29 03:00:00+00:00,218.88,217.28,1.5999999999999943,False,BREAK_BEFORE_K1,0,0,,,False,,,BREAK_BEFORE_K1,2023-08-28 23:15:00+00:00,
120,02:00,4,2023-08-30,Wednesday,2023-08-29 19:00:00+00:00,2023-08-29 23:00:00+00:00,2023-08-29 23:00:00+00:00,2023-08-30 03:00:00+00:00,228.31,225.79,2.5200000000000102,False,OPPOSITE_VISIT_BEFORE_K1,0,1,,,False,,,OPPOSITE_VISIT_BEFORE_K1,2023-08-30 00:25:00+00:00,
120,02:00,4,2023-08-31,Thursday,2023-08-30 19:00:00+00:00,2023-08-30 23:00:00+00:00,2023-08-30 23:00:00+00:00,2023-08-31 03:00:00+00:00,223.82,222.63,1.1899999999999977,True,,1,0,2023-08-30 23:15:00+00:00,2023-08-30 23:20:00+00:00,False,,,BREAK_DURING_K1,2023-08-30 23:20:00+00:00,
120,02:00,4,2023-09-01,Friday,2023-08-31 19:00:00+00:00,2023-08-31 23:00:00+00:00,2023-08-31 23:00:00+00:00,2023-09-01 03:00:00+00:00,217.74,213.91,3.8300000000000125,True,,1,0,2023-09-01 00:15:00+00:00,2023-09-01 00:20:00+00:00,False,,,BREAK_DURING_K1,2023-09-01 00:20:00+00:00,
120,02:00,4,2023-09-02,Saturday,2023-09-01 19:00:00+00:00,2023-09-01 23:00:00+00:00,2023-09-01 23:00:00+00:00,2023-09-02 03:00:00+00:00,215.03,212.2,2.8300000000000125,True,,1,0,2023-09-02 01:15:00+00:00,2023-09-02 01:20:00+00:00,True,2023-09-02 01:20:00+00:00,2023-09-02 01:25:00+00:00,H2_ARRIVAL,2023-09-02 01:40:00+00:00,20.0
120,02:00,4,2023-09-03,Sunday,2023-09-02 19:00:00+00:00,2023-09-02 23:00:00+00:00,2023-09-02 23:00:00+00:00,2023-09-03 03:00:00+00:00,214.24,213.17,1.0700000000000216,False,BREAK_BEFORE_K1,0,0,,,False,,,BREAK_BEFORE_K1,2023-09-02 23:20:00+00:00,
120,02:00,4,2023-09-04,Monday,2023-09-03 19:00:00+00:00,2023-09-03 23:00:00+00:00,2023-09-03 23:00:00+00:00,2023-09-04 03:00:00+00:00,214.82,213.87,0.9499999999999886,True,,1,0,2023-09-04 02:45:00+00:00,2023-09-04 02:50:00+00:00,False,,,BREAK_DURING_K1,2023-09-04 02:50:00+00:00,
120,02:00,4,2023-09-05,Tuesday,2023-09-04 19:00:00+00:00,2023-09-04 23:00:00+00:00,2023-09-04 23:00:00+00:00,2023-09-05 03:00:00+00:00,215.86,213.55,2.3100000000000023,False,NO_K1,0,0,,,False,,,NO_K1,,
120,02:00,4,2023-09-06,Wednesday,2023-09-05 19:00:00+00:00,2023-09-05 23:00:00+00:00,2023-09-05 23:00:00+00:00,2023-09-06 03:00:00+00:00,215.38,214.07,1.3100000000000023,False,BREAK_BEFORE_K1,0,0,,,False,,,BREAK_BEFORE_K1,2023-09-06 02:55:00+00:00,
120,02:00,4,2023-09-07,Thursday,2023-09-06 19:00:00+00:00,2023-09-06 23:00:00+00:00,2023-09-06 23:00:00+00:00,2023-09-07 03:00:00+00:00,215.22,214.29,0.9300000000000068,True,,1,0,2023-09-06 23:10:00+00:00,2023-09-06 23:15:00+00:00,False,,,BREAK_DURING_K1,2023-09-06 23:15:00+00:00,
120,02:00,4,2023-09-08,Friday,2023-09-07 19:00:00+00:00,2023-09-07 23:00:00+00:00,2023-09-07 23:00:00+00:00,2023-09-08 03:00:00+00:00,217.9,214.44,3.460000000000008,True,,1,0,2023-09-08 00:45:00+00:00,2023-09-08 00:50:00+00:00,False,,,BREAK_DURING_K1,2023-09-08 00:50:00+00:00,
120,02:00,4,2023-09-09,Saturday,2023-09-08 19:00:00+00:00,2023-09-08 23:00:00+00:00,2023-09-08 23:00:00+00:00,2023-09-09 03:00:00+00:00,214.45,213.4,1.049999999999983,True,,1,0,2023-09-08 23:00:00+00:00,2023-09-08 23:05:00+00:00,True,2023-09-08 23:05:00+00:00,2023-09-08 23:10:00+00:00,H2_ARRIVAL,2023-09-08 23:10:00+00:00,5.0
120,02:00,4,2023-09-10,Sunday,2023-09-09 19:00:00+00:00,2023-09-09 23:00:00+00:00,2023-09-09 23:00:00+00:00,2023-09-10 03:00:00+00:00,214.89,214.34,0.549999999999983,False,BREAK_BEFORE_K1,0,0,,,False,,,BREAK_BEFORE_K1,2023-09-09 23:15:00+00:00,
120,02:00,4,2023-09-11,Monday,2023-09-10 19:00:00+00:00,2023-09-10 23:00:00+00:00,2023-09-10 23:00:00+00:00,2023-09-11 03:00:00+00:00,213.82,211.1,2.719999999999999,False,OPPOSITE_VISIT_BEFORE_K1,0,1,,,False,,,OPPOSITE_VISIT_BEFORE_K1,2023-09-11 00:45:00+00:00,
120,02:00,4,2023-09-12,Tuesday,2023-09-11 19:00:00+00:00,2023-09-11 23:00:00+00:00,2023-09-11 23:00:00+00:00,2023-09-12 03:00:00+00:00,206.88,203.75,3.1299999999999955,False,NO_K1,0,0,,,False,,,NO_K1,,
120,02:00,4,2023-09-13,Wednesday,2023-09-12 19:00:00+00:00,2023-09-12 23:00:00+00:00,2023-09-12 23:00:00+00:00,2023-09-13 03:00:00+00:00,213.63,211.77,1.8599999999999852,False,BREAK_BEFORE_K1,0,0,,,False,,,BREAK_BEFORE_K1,2023-09-12 23:00:00+00:00,
120,02:00,4,2023-09-14,Thursday,2023-09-13 19:00:00+00:00,2023-09-13 23:00:00+00:00,2023-09-13 23:00:00+00:00,2023-09-14 03:00:00+00:00,213.08,211.16,1.920000000000016,True,,1,0,2023-09-14 00:10:00+00:00,2023-09-14 00:15:00+00:00,False,,,BREAK_DURING_K1,2023-09-14 00:15:00+00:00,
120,02:00,4,2023-09-15,Friday,2023-09-14 19:00:00+00:00,2023-09-14 23:00:00+00:00,2023-09-14 23:00:00+00:00,2023-09-15 03:00:00+00:00,212.97,211.6,1.3700000000000045,False,OPPOSITE_VISIT_BEFORE_K1,0,1,,,False,,,OPPOSITE_VISIT_BEFORE_K1,2023-09-15 01:05:00+00:00,
120,02:00,4,2023-09-16,Saturday,2023-09-15 19:00:00+00:00,2023-09-15 23:00:00+00:00,2023-09-15 23:00:00+00:00,2023-09-16 03:00:00+00:00,214.87,211.62,3.25,True,,1,0,2023-09-15 23:05:00+00:00,2023-09-15 23:10:00+00:00,True,2023-09-15 23:10:00+00:00,2023-09-15 23:15:00+00:00,H2_ARRIVAL,2023-09-16 01:10:00+00:00,120.0
120,02:00,4,2023-09-17,Sunday,2023-09-16 19:00:00+00:00,2023-09-16 23:00:00+00:00,2023-09-16 23:00:00+00:00,2023-09-17 03:00:00+00:00,214.94,214.06,0.8799999999999955,False,BREAK_BEFORE_K1,0,0,,,False,,,BREAK_BEFORE_K1,2023-09-16 23:05:00+00:00,
120,02:00,4,2023-09-18,Monday,2023-09-17 19:00:00+00:00,2023-09-17 23:00:00+00:00,2023-09-17 23:00:00+00:00,2023-09-18 03:00:00+00:00,216.49,214.97,1.5200000000000102,True,,1,0,2023-09-18 00:05:00+00:00,2023-09-18 00:10:00+00:00,True,2023-09-18 00:20:00+00:00,2023-09-18 00:25:00+00:00,H2_ARRIVAL,2023-09-18 01:10:00+00:00,50.0
120,02:00,4,2023-09-19,Tuesday,2023-09-18 19:00:00+00:00,2023-09-18 23:00:00+00:00,2023-09-18 23:00:00+00:00,2023-09-19 03:00:00+00:00,217.21,215.12,2.0900000000000034,False,NO_K1,0,0,,,False,,,NO_K1,,
120,02:00,4,2023-09-20,Wednesday,2023-09-19 19:00:00+00:00,2023-09-19 23:00:00+00:00,2023-09-19 23:00:00+00:00,2023-09-20 03:00:00+00:00,217.44,216.24,1.1999999999999886,True,,1,0,2023-09-19 23:20:00+00:00,2023-09-19 23:25:00+00:00,True,2023-09-19 23:25:00+00:00,2023-09-19 23:30:00+00:00,H2_ARRIVAL,2023-09-20 01:40:00+00:00,135.0
120,02:00,4,2023-09-21,Thursday,2023-09-20 19:00:00+00:00,2023-09-20 23:00:00+00:00,2023-09-20 23:00:00+00:00,2023-09-21 03:00:00+00:00,219.04,212.78,6.259999999999991,False,NO_K1,0,0,,,False,,,NO_K1,,
120,02:00,4,2023-09-22,Friday,2023-09-21 19:00:00+00:00,2023-09-21 23:00:00+00:00,2023-09-21 23:00:00+00:00,2023-09-22 03:00:00+00:00,210.96,209.93,1.0300000000000011,False,BREAK_BEFORE_K1,0,0,,,False,,,BREAK_BEFORE_K1,2023-09-21 23:05:00+00:00,
120,02:00,4,2023-09-23,Saturday,2023-09-22 19:00:00+00:00,2023-09-22 23:00:00+00:00,2023-09-22 23:00:00+00:00,2023-09-23 03:00:00+00:00,211.39,210.18,1.2099999999999795,True,,1,0,2023-09-22 23:00:00+00:00,2023-09-22 23:05:00+00:00,True,2023-09-22 23:05:00+00:00,2023-09-22 23:10:00+00:00,H2_ARRIVAL,2023-09-23 00:05:00+00:00,60.0
120,02:00,4,2023-09-24,Sunday,2023-09-23 19:00:00+00:00,2023-09-23 23:00:00+00:00,2023-09-23 23:00:00+00:00,2023-09-24 03:00:00+00:00,210.88,210.27,0.6099999999999852,False,BREAK_BEFORE_K1,0,0,,,False,,,BREAK_BEFORE_K1,2023-09-23 23:00:00+00:00,
120,02:00,4,2023-09-25,Monday,2023-09-24 19:00:00+00:00,2023-09-24 23:00:00+00:00,2023-09-24 23:00:00+00:00,2023-09-25 03:00:00+00:00,210.6,208.55,2.049999999999983,False,BREAK_BEFORE_K1,0,0,,,False,,,BREAK_BEFORE_K1,2023-09-24 23:25:00+00:00,
120,02:00,4,2023-09-26,Tuesday,2023-09-25 19:00:00+00:00,2023-09-25 23:00:00+00:00,2023-09-25 23:00:00+00:00,2023-09-26 03:00:00+00:00,210.69,209.57,1.1200000000000045,False,BREAK_BEFORE_K1,0,0,,,False,,,BREAK_BEFORE_K1,2023-09-26 01:50:00+00:00,
120,02:00,4,2023-09-27,Wednesday,2023-09-26 19:00:00+00:00,2023-09-26 23:00:00+00:00,2023-09-26 23:00:00+00:00,2023-09-27 03:00:00+00:00,212.56,210.73,1.8300000000000125,True,,1,0,2023-09-26 23:35:00+00:00,2023-09-26 23:40:00+00:00,False,,,BREAK_DURING_K1,2023-09-26 23:40:00+00:00,
120,02:00,4,2023-09-28,Thursday,2023-09-27 19:00:00+00:00,2023-09-27 23:00:00+00:00,2023-09-27 23:00:00+00:00,2023-09-28 03:00:00+00:00,212.16,211.19,0.9699999999999989,True,,1,0,2023-09-27 23:35:00+00:00,2023-09-27 23:40:00+00:00,False,,,BREAK_DURING_K1,2023-09-27 23:40:00+00:00,
120,02:00,4,2023-09-29,Friday,2023-09-28 19:00:00+00:00,2023-09-28 23:00:00+00:00,2023-09-28 23:00:00+00:00,2023-09-29 03:00:00+00:00,215.77,214.49,1.2800000000000011,True,,1,0,2023-09-29 00:30:00+00:00,2023-09-29 00:35:00+00:00,True,2023-09-29 00:35:00+00:00,2023-09-29 00:40:00+00:00,NO_H2_BY_END,,
120,02:00,4,2023-09-30,Saturday,2023-09-29 19:00:00+00:00,2023-09-29 23:00:00+00:00,2023-09-29 23:00:00+00:00,2023-09-30 03:00:00+00:00,216.12,215.0,1.1200000000000045,False,OPPOSITE_VISIT_BEFORE_K1,0,1,,,False,,,OPPOSITE_VISIT_BEFORE_K1,2023-09-29 23:05:00+00:00,
120,02:00,4,2023-10-01,Sunday,2023-09-30 19:00:00+00:00,2023-09-30 23:00:00+00:00,2023-09-30 23:00:00+00:00,2023-10-01 03:00:00+00:00,216.0,214.87,1.1299999999999955,False,BREAK_BEFORE_K1,0,0,,,False,,,BREAK_BEFORE_K1,2023-09-30 23:25:00+00:00,
120,02:00,4,2023-10-02,Monday,2023-10-01 19:00:00+00:00,2023-10-01 23:00:00+00:00,2023-10-01 23:00:00+00:00,2023-10-02 03:00:00+00:00,219.93,213.62,6.310000000000002,True,,1,0,2023-10-02 01:55:00+00:00,2023-10-02 02:00:00+00:00,True,2023-10-02 02:05:00+00:00,2023-10-02 02:10:00+00:00,NO_H2_BY_END,,
120,02:00,4,2023-10-03,Tuesday,2023-10-02 19:00:00+00:00,2023-10-02 23:00:00+00:00,2023-10-02 23:00:00+00:00,2023-10-03 03:00:00+00:00,215.22,213.19,2.030000000000001,True,,1,0,2023-10-03 01:25:00+00:00,2023-10-03 01:30:00+00:00,False,,,BREAK_DURING_K1,2023-10-03 01:35:00+00:00,
120,02:00,4,2023-10-04,Wednesday,2023-10-03 19:00:00+00:00,2023-10-03 23:00:00+00:00,2023-10-03 23:00:00+00:00,2023-10-04 03:00:00+00:00,213.71,212.34,1.3700000000000045,True,,1,0,2023-10-03 23:00:00+00:00,2023-10-03 23:05:00+00:00,True,2023-10-03 23:15:00+00:00,2023-10-03 23:20:00+00:00,H2_ARRIVAL,2023-10-03 23:45:00+00:00,30.0
120,02:00,4,2023-10-05,Thursday,2023-10-04 19:00:00+00:00,2023-10-04 23:00:00+00:00,2023-10-04 23:00:00+00:00,2023-10-05 03:00:00+00:00,213.72,212.36,1.3599999999999852,False,BREAK_BEFORE_K1,0,0,,,False,,,BREAK_BEFORE_K1,2023-10-04 23:00:00+00:00,
120,02:00,4,2023-10-06,Friday,2023-10-05 19:00:00+00:00,2023-10-05 23:00:00+00:00,2023-10-05 23:00:00+00:00,2023-10-06 03:00:00+00:00,211.38,210.51,0.8700000000000045,True,,1,0,2023-10-05 23:05:00+00:00,2023-10-05 23:10:00+00:00,True,2023-10-05 23:15:00+00:00,2023-10-05 23:20:00+00:00,H2_ARRIVAL,2023-10-06 00:55:00+00:00,100.0
120,02:00,4,2023-10-07,Saturday,2023-10-06 19:00:00+00:00,2023-10-06 23:00:00+00:00,2023-10-06 23:00:00+00:00,2023-10-07 03:00:00+00:00,214.69,213.26,1.4300000000000068,False,OPPOSITE_VISIT_BEFORE_K1,0,1,,,False,,,OPPOSITE_VISIT_BEFORE_K1,2023-10-06 23:30:00+00:00,
120,02:00,4,2023-10-08,Sunday,2023-10-07 19:00:00+00:00,2023-10-07 23:00:00+00:00,2023-10-07 23:00:00+00:00,2023-10-08 03:00:00+00:00,212.38,211.63,0.75,False,BREAK_BEFORE_K1,0,0,,,False,,,BREAK_BEFORE_K1,2023-10-08 00:40:00+00:00,
120,02:00,4,2023-10-09,Monday,2023-10-08 19:00:00+00:00,2023-10-08 23:00:00+00:00,2023-10-08 23:00:00+00:00,2023-10-09 03:00:00+00:00,212.14,210.99,1.1499999999999773,False,BREAK_BEFORE_K1,0,0,,,False,,,BREAK_BEFORE_K1,2023-10-09 00:15:00+00:00,
120,02:00,4,2023-10-10,Tuesday,2023-10-09 19:00:00+00:00,2023-10-09 23:00:00+00:00,2023-10-09 23:00:00+00:00,2023-10-10 03:00:00+00:00,206.7,205.14,1.5600000000000023,False,OPPOSITE_VISIT_BEFORE_K1,0,1,,,False,,,OPPOSITE_VISIT_BEFORE_K1,2023-10-09 23:20:00+00:00,
120,02:00,4,2023-10-11,Wednesday,2023-10-10 19:00:00+00:00,2023-10-10 23:00:00+00:00,2023-10-10 23:00:00+00:00,2023-10-11 03:00:00+00:00,209.3,207.13,2.170000000000016,False,OPPOSITE_VISIT_BEFORE_K1,0,1,,,False,,,OPPOSITE_VISIT_BEFORE_K1,2023-10-11 02:00:00+00:00,
120,02:00,4,2023-10-12,Thursday,2023-10-11 19:00:00+00:00,2023-10-11 23:00:00+00:00,2023-10-11 23:00:00+00:00,2023-10-12 03:00:00+00:00,206.77,205.66,1.1100000000000136,True,,1,0,2023-10-12 00:05:00+00:00,2023-10-12 00:10:00+00:00,True,2023-10-12 00:10:00+00:00,2023-10-12 00:15:00+00:00,OPPOSITE_BREAK_BEFORE_H2,2023-10-12 01:00:00+00:00,
120,02:00,4,2023-10-13,Friday,2023-10-12 19:00:00+00:00,2023-10-12 23:00:00+00:00,2023-10-12 23:00:00+00:00,2023-10-13 03:00:00+00:00,205.89,204.84,1.049999999999983,True,,1,0,2023-10-13 00:25:00+00:00,2023-10-13 00:30:00+00:00,False,,,BREAK_DURING_K1,2023-10-13 00:30:00+00:00,
120,02:00,4,2023-10-14,Saturday,2023-10-13 19:00:00+00:00,2023-10-13 23:00:00+00:00,2023-10-13 23:00:00+00:00,2023-10-14 03:00:00+00:00,208.43,205.25,3.180000000000007,False,NO_K1,0,0,,,False,,,NO_K1,,
120,02:00,4,2023-10-15,Sunday,2023-10-14 19:00:00+00:00,2023-10-14 23:00:00+00:00,2023-10-14 23:00:00+00:00,2023-10-15 03:00:00+00:00,206.97,206.14,0.8300000000000125,True,,1,0,2023-10-15 00:00:00+00:00,2023-10-15 00:05:00+00:00,False,,,BREAK_DURING_K1,2023-10-15 00:10:00+00:00,
120,02:00,4,2023-10-16,Monday,2023-10-15 19:00:00+00:00,2023-10-15 23:00:00+00:00,2023-10-15 23:00:00+00:00,2023-10-16 03:00:00+00:00,210.5,209.12,1.3799999999999955,True,,1,0,2023-10-16 01:10:00+00:00,2023-10-16 01:15:00+00:00,False,,,BREAK_DURING_K1,2023-10-16 01:15:00+00:00,
120,02:00,4,2023-10-17,Tuesday,2023-10-16 19:00:00+00:00,2023-10-16 23:00:00+00:00,2023-10-16 23:00:00+00:00,2023-10-17 03:00:00+00:00,215.52,213.57,1.950000000000017,True,,1,0,2023-10-16 23:10:00+00:00,2023-10-16 23:15:00+00:00,True,2023-10-16 23:15:00+00:00,2023-10-16 23:20:00+00:00,NO_H2_BY_END,,
120,02:00,4,2023-10-18,Wednesday,2023-10-17 19:00:00+00:00,2023-10-17 23:00:00+00:00,2023-10-17 23:00:00+00:00,2023-10-18 03:00:00+00:00,211.8,210.77,1.0300000000000011,True,,1,0,2023-10-17 23:55:00+00:00,2023-10-18 00:00:00+00:00,True,2023-10-18 00:00:00+00:00,2023-10-18 00:05:00+00:00,H2_ARRIVAL,2023-10-18 02:00:00+00:00,120.0
120,02:00,4,2023-10-19,Thursday,2023-10-18 19:00:00+00:00,2023-10-18 23:00:00+00:00,2023-10-18 23:00:00+00:00,2023-10-19 03:00:00+00:00,211.12,210.0,1.1200000000000045,False,BREAK_BEFORE_K1,0,0,,,False,,,BREAK_BEFORE_K1,2023-10-19 01:40:00+00:00,
120,02:00,4,2023-10-20,Friday,2023-10-19 19:00:00+00:00,2023-10-19 23:00:00+00:00,2023-10-19 23:00:00+00:00,2023-10-20 03:00:00+00:00,210.99,210.14,0.8500000000000227,True,,1,0,2023-10-19 23:40:00+00:00,2023-10-19 23:45:00+00:00,False,,,BREAK_DURING_K1,2023-10-19 23:45:00+00:00,
120,02:00,4,2023-10-21,Saturday,2023-10-20 19:00:00+00:00,2023-10-20 23:00:00+00:00,2023-10-20 23:00:00+00:00,2023-10-21 03:00:00+00:00,213.17,212.51,0.6599999999999966,False,OPPOSITE_VISIT_BEFORE_K1,0,1,,,False,,,OPPOSITE_VISIT_BEFORE_K1,2023-10-20 23:30:00+00:00,
120,02:00,4,2023-10-22,Sunday,2023-10-21 19:00:00+00:00,2023-10-21 23:00:00+00:00,2023-10-21 23:00:00+00:00,2023-10-22 03:00:00+00:00,215.99,214.36,1.6299999999999955,False,OPPOSITE_VISIT_BEFORE_K1,0,1,,,False,,,OPPOSITE_VISIT_BEFORE_K1,2023-10-21 23:30:00+00:00,
120,02:00,4,2023-10-23,Monday,2023-10-22 19:00:00+00:00,2023-10-22 23:00:00+00:00,2023-10-22 23:00:00+00:00,2023-10-23 03:00:00+00:00,218.82,214.91,3.9099999999999966,True,,1,0,2023-10-23 00:55:00+00:00,2023-10-23 01:00:00+00:00,True,2023-10-23 01:00:00+00:00,2023-10-23 01:05:00+00:00,H2_ARRIVAL,2023-10-23 01:05:00+00:00,5.0
120,02:00,4,2023-10-24,Tuesday,2023-10-23 19:00:00+00:00,2023-10-23 23:00:00+00:00,2023-10-23 23:00:00+00:00,2023-10-24 03:00:00+00:00,231.0,220.92,10.080000000000013,True,,1,0,2023-10-23 23:00:00+00:00,2023-10-23 23:05:00+00:00,True,2023-10-23 23:05:00+00:00,2023-10-23 23:10:00+00:00,H2_ARRIVAL,2023-10-24 00:30:00+00:00,85.0
120,02:00,4,2023-10-25,Wednesday,2023-10-24 19:00:00+00:00,2023-10-24 23:00:00+00:00,2023-10-24 23:00:00+00:00,2023-10-25 03:00:00+00:00,227.16,223.57,3.5900000000000034,False,BREAK_BEFORE_K1,0,0,,,False,,,BREAK_BEFORE_K1,2023-10-24 23:00:00+00:00,
120,02:00,4,2023-10-26,Thursday,2023-10-25 19:00:00+00:00,2023-10-25 23:00:00+00:00,2023-10-25 23:00:00+00:00,2023-10-26 03:00:00+00:00,224.3,222.42,1.8800000000000239,False,BREAK_BEFORE_K1,0,0,,,False,,,BREAK_BEFORE_K1,2023-10-25 23:00:00+00:00,
120,02:00,4,2023-10-27,Friday,2023-10-26 19:00:00+00:00,2023-10-26 23:00:00+00:00,2023-10-26 23:00:00+00:00,2023-10-27 03:00:00+00:00,223.96,221.64,2.3200000000000216,False,BREAK_BEFORE_K1,0,0,,,False,,,BREAK_BEFORE_K1,2023-10-27 01:45:00+00:00,
120,02:00,4,2023-10-28,Saturday,2023-10-27 19:00:00+00:00,2023-10-27 23:00:00+00:00,2023-10-27 23:00:00+00:00,2023-10-28 03:00:00+00:00,224.98,222.85,2.1299999999999955,False,BREAK_BEFORE_K1,0,0,,,False,,,BREAK_BEFORE_K1,2023-10-28 00:20:00+00:00,
120,02:00,4,2023-10-29,Sunday,2023-10-28 19:00:00+00:00,2023-10-28 23:00:00+00:00,2023-10-28 23:00:00+00:00,2023-10-29 03:00:00+00:00,226.5,225.15,1.3499999999999943,False,BREAK_BEFORE_K1,0,0,,,False,,,BREAK_BEFORE_K1,2023-10-29 01:10:00+00:00,
120,02:00,4,2023-10-30,Monday,2023-10-29 19:00:00+00:00,2023-10-29 23:00:00+00:00,2023-10-29 23:00:00+00:00,2023-10-30 03:00:00+00:00,228.29,226.37,1.9199999999999875,False,OPPOSITE_VISIT_BEFORE_K1,0,1,,,False,,,OPPOSITE_VISIT_BEFORE_K1,2023-10-30 02:25:00+00:00,
120,02:00,4,2023-10-31,Tuesday,2023-10-30 19:00:00+00:00,2023-10-30 23:00:00+00:00,2023-10-30 23:00:00+00:00,2023-10-31 03:00:00+00:00,229.22,227.37,1.8499999999999943,False,BREAK_BEFORE_K1,0,0,,,False,,,BREAK_BEFORE_K1,2023-10-31 00:40:00+00:00,
120,02:00,4,2023-11-01,Wednesday,2023-10-31 19:00:00+00:00,2023-10-31 23:00:00+00:00,2023-10-31 23:00:00+00:00,2023-11-01 03:00:00+00:00,226.7,225.41,1.289999999999992,False,BREAK_BEFORE_K1,0,0,,,False,,,BREAK_BEFORE_K1,2023-11-01 00:15:00+00:00,
120,02:00,4,2023-11-02,Thursday,2023-11-01 19:00:00+00:00,2023-11-01 23:00:00+00:00,2023-11-01 23:00:00+00:00,2023-11-02 03:00:00+00:00,230.15,225.88,4.27000000000001,True,,1,0,2023-11-02 01:00:00+00:00,2023-11-02 01:05:00+00:00,True,2023-11-02 01:05:00+00:00,2023-11-02 01:10:00+00:00,H2_ARRIVAL,2023-11-02 01:10:00+00:00,5.0
120,02:00,4,2023-11-03,Friday,2023-11-02 19:00:00+00:00,2023-11-02 23:00:00+00:00,2023-11-02 23:00:00+00:00,2023-11-03 03:00:00+00:00,233.17,230.63,2.539999999999992,False,OPPOSITE_VISIT_BEFORE_K1,0,1,,,False,,,OPPOSITE_VISIT_BEFORE_K1,2023-11-02 23:00:00+00:00,
120,02:00,4,2023-11-04,Saturday,2023-11-03 19:00:00+00:00,2023-11-03 23:00:00+00:00,2023-11-03 23:00:00+00:00,2023-11-04 03:00:00+00:00,230.43,228.4,2.030000000000001,True,,1,0,2023-11-03 23:00:00+00:00,2023-11-03 23:05:00+00:00,False,,,BREAK_DURING_K1,2023-11-03 23:05:00+00:00,
120,02:00,4,2023-11-05,Sunday,2023-11-04 19:00:00+00:00,2023-11-04 23:00:00+00:00,2023-11-04 23:00:00+00:00,2023-11-05 03:00:00+00:00,237.97,235.8,2.1699999999999875,False,BREAK_BEFORE_K1,0,0,,,False,,,BREAK_BEFORE_K1,2023-11-04 23:00:00+00:00,
120,02:00,4,2023-11-06,Monday,2023-11-05 19:00:00+00:00,2023-11-05 23:00:00+00:00,2023-11-05 23:00:00+00:00,2023-11-06 03:00:00+00:00,244.77,240.62,4.150000000000006,False,BREAK_BEFORE_K1,0,0,,,False,,,BREAK_BEFORE_K1,2023-11-05 23:00:00+00:00,
120,02:00,4,2023-11-07,Tuesday,2023-11-06 19:00:00+00:00,2023-11-06 23:00:00+00:00,2023-11-06 23:00:00+00:00,2023-11-07 03:00:00+00:00,255.37,251.38,3.990000000000009,False,BREAK_BEFORE_K1,0,0,,,False,,,BREAK_BEFORE_K1,2023-11-06 23:05:00+00:00,
120,02:00,4,2023-11-08,Wednesday,2023-11-07 19:00:00+00:00,2023-11-07 23:00:00+00:00,2023-11-07 23:00:00+00:00,2023-11-08 03:00:00+00:00,249.88,245.64,4.240000000000009,False,OPPOSITE_VISIT_BEFORE_K1,0,1,,,False,,,OPPOSITE_VISIT_BEFORE_K1,2023-11-08 00:30:00+00:00,
120,02:00,4,2023-11-09,Thursday,2023-11-08 19:00:00+00:00,2023-11-08 23:00:00+00:00,2023-11-08 23:00:00+00:00,2023-11-09 03:00:00+00:00,249.67,245.13,4.539999999999992,True,,1,0,2023-11-09 02:25:00+00:00,2023-11-09 02:30:00+00:00,True,2023-11-09 02:30:00+00:00,2023-11-09 02:35:00+00:00,H2_ARRIVAL,2023-11-09 02:35:00+00:00,5.0
120,02:00,4,2023-11-10,Friday,2023-11-09 19:00:00+00:00,2023-11-09 23:00:00+00:00,2023-11-09 23:00:00+00:00,2023-11-10 03:00:00+00:00,248.82,242.83,5.989999999999981,True,,1,0,2023-11-09 23:05:00+00:00,2023-11-09 23:10:00+00:00,False,,,BREAK_DURING_K1,2023-11-09 23:10:00+00:00,
120,02:00,4,2023-11-11,Saturday,2023-11-10 19:00:00+00:00,2023-11-10 23:00:00+00:00,2023-11-10 23:00:00+00:00,2023-11-11 03:00:00+00:00,252.58,250.06,2.5200000000000102,True,,1,0,2023-11-11 00:25:00+00:00,2023-11-11 00:30:00+00:00,True,2023-11-11 00:35:00+00:00,2023-11-11 00:40:00+00:00,OPPOSITE_BREAK_BEFORE_H2,2023-11-11 01:20:00+00:00,
120,02:00,4,2023-11-12,Sunday,2023-11-11 19:00:00+00:00,2023-11-11 23:00:00+00:00,2023-11-11 23:00:00+00:00,2023-11-12 03:00:00+00:00,254.48,249.52,4.9599999999999795,False,OPPOSITE_VISIT_BEFORE_K1,0,1,,,False,,,OPPOSITE_VISIT_BEFORE_K1,2023-11-11 23:30:00+00:00,
120,02:00,4,2023-11-13,Monday,2023-11-12 19:00:00+00:00,2023-11-12 23:00:00+00:00,2023-11-12 23:00:00+00:00,2023-11-13 03:00:00+00:00,249.29,247.43,1.8599999999999852,False,BREAK_BEFORE_K1,0,0,,,False,,,BREAK_BEFORE_K1,2023-11-12 23:20:00+00:00,
120,02:00,4,2023-11-14,Tuesday,2023-11-13 19:00:00+00:00,2023-11-13 23:00:00+00:00,2023-11-13 23:00:00+00:00,2023-11-14 03:00:00+00:00,246.53,240.22,6.310000000000002,False,BREAK_BEFORE_K1,0,0,,,False,,,BREAK_BEFORE_K1,2023-11-14 00:05:00+00:00,
120,02:00,4,2023-11-15,Wednesday,2023-11-14 19:00:00+00:00,2023-11-14 23:00:00+00:00,2023-11-14 23:00:00+00:00,2023-11-15 03:00:00+00:00,242.89,236.53,6.359999999999985,False,BREAK_BEFORE_K1,0,0,,,False,,,BREAK_BEFORE_K1,2023-11-14 23:25:00+00:00,
120,02:00,4,2023-11-16,Thursday,2023-11-15 19:00:00+00:00,2023-11-15 23:00:00+00:00,2023-11-15 23:00:00+00:00,2023-11-16 03:00:00+00:00,254.7,250.88,3.819999999999993,False,BREAK_BEFORE_K1,0,0,,,False,,,BREAK_BEFORE_K1,2023-11-16 00:45:00+00:00,
120,02:00,4,2023-11-17,Friday,2023-11-16 19:00:00+00:00,2023-11-16 23:00:00+00:00,2023-11-16 23:00:00+00:00,2023-11-17 03:00:00+00:00,244.84,240.1,4.740000000000009,True,,1,0,2023-11-17 00:55:00+00:00,2023-11-17 01:00:00+00:00,False,,,BREAK_DURING_K1,2023-11-17 01:05:00+00:00,
120,02:00,4,2023-11-18,Saturday,2023-11-17 19:00:00+00:00,2023-11-17 23:00:00+00:00,2023-11-17 23:00:00+00:00,2023-11-18 03:00:00+00:00,244.88,242.83,2.049999999999983,False,BREAK_BEFORE_K1,0,0,,,False,,,BREAK_BEFORE_K1,2023-11-17 23:00:00+00:00,
120,02:00,4,2023-11-19,Sunday,2023-11-18 19:00:00+00:00,2023-11-18 23:00:00+00:00,2023-11-18 23:00:00+00:00,2023-11-19 03:00:00+00:00,245.38,243.58,1.799999999999983,False,BREAK_BEFORE_K1,0,0,,,False,,,BREAK_BEFORE_K1,2023-11-19 00:55:00+00:00,
120,02:00,4,2023-11-20,Monday,2023-11-19 19:00:00+00:00,2023-11-19 23:00:00+00:00,2023-11-19 23:00:00+00:00,2023-11-20 03:00:00+00:00,246.19,244.32,1.8700000000000045,False,BREAK_BEFORE_K1,0,0,,,False,,,BREAK_BEFORE_K1,2023-11-19 23:05:00+00:00,
120,02:00,4,2023-11-21,Tuesday,2023-11-20 19:00:00+00:00,2023-11-20 23:00:00+00:00,2023-11-20 23:00:00+00:00,2023-11-21 03:00:00+00:00,259.98,250.85,9.130000000000024,False,BREAK_BEFORE_K1,0,0,,,False,,,BREAK_BEFORE_K1,2023-11-21 00:55:00+00:00,
120,02:00,4,2023-11-22,Wednesday,2023-11-21 19:00:00+00:00,2023-11-21 23:00:00+00:00,2023-11-21 23:00:00+00:00,2023-11-22 03:00:00+00:00,248.4,224.1,24.30000000000001,False,OPPOSITE_VISIT_BEFORE_K1,0,1,,,False,,,OPPOSITE_VISIT_BEFORE_K1,2023-11-21 23:00:00+00:00,
120,02:00,4,2023-11-23,Thursday,2023-11-22 19:00:00+00:00,2023-11-22 23:00:00+00:00,2023-11-22 23:00:00+00:00,2023-11-23 03:00:00+00:00,238.45,234.36,4.089999999999975,False,BREAK_BEFORE_K1,0,0,,,False,,,BREAK_BEFORE_K1,2023-11-23 01:25:00+00:00,
120,02:00,4,2023-11-24,Friday,2023-11-23 19:00:00+00:00,2023-11-23 23:00:00+00:00,2023-11-23 23:00:00+00:00,2023-11-24 03:00:00+00:00,234.58,232.39,2.190000000000026,False,BREAK_BEFORE_K1,0,0,,,False,,,BREAK_BEFORE_K1,2023-11-24 00:20:00+00:00,
120,02:00,4,2023-11-25,Saturday,2023-11-24 19:00:00+00:00,2023-11-24 23:00:00+00:00,2023-11-24 23:00:00+00:00,2023-11-25 03:00:00+00:00,233.6,231.58,2.019999999999982,False,BREAK_BEFORE_K1,0,0,,,False,,,BREAK_BEFORE_K1,2023-11-25 00:10:00+00:00,
120,02:00,4,2023-11-26,Sunday,2023-11-25 19:00:00+00:00,2023-11-25 23:00:00+00:00,2023-11-25 23:00:00+00:00,2023-11-26 03:00:00+00:00,233.99,233.14,0.8500000000000227,False,BREAK_BEFORE_K1,0,0,,,False,,,BREAK_BEFORE_K1,2023-11-25 23:45:00+00:00,
120,02:00,4,2023-11-27,Monday,2023-11-26 19:00:00+00:00,2023-11-26 23:00:00+00:00,2023-11-26 23:00:00+00:00,2023-11-27 03:00:00+00:00,232.97,230.27,2.6999999999999886,True,,1,0,2023-11-27 00:40:00+00:00,2023-11-27 00:45:00+00:00,True,2023-11-27 00:50:00+00:00,2023-11-27 00:55:00+00:00,H2_ARRIVAL,2023-11-27 01:05:00+00:00,15.0
120,02:00,4,2023-11-28,Tuesday,2023-11-27 19:00:00+00:00,2023-11-27 23:00:00+00:00,2023-11-27 23:00:00+00:00,2023-11-28 03:00:00+00:00,226.73,223.53,3.1999999999999886,False,BREAK_BEFORE_K1,0,0,,,False,,,BREAK_BEFORE_K1,2023-11-27 23:00:00+00:00,
120,02:00,4,2023-11-29,Wednesday,2023-11-28 19:00:00+00:00,2023-11-28 23:00:00+00:00,2023-11-28 23:00:00+00:00,2023-11-29 03:00:00+00:00,231.45,229.35,2.0999999999999943,False,OPPOSITE_VISIT_BEFORE_K1,0,1,,,False,,,OPPOSITE_VISIT_BEFORE_K1,2023-11-28 23:35:00+00:00,
120,02:00,4,2023-11-30,Thursday,2023-11-29 19:00:00+00:00,2023-11-29 23:00:00+00:00,2023-11-29 23:00:00+00:00,2023-11-30 03:00:00+00:00,228.16,226.68,1.4799999999999898,False,OPPOSITE_VISIT_BEFORE_K1,0,1,,,False,,,OPPOSITE_VISIT_BEFORE_K1,2023-11-30 01:05:00+00:00,
120,02:00,4,2023-12-01,Friday,2023-11-30 19:00:00+00:00,2023-11-30 23:00:00+00:00,2023-11-30 23:00:00+00:00,2023-12-01 03:00:00+00:00,228.1,227.3,0.799999999999983,False,OPPOSITE_VISIT_BEFORE_K1,0,1,,,False,,,OPPOSITE_VISIT_BEFORE_K1,2023-11-30 23:00:00+00:00,
120,02:00,4,2023-12-02,Saturday,2023-12-01 19:00:00+00:00,2023-12-01 23:00:00+00:00,2023-12-01 23:00:00+00:00,2023-12-02 03:00:00+00:00,229.15,228.22,0.9300000000000068,False,BREAK_BEFORE_K1,0,0,,,False,,,BREAK_BEFORE_K1,2023-12-02 02:10:00+00:00,
120,02:00,4,2023-12-03,Sunday,2023-12-02 19:00:00+00:00,2023-12-02 23:00:00+00:00,2023-12-02 23:00:00+00:00,2023-12-03 03:00:00+00:00,230.57,228.21,2.359999999999985,False,BREAK_BEFORE_K1,0,0,,,False,,,BREAK_BEFORE_K1,2023-12-03 00:45:00+00:00,
120,02:00,4,2023-12-04,Monday,2023-12-03 19:00:00+00:00,2023-12-03 23:00:00+00:00,2023-12-03 23:00:00+00:00,2023-12-04 03:00:00+00:00,229.25,226.62,2.6299999999999955,True,,1,0,2023-12-03 23:05:00+00:00,2023-12-03 23:10:00+00:00,True,2023-12-03 23:15:00+00:00,2023-12-03 23:20:00+00:00,H2_ARRIVAL,2023-12-04 00:45:00+00:00,90.0
120,02:00,4,2023-12-05,Tuesday,2023-12-04 19:00:00+00:00,2023-12-04 23:00:00+00:00,2023-12-04 23:00:00+00:00,2023-12-05 03:00:00+00:00,233.21,230.68,2.530000000000001,True,,1,0,2023-12-04 23:45:00+00:00,2023-12-04 23:50:00+00:00,False,,,BREAK_DURING_K1,2023-12-04 23:50:00+00:00,
120,02:00,4,2023-12-06,Wednesday,2023-12-05 19:00:00+00:00,2023-12-05 23:00:00+00:00,2023-12-05 23:00:00+00:00,2023-12-06 03:00:00+00:00,232.34,230.25,2.0900000000000034,True,,1,0,2023-12-06 00:40:00+00:00,2023-12-06 00:45:00+00:00,True,2023-12-06 00:45:00+00:00,2023-12-06 00:50:00+00:00,H2_ARRIVAL,2023-12-06 00:50:00+00:00,5.0
120,02:00,4,2023-12-07,Thursday,2023-12-06 19:00:00+00:00,2023-12-06 23:00:00+00:00,2023-12-06 23:00:00+00:00,2023-12-07 03:00:00+00:00,233.05,229.01,4.0400000000000205,False,NO_K1,0,0,,,False,,,NO_K1,,
120,02:00,4,2023-12-08,Friday,2023-12-07 19:00:00+00:00,2023-12-07 23:00:00+00:00,2023-12-07 23:00:00+00:00,2023-12-08 03:00:00+00:00,233.28,230.2,3.0800000000000125,False,BREAK_BEFORE_K1,0,0,,,False,,,BREAK_BEFORE_K1,2023-12-08 00:00:00+00:00,
120,02:00,4,2023-12-09,Saturday,2023-12-08 19:00:00+00:00,2023-12-08 23:00:00+00:00,2023-12-08 23:00:00+00:00,2023-12-09 03:00:00+00:00,240.22,237.02,3.1999999999999886,False,BREAK_BEFORE_K1,0,0,,,False,,,BREAK_BEFORE_K1,2023-12-09 00:05:00+00:00,
120,02:00,4,2023-12-10,Sunday,2023-12-09 19:00:00+00:00,2023-12-09 23:00:00+00:00,2023-12-09 23:00:00+00:00,2023-12-10 03:00:00+00:00,240.4,238.42,1.9800000000000182,False,BREAK_BEFORE_K1,0,0,,,False,,,BREAK_BEFORE_K1,2023-12-09 23:20:00+00:00,
120,02:00,4,2023-12-11,Monday,2023-12-10 19:00:00+00:00,2023-12-10 23:00:00+00:00,2023-12-10 23:00:00+00:00,2023-12-11 03:00:00+00:00,241.08,239.56,1.5200000000000102,False,OPPOSITE_VISIT_BEFORE_K1,0,1,,,False,,,OPPOSITE_VISIT_BEFORE_K1,2023-12-10 23:15:00+00:00,
120,02:00,4,2023-12-12,Tuesday,2023-12-11 19:00:00+00:00,2023-12-11 23:00:00+00:00,2023-12-11 23:00:00+00:00,2023-12-12 03:00:00+00:00,245.24,236.88,8.360000000000014,False,BREAK_BEFORE_K1,0,0,,,False,,,BREAK_BEFORE_K1,2023-12-11 23:00:00+00:00,
120,02:00,4,2023-12-13,Wednesday,2023-12-12 19:00:00+00:00,2023-12-12 23:00:00+00:00,2023-12-12 23:00:00+00:00,2023-12-13 03:00:00+00:00,256.16,252.6,3.5600000000000307,False,BREAK_BEFORE_K1,0,0,,,False,,,BREAK_BEFORE_K1,2023-12-12 23:30:00+00:00,
120,02:00,4,2023-12-14,Thursday,2023-12-13 19:00:00+00:00,2023-12-13 23:00:00+00:00,2023-12-13 23:00:00+00:00,2023-12-14 03:00:00+00:00,255.95,250.5,5.449999999999989,False,OPPOSITE_VISIT_BEFORE_K1,0,1,,,False,,,OPPOSITE_VISIT_BEFORE_K1,2023-12-14 01:40:00+00:00,
120,02:00,4,2023-12-15,Friday,2023-12-14 19:00:00+00:00,2023-12-14 23:00:00+00:00,2023-12-14 23:00:00+00:00,2023-12-15 03:00:00+00:00,253.63,251.13,2.5,False,BREAK_BEFORE_K1,0,0,,,False,,,BREAK_BEFORE_K1,2023-12-14 23:00:00+00:00,
120,02:00,4,2023-12-16,Saturday,2023-12-15 19:00:00+00:00,2023-12-15 23:00:00+00:00,2023-12-15 23:00:00+00:00,2023-12-16 03:00:00+00:00,247.79,244.87,2.9199999999999875,False,BREAK_BEFORE_K1,0,0,,,False,,,BREAK_BEFORE_K1,2023-12-15 23:15:00+00:00,
120,02:00,4,2023-12-17,Sunday,2023-12-16 19:00:00+00:00,2023-12-16 23:00:00+00:00,2023-12-16 23:00:00+00:00,2023-12-17 03:00:00+00:00,245.56,243.69,1.8700000000000045,False,BREAK_BEFORE_K1,0,0,,,False,,,BREAK_BEFORE_K1,2023-12-16 23:45:00+00:00,
120,02:00,4,2023-12-18,Monday,2023-12-17 19:00:00+00:00,2023-12-17 23:00:00+00:00,2023-12-17 23:00:00+00:00,2023-12-18 03:00:00+00:00,243.5,240.83,2.6699999999999875,False,OPPOSITE_VISIT_BEFORE_K1,0,1,,,False,,,OPPOSITE_VISIT_BEFORE_K1,2023-12-17 23:05:00+00:00,
120,02:00,4,2023-12-19,Tuesday,2023-12-18 19:00:00+00:00,2023-12-18 23:00:00+00:00,2023-12-18 23:00:00+00:00,2023-12-19 03:00:00+00:00,241.39,237.75,3.6399999999999864,True,,1,0,2023-12-18 23:05:00+00:00,2023-12-18 23:10:00+00:00,False,,,BREAK_DURING_K1,2023-12-18 23:10:00+00:00,
120,02:00,4,2023-12-20,Wednesday,2023-12-19 19:00:00+00:00,2023-12-19 23:00:00+00:00,2023-12-19 23:00:00+00:00,2023-12-20 03:00:00+00:00,254.41,250.71,3.6999999999999886,False,NO_K1,0,0,,,False,,,NO_K1,,
120,02:00,4,2023-12-21,Thursday,2023-12-20 19:00:00+00:00,2023-12-20 23:00:00+00:00,2023-12-20 23:00:00+00:00,2023-12-21 03:00:00+00:00,260.33,255.0,5.329999999999984,False,NO_K1,0,0,,,False,,,NO_K1,,
120,02:00,4,2023-12-22,Friday,2023-12-21 19:00:00+00:00,2023-12-21 23:00:00+00:00,2023-12-21 23:00:00+00:00,2023-12-22 03:00:00+00:00,271.45,268.79,2.659999999999968,False,BREAK_BEFORE_K1,0,0,,,False,,,BREAK_BEFORE_K1,2023-12-21 23:55:00+00:00,
120,02:00,4,2023-12-23,Saturday,2023-12-22 19:00:00+00:00,2023-12-22 23:00:00+00:00,2023-12-22 23:00:00+00:00,2023-12-23 03:00:00+00:00,272.79,269.38,3.410000000000025,False,OPPOSITE_VISIT_BEFORE_K1,0,1,,,False,,,OPPOSITE_VISIT_BEFORE_K1,2023-12-23 00:50:00+00:00,
120,02:00,4,2023-12-24,Sunday,2023-12-23 19:00:00+00:00,2023-12-23 23:00:00+00:00,2023-12-23 23:00:00+00:00,2023-12-24 03:00:00+00:00,271.43,269.16,2.269999999999982,True,,1,0,2023-12-23 23:00:00+00:00,2023-12-23 23:05:00+00:00,False,,,BREAK_DURING_K1,2023-12-23 23:05:00+00:00,
120,02:00,4,2023-12-25,Monday,2023-12-24 19:00:00+00:00,2023-12-24 23:00:00+00:00,2023-12-24 23:00:00+00:00,2023-12-25 03:00:00+00:00,269.06,260.53,8.53000000000003,False,NO_K1,0,0,,,False,,,NO_K1,,
120,02:00,4,2023-12-26,Tuesday,2023-12-25 19:00:00+00:00,2023-12-25 23:00:00+00:00,2023-12-25 23:00:00+00:00,2023-12-26 03:00:00+00:00,267.36,263.72,3.6399999999999864,False,BREAK_BEFORE_K1,0,0,,,False,,,BREAK_BEFORE_K1,2023-12-26 02:40:00+00:00,
120,02:00,4,2023-12-27,Wednesday,2023-12-26 19:00:00+00:00,2023-12-26 23:00:00+00:00,2023-12-26 23:00:00+00:00,2023-12-27 03:00:00+00:00,297.35,293.36,3.990000000000009,False,BREAK_BEFORE_K1,0,0,,,False,,,BREAK_BEFORE_K1,2023-12-26 23:05:00+00:00,
120,02:00,4,2023-12-28,Thursday,2023-12-27 19:00:00+00:00,2023-12-27 23:00:00+00:00,2023-12-27 23:00:00+00:00,2023-12-28 03:00:00+00:00,317.1,310.13,6.970000000000027,False,BREAK_BEFORE_K1,0,0,,,False,,,BREAK_BEFORE_K1,2023-12-27 23:00:00+00:00,
120,02:00,4,2023-12-29,Friday,2023-12-28 19:00:00+00:00,2023-12-28 23:00:00+00:00,2023-12-28 23:00:00+00:00,2023-12-29 03:00:00+00:00,333.0,320.7,12.300000000000011,False,BREAK_BEFORE_K1,0,0,,,False,,,BREAK_BEFORE_K1,2023-12-29 00:30:00+00:00,
120,02:00,4,2023-12-30,Saturday,2023-12-29 19:00:00+00:00,2023-12-29 23:00:00+00:00,2023-12-29 23:00:00+00:00,2023-12-30 03:00:00+00:00,313.78,306.46,7.319999999999993,False,BREAK_BEFORE_K1,0,0,,,False,,,BREAK_BEFORE_K1,2023-12-30 00:15:00+00:00,
120,02:00,4,2023-12-31,Sunday,2023-12-30 19:00:00+00:00,2023-12-30 23:00:00+00:00,2023-12-30 23:00:00+00:00,2023-12-31 03:00:00+00:00,316.4,313.0,3.3999999999999773,True,,1,0,2023-12-30 23:15:00+00:00,2023-12-30 23:20:00+00:00,True,2023-12-30 23:25:00+00:00,2023-12-30 23:30:00+00:00,H2_ARRIVAL,2023-12-30 23:30:00+00:00,5.0
120,02:00,4,2024-01-01,Monday,2023-12-31 19:00:00+00:00,2023-12-31 23:00:00+00:00,2023-12-31 23:00:00+00:00,2024-01-01 03:00:00+00:00,316.24,306.38,9.860000000000014,False,NO_K1,0,0,,,False,,,NO_K1,,
120,02:00,4,2024-01-02,Tuesday,2024-01-01 19:00:00+00:00,2024-01-01 23:00:00+00:00,2024-01-01 23:00:00+00:00,2024-01-02 03:00:00+00:00,313.5,310.55,2.9499999999999886,False,BREAK_BEFORE_K1,0,0,,,False,,,BREAK_BEFORE_K1,2024-01-01 23:25:00+00:00,
120,02:00,4,2024-01-03,Wednesday,2024-01-02 19:00:00+00:00,2024-01-02 23:00:00+00:00,2024-01-02 23:00:00+00:00,2024-01-03 03:00:00+00:00,312.16,308.18,3.980000000000018,False,BREAK_BEFORE_K1,0,0,,,False,,,BREAK_BEFORE_K1,2024-01-03 00:00:00+00:00,
120,02:00,4,2024-01-04,Thursday,2024-01-03 19:00:00+00:00,2024-01-03 23:00:00+00:00,2024-01-03 23:00:00+00:00,2024-01-04 03:00:00+00:00,318.5,311.76,6.740000000000009,False,OPPOSITE_VISIT_BEFORE_K1,0,1,,,False,,,OPPOSITE_VISIT_BEFORE_K1,2024-01-04 01:15:00+00:00,
120,02:00,4,2024-01-05,Friday,2024-01-04 19:00:00+00:00,2024-01-04 23:00:00+00:00,2024-01-04 23:00:00+00:00,2024-01-05 03:00:00+00:00,321.87,317.0,4.8700000000000045,True,,1,0,2024-01-04 23:00:00+00:00,2024-01-04 23:05:00+00:00,True,2024-01-04 23:10:00+00:00,2024-01-04 23:15:00+00:00,H2_ARRIVAL,2024-01-04 23:20:00+00:00,10.0
120,02:00,4,2024-01-06,Saturday,2024-01-05 19:00:00+00:00,2024-01-05 23:00:00+00:00,2024-01-05 23:00:00+00:00,2024-01-06 03:00:00+00:00,315.94,312.59,3.3500000000000227,False,BREAK_BEFORE_K1,0,0,,,False,,,BREAK_BEFORE_K1,2024-01-05 23:00:00+00:00,
120,02:00,4,2024-01-07,Sunday,2024-01-06 19:00:00+00:00,2024-01-06 23:00:00+00:00,2024-01-06 23:00:00+00:00,2024-01-07 03:00:00+00:00,307.0,304.36,2.6399999999999864,True,,1,0,2024-01-06 23:00:00+00:00,2024-01-06 23:05:00+00:00,True,2024-01-06 23:05:00+00:00,2024-01-06 23:10:00+00:00,H2_ARRIVAL,2024-01-06 23:45:00+00:00,40.0
120,02:00,4,2024-01-08,Monday,2024-01-07 19:00:00+00:00,2024-01-07 23:00:00+00:00,2024-01-07 23:00:00+00:00,2024-01-08 03:00:00+00:00,306.53,299.2,7.329999999999984,False,BREAK_BEFORE_K1,0,0,,,False,,,BREAK_BEFORE_K1,2024-01-08 00:15:00+00:00,
120,02:00,4,2024-01-09,Tuesday,2024-01-08 19:00:00+00:00,2024-01-08 23:00:00+00:00,2024-01-08 23:00:00+00:00,2024-01-09 03:00:00+00:00,307.67,304.4,3.2700000000000387,False,OPPOSITE_VISIT_BEFORE_K1,0,1,,,False,,,OPPOSITE_VISIT_BEFORE_K1,2024-01-08 23:40:00+00:00,
120,02:00,4,2024-01-10,Wednesday,2024-01-09 19:00:00+00:00,2024-01-09 23:00:00+00:00,2024-01-09 23:00:00+00:00,2024-01-10 03:00:00+00:00,302.74,295.85,6.889999999999986,True,,1,0,2024-01-10 00:25:00+00:00,2024-01-10 00:30:00+00:00,False,,,BREAK_DURING_K1,2024-01-10 00:30:00+00:00,
120,02:00,4,2024-01-11,Thursday,2024-01-10 19:00:00+00:00,2024-01-10 23:00:00+00:00,2024-01-10 23:00:00+00:00,2024-01-11 03:00:00+00:00,308.0,291.0,17.0,False,BREAK_BEFORE_K1,0,0,,,False,,,BREAK_BEFORE_K1,2024-01-10 23:10:00+00:00,
120,02:00,4,2024-01-12,Friday,2024-01-11 19:00:00+00:00,2024-01-11 23:00:00+00:00,2024-01-11 23:00:00+00:00,2024-01-12 03:00:00+00:00,310.32,305.94,4.3799999999999955,False,OPPOSITE_VISIT_BEFORE_K1,0,1,,,False,,,OPPOSITE_VISIT_BEFORE_K1,2024-01-12 01:25:00+00:00,
120,02:00,4,2024-01-13,Saturday,2024-01-12 19:00:00+00:00,2024-01-12 23:00:00+00:00,2024-01-12 23:00:00+00:00,2024-01-13 03:00:00+00:00,302.55,288.48,14.069999999999993,False,NO_K1,0,0,,,False,,,NO_K1,,
120,02:00,4,2024-01-14,Sunday,2024-01-13 19:00:00+00:00,2024-01-13 23:00:00+00:00,2024-01-13 23:00:00+00:00,2024-01-14 03:00:00+00:00,303.27,301.28,1.990000000000009,False,BREAK_BEFORE_K1,0,0,,,False,,,BREAK_BEFORE_K1,2024-01-14 00:25:00+00:00,
120,02:00,4,2024-01-15,Monday,2024-01-14 19:00:00+00:00,2024-01-14 23:00:00+00:00,2024-01-14 23:00:00+00:00,2024-01-15 03:00:00+00:00,306.39,301.48,4.909999999999968,False,OPPOSITE_VISIT_BEFORE_K1,0,1,,,False,,,OPPOSITE_VISIT_BEFORE_K1,2024-01-14 23:15:00+00:00,
120,02:00,4,2024-01-16,Tuesday,2024-01-15 19:00:00+00:00,2024-01-15 23:00:00+00:00,2024-01-15 23:00:00+00:00,2024-01-16 03:00:00+00:00,318.68,311.69,6.990000000000009,False,NO_K1,0,0,,,False,,,NO_K1,,
120,02:00,4,2024-01-17,Wednesday,2024-01-16 19:00:00+00:00,2024-01-16 23:00:00+00:00,2024-01-16 23:00:00+00:00,2024-01-17 03:00:00+00:00,316.99,313.22,3.769999999999982,False,NO_K1,0,0,,,False,,,NO_K1,,
120,02:00,4,2024-01-18,Thursday,2024-01-17 19:00:00+00:00,2024-01-17 23:00:00+00:00,2024-01-17 23:00:00+00:00,2024-01-18 03:00:00+00:00,310.5,306.17,4.329999999999984,False,OPPOSITE_VISIT_BEFORE_K1,0,1,,,False,,,OPPOSITE_VISIT_BEFORE_K1,2024-01-18 01:30:00+00:00,
120,02:00,4,2024-01-19,Friday,2024-01-18 19:00:00+00:00,2024-01-18 23:00:00+00:00,2024-01-18 23:00:00+00:00,2024-01-19 03:00:00+00:00,312.38,307.35,5.029999999999973,False,BREAK_BEFORE_K1,0,0,,,False,,,BREAK_BEFORE_K1,2024-01-18 23:10:00+00:00,
120,02:00,4,2024-01-20,Saturday,2024-01-19 19:00:00+00:00,2024-01-19 23:00:00+00:00,2024-01-19 23:00:00+00:00,2024-01-20 03:00:00+00:00,313.84,310.44,3.3999999999999773,False,BREAK_BEFORE_K1,0,0,,,False,,,BREAK_BEFORE_K1,2024-01-19 23:40:00+00:00,
120,02:00,4,2024-01-21,Sunday,2024-01-20 19:00:00+00:00,2024-01-20 23:00:00+00:00,2024-01-20 23:00:00+00:00,2024-01-21 03:00:00+00:00,316.9,313.86,3.0399999999999636,True,,1,0,2024-01-20 23:15:00+00:00,2024-01-20 23:20:00+00:00,True,2024-01-20 23:30:00+00:00,2024-01-20 23:35:00+00:00,H2_ARRIVAL,2024-01-20 23:55:00+00:00,25.0
120,02:00,4,2024-01-22,Monday,2024-01-21 19:00:00+00:00,2024-01-21 23:00:00+00:00,2024-01-21 23:00:00+00:00,2024-01-22 03:00:00+00:00,321.58,318.84,2.740000000000009,False,BREAK_BEFORE_K1,0,0,,,False,,,BREAK_BEFORE_K1,2024-01-21 23:15:00+00:00,
120,02:00,4,2024-01-23,Tuesday,2024-01-22 19:00:00+00:00,2024-01-22 23:00:00+00:00,2024-01-22 23:00:00+00:00,2024-01-23 03:00:00+00:00,311.2,303.3,7.899999999999977,False,NO_K1,0,0,,,False,,,NO_K1,,
120,02:00,4,2024-01-24,Wednesday,2024-01-23 19:00:00+00:00,2024-01-23 23:00:00+00:00,2024-01-23 23:00:00+00:00,2024-01-24 03:00:00+00:00,297.83,291.99,5.839999999999975,True,,1,0,2024-01-23 23:00:00+00:00,2024-01-23 23:05:00+00:00,False,,,BREAK_DURING_K1,2024-01-23 23:05:00+00:00,
120,02:00,4,2024-01-25,Thursday,2024-01-24 19:00:00+00:00,2024-01-24 23:00:00+00:00,2024-01-24 23:00:00+00:00,2024-01-25 03:00:00+00:00,293.3,290.63,2.670000000000016,False,BREAK_BEFORE_K1,0,0,,,False,,,BREAK_BEFORE_K1,2024-01-24 23:05:00+00:00,
120,02:00,4,2024-01-26,Friday,2024-01-25 19:00:00+00:00,2024-01-25 23:00:00+00:00,2024-01-25 23:00:00+00:00,2024-01-26 03:00:00+00:00,292.84,290.37,2.4699999999999704,True,,1,0,2024-01-26 01:20:00+00:00,2024-01-26 01:25:00+00:00,False,,,BREAK_DURING_K1,2024-01-26 01:25:00+00:00,
120,02:00,4,2024-01-27,Saturday,2024-01-26 19:00:00+00:00,2024-01-26 23:00:00+00:00,2024-01-26 23:00:00+00:00,2024-01-27 03:00:00+00:00,302.84,301.13,1.7099999999999795,False,BREAK_BEFORE_K1,0,0,,,False,,,BREAK_BEFORE_K1,2024-01-27 00:25:00+00:00,
120,02:00,4,2024-01-28,Sunday,2024-01-27 19:00:00+00:00,2024-01-27 23:00:00+00:00,2024-01-27 23:00:00+00:00,2024-01-28 03:00:00+00:00,306.66,304.89,1.7700000000000387,False,OPPOSITE_VISIT_BEFORE_K1,0,1,,,False,,,OPPOSITE_VISIT_BEFORE_K1,2024-01-28 00:25:00+00:00,
120,02:00,4,2024-01-29,Monday,2024-01-28 19:00:00+00:00,2024-01-28 23:00:00+00:00,2024-01-28 23:00:00+00:00,2024-01-29 03:00:00+00:00,305.78,303.11,2.669999999999959,True,,1,0,2024-01-29 00:35:00+00:00,2024-01-29 00:40:00+00:00,True,2024-01-29 00:45:00+00:00,2024-01-29 00:50:00+00:00,H2_ARRIVAL,2024-01-29 01:00:00+00:00,15.0
120,02:00,4,2024-01-30,Tuesday,2024-01-29 19:00:00+00:00,2024-01-29 23:00:00+00:00,2024-01-29 23:00:00+00:00,2024-01-30 03:00:00+00:00,310.71,309.69,1.0199999999999818,False,OPPOSITE_VISIT_BEFORE_K1,0,1,,,False,,,OPPOSITE_VISIT_BEFORE_K1,2024-01-29 23:30:00+00:00,
120,02:00,4,2024-01-31,Wednesday,2024-01-30 19:00:00+00:00,2024-01-30 23:00:00+00:00,2024-01-30 23:00:00+00:00,2024-01-31 03:00:00+00:00,310.92,309.04,1.8799999999999955,False,BREAK_BEFORE_K1,0,0,,,False,,,BREAK_BEFORE_K1,2024-01-30 23:20:00+00:00,
120,02:00,4,2024-02-01,Thursday,2024-01-31 19:00:00+00:00,2024-01-31 23:00:00+00:00,2024-01-31 23:00:00+00:00,2024-02-01 03:00:00+00:00,305.51,298.46,7.050000000000011,False,BREAK_BEFORE_K1,0,0,,,False,,,BREAK_BEFORE_K1,2024-02-01 01:15:00+00:00,
120,02:00,4,2024-02-02,Friday,2024-02-01 19:00:00+00:00,2024-02-01 23:00:00+00:00,2024-02-01 23:00:00+00:00,2024-02-02 03:00:00+00:00,301.2,299.34,1.8600000000000136,False,OPPOSITE_VISIT_BEFORE_K1,0,1,,,False,,,OPPOSITE_VISIT_BEFORE_K1,2024-02-01 23:05:00+00:00,
120,02:00,4,2024-02-03,Saturday,2024-02-02 19:00:00+00:00,2024-02-02 23:00:00+00:00,2024-02-02 23:00:00+00:00,2024-02-03 03:00:00+00:00,301.53,300.02,1.509999999999991,True,,1,0,2024-02-02 23:00:00+00:00,2024-02-02 23:05:00+00:00,True,2024-02-02 23:05:00+00:00,2024-02-02 23:10:00+00:00,H2_ARRIVAL,2024-02-03 00:15:00+00:00,70.0
120,02:00,4,2024-02-04,Sunday,2024-02-03 19:00:00+00:00,2024-02-03 23:00:00+00:00,2024-02-03 23:00:00+00:00,2024-02-04 03:00:00+00:00,300.84,299.76,1.079999999999984,False,OPPOSITE_VISIT_BEFORE_K1,0,1,,,False,,,OPPOSITE_VISIT_BEFORE_K1,2024-02-03 23:15:00+00:00,
120,02:00,4,2024-02-05,Monday,2024-02-04 19:00:00+00:00,2024-02-04 23:00:00+00:00,2024-02-04 23:00:00+00:00,2024-02-05 03:00:00+00:00,307.8,303.96,3.840000000000032,False,BREAK_BEFORE_K1,0,0,,,False,,,BREAK_BEFORE_K1,2024-02-05 01:05:00+00:00,
120,02:00,4,2024-02-06,Tuesday,2024-02-05 19:00:00+00:00,2024-02-05 23:00:00+00:00,2024-02-05 23:00:00+00:00,2024-02-06 03:00:00+00:00,301.91,299.34,2.57000000000005,True,,1,0,2024-02-06 01:25:00+00:00,2024-02-06 01:30:00+00:00,True,2024-02-06 01:30:00+00:00,2024-02-06 01:35:00+00:00,H2_ARRIVAL,2024-02-06 01:45:00+00:00,15.0
120,02:00,4,2024-02-07,Wednesday,2024-02-06 19:00:00+00:00,2024-02-06 23:00:00+00:00,2024-02-06 23:00:00+00:00,2024-02-07 03:00:00+00:00,303.62,302.74,0.8799999999999955,False,OPPOSITE_VISIT_BEFORE_K1,0,1,,,False,,,OPPOSITE_VISIT_BEFORE_K1,2024-02-06 23:25:00+00:00,
120,02:00,4,2024-02-08,Thursday,2024-02-07 19:00:00+00:00,2024-02-07 23:00:00+00:00,2024-02-07 23:00:00+00:00,2024-02-08 03:00:00+00:00,308.79,306.34,2.4500000000000455,True,,1,0,2024-02-08 00:25:00+00:00,2024-02-08 00:30:00+00:00,False,,,BREAK_DURING_K1,2024-02-08 00:30:00+00:00,
120,02:00,4,2024-02-09,Friday,2024-02-08 19:00:00+00:00,2024-02-08 23:00:00+00:00,2024-02-08 23:00:00+00:00,2024-02-09 03:00:00+00:00,318.87,316.49,2.3799999999999955,False,BREAK_BEFORE_K1,0,0,,,False,,,BREAK_BEFORE_K1,2024-02-08 23:00:00+00:00,
120,02:00,4,2024-02-10,Saturday,2024-02-09 19:00:00+00:00,2024-02-09 23:00:00+00:00,2024-02-09 23:00:00+00:00,2024-02-10 03:00:00+00:00,324.0,321.21,2.7900000000000205,True,,1,0,2024-02-10 00:00:00+00:00,2024-02-10 00:05:00+00:00,False,,,BREAK_DURING_K1,2024-02-10 00:10:00+00:00,
120,02:00,4,2024-02-11,Sunday,2024-02-10 19:00:00+00:00,2024-02-10 23:00:00+00:00,2024-02-10 23:00:00+00:00,2024-02-11 03:00:00+00:00,323.4,321.0,2.3999999999999773,True,,1,0,2024-02-10 23:00:00+00:00,2024-02-10 23:05:00+00:00,True,2024-02-10 23:05:00+00:00,2024-02-10 23:10:00+00:00,NO_H2_BY_END,,
120,02:00,4,2024-02-12,Monday,2024-02-11 19:00:00+00:00,2024-02-11 23:00:00+00:00,2024-02-11 23:00:00+00:00,2024-02-12 03:00:00+00:00,321.86,319.61,2.25,False,OPPOSITE_VISIT_BEFORE_K1,0,1,,,False,,,OPPOSITE_VISIT_BEFORE_K1,2024-02-12 02:20:00+00:00,
120,02:00,4,2024-02-13,Tuesday,2024-02-12 19:00:00+00:00,2024-02-12 23:00:00+00:00,2024-02-12 23:00:00+00:00,2024-02-13 03:00:00+00:00,330.54,323.83,6.710000000000036,False,NO_K1,0,0,,,False,,,NO_K1,,
120,02:00,4,2024-02-14,Wednesday,2024-02-13 19:00:00+00:00,2024-02-13 23:00:00+00:00,2024-02-13 23:00:00+00:00,2024-02-14 03:00:00+00:00,324.37,321.92,2.4499999999999886,True,,1,0,2024-02-13 23:05:00+00:00,2024-02-13 23:10:00+00:00,True,2024-02-13 23:10:00+00:00,2024-02-13 23:15:00+00:00,H2_ARRIVAL,2024-02-13 23:20:00+00:00,10.0
120,02:00,4,2024-02-15,Thursday,2024-02-14 19:00:00+00:00,2024-02-14 23:00:00+00:00,2024-02-14 23:00:00+00:00,2024-02-15 03:00:00+00:00,334.33,331.38,2.9499999999999886,True,,1,0,2024-02-15 00:20:00+00:00,2024-02-15 00:25:00+00:00,False,,,BREAK_DURING_K1,2024-02-15 00:25:00+00:00,
120,02:00,4,2024-02-16,Friday,2024-02-15 19:00:00+00:00,2024-02-15 23:00:00+00:00,2024-02-15 23:00:00+00:00,2024-02-16 03:00:00+00:00,356.14,348.91,7.229999999999961,False,BREAK_BEFORE_K1,0,0,,,False,,,BREAK_BEFORE_K1,2024-02-16 01:35:00+00:00,
120,02:00,4,2024-02-17,Saturday,2024-02-16 19:00:00+00:00,2024-02-16 23:00:00+00:00,2024-02-16 23:00:00+00:00,2024-02-17 03:00:00+00:00,359.47,353.9,5.57000000000005,True,,1,0,2024-02-16 23:00:00+00:00,2024-02-16 23:05:00+00:00,True,2024-02-16 23:05:00+00:00,2024-02-16 23:10:00+00:00,H2_ARRIVAL,2024-02-16 23:10:00+00:00,5.0
120,02:00,4,2024-02-18,Sunday,2024-02-17 19:00:00+00:00,2024-02-17 23:00:00+00:00,2024-02-17 23:00:00+00:00,2024-02-18 03:00:00+00:00,354.55,351.5,3.0500000000000114,False,OPPOSITE_VISIT_BEFORE_K1,0,1,,,False,,,OPPOSITE_VISIT_BEFORE_K1,2024-02-18 00:05:00+00:00,
120,02:00,4,2024-02-19,Monday,2024-02-18 19:00:00+00:00,2024-02-18 23:00:00+00:00,2024-02-18 23:00:00+00:00,2024-02-19 03:00:00+00:00,353.5,349.32,4.180000000000007,True,,1,0,2024-02-18 23:05:00+00:00,2024-02-18 23:10:00+00:00,True,2024-02-18 23:10:00+00:00,2024-02-18 23:15:00+00:00,H2_ARRIVAL,2024-02-19 00:20:00+00:00,70.0
120,02:00,4,2024-02-20,Tuesday,2024-02-19 19:00:00+00:00,2024-02-19 23:00:00+00:00,2024-02-19 23:00:00+00:00,2024-02-20 03:00:00+00:00,355.0,351.78,3.2200000000000273,False,BREAK_BEFORE_K1,0,0,,,False,,,BREAK_BEFORE_K1,2024-02-19 23:45:00+00:00,
120,02:00,4,2024-02-21,Wednesday,2024-02-20 19:00:00+00:00,2024-02-20 23:00:00+00:00,2024-02-20 23:00:00+00:00,2024-02-21 03:00:00+00:00,355.28,349.92,5.359999999999957,False,BREAK_BEFORE_K1,0,0,,,False,,,BREAK_BEFORE_K1,2024-02-20 23:00:00+00:00,
120,02:00,4,2024-02-22,Thursday,2024-02-21 19:00:00+00:00,2024-02-21 23:00:00+00:00,2024-02-21 23:00:00+00:00,2024-02-22 03:00:00+00:00,376.0,365.8,10.199999999999989,False,BREAK_BEFORE_K1,0,0,,,False,,,BREAK_BEFORE_K1,2024-02-21 23:30:00+00:00,
120,02:00,4,2024-02-23,Friday,2024-02-22 19:00:00+00:00,2024-02-22 23:00:00+00:00,2024-02-22 23:00:00+00:00,2024-02-23 03:00:00+00:00,387.21,380.1,7.109999999999957,False,BREAK_BEFORE_K1,0,0,,,False,,,BREAK_BEFORE_K1,2024-02-23 02:55:00+00:00,
120,02:00,4,2024-02-24,Saturday,2024-02-23 19:00:00+00:00,2024-02-23 23:00:00+00:00,2024-02-23 23:00:00+00:00,2024-02-24 03:00:00+00:00,377.72,373.01,4.710000000000036,False,OPPOSITE_VISIT_BEFORE_K1,0,1,,,False,,,OPPOSITE_VISIT_BEFORE_K1,2024-02-23 23:05:00+00:00,
120,02:00,4,2024-02-25,Sunday,2024-02-24 19:00:00+00:00,2024-02-24 23:00:00+00:00,2024-02-24 23:00:00+00:00,2024-02-25 03:00:00+00:00,382.44,380.91,1.5299999999999727,False,BREAK_BEFORE_K1,0,0,,,False,,,BREAK_BEFORE_K1,2024-02-25 00:15:00+00:00,
120,02:00,4,2024-02-26,Monday,2024-02-25 19:00:00+00:00,2024-02-25 23:00:00+00:00,2024-02-25 23:00:00+00:00,2024-02-26 03:00:00+00:00,391.03,385.47,5.559999999999945,False,BREAK_BEFORE_K1,0,0,,,False,,,BREAK_BEFORE_K1,2024-02-26 01:40:00+00:00,
120,02:00,4,2024-02-27,Tuesday,2024-02-26 19:00:00+00:00,2024-02-26 23:00:00+00:00,2024-02-26 23:00:00+00:00,2024-02-27 03:00:00+00:00,405.0,395.13,9.870000000000005,False,NO_K1,0,0,,,False,,,NO_K1,,
120,02:00,4,2024-02-28,Wednesday,2024-02-27 19:00:00+00:00,2024-02-27 23:00:00+00:00,2024-02-27 23:00:00+00:00,2024-02-28 03:00:00+00:00,396.4,393.66,2.7399999999999523,False,BREAK_BEFORE_K1,0,0,,,False,,,BREAK_BEFORE_K1,2024-02-28 02:25:00+00:00,
120,02:00,4,2024-02-29,Thursday,2024-02-28 19:00:00+00:00,2024-02-28 23:00:00+00:00,2024-02-28 23:00:00+00:00,2024-02-29 03:00:00+00:00,413.0,404.7,8.300000000000011,True,,1,0,2024-02-28 23:05:00+00:00,2024-02-28 23:10:00+00:00,False,,,BREAK_DURING_K1,2024-02-28 23:10:00+00:00,
120,02:00,4,2024-03-01,Friday,2024-02-29 19:00:00+00:00,2024-02-29 23:00:00+00:00,2024-02-29 23:00:00+00:00,2024-03-01 03:00:00+00:00,407.53,390.93,16.599999999999966,False,NO_K1,0,0,,,False,,,NO_K1,,
120,02:00,4,2024-03-02,Saturday,2024-03-01 19:00:00+00:00,2024-03-01 23:00:00+00:00,2024-03-01 23:00:00+00:00,2024-03-02 03:00:00+00:00,408.33,405.67,2.659999999999968,False,BREAK_BEFORE_K1,0,0,,,False,,,BREAK_BEFORE_K1,2024-03-01 23:10:00+00:00,
120,02:00,4,2024-03-03,Sunday,2024-03-02 19:00:00+00:00,2024-03-02 23:00:00+00:00,2024-03-02 23:00:00+00:00,2024-03-03 03:00:00+00:00,410.24,407.44,2.8000000000000114,False,BREAK_BEFORE_K1,0,0,,,False,,,BREAK_BEFORE_K1,2024-03-02 23:05:00+00:00,
120,02:00,4,2024-03-04,Monday,2024-03-03 19:00:00+00:00,2024-03-03 23:00:00+00:00,2024-03-03 23:00:00+00:00,2024-03-04 03:00:00+00:00,417.19,413.23,3.9599999999999795,False,BREAK_BEFORE_K1,0,0,,,False,,,BREAK_BEFORE_K1,2024-03-04 00:30:00+00:00,
120,02:00,4,2024-03-05,Tuesday,2024-03-04 19:00:00+00:00,2024-03-04 23:00:00+00:00,2024-03-04 23:00:00+00:00,2024-03-05 03:00:00+00:00,420.2,413.88,6.319999999999993,False,BREAK_BEFORE_K1,0,0,,,False,,,BREAK_BEFORE_K1,2024-03-04 23:05:00+00:00,
120,02:00,4,2024-03-06,Wednesday,2024-03-05 19:00:00+00:00,2024-03-05 23:00:00+00:00,2024-03-05 23:00:00+00:00,2024-03-06 03:00:00+00:00,405.56,352.01,53.55000000000001,False,NO_K1,0,0,,,False,,,NO_K1,,
120,02:00,4,2024-03-07,Thursday,2024-03-06 19:00:00+00:00,2024-03-06 23:00:00+00:00,2024-03-06 23:00:00+00:00,2024-03-07 03:00:00+00:00,429.72,423.55,6.170000000000016,True,,1,0,2024-03-06 23:55:00+00:00,2024-03-07 00:00:00+00:00,False,,,BREAK_DURING_K1,2024-03-07 00:00:00+00:00,
120,02:00,4,2024-03-08,Friday,2024-03-07 19:00:00+00:00,2024-03-07 23:00:00+00:00,2024-03-07 23:00:00+00:00,2024-03-08 03:00:00+00:00,473.99,462.45,11.54000000000002,False,BREAK_BEFORE_K1,0,0,,,False,,,BREAK_BEFORE_K1,2024-03-07 23:10:00+00:00,
120,02:00,4,2024-03-09,Saturday,2024-03-08 19:00:00+00:00,2024-03-08 23:00:00+00:00,2024-03-08 23:00:00+00:00,2024-03-09 03:00:00+00:00,486.99,477.87,9.120000000000005,True,,1,0,2024-03-08 23:55:00+00:00,2024-03-09 00:00:00+00:00,False,,,BREAK_DURING_K1,2024-03-09 00:00:00+00:00,
120,02:00,4,2024-03-10,Sunday,2024-03-09 19:00:00+00:00,2024-03-09 23:00:00+00:00,2024-03-09 23:00:00+00:00,2024-03-10 03:00:00+00:00,488.03,481.35,6.67999999999995,False,BREAK_BEFORE_K1,0,0,,,False,,,BREAK_BEFORE_K1,2024-03-09 23:05:00+00:00,
120,02:00,4,2024-03-11,Monday,2024-03-10 19:00:00+00:00,2024-03-10 23:00:00+00:00,2024-03-10 23:00:00+00:00,2024-03-11 03:00:00+00:00,532.19,516.71,15.480000000000018,False,BREAK_BEFORE_K1,0,0,,,False,,,BREAK_BEFORE_K1,2024-03-11 00:50:00+00:00,
120,02:00,4,2024-03-12,Tuesday,2024-03-11 19:00:00+00:00,2024-03-11 23:00:00+00:00,2024-03-11 23:00:00+00:00,2024-03-12 03:00:00+00:00,523.33,517.38,5.9500000000000455,False,BREAK_BEFORE_K1,0,0,,,False,,,BREAK_BEFORE_K1,2024-03-11 23:35:00+00:00,
120,02:00,4,2024-03-13,Wednesday,2024-03-12 19:00:00+00:00,2024-03-12 23:00:00+00:00,2024-03-12 23:00:00+00:00,2024-03-13 03:00:00+00:00,546.32,532.65,13.670000000000073,False,OPPOSITE_VISIT_BEFORE_K1,0,1,,,False,,,OPPOSITE_VISIT_BEFORE_K1,2024-03-13 01:00:00+00:00,
120,02:00,4,2024-03-14,Thursday,2024-03-13 19:00:00+00:00,2024-03-13 23:00:00+00:00,2024-03-13 23:00:00+00:00,2024-03-14 03:00:00+00:00,618.86,592.03,26.83000000000004,False,BREAK_BEFORE_K1,0,0,,,False,,,BREAK_BEFORE_K1,2024-03-13 23:05:00+00:00,
120,02:00,4,2024-03-15,Friday,2024-03-14 19:00:00+00:00,2024-03-14 23:00:00+00:00,2024-03-14 23:00:00+00:00,2024-03-15 03:00:00+00:00,609.72,565.55,44.17000000000007,True,,1,0,2024-03-15 00:20:00+00:00,2024-03-15 00:25:00+00:00,False,,,BREAK_DURING_K1,2024-03-15 00:30:00+00:00,
120,02:00,4,2024-03-16,Saturday,2024-03-15 19:00:00+00:00,2024-03-15 23:00:00+00:00,2024-03-15 23:00:00+00:00,2024-03-16 03:00:00+00:00,614.39,582.1,32.289999999999964,False,BREAK_BEFORE_K1,0,0,,,False,,,BREAK_BEFORE_K1,2024-03-15 23:20:00+00:00,
120,02:00,4,2024-03-17,Sunday,2024-03-16 19:00:00+00:00,2024-03-16 23:00:00+00:00,2024-03-16 23:00:00+00:00,2024-03-17 03:00:00+00:00,592.24,579.26,12.980000000000018,False,BREAK_BEFORE_K1,0,0,,,False,,,BREAK_BEFORE_K1,2024-03-16 23:10:00+00:00,
120,02:00,4,2024-03-18,Monday,2024-03-17 19:00:00+00:00,2024-03-17 23:00:00+00:00,2024-03-17 23:00:00+00:00,2024-03-18 03:00:00+00:00,584.2,572.59,11.610000000000014,False,BREAK_BEFORE_K1,0,0,,,False,,,BREAK_BEFORE_K1,2024-03-17 23:05:00+00:00,
120,02:00,4,2024-03-19,Tuesday,2024-03-18 19:00:00+00:00,2024-03-18 23:00:00+00:00,2024-03-18 23:00:00+00:00,2024-03-19 03:00:00+00:00,557.99,545.39,12.600000000000023,False,BREAK_BEFORE_K1,0,0,,,False,,,BREAK_BEFORE_K1,2024-03-18 23:20:00+00:00,
120,02:00,4,2024-03-20,Wednesday,2024-03-19 19:00:00+00:00,2024-03-19 23:00:00+00:00,2024-03-19 23:00:00+00:00,2024-03-20 03:00:00+00:00,536.78,507.04,29.739999999999952,False,BREAK_BEFORE_K1,0,0,,,False,,,BREAK_BEFORE_K1,2024-03-19 23:00:00+00:00,
120,02:00,4,2024-03-21,Thursday,2024-03-20 19:00:00+00:00,2024-03-20 23:00:00+00:00,2024-03-20 23:00:00+00:00,2024-03-21 03:00:00+00:00,559.47,534.95,24.519999999999982,False,BREAK_BEFORE_K1,0,0,,,False,,,BREAK_BEFORE_K1,2024-03-21 02:40:00+00:00,
120,02:00,4,2024-03-22,Friday,2024-03-21 19:00:00+00:00,2024-03-21 23:00:00+00:00,2024-03-21 23:00:00+00:00,2024-03-22 03:00:00+00:00,558.75,546.74,12.009999999999991,False,BREAK_BEFORE_K1,0,0,,,False,,,BREAK_BEFORE_K1,2024-03-22 00:15:00+00:00,
120,02:00,4,2024-03-23,Saturday,2024-03-22 19:00:00+00:00,2024-03-22 23:00:00+00:00,2024-03-22 23:00:00+00:00,2024-03-23 03:00:00+00:00,552.8,534.5,18.299999999999955,False,BREAK_BEFORE_K1,0,0,,,False,,,BREAK_BEFORE_K1,2024-03-22 23:55:00+00:00,
120,02:00,4,2024-03-24,Sunday,2024-03-23 19:00:00+00:00,2024-03-23 23:00:00+00:00,2024-03-23 23:00:00+00:00,2024-03-24 03:00:00+00:00,562.9,558.17,4.730000000000018,False,OPPOSITE_VISIT_BEFORE_K1,0,1,,,False,,,OPPOSITE_VISIT_BEFORE_K1,2024-03-23 23:00:00+00:00,
120,02:00,4,2024-03-25,Monday,2024-03-24 19:00:00+00:00,2024-03-24 23:00:00+00:00,2024-03-24 23:00:00+00:00,2024-03-25 03:00:00+00:00,571.49,562.73,8.759999999999991,False,BREAK_BEFORE_K1,0,0,,,False,,,BREAK_BEFORE_K1,2024-03-24 23:05:00+00:00,
120,02:00,4,2024-03-26,Tuesday,2024-03-25 19:00:00+00:00,2024-03-25 23:00:00+00:00,2024-03-25 23:00:00+00:00,2024-03-26 03:00:00+00:00,596.18,585.06,11.120000000000005,False,NO_K1,0,0,,,False,,,NO_K1,,
120,02:00,4,2024-03-27,Wednesday,2024-03-26 19:00:00+00:00,2024-03-26 23:00:00+00:00,2024-03-26 23:00:00+00:00,2024-03-27 03:00:00+00:00,581.16,573.54,7.6200000000000045,False,BREAK_BEFORE_K1,0,0,,,False,,,BREAK_BEFORE_K1,2024-03-26 23:05:00+00:00,
120,02:00,4,2024-03-28,Thursday,2024-03-27 19:00:00+00:00,2024-03-27 23:00:00+00:00,2024-03-27 23:00:00+00:00,2024-03-28 03:00:00+00:00,576.57,566.23,10.340000000000032,False,BREAK_BEFORE_K1,0,0,,,False,,,BREAK_BEFORE_K1,2024-03-28 00:05:00+00:00,
120,02:00,4,2024-03-29,Friday,2024-03-28 19:00:00+00:00,2024-03-28 23:00:00+00:00,2024-03-28 23:00:00+00:00,2024-03-29 03:00:00+00:00,585.91,580.03,5.8799999999999955,True,,1,0,2024-03-28 23:00:00+00:00,2024-03-28 23:05:00+00:00,False,,,BREAK_DURING_K1,2024-03-28 23:10:00+00:00,
120,02:00,4,2024-03-30,Saturday,2024-03-29 19:00:00+00:00,2024-03-29 23:00:00+00:00,2024-03-29 23:00:00+00:00,2024-03-30 03:00:00+00:00,618.41,609.39,9.019999999999982,False,OPPOSITE_VISIT_BEFORE_K1,0,1,,,False,,,OPPOSITE_VISIT_BEFORE_K1,2024-03-30 00:00:00+00:00,
120,02:00,4,2024-03-31,Sunday,2024-03-30 19:00:00+00:00,2024-03-30 23:00:00+00:00,2024-03-30 23:00:00+00:00,2024-03-31 03:00:00+00:00,608.6,601.58,7.019999999999982,False,BREAK_BEFORE_K1,0,0,,,False,,,BREAK_BEFORE_K1,2024-03-30 23:25:00+00:00,
120,02:00,4,2024-04-01,Monday,2024-03-31 19:00:00+00:00,2024-03-31 23:00:00+00:00,2024-03-31 23:00:00+00:00,2024-04-01 03:00:00+00:00,608.12,603.34,4.779999999999973,False,BREAK_BEFORE_K1,0,0,,,False,,,BREAK_BEFORE_K1,2024-04-01 01:35:00+00:00,
120,02:00,4,2024-04-02,Tuesday,2024-04-01 19:00:00+00:00,2024-04-01 23:00:00+00:00,2024-04-01 23:00:00+00:00,2024-04-02 03:00:00+00:00,581.79,574.45,7.339999999999918,False,OPPOSITE_VISIT_BEFORE_K1,0,1,,,False,,,OPPOSITE_VISIT_BEFORE_K1,2024-04-02 00:30:00+00:00,
120,02:00,4,2024-04-03,Wednesday,2024-04-02 19:00:00+00:00,2024-04-02 23:00:00+00:00,2024-04-02 23:00:00+00:00,2024-04-03 03:00:00+00:00,560.42,553.72,6.699999999999932,False,BREAK_BEFORE_K1,0,0,,,False,,,BREAK_BEFORE_K1,2024-04-02 23:30:00+00:00,
120,02:00,4,2024-04-04,Thursday,2024-04-03 19:00:00+00:00,2024-04-03 23:00:00+00:00,2024-04-03 23:00:00+00:00,2024-04-04 03:00:00+00:00,564.46,552.28,12.180000000000064,False,BREAK_BEFORE_K1,0,0,,,False,,,BREAK_BEFORE_K1,2024-04-03 23:00:00+00:00,
120,02:00,4,2024-04-05,Friday,2024-04-04 19:00:00+00:00,2024-04-04 23:00:00+00:00,2024-04-04 23:00:00+00:00,2024-04-05 03:00:00+00:00,595.38,578.9,16.480000000000018,False,BREAK_BEFORE_K1,0,0,,,False,,,BREAK_BEFORE_K1,2024-04-05 02:20:00+00:00,
120,02:00,4,2024-04-06,Saturday,2024-04-05 19:00:00+00:00,2024-04-05 23:00:00+00:00,2024-04-05 23:00:00+00:00,2024-04-06 03:00:00+00:00,583.78,578.3,5.480000000000018,False,BREAK_BEFORE_K1,0,0,,,False,,,BREAK_BEFORE_K1,2024-04-05 23:55:00+00:00,
120,02:00,4,2024-04-07,Sunday,2024-04-06 19:00:00+00:00,2024-04-06 23:00:00+00:00,2024-04-06 23:00:00+00:00,2024-04-07 03:00:00+00:00,587.95,582.32,5.6299999999999955,False,BREAK_BEFORE_K1,0,0,,,False,,,BREAK_BEFORE_K1,2024-04-06 23:00:00+00:00,
120,02:00,4,2024-04-08,Monday,2024-04-07 19:00:00+00:00,2024-04-07 23:00:00+00:00,2024-04-07 23:00:00+00:00,2024-04-08 03:00:00+00:00,582.84,577.44,5.399999999999977,False,BREAK_BEFORE_K1,0,0,,,False,,,BREAK_BEFORE_K1,2024-04-07 23:10:00+00:00,
120,02:00,4,2024-04-09,Tuesday,2024-04-08 19:00:00+00:00,2024-04-08 23:00:00+00:00,2024-04-08 23:00:00+00:00,2024-04-09 03:00:00+00:00,591.32,587.8,3.5200000000000955,False,OPPOSITE_VISIT_BEFORE_K1,0,1,,,False,,,OPPOSITE_VISIT_BEFORE_K1,2024-04-08 23:40:00+00:00,
120,02:00,4,2024-04-10,Wednesday,2024-04-09 19:00:00+00:00,2024-04-09 23:00:00+00:00,2024-04-09 23:00:00+00:00,2024-04-10 03:00:00+00:00,583.83,578.67,5.160000000000082,False,BREAK_BEFORE_K1,0,0,,,False,,,BREAK_BEFORE_K1,2024-04-10 01:20:00+00:00,
120,02:00,4,2024-04-11,Thursday,2024-04-10 19:00:00+00:00,2024-04-10 23:00:00+00:00,2024-04-10 23:00:00+00:00,2024-04-11 03:00:00+00:00,610.0,603.33,6.669999999999959,True,,1,0,2024-04-10 23:30:00+00:00,2024-04-10 23:35:00+00:00,False,,,BREAK_DURING_K1,2024-04-10 23:35:00+00:00,
120,02:00,4,2024-04-12,Friday,2024-04-11 19:00:00+00:00,2024-04-11 23:00:00+00:00,2024-04-11 23:00:00+00:00,2024-04-12 03:00:00+00:00,607.73,602.11,5.6200000000000045,False,BREAK_BEFORE_K1,0,0,,,False,,,BREAK_BEFORE_K1,2024-04-12 00:40:00+00:00,
120,02:00,4,2024-04-13,Saturday,2024-04-12 19:00:00+00:00,2024-04-12 23:00:00+00:00,2024-04-12 23:00:00+00:00,2024-04-13 03:00:00+00:00,598.4,579.5,18.899999999999977,False,BREAK_BEFORE_K1,0,0,,,False,,,BREAK_BEFORE_K1,2024-04-13 01:40:00+00:00,
120,02:00,4,2024-04-14,Sunday,2024-04-13 19:00:00+00:00,2024-04-13 23:00:00+00:00,2024-04-13 23:00:00+00:00,2024-04-14 03:00:00+00:00,582.0,489.0,93.0,False,NO_K1,0,0,,,False,,,NO_K1,,
120,02:00,4,2024-04-15,Monday,2024-04-14 19:00:00+00:00,2024-04-14 23:00:00+00:00,2024-04-14 23:00:00+00:00,2024-04-15 03:00:00+00:00,566.76,546.14,20.620000000000005,True,,1,0,2024-04-14 23:00:00+00:00,2024-04-14 23:05:00+00:00,True,2024-04-14 23:05:00+00:00,2024-04-14 23:10:00+00:00,H2_ARRIVAL,2024-04-14 23:10:00+00:00,5.0
120,02:00,4,2024-04-16,Tuesday,2024-04-15 19:00:00+00:00,2024-04-15 23:00:00+00:00,2024-04-15 23:00:00+00:00,2024-04-16 03:00:00+00:00,558.32,543.62,14.700000000000045,False,BREAK_BEFORE_K1,0,0,,,False,,,BREAK_BEFORE_K1,2024-04-16 02:10:00+00:00,
120,02:00,4,2024-04-17,Wednesday,2024-04-16 19:00:00+00:00,2024-04-16 23:00:00+00:00,2024-04-16 23:00:00+00:00,2024-04-17 03:00:00+00:00,544.0,533.3,10.700000000000045,False,NO_K1,0,0,,,False,,,NO_K1,,
120,02:00,4,2024-04-18,Thursday,2024-04-17 19:00:00+00:00,2024-04-17 23:00:00+00:00,2024-04-17 23:00:00+00:00,2024-04-18 03:00:00+00:00,540.42,529.8,10.620000000000005,False,BREAK_BEFORE_K1,0,0,,,False,,,BREAK_BEFORE_K1,2024-04-18 00:20:00+00:00,
120,02:00,4,2024-04-19,Friday,2024-04-18 19:00:00+00:00,2024-04-18 23:00:00+00:00,2024-04-18 23:00:00+00:00,2024-04-19 03:00:00+00:00,553.01,547.56,5.4500000000000455,False,OPPOSITE_VISIT_BEFORE_K1,0,1,,,False,,,OPPOSITE_VISIT_BEFORE_K1,2024-04-19 00:15:00+00:00,
120,02:00,4,2024-04-20,Saturday,2024-04-19 19:00:00+00:00,2024-04-19 23:00:00+00:00,2024-04-19 23:00:00+00:00,2024-04-20 03:00:00+00:00,561.75,556.01,5.740000000000009,False,BREAK_BEFORE_K1,0,0,,,False,,,BREAK_BEFORE_K1,2024-04-19 23:00:00+00:00,
120,02:00,4,2024-04-21,Sunday,2024-04-20 19:00:00+00:00,2024-04-20 23:00:00+00:00,2024-04-20 23:00:00+00:00,2024-04-21 03:00:00+00:00,574.0,568.07,5.92999999999995,False,OPPOSITE_VISIT_BEFORE_K1,0,1,,,False,,,OPPOSITE_VISIT_BEFORE_K1,2024-04-20 23:00:00+00:00,
120,02:00,4,2024-04-22,Monday,2024-04-21 19:00:00+00:00,2024-04-21 23:00:00+00:00,2024-04-21 23:00:00+00:00,2024-04-22 03:00:00+00:00,581.51,573.43,8.080000000000041,False,BREAK_BEFORE_K1,0,0,,,False,,,BREAK_BEFORE_K1,2024-04-22 00:05:00+00:00,
120,02:00,4,2024-04-23,Tuesday,2024-04-22 19:00:00+00:00,2024-04-22 23:00:00+00:00,2024-04-22 23:00:00+00:00,2024-04-23 03:00:00+00:00,606.18,593.64,12.539999999999964,True,,1,0,2024-04-22 23:05:00+00:00,2024-04-22 23:10:00+00:00,True,2024-04-22 23:10:00+00:00,2024-04-22 23:15:00+00:00,H2_ARRIVAL,2024-04-23 00:05:00+00:00,55.0
120,02:00,4,2024-04-24,Wednesday,2024-04-23 19:00:00+00:00,2024-04-23 23:00:00+00:00,2024-04-23 23:00:00+00:00,2024-04-24 03:00:00+00:00,609.5,604.48,5.019999999999982,False,BREAK_BEFORE_K1,0,0,,,False,,,BREAK_BEFORE_K1,2024-04-24 00:15:00+00:00,
120,02:00,4,2024-04-25,Thursday,2024-04-24 19:00:00+00:00,2024-04-24 23:00:00+00:00,2024-04-24 23:00:00+00:00,2024-04-25 03:00:00+00:00,612.7,592.29,20.410000000000082,False,NO_K1,0,0,,,False,,,NO_K1,,
120,02:00,4,2024-04-26,Friday,2024-04-25 19:00:00+00:00,2024-04-25 23:00:00+00:00,2024-04-25 23:00:00+00:00,2024-04-26 03:00:00+00:00,617.31,611.99,5.319999999999936,False,OPPOSITE_VISIT_BEFORE_K1,0,1,,,False,,,OPPOSITE_VISIT_BEFORE_K1,2024-04-26 00:15:00+00:00,
120,02:00,4,2024-04-27,Saturday,2024-04-26 19:00:00+00:00,2024-04-26 23:00:00+00:00,2024-04-26 23:00:00+00:00,2024-04-27 03:00:00+00:00,604.0,596.12,7.8799999999999955,False,BREAK_BEFORE_K1,0,0,,,False,,,BREAK_BEFORE_K1,2024-04-27 00:25:00+00:00,
120,02:00,4,2024-04-28,Sunday,2024-04-27 19:00:00+00:00,2024-04-27 23:00:00+00:00,2024-04-27 23:00:00+00:00,2024-04-28 03:00:00+00:00,595.72,591.88,3.840000000000032,True,,1,0,2024-04-27 23:30:00+00:00,2024-04-27 23:35:00+00:00,False,,,BREAK_DURING_K1,2024-04-27 23:45:00+00:00,
120,02:00,4,2024-04-29,Monday,2024-04-28 19:00:00+00:00,2024-04-28 23:00:00+00:00,2024-04-28 23:00:00+00:00,2024-04-29 03:00:00+00:00,606.59,598.85,7.740000000000009,False,BREAK_BEFORE_K1,0,0,,,False,,,BREAK_BEFORE_K1,2024-04-28 23:00:00+00:00,
120,02:00,4,2024-04-30,Tuesday,2024-04-29 19:00:00+00:00,2024-04-29 23:00:00+00:00,2024-04-29 23:00:00+00:00,2024-04-30 03:00:00+00:00,596.46,588.31,8.150000000000091,False,BREAK_BEFORE_K1,0,0,,,False,,,BREAK_BEFORE_K1,2024-04-30 00:25:00+00:00,
120,02:00,4,2024-05-01,Wednesday,2024-04-30 19:00:00+00:00,2024-04-30 23:00:00+00:00,2024-04-30 23:00:00+00:00,2024-05-01 03:00:00+00:00,581.57,562.16,19.410000000000082,False,NO_K1,0,0,,,False,,,NO_K1,,
120,02:00,4,2024-05-02,Thursday,2024-05-01 19:00:00+00:00,2024-05-01 23:00:00+00:00,2024-05-01 23:00:00+00:00,2024-05-02 03:00:00+00:00,564.03,547.34,16.68999999999994,False,BREAK_BEFORE_K1,0,0,,,False,,,BREAK_BEFORE_K1,2024-05-02 01:50:00+00:00,
120,02:00,4,2024-05-03,Friday,2024-05-02 19:00:00+00:00,2024-05-02 23:00:00+00:00,2024-05-02 23:00:00+00:00,2024-05-03 03:00:00+00:00,564.09,557.91,6.180000000000064,False,BREAK_BEFORE_K1,0,0,,,False,,,BREAK_BEFORE_K1,2024-05-03 01:20:00+00:00,
120,02:00,4,2024-05-04,Saturday,2024-05-03 19:00:00+00:00,2024-05-03 23:00:00+00:00,2024-05-03 23:00:00+00:00,2024-05-04 03:00:00+00:00,589.83,577.46,12.370000000000005,False,NO_K1,0,0,,,False,,,NO_K1,,
120,02:00,4,2024-05-05,Sunday,2024-05-04 19:00:00+00:00,2024-05-04 23:00:00+00:00,2024-05-04 23:00:00+00:00,2024-05-05 03:00:00+00:00,591.37,582.71,8.659999999999968,False,OPPOSITE_VISIT_BEFORE_K1,0,1,,,False,,,OPPOSITE_VISIT_BEFORE_K1,2024-05-05 00:35:00+00:00,
120,02:00,4,2024-05-06,Monday,2024-05-05 19:00:00+00:00,2024-05-05 23:00:00+00:00,2024-05-05 23:00:00+00:00,2024-05-06 03:00:00+00:00,593.76,588.01,5.75,False,BREAK_BEFORE_K1,0,0,,,False,,,BREAK_BEFORE_K1,2024-05-06 00:55:00+00:00,
120,02:00,4,2024-05-07,Tuesday,2024-05-06 19:00:00+00:00,2024-05-06 23:00:00+00:00,2024-05-06 23:00:00+00:00,2024-05-07 03:00:00+00:00,593.3,585.21,8.089999999999918,False,BREAK_BEFORE_K1,0,0,,,False,,,BREAK_BEFORE_K1,2024-05-07 02:25:00+00:00,
120,02:00,4,2024-05-08,Wednesday,2024-05-07 19:00:00+00:00,2024-05-07 23:00:00+00:00,2024-05-07 23:00:00+00:00,2024-05-08 03:00:00+00:00,589.63,578.1,11.529999999999973,False,BREAK_BEFORE_K1,0,0,,,False,,,BREAK_BEFORE_K1,2024-05-07 23:00:00+00:00,
120,02:00,4,2024-05-09,Thursday,2024-05-08 19:00:00+00:00,2024-05-08 23:00:00+00:00,2024-05-08 23:00:00+00:00,2024-05-09 03:00:00+00:00,589.88,579.06,10.82000000000005,False,BREAK_BEFORE_K1,0,0,,,False,,,BREAK_BEFORE_K1,2024-05-09 00:05:00+00:00,
120,02:00,4,2024-05-10,Friday,2024-05-09 19:00:00+00:00,2024-05-09 23:00:00+00:00,2024-05-09 23:00:00+00:00,2024-05-10 03:00:00+00:00,599.62,593.57,6.0499999999999545,False,OPPOSITE_VISIT_BEFORE_K1,0,1,,,False,,,OPPOSITE_VISIT_BEFORE_K1,2024-05-10 01:10:00+00:00,
120,02:00,4,2024-05-11,Saturday,2024-05-10 19:00:00+00:00,2024-05-10 23:00:00+00:00,2024-05-10 23:00:00+00:00,2024-05-11 03:00:00+00:00,587.74,583.14,4.600000000000023,False,BREAK_BEFORE_K1,0,0,,,False,,,BREAK_BEFORE_K1,2024-05-11 01:05:00+00:00,
120,02:00,4,2024-05-12,Sunday,2024-05-11 19:00:00+00:00,2024-05-11 23:00:00+00:00,2024-05-11 23:00:00+00:00,2024-05-12 03:00:00+00:00,594.43,591.93,2.5,False,OPPOSITE_VISIT_BEFORE_K1,0,1,,,False,,,OPPOSITE_VISIT_BEFORE_K1,2024-05-11 23:30:00+00:00,
120,02:00,4,2024-05-13,Monday,2024-05-12 19:00:00+00:00,2024-05-12 23:00:00+00:00,2024-05-12 23:00:00+00:00,2024-05-13 03:00:00+00:00,598.0,592.8,5.2000000000000455,False,OPPOSITE_VISIT_BEFORE_K1,0,1,,,False,,,OPPOSITE_VISIT_BEFORE_K1,2024-05-12 23:25:00+00:00,
120,02:00,4,2024-05-14,Tuesday,2024-05-13 19:00:00+00:00,2024-05-13 23:00:00+00:00,2024-05-13 23:00:00+00:00,2024-05-14 03:00:00+00:00,595.2,591.16,4.040000000000077,False,BREAK_BEFORE_K1,0,0,,,False,,,BREAK_BEFORE_K1,2024-05-13 23:45:00+00:00,
120,02:00,4,2024-05-15,Wednesday,2024-05-14 19:00:00+00:00,2024-05-14 23:00:00+00:00,2024-05-14 23:00:00+00:00,2024-05-15 03:00:00+00:00,568.85,563.32,5.529999999999973,False,BREAK_BEFORE_K1,0,0,,,False,,,BREAK_BEFORE_K1,2024-05-15 00:40:00+00:00,
120,02:00,4,2024-05-16,Thursday,2024-05-15 19:00:00+00:00,2024-05-15 23:00:00+00:00,2024-05-15 23:00:00+00:00,2024-05-16 03:00:00+00:00,586.4,583.26,3.1399999999999864,False,OPPOSITE_VISIT_BEFORE_K1,0,1,,,False,,,OPPOSITE_VISIT_BEFORE_K1,2024-05-15 23:00:00+00:00,
120,02:00,4,2024-05-17,Friday,2024-05-16 19:00:00+00:00,2024-05-16 23:00:00+00:00,2024-05-16 23:00:00+00:00,2024-05-17 03:00:00+00:00,569.77,566.05,3.7200000000000273,False,BREAK_BEFORE_K1,0,0,,,False,,,BREAK_BEFORE_K1,2024-05-17 00:15:00+00:00,
120,02:00,4,2024-05-18,Saturday,2024-05-17 19:00:00+00:00,2024-05-17 23:00:00+00:00,2024-05-17 23:00:00+00:00,2024-05-18 03:00:00+00:00,580.3,578.06,2.240000000000009,True,,1,0,2024-05-17 23:00:00+00:00,2024-05-17 23:05:00+00:00,True,2024-05-17 23:05:00+00:00,2024-05-17 23:10:00+00:00,H2_ARRIVAL,2024-05-17 23:10:00+00:00,5.0
120,02:00,4,2024-05-19,Sunday,2024-05-18 19:00:00+00:00,2024-05-18 23:00:00+00:00,2024-05-18 23:00:00+00:00,2024-05-19 03:00:00+00:00,578.6,576.5,2.1000000000000227,True,,1,0,2024-05-18 23:15:00+00:00,2024-05-18 23:20:00+00:00,True,2024-05-18 23:20:00+00:00,2024-05-18 23:25:00+00:00,H2_ARRIVAL,2024-05-18 23:30:00+00:00,10.0
120,02:00,4,2024-05-20,Monday,2024-05-19 19:00:00+00:00,2024-05-19 23:00:00+00:00,2024-05-19 23:00:00+00:00,2024-05-20 03:00:00+00:00,575.92,571.0,4.919999999999959,False,OPPOSITE_VISIT_BEFORE_K1,0,1,,,False,,,OPPOSITE_VISIT_BEFORE_K1,2024-05-20 01:30:00+00:00,
120,02:00,4,2024-05-21,Tuesday,2024-05-20 19:00:00+00:00,2024-05-20 23:00:00+00:00,2024-05-20 23:00:00+00:00,2024-05-21 03:00:00+00:00,594.82,577.35,17.470000000000027,False,BREAK_BEFORE_K1,0,0,,,False,,,BREAK_BEFORE_K1,2024-05-20 23:15:00+00:00,
120,02:00,4,2024-05-22,Wednesday,2024-05-21 19:00:00+00:00,2024-05-21 23:00:00+00:00,2024-05-21 23:00:00+00:00,2024-05-22 03:00:00+00:00,619.34,608.01,11.330000000000041,True,,1,0,2024-05-21 23:05:00+00:00,2024-05-21 23:10:00+00:00,True,2024-05-21 23:10:00+00:00,2024-05-21 23:15:00+00:00,H2_ARRIVAL,2024-05-21 23:15:00+00:00,5.0
120,02:00,4,2024-05-23,Thursday,2024-05-22 19:00:00+00:00,2024-05-22 23:00:00+00:00,2024-05-22 23:00:00+00:00,2024-05-23 03:00:00+00:00,617.24,611.54,5.7000000000000455,False,BREAK_BEFORE_K1,0,0,,,False,,,BREAK_BEFORE_K1,2024-05-23 00:35:00+00:00,
120,02:00,4,2024-05-24,Friday,2024-05-23 19:00:00+00:00,2024-05-23 23:00:00+00:00,2024-05-23 23:00:00+00:00,2024-05-24 03:00:00+00:00,601.62,577.73,23.889999999999986,True,,1,0,2024-05-24 00:35:00+00:00,2024-05-24 00:40:00+00:00,False,,,BREAK_DURING_K1,2024-05-24 00:40:00+00:00,
120,02:00,4,2024-05-25,Saturday,2024-05-24 19:00:00+00:00,2024-05-24 23:00:00+00:00,2024-05-24 23:00:00+00:00,2024-05-25 03:00:00+00:00,602.64,600.36,2.2799999999999727,False,OPPOSITE_VISIT_BEFORE_K1,0,1,,,False,,,OPPOSITE_VISIT_BEFORE_K1,2024-05-24 23:55:00+00:00,
120,02:00,4,2024-05-26,Sunday,2024-05-25 19:00:00+00:00,2024-05-25 23:00:00+00:00,2024-05-25 23:00:00+00:00,2024-05-26 03:00:00+00:00,603.18,600.7,2.4799999999999045,False,BREAK_BEFORE_K1,0,0,,,False,,,BREAK_BEFORE_K1,2024-05-26 02:20:00+00:00,
120,02:00,4,2024-05-27,Monday,2024-05-26 19:00:00+00:00,2024-05-26 23:00:00+00:00,2024-05-26 23:00:00+00:00,2024-05-27 03:00:00+00:00,602.09,598.2,3.8899999999999864,False,BREAK_BEFORE_K1,0,0,,,False,,,BREAK_BEFORE_K1,2024-05-27 01:35:00+00:00,
120,02:00,4,2024-05-28,Tuesday,2024-05-27 19:00:00+00:00,2024-05-27 23:00:00+00:00,2024-05-27 23:00:00+00:00,2024-05-28 03:00:00+00:00,610.16,600.77,9.389999999999986,False,OPPOSITE_VISIT_BEFORE_K1,0,1,,,False,,,OPPOSITE_VISIT_BEFORE_K1,2024-05-28 01:50:00+00:00,
120,02:00,4,2024-05-29,Wednesday,2024-05-28 19:00:00+00:00,2024-05-28 23:00:00+00:00,2024-05-28 23:00:00+00:00,2024-05-29 03:00:00+00:00,603.39,599.13,4.259999999999991,True,,1,0,2024-05-28 23:00:00+00:00,2024-05-28 23:05:00+00:00,True,2024-05-28 23:05:00+00:00,2024-05-28 23:10:00+00:00,H2_ARRIVAL,2024-05-29 01:45:00+00:00,160.0
120,02:00,4,2024-05-30,Thursday,2024-05-29 19:00:00+00:00,2024-05-29 23:00:00+00:00,2024-05-29 23:00:00+00:00,2024-05-30 03:00:00+00:00,597.62,593.86,3.759999999999991,True,,1,0,2024-05-30 02:15:00+00:00,2024-05-30 02:20:00+00:00,False,,,BREAK_DURING_K1,2024-05-30 02:20:00+00:00,
120,02:00,4,2024-05-31,Friday,2024-05-30 19:00:00+00:00,2024-05-30 23:00:00+00:00,2024-05-30 23:00:00+00:00,2024-05-31 03:00:00+00:00,600.47,591.51,8.960000000000036,False,NO_K1,0,0,,,False,,,NO_K1,,
120,02:00,4,2024-06-01,Saturday,2024-05-31 19:00:00+00:00,2024-05-31 23:00:00+00:00,2024-05-31 23:00:00+00:00,2024-06-01 03:00:00+00:00,596.34,593.19,3.1499999999999773,False,BREAK_BEFORE_K1,0,0,,,False,,,BREAK_BEFORE_K1,2024-05-31 23:25:00+00:00,
120,02:00,4,2024-06-02,Sunday,2024-06-01 19:00:00+00:00,2024-06-01 23:00:00+00:00,2024-06-01 23:00:00+00:00,2024-06-02 03:00:00+00:00,609.0,596.78,12.220000000000027,False,NO_K1,0,0,,,False,,,NO_K1,,
120,02:00,4,2024-06-03,Monday,2024-06-02 19:00:00+00:00,2024-06-02 23:00:00+00:00,2024-06-02 23:00:00+00:00,2024-06-03 03:00:00+00:00,603.24,597.62,5.6200000000000045,True,,1,0,2024-06-02 23:05:00+00:00,2024-06-02 23:10:00+00:00,False,,,BREAK_DURING_K1,2024-06-02 23:10:00+00:00,
120,02:00,4,2024-06-04,Tuesday,2024-06-03 19:00:00+00:00,2024-06-03 23:00:00+00:00,2024-06-03 23:00:00+00:00,2024-06-04 03:00:00+00:00,628.88,623.02,5.860000000000014,True,,1,0,2024-06-03 23:00:00+00:00,2024-06-03 23:05:00+00:00,True,2024-06-03 23:10:00+00:00,2024-06-03 23:15:00+00:00,H2_ARRIVAL,2024-06-03 23:15:00+00:00,5.0
120,02:00,4,2024-06-05,Wednesday,2024-06-04 19:00:00+00:00,2024-06-04 23:00:00+00:00,2024-06-04 23:00:00+00:00,2024-06-05 03:00:00+00:00,689.75,665.03,24.720000000000027,True,,1,0,2024-06-05 00:00:00+00:00,2024-06-05 00:05:00+00:00,True,2024-06-05 00:05:00+00:00,2024-06-05 00:10:00+00:00,H2_ARRIVAL,2024-06-05 00:15:00+00:00,10.0
120,02:00,4,2024-06-06,Thursday,2024-06-05 19:00:00+00:00,2024-06-05 23:00:00+00:00,2024-06-05 23:00:00+00:00,2024-06-06 03:00:00+00:00,697.59,688.35,9.240000000000009,False,BREAK_BEFORE_K1,0,0,,,False,,,BREAK_BEFORE_K1,2024-06-05 23:05:00+00:00,
120,02:00,4,2024-06-07,Friday,2024-06-06 19:00:00+00:00,2024-06-06 23:00:00+00:00,2024-06-06 23:00:00+00:00,2024-06-07 03:00:00+00:00,712.14,700.37,11.769999999999982,True,,1,0,2024-06-07 00:00:00+00:00,2024-06-07 00:05:00+00:00,True,2024-06-07 00:05:00+00:00,2024-06-07 00:10:00+00:00,NO_H2_BY_END,,
120,02:00,4,2024-06-08,Saturday,2024-06-07 19:00:00+00:00,2024-06-07 23:00:00+00:00,2024-06-07 23:00:00+00:00,2024-06-08 03:00:00+00:00,685.8,675.78,10.019999999999982,False,NO_K1,0,0,,,False,,,NO_K1,,
120,02:00,4,2024-06-09,Sunday,2024-06-08 19:00:00+00:00,2024-06-08 23:00:00+00:00,2024-06-08 23:00:00+00:00,2024-06-09 03:00:00+00:00,687.6,681.97,5.6299999999999955,False,OPPOSITE_VISIT_BEFORE_K1,0,1,,,False,,,OPPOSITE_VISIT_BEFORE_K1,2024-06-08 23:00:00+00:00,
120,02:00,4,2024-06-10,Monday,2024-06-09 19:00:00+00:00,2024-06-09 23:00:00+00:00,2024-06-09 23:00:00+00:00,2024-06-10 03:00:00+00:00,678.68,670.15,8.529999999999973,False,NO_K1,0,0,,,False,,,NO_K1,,
120,02:00,4,2024-06-11,Tuesday,2024-06-10 19:00:00+00:00,2024-06-10 23:00:00+00:00,2024-06-10 23:00:00+00:00,2024-06-11 03:00:00+00:00,652.26,613.48,38.77999999999997,False,NO_K1,0,0,,,False,,,NO_K1,,
120,02:00,4,2024-06-12,Wednesday,2024-06-11 19:00:00+00:00,2024-06-11 23:00:00+00:00,2024-06-11 23:00:00+00:00,2024-06-12 03:00:00+00:00,609.9,602.56,7.340000000000032,False,BREAK_BEFORE_K1,0,0,,,False,,,BREAK_BEFORE_K1,2024-06-11 23:10:00+00:00,
120,02:00,4,2024-06-13,Thursday,2024-06-12 19:00:00+00:00,2024-06-12 23:00:00+00:00,2024-06-12 23:00:00+00:00,2024-06-13 03:00:00+00:00,625.75,609.5,16.25,False,BREAK_BEFORE_K1,0,0,,,False,,,BREAK_BEFORE_K1,2024-06-13 02:05:00+00:00,
120,02:00,4,2024-06-14,Friday,2024-06-13 19:00:00+00:00,2024-06-13 23:00:00+00:00,2024-06-13 23:00:00+00:00,2024-06-14 03:00:00+00:00,605.72,597.0,8.720000000000027,False,OPPOSITE_VISIT_BEFORE_K1,0,1,,,False,,,OPPOSITE_VISIT_BEFORE_K1,2024-06-14 00:20:00+00:00,
120,02:00,4,2024-06-15,Saturday,2024-06-14 19:00:00+00:00,2024-06-14 23:00:00+00:00,2024-06-14 23:00:00+00:00,2024-06-15 03:00:00+00:00,604.99,593.68,11.31000000000006,False,BREAK_BEFORE_K1,0,0,,,False,,,BREAK_BEFORE_K1,2024-06-15 00:40:00+00:00,
120,02:00,4,2024-06-16,Sunday,2024-06-15 19:00:00+00:00,2024-06-15 23:00:00+00:00,2024-06-15 23:00:00+00:00,2024-06-16 03:00:00+00:00,608.45,604.02,4.430000000000064,True,,1,0,2024-06-15 23:00:00+00:00,2024-06-15 23:05:00+00:00,False,,,BREAK_DURING_K1,2024-06-15 23:05:00+00:00,
120,02:00,4,2024-06-17,Monday,2024-06-16 19:00:00+00:00,2024-06-16 23:00:00+00:00,2024-06-16 23:00:00+00:00,2024-06-17 03:00:00+00:00,611.6,607.74,3.8600000000000136,False,BREAK_BEFORE_K1,0,0,,,False,,,BREAK_BEFORE_K1,2024-06-16 23:00:00+00:00,
120,02:00,4,2024-06-18,Tuesday,2024-06-17 19:00:00+00:00,2024-06-17 23:00:00+00:00,2024-06-17 23:00:00+00:00,2024-06-18 03:00:00+00:00,610.19,604.08,6.110000000000014,False,OPPOSITE_VISIT_BEFORE_K1,0,1,,,False,,,OPPOSITE_VISIT_BEFORE_K1,2024-06-17 23:40:00+00:00,
120,02:00,4,2024-06-19,Wednesday,2024-06-18 19:00:00+00:00,2024-06-18 23:00:00+00:00,2024-06-18 23:00:00+00:00,2024-06-19 03:00:00+00:00,589.49,575.67,13.82000000000005,True,,1,0,2024-06-18 23:00:00+00:00,2024-06-18 23:05:00+00:00,True,2024-06-18 23:10:00+00:00,2024-06-18 23:15:00+00:00,H2_ARRIVAL,2024-06-19 00:05:00+00:00,55.0
120,02:00,4,2024-06-20,Thursday,2024-06-19 19:00:00+00:00,2024-06-19 23:00:00+00:00,2024-06-19 23:00:00+00:00,2024-06-20 03:00:00+00:00,602.4,597.22,5.17999999999995,False,OPPOSITE_VISIT_BEFORE_K1,0,1,,,False,,,OPPOSITE_VISIT_BEFORE_K1,2024-06-19 23:40:00+00:00,
120,02:00,4,2024-06-21,Friday,2024-06-20 19:00:00+00:00,2024-06-20 23:00:00+00:00,2024-06-20 23:00:00+00:00,2024-06-21 03:00:00+00:00,593.86,590.31,3.550000000000068,False,BREAK_BEFORE_K1,0,0,,,False,,,BREAK_BEFORE_K1,2024-06-20 23:05:00+00:00,
120,02:00,4,2024-06-22,Saturday,2024-06-21 19:00:00+00:00,2024-06-21 23:00:00+00:00,2024-06-21 23:00:00+00:00,2024-06-22 03:00:00+00:00,587.68,583.71,3.9699999999999136,False,BREAK_BEFORE_K1,0,0,,,False,,,BREAK_BEFORE_K1,2024-06-22 00:25:00+00:00,
120,02:00,4,2024-06-23,Sunday,2024-06-22 19:00:00+00:00,2024-06-22 23:00:00+00:00,2024-06-22 23:00:00+00:00,2024-06-23 03:00:00+00:00,590.73,585.69,5.039999999999964,False,BREAK_BEFORE_K1,0,0,,,False,,,BREAK_BEFORE_K1,2024-06-22 23:00:00+00:00,
120,02:00,4,2024-06-24,Monday,2024-06-23 19:00:00+00:00,2024-06-23 23:00:00+00:00,2024-06-23 23:00:00+00:00,2024-06-24 03:00:00+00:00,585.78,578.49,7.289999999999964,False,OPPOSITE_VISIT_BEFORE_K1,0,1,,,False,,,OPPOSITE_VISIT_BEFORE_K1,2024-06-23 23:05:00+00:00,
120,02:00,4,2024-06-25,Tuesday,2024-06-24 19:00:00+00:00,2024-06-24 23:00:00+00:00,2024-06-24 23:00:00+00:00,2024-06-25 03:00:00+00:00,566.67,550.55,16.120000000000005,True,,1,0,2024-06-24 23:25:00+00:00,2024-06-24 23:30:00+00:00,True,2024-06-24 23:30:00+00:00,2024-06-24 23:35:00+00:00,H2_ARRIVAL,2024-06-24 23:35:00+00:00,5.0
120,02:00,4,2024-06-26,Wednesday,2024-06-25 19:00:00+00:00,2024-06-25 23:00:00+00:00,2024-06-25 23:00:00+00:00,2024-06-26 03:00:00+00:00,579.93,576.0,3.92999999999995,False,BREAK_BEFORE_K1,0,0,,,False,,,BREAK_BEFORE_K1,2024-06-25 23:10:00+00:00,
120,02:00,4,2024-06-27,Thursday,2024-06-26 19:00:00+00:00,2024-06-26 23:00:00+00:00,2024-06-26 23:00:00+00:00,2024-06-27 03:00:00+00:00,576.0,570.01,5.990000000000009,False,NO_K1,0,0,,,False,,,NO_K1,,
120,02:00,4,2024-06-28,Friday,2024-06-27 19:00:00+00:00,2024-06-27 23:00:00+00:00,2024-06-27 23:00:00+00:00,2024-06-28 03:00:00+00:00,581.6,579.13,2.4700000000000273,False,BREAK_BEFORE_K1,0,0,,,False,,,BREAK_BEFORE_K1,2024-06-27 23:45:00+00:00,
120,02:00,4,2024-06-29,Saturday,2024-06-28 19:00:00+00:00,2024-06-28 23:00:00+00:00,2024-06-28 23:00:00+00:00,2024-06-29 03:00:00+00:00,572.69,566.01,6.680000000000064,True,,1,0,2024-06-29 02:00:00+00:00,2024-06-29 02:05:00+00:00,True,2024-06-29 02:05:00+00:00,2024-06-29 02:10:00+00:00,H2_ARRIVAL,2024-06-29 02:15:00+00:00,10.0
120,02:00,4,2024-06-30,Sunday,2024-06-29 19:00:00+00:00,2024-06-29 23:00:00+00:00,2024-06-29 23:00:00+00:00,2024-06-30 03:00:00+00:00,572.79,568.71,4.079999999999927,False,BREAK_BEFORE_K1,0,0,,,False,,,BREAK_BEFORE_K1,2024-06-30 00:35:00+00:00,
120,02:00,4,2024-07-01,Monday,2024-06-30 19:00:00+00:00,2024-06-30 23:00:00+00:00,2024-06-30 23:00:00+00:00,2024-07-01 03:00:00+00:00,584.98,578.01,6.970000000000027,True,,1,0,2024-06-30 23:00:00+00:00,2024-06-30 23:05:00+00:00,True,2024-06-30 23:05:00+00:00,2024-06-30 23:10:00+00:00,H2_ARRIVAL,2024-06-30 23:15:00+00:00,10.0
120,02:00,4,2024-07-02,Tuesday,2024-07-01 19:00:00+00:00,2024-07-01 23:00:00+00:00,2024-07-01 23:00:00+00:00,2024-07-02 03:00:00+00:00,583.39,577.39,6.0,False,OPPOSITE_VISIT_BEFORE_K1,0,1,,,False,,,OPPOSITE_VISIT_BEFORE_K1,2024-07-01 23:35:00+00:00,
120,02:00,4,2024-07-03,Wednesday,2024-07-02 19:00:00+00:00,2024-07-02 23:00:00+00:00,2024-07-02 23:00:00+00:00,2024-07-03 03:00:00+00:00,580.76,577.57,3.189999999999941,False,BREAK_BEFORE_K1,0,0,,,False,,,BREAK_BEFORE_K1,2024-07-02 23:05:00+00:00,
120,02:00,4,2024-07-04,Thursday,2024-07-03 19:00:00+00:00,2024-07-03 23:00:00+00:00,2024-07-03 23:00:00+00:00,2024-07-04 03:00:00+00:00,558.3,550.05,8.25,True,,1,0,2024-07-04 00:40:00+00:00,2024-07-04 00:45:00+00:00,True,2024-07-04 00:45:00+00:00,2024-07-04 00:50:00+00:00,OPPOSITE_BREAK_BEFORE_H2,2024-07-04 01:30:00+00:00,
120,02:00,4,2024-07-05,Friday,2024-07-04 19:00:00+00:00,2024-07-04 23:00:00+00:00,2024-07-04 23:00:00+00:00,2024-07-05 03:00:00+00:00,529.53,522.5,7.029999999999973,False,OPPOSITE_VISIT_BEFORE_K1,0,1,,,False,,,OPPOSITE_VISIT_BEFORE_K1,2024-07-04 23:00:00+00:00,
120,02:00,4,2024-07-06,Saturday,2024-07-05 19:00:00+00:00,2024-07-05 23:00:00+00:00,2024-07-05 23:00:00+00:00,2024-07-06 03:00:00+00:00,498.91,493.78,5.130000000000052,True,,1,0,2024-07-05 23:20:00+00:00,2024-07-05 23:25:00+00:00,False,,,BREAK_DURING_K1,2024-07-05 23:30:00+00:00,
120,02:00,4,2024-07-07,Sunday,2024-07-06 19:00:00+00:00,2024-07-06 23:00:00+00:00,2024-07-06 23:00:00+00:00,2024-07-07 03:00:00+00:00,529.3,523.6,5.699999999999932,False,BREAK_BEFORE_K1,0,0,,,False,,,BREAK_BEFORE_K1,2024-07-06 23:15:00+00:00,
120,02:00,4,2024-07-08,Monday,2024-07-07 19:00:00+00:00,2024-07-07 23:00:00+00:00,2024-07-07 23:00:00+00:00,2024-07-08 03:00:00+00:00,502.35,491.26,11.090000000000032,False,BREAK_BEFORE_K1,0,0,,,False,,,BREAK_BEFORE_K1,2024-07-07 23:40:00+00:00,
120,02:00,4,2024-07-09,Tuesday,2024-07-08 19:00:00+00:00,2024-07-08 23:00:00+00:00,2024-07-08 23:00:00+00:00,2024-07-09 03:00:00+00:00,512.8,505.13,7.669999999999959,False,BREAK_BEFORE_K1,0,0,,,False,,,BREAK_BEFORE_K1,2024-07-09 01:10:00+00:00,
120,02:00,4,2024-07-10,Wednesday,2024-07-09 19:00:00+00:00,2024-07-09 23:00:00+00:00,2024-07-09 23:00:00+00:00,2024-07-10 03:00:00+00:00,518.87,514.48,4.389999999999986,False,OPPOSITE_VISIT_BEFORE_K1,0,1,,,False,,,OPPOSITE_VISIT_BEFORE_K1,2024-07-10 00:15:00+00:00,
120,02:00,4,2024-07-11,Thursday,2024-07-10 19:00:00+00:00,2024-07-10 23:00:00+00:00,2024-07-10 23:00:00+00:00,2024-07-11 03:00:00+00:00,524.39,520.85,3.5399999999999636,True,,1,0,2024-07-10 23:30:00+00:00,2024-07-10 23:35:00+00:00,False,,,BREAK_DURING_K1,2024-07-10 23:35:00+00:00,
120,02:00,4,2024-07-12,Friday,2024-07-11 19:00:00+00:00,2024-07-11 23:00:00+00:00,2024-07-11 23:00:00+00:00,2024-07-12 03:00:00+00:00,529.31,523.16,6.149999999999977,False,OPPOSITE_VISIT_BEFORE_K1,0,1,,,False,,,OPPOSITE_VISIT_BEFORE_K1,2024-07-11 23:20:00+00:00,
120,02:00,4,2024-07-13,Saturday,2024-07-12 19:00:00+00:00,2024-07-12 23:00:00+00:00,2024-07-12 23:00:00+00:00,2024-07-13 03:00:00+00:00,536.93,527.19,9.739999999999895,False,NO_K1,0,0,,,False,,,NO_K1,,
120,02:00,4,2024-07-14,Sunday,2024-07-13 19:00:00+00:00,2024-07-13 23:00:00+00:00,2024-07-13 23:00:00+00:00,2024-07-14 03:00:00+00:00,534.18,527.27,6.909999999999968,False,BREAK_BEFORE_K1,0,0,,,False,,,BREAK_BEFORE_K1,2024-07-13 23:10:00+00:00,
120,02:00,4,2024-07-15,Monday,2024-07-14 19:00:00+00:00,2024-07-14 23:00:00+00:00,2024-07-14 23:00:00+00:00,2024-07-15 03:00:00+00:00,547.0,535.95,11.049999999999955,False,BREAK_BEFORE_K1,0,0,,,False,,,BREAK_BEFORE_K1,2024-07-14 23:20:00+00:00,
120,02:00,4,2024-07-16,Tuesday,2024-07-15 19:00:00+00:00,2024-07-15 23:00:00+00:00,2024-07-15 23:00:00+00:00,2024-07-16 03:00:00+00:00,585.0,575.4,9.600000000000023,False,BREAK_BEFORE_K1,0,0,,,False,,,BREAK_BEFORE_K1,2024-07-15 23:35:00+00:00,
120,02:00,4,2024-07-17,Wednesday,2024-07-16 19:00:00+00:00,2024-07-16 23:00:00+00:00,2024-07-16 23:00:00+00:00,2024-07-17 03:00:00+00:00,578.88,569.59,9.289999999999964,False,BREAK_BEFORE_K1,0,0,,,False,,,BREAK_BEFORE_K1,2024-07-17 00:40:00+00:00,
120,02:00,4,2024-07-18,Thursday,2024-07-17 19:00:00+00:00,2024-07-17 23:00:00+00:00,2024-07-17 23:00:00+00:00,2024-07-18 03:00:00+00:00,573.72,567.77,5.9500000000000455,False,BREAK_BEFORE_K1,0,0,,,False,,,BREAK_BEFORE_K1,2024-07-18 00:50:00+00:00,
120,02:00,4,2024-07-19,Friday,2024-07-18 19:00:00+00:00,2024-07-18 23:00:00+00:00,2024-07-18 23:00:00+00:00,2024-07-19 03:00:00+00:00,572.93,565.1,7.829999999999927,False,BREAK_BEFORE_K1,0,0,,,False,,,BREAK_BEFORE_K1,2024-07-18 23:15:00+00:00,
120,02:00,4,2024-07-20,Saturday,2024-07-19 19:00:00+00:00,2024-07-19 23:00:00+00:00,2024-07-19 23:00:00+00:00,2024-07-20 03:00:00+00:00,597.49,591.18,6.310000000000059,False,OPPOSITE_VISIT_BEFORE_K1,0,1,,,False,,,OPPOSITE_VISIT_BEFORE_K1,2024-07-20 00:20:00+00:00,
120,02:00,4,2024-07-21,Sunday,2024-07-20 19:00:00+00:00,2024-07-20 23:00:00+00:00,2024-07-20 23:00:00+00:00,2024-07-21 03:00:00+00:00,598.15,592.7,5.449999999999932,False,NO_K1,0,0,,,False,,,NO_K1,,
120,02:00,4,2024-07-22,Monday,2024-07-21 19:00:00+00:00,2024-07-21 23:00:00+00:00,2024-07-21 23:00:00+00:00,2024-07-22 03:00:00+00:00,603.97,590.69,13.279999999999973,True,,1,0,2024-07-22 00:00:00+00:00,2024-07-22 00:05:00+00:00,True,2024-07-22 00:20:00+00:00,2024-07-22 00:25:00+00:00,H2_ARRIVAL,2024-07-22 00:30:00+00:00,10.0
120,02:00,4,2024-07-23,Tuesday,2024-07-22 19:00:00+00:00,2024-07-22 23:00:00+00:00,2024-07-22 23:00:00+00:00,2024-07-23 03:00:00+00:00,596.72,589.27,7.4500000000000455,False,BREAK_BEFORE_K1,0,0,,,False,,,BREAK_BEFORE_K1,2024-07-22 23:05:00+00:00,
120,02:00,4,2024-07-24,Wednesday,2024-07-23 19:00:00+00:00,2024-07-23 23:00:00+00:00,2024-07-23 23:00:00+00:00,2024-07-24 03:00:00+00:00,584.97,580.25,4.720000000000027,True,,1,0,2024-07-24 01:05:00+00:00,2024-07-24 01:10:00+00:00,True,2024-07-24 01:15:00+00:00,2024-07-24 01:20:00+00:00,H2_ARRIVAL,2024-07-24 01:20:00+00:00,5.0
120,02:00,4,2024-07-25,Thursday,2024-07-24 19:00:00+00:00,2024-07-24 23:00:00+00:00,2024-07-24 23:00:00+00:00,2024-07-25 03:00:00+00:00,582.21,570.0,12.210000000000036,False,BREAK_BEFORE_K1,0,0,,,False,,,BREAK_BEFORE_K1,2024-07-25 01:05:00+00:00,
120,02:00,4,2024-07-26,Friday,2024-07-25 19:00:00+00:00,2024-07-25 23:00:00+00:00,2024-07-25 23:00:00+00:00,2024-07-26 03:00:00+00:00,573.42,560.89,12.529999999999973,True,,1,0,2024-07-26 00:20:00+00:00,2024-07-26 00:25:00+00:00,True,2024-07-26 00:25:00+00:00,2024-07-26 00:30:00+00:00,H2_ARRIVAL,2024-07-26 00:45:00+00:00,20.0
120,02:00,4,2024-07-27,Saturday,2024-07-26 19:00:00+00:00,2024-07-26 23:00:00+00:00,2024-07-26 23:00:00+00:00,2024-07-27 03:00:00+00:00,583.1,578.76,4.340000000000032,False,OPPOSITE_VISIT_BEFORE_K1,0,1,,,False,,,OPPOSITE_VISIT_BEFORE_K1,2024-07-27 01:05:00+00:00,
120,02:00,4,2024-07-28,Sunday,2024-07-27 19:00:00+00:00,2024-07-27 23:00:00+00:00,2024-07-27 23:00:00+00:00,2024-07-28 03:00:00+00:00,585.83,573.04,12.790000000000077,False,NO_K1,0,0,,,False,,,NO_K1,,
120,02:00,4,2024-07-29,Monday,2024-07-28 19:00:00+00:00,2024-07-28 23:00:00+00:00,2024-07-28 23:00:00+00:00,2024-07-29 03:00:00+00:00,584.95,581.32,3.6299999999999955,True,,1,0,2024-07-28 23:20:00+00:00,2024-07-28 23:25:00+00:00,False,,,BREAK_DURING_K1,2024-07-28 23:25:00+00:00,
120,02:00,4,2024-07-30,Tuesday,2024-07-29 19:00:00+00:00,2024-07-29 23:00:00+00:00,2024-07-29 23:00:00+00:00,2024-07-30 03:00:00+00:00,580.66,576.07,4.589999999999918,False,BREAK_BEFORE_K1,0,0,,,False,,,BREAK_BEFORE_K1,2024-07-29 23:10:00+00:00,
120,02:00,4,2024-07-31,Wednesday,2024-07-30 19:00:00+00:00,2024-07-30 23:00:00+00:00,2024-07-30 23:00:00+00:00,2024-07-31 03:00:00+00:00,582.58,570.08,12.5,False,BREAK_BEFORE_K1,0,0,,,False,,,BREAK_BEFORE_K1,2024-07-30 23:00:00+00:00,
120,02:00,4,2024-08-01,Thursday,2024-07-31 19:00:00+00:00,2024-07-31 23:00:00+00:00,2024-07-31 23:00:00+00:00,2024-08-01 03:00:00+00:00,590.26,575.17,15.090000000000032,False,BREAK_BEFORE_K1,0,0,,,False,,,BREAK_BEFORE_K1,2024-08-01 00:45:00+00:00,
120,02:00,4,2024-08-02,Friday,2024-08-01 19:00:00+00:00,2024-08-01 23:00:00+00:00,2024-08-01 23:00:00+00:00,2024-08-02 03:00:00+00:00,577.9,556.04,21.860000000000014,True,,1,0,2024-08-02 00:15:00+00:00,2024-08-02 00:20:00+00:00,True,2024-08-02 00:20:00+00:00,2024-08-02 00:25:00+00:00,NO_H2_BY_END,,
120,02:00,4,2024-08-03,Saturday,2024-08-02 19:00:00+00:00,2024-08-02 23:00:00+00:00,2024-08-02 23:00:00+00:00,2024-08-03 03:00:00+00:00,558.33,540.71,17.620000000000005,False,BREAK_BEFORE_K1,0,0,,,False,,,BREAK_BEFORE_K1,2024-08-03 00:30:00+00:00,
120,02:00,4,2024-08-04,Sunday,2024-08-03 19:00:00+00:00,2024-08-03 23:00:00+00:00,2024-08-03 23:00:00+00:00,2024-08-04 03:00:00+00:00,529.48,521.36,8.120000000000005,True,,1,0,2024-08-03 23:15:00+00:00,2024-08-03 23:20:00+00:00,False,,,BREAK_DURING_K1,2024-08-03 23:20:00+00:00,
120,02:00,4,2024-08-05,Monday,2024-08-04 19:00:00+00:00,2024-08-04 23:00:00+00:00,2024-08-04 23:00:00+00:00,2024-08-05 03:00:00+00:00,511.65,500.51,11.139999999999986,False,BREAK_BEFORE_K1,0,0,,,False,,,BREAK_BEFORE_K1,2024-08-04 23:15:00+00:00,
120,02:00,4,2024-08-06,Tuesday,2024-08-05 19:00:00+00:00,2024-08-05 23:00:00+00:00,2024-08-05 23:00:00+00:00,2024-08-06 03:00:00+00:00,470.18,450.74,19.439999999999998,True,,1,0,2024-08-05 23:05:00+00:00,2024-08-05 23:10:00+00:00,True,2024-08-05 23:20:00+00:00,2024-08-05 23:25:00+00:00,H2_ARRIVAL,2024-08-06 00:05:00+00:00,45.0
120,02:00,4,2024-08-07,Wednesday,2024-08-06 19:00:00+00:00,2024-08-06 23:00:00+00:00,2024-08-06 23:00:00+00:00,2024-08-07 03:00:00+00:00,492.54,483.75,8.79000000000002,False,OPPOSITE_VISIT_BEFORE_K1,0,1,,,False,,,OPPOSITE_VISIT_BEFORE_K1,2024-08-06 23:40:00+00:00,
120,02:00,4,2024-08-08,Thursday,2024-08-07 19:00:00+00:00,2024-08-07 23:00:00+00:00,2024-08-07 23:00:00+00:00,2024-08-08 03:00:00+00:00,478.08,468.77,9.310000000000002,False,BREAK_BEFORE_K1,0,0,,,False,,,BREAK_BEFORE_K1,2024-08-08 00:35:00+00:00,
120,02:00,4,2024-08-09,Friday,2024-08-08 19:00:00+00:00,2024-08-08 23:00:00+00:00,2024-08-08 23:00:00+00:00,2024-08-09 03:00:00+00:00,520.42,501.63,18.789999999999964,True,,1,0,2024-08-08 23:00:00+00:00,2024-08-08 23:05:00+00:00,False,,,BREAK_DURING_K1,2024-08-08 23:10:00+00:00,
120,02:00,4,2024-08-10,Saturday,2024-08-09 19:00:00+00:00,2024-08-09 23:00:00+00:00,2024-08-09 23:00:00+00:00,2024-08-10 03:00:00+00:00,509.75,504.27,5.480000000000018,True,,1,0,2024-08-09 23:00:00+00:00,2024-08-09 23:05:00+00:00,True,2024-08-09 23:05:00+00:00,2024-08-09 23:10:00+00:00,H2_ARRIVAL,2024-08-10 00:10:00+00:00,65.0
120,02:00,4,2024-08-11,Sunday,2024-08-10 19:00:00+00:00,2024-08-10 23:00:00+00:00,2024-08-10 23:00:00+00:00,2024-08-11 03:00:00+00:00,525.02,521.5,3.519999999999982,True,,1,0,2024-08-11 00:15:00+00:00,2024-08-11 00:20:00+00:00,False,,,BREAK_DURING_K1,2024-08-11 00:20:00+00:00,
120,02:00,4,2024-08-12,Monday,2024-08-11 19:00:00+00:00,2024-08-11 23:00:00+00:00,2024-08-11 23:00:00+00:00,2024-08-12 03:00:00+00:00,519.17,502.3,16.869999999999948,False,OPPOSITE_VISIT_BEFORE_K1,0,1,,,False,,,OPPOSITE_VISIT_BEFORE_K1,2024-08-12 00:30:00+00:00,
120,02:00,4,2024-08-13,Tuesday,2024-08-12 19:00:00+00:00,2024-08-12 23:00:00+00:00,2024-08-12 23:00:00+00:00,2024-08-13 03:00:00+00:00,517.01,508.55,8.45999999999998,False,BREAK_BEFORE_K1,0,0,,,False,,,BREAK_BEFORE_K1,2024-08-12 23:10:00+00:00,
120,02:00,4,2024-08-14,Wednesday,2024-08-13 19:00:00+00:00,2024-08-13 23:00:00+00:00,2024-08-13 23:00:00+00:00,2024-08-14 03:00:00+00:00,526.0,518.8,7.2000000000000455,False,BREAK_BEFORE_K1,0,0,,,False,,,BREAK_BEFORE_K1,2024-08-14 00:55:00+00:00,
120,02:00,4,2024-08-15,Thursday,2024-08-14 19:00:00+00:00,2024-08-14 23:00:00+00:00,2024-08-14 23:00:00+00:00,2024-08-15 03:00:00+00:00,525.85,519.45,6.399999999999977,False,BREAK_BEFORE_K1,0,0,,,False,,,BREAK_BEFORE_K1,2024-08-15 00:35:00+00:00,
120,02:00,4,2024-08-16,Friday,2024-08-15 19:00:00+00:00,2024-08-15 23:00:00+00:00,2024-08-15 23:00:00+00:00,2024-08-16 03:00:00+00:00,521.74,509.88,11.860000000000014,True,,1,0,2024-08-15 23:30:00+00:00,2024-08-15 23:35:00+00:00,True,2024-08-15 23:35:00+00:00,2024-08-15 23:40:00+00:00,H2_ARRIVAL,2024-08-16 02:30:00+00:00,175.0
120,02:00,4,2024-08-17,Saturday,2024-08-16 19:00:00+00:00,2024-08-16 23:00:00+00:00,2024-08-16 23:00:00+00:00,2024-08-17 03:00:00+00:00,522.96,519.2,3.759999999999991,False,BREAK_BEFORE_K1,0,0,,,False,,,BREAK_BEFORE_K1,2024-08-16 23:05:00+00:00,
120,02:00,4,2024-08-18,Sunday,2024-08-17 19:00:00+00:00,2024-08-17 23:00:00+00:00,2024-08-17 23:00:00+00:00,2024-08-18 03:00:00+00:00,547.9,538.17,9.730000000000018,False,BREAK_BEFORE_K1,0,0,,,False,,,BREAK_BEFORE_K1,2024-08-18 01:05:00+00:00,
120,02:00,4,2024-08-19,Monday,2024-08-18 19:00:00+00:00,2024-08-18 23:00:00+00:00,2024-08-18 23:00:00+00:00,2024-08-19 03:00:00+00:00,538.4,535.02,3.3799999999999955,False,BREAK_BEFORE_K1,0,0,,,False,,,BREAK_BEFORE_K1,2024-08-18 23:20:00+00:00,
120,02:00,4,2024-08-20,Tuesday,2024-08-19 19:00:00+00:00,2024-08-19 23:00:00+00:00,2024-08-19 23:00:00+00:00,2024-08-20 03:00:00+00:00,559.28,550.7,8.579999999999927,True,,1,0,2024-08-19 23:00:00+00:00,2024-08-19 23:05:00+00:00,True,2024-08-19 23:05:00+00:00,2024-08-19 23:10:00+00:00,H2_ARRIVAL,2024-08-19 23:25:00+00:00,20.0
120,02:00,4,2024-08-21,Wednesday,2024-08-20 19:00:00+00:00,2024-08-20 23:00:00+00:00,2024-08-20 23:00:00+00:00,2024-08-21 03:00:00+00:00,574.33,567.9,6.430000000000064,False,BREAK_BEFORE_K1,0,0,,,False,,,BREAK_BEFORE_K1,2024-08-20 23:05:00+00:00,
120,02:00,4,2024-08-22,Thursday,2024-08-21 19:00:00+00:00,2024-08-21 23:00:00+00:00,2024-08-21 23:00:00+00:00,2024-08-22 03:00:00+00:00,574.76,563.03,11.730000000000018,False,BREAK_BEFORE_K1,0,0,,,False,,,BREAK_BEFORE_K1,2024-08-22 02:45:00+00:00,
120,02:00,4,2024-08-23,Friday,2024-08-22 19:00:00+00:00,2024-08-22 23:00:00+00:00,2024-08-22 23:00:00+00:00,2024-08-23 03:00:00+00:00,586.63,580.14,6.490000000000009,False,BREAK_BEFORE_K1,0,0,,,False,,,BREAK_BEFORE_K1,2024-08-23 00:10:00+00:00,
120,02:00,4,2024-08-24,Saturday,2024-08-23 19:00:00+00:00,2024-08-23 23:00:00+00:00,2024-08-23 23:00:00+00:00,2024-08-24 03:00:00+00:00,597.87,581.72,16.149999999999977,False,NO_K1,0,0,,,False,,,NO_K1,,
120,02:00,4,2024-08-25,Sunday,2024-08-24 19:00:00+00:00,2024-08-24 23:00:00+00:00,2024-08-24 23:00:00+00:00,2024-08-25 03:00:00+00:00,591.57,575.33,16.24000000000001,False,OPPOSITE_VISIT_BEFORE_K1,0,1,,,False,,,OPPOSITE_VISIT_BEFORE_K1,2024-08-25 01:45:00+00:00,
120,02:00,4,2024-08-26,Monday,2024-08-25 19:00:00+00:00,2024-08-25 23:00:00+00:00,2024-08-25 23:00:00+00:00,2024-08-26 03:00:00+00:00,578.33,574.0,4.330000000000041,True,,1,0,2024-08-25 23:05:00+00:00,2024-08-25 23:10:00+00:00,False,,,BREAK_DURING_K1,2024-08-25 23:10:00+00:00,
120,02:00,4,2024-08-27,Tuesday,2024-08-26 19:00:00+00:00,2024-08-26 23:00:00+00:00,2024-08-26 23:00:00+00:00,2024-08-27 03:00:00+00:00,557.64,546.41,11.230000000000018,False,NO_K1,0,0,,,False,,,NO_K1,,
120,02:00,4,2024-08-28,Wednesday,2024-08-27 19:00:00+00:00,2024-08-27 23:00:00+00:00,2024-08-27 23:00:00+00:00,2024-08-28 03:00:00+00:00,551.2,520.52,30.680000000000064,False,NO_K1,0,0,,,False,,,NO_K1,,
120,02:00,4,2024-08-29,Thursday,2024-08-28 19:00:00+00:00,2024-08-28 23:00:00+00:00,2024-08-28 23:00:00+00:00,2024-08-29 03:00:00+00:00,540.4,531.81,8.590000000000032,True,,1,0,2024-08-29 00:20:00+00:00,2024-08-29 00:25:00+00:00,True,2024-08-29 00:25:00+00:00,2024-08-29 00:30:00+00:00,H2_ARRIVAL,2024-08-29 01:00:00+00:00,35.0
120,02:00,4,2024-08-30,Friday,2024-08-29 19:00:00+00:00,2024-08-29 23:00:00+00:00,2024-08-29 23:00:00+00:00,2024-08-30 03:00:00+00:00,537.47,530.42,7.050000000000068,False,NO_K1,0,0,,,False,,,NO_K1,,
120,02:00,4,2024-08-31,Saturday,2024-08-30 19:00:00+00:00,2024-08-30 23:00:00+00:00,2024-08-30 23:00:00+00:00,2024-08-31 03:00:00+00:00,536.16,530.82,5.339999999999918,False,BREAK_BEFORE_K1,0,0,,,False,,,BREAK_BEFORE_K1,2024-08-30 23:00:00+00:00,
120,02:00,4,2024-09-01,Sunday,2024-08-31 19:00:00+00:00,2024-08-31 23:00:00+00:00,2024-08-31 23:00:00+00:00,2024-09-01 03:00:00+00:00,534.57,531.08,3.490000000000009,False,BREAK_BEFORE_K1,0,0,,,False,,,BREAK_BEFORE_K1,2024-09-01 00:30:00+00:00,
120,02:00,4,2024-09-02,Monday,2024-09-01 19:00:00+00:00,2024-09-01 23:00:00+00:00,2024-09-01 23:00:00+00:00,2024-09-02 03:00:00+00:00,523.25,507.0,16.25,False,NO_K1,0,0,,,False,,,NO_K1,,
120,02:00,4,2024-09-03,Tuesday,2024-09-02 19:00:00+00:00,2024-09-02 23:00:00+00:00,2024-09-02 23:00:00+00:00,2024-09-03 03:00:00+00:00,530.6,520.61,9.990000000000009,False,BREAK_BEFORE_K1,0,0,,,False,,,BREAK_BEFORE_K1,2024-09-03 01:05:00+00:00,
120,02:00,4,2024-09-04,Wednesday,2024-09-03 19:00:00+00:00,2024-09-03 23:00:00+00:00,2024-09-03 23:00:00+00:00,2024-09-04 03:00:00+00:00,526.24,522.45,3.7899999999999636,False,BREAK_BEFORE_K1,0,0,,,False,,,BREAK_BEFORE_K1,2024-09-03 23:05:00+00:00,
120,02:00,4,2024-09-05,Thursday,2024-09-04 19:00:00+00:00,2024-09-04 23:00:00+00:00,2024-09-04 23:00:00+00:00,2024-09-05 03:00:00+00:00,513.5,506.02,7.480000000000018,False,NO_K1,0,0,,,False,,,NO_K1,,
120,02:00,4,2024-09-06,Friday,2024-09-05 19:00:00+00:00,2024-09-05 23:00:00+00:00,2024-09-05 23:00:00+00:00,2024-09-06 03:00:00+00:00,503.04,497.62,5.420000000000016,False,BREAK_BEFORE_K1,0,0,,,False,,,BREAK_BEFORE_K1,2024-09-06 00:00:00+00:00,
120,02:00,4,2024-09-07,Saturday,2024-09-06 19:00:00+00:00,2024-09-06 23:00:00+00:00,2024-09-06 23:00:00+00:00,2024-09-07 03:00:00+00:00,485.92,471.0,14.920000000000016,False,BREAK_BEFORE_K1,0,0,,,False,,,BREAK_BEFORE_K1,2024-09-06 23:20:00+00:00,
120,02:00,4,2024-09-08,Sunday,2024-09-07 19:00:00+00:00,2024-09-07 23:00:00+00:00,2024-09-07 23:00:00+00:00,2024-09-08 03:00:00+00:00,496.72,491.2,5.520000000000039,False,BREAK_BEFORE_K1,0,0,,,False,,,BREAK_BEFORE_K1,2024-09-07 23:00:00+00:00,
120,02:00,4,2024-09-09,Monday,2024-09-08 19:00:00+00:00,2024-09-08 23:00:00+00:00,2024-09-08 23:00:00+00:00,2024-09-09 03:00:00+00:00,507.0,494.72,12.279999999999973,False,BREAK_BEFORE_K1,0,0,,,False,,,BREAK_BEFORE_K1,2024-09-09 00:55:00+00:00,
120,02:00,4,2024-09-10,Tuesday,2024-09-09 19:00:00+00:00,2024-09-09 23:00:00+00:00,2024-09-09 23:00:00+00:00,2024-09-10 03:00:00+00:00,527.61,516.7,10.909999999999968,False,BREAK_BEFORE_K1,0,0,,,False,,,BREAK_BEFORE_K1,2024-09-10 00:10:00+00:00,
120,02:00,4,2024-09-11,Wednesday,2024-09-10 19:00:00+00:00,2024-09-10 23:00:00+00:00,2024-09-10 23:00:00+00:00,2024-09-11 03:00:00+00:00,522.84,517.74,5.100000000000023,False,OPPOSITE_VISIT_BEFORE_K1,0,1,,,False,,,OPPOSITE_VISIT_BEFORE_K1,2024-09-10 23:35:00+00:00,
120,02:00,4,2024-09-12,Thursday,2024-09-11 19:00:00+00:00,2024-09-11 23:00:00+00:00,2024-09-11 23:00:00+00:00,2024-09-12 03:00:00+00:00,534.78,528.06,6.720000000000027,False,BREAK_BEFORE_K1,0,0,,,False,,,BREAK_BEFORE_K1,2024-09-12 00:20:00+00:00,
120,02:00,4,2024-09-13,Friday,2024-09-12 19:00:00+00:00,2024-09-12 23:00:00+00:00,2024-09-12 23:00:00+00:00,2024-09-13 03:00:00+00:00,543.23,538.55,4.680000000000064,False,BREAK_BEFORE_K1,0,0,,,False,,,BREAK_BEFORE_K1,2024-09-12 23:30:00+00:00,
120,02:00,4,2024-09-14,Saturday,2024-09-13 19:00:00+00:00,2024-09-13 23:00:00+00:00,2024-09-13 23:00:00+00:00,2024-09-14 03:00:00+00:00,559.61,553.12,6.490000000000009,False,NO_K1,0,0,,,False,,,NO_K1,,
120,02:00,4,2024-09-15,Sunday,2024-09-14 19:00:00+00:00,2024-09-14 23:00:00+00:00,2024-09-14 23:00:00+00:00,2024-09-15 03:00:00+00:00,553.3,550.25,3.0499999999999545,True,,1,0,2024-09-14 23:00:00+00:00,2024-09-14 23:05:00+00:00,False,,,BREAK_DURING_K1,2024-09-14 23:05:00+00:00,
120,02:00,4,2024-09-16,Monday,2024-09-15 19:00:00+00:00,2024-09-15 23:00:00+00:00,2024-09-15 23:00:00+00:00,2024-09-16 03:00:00+00:00,560.74,555.62,5.1200000000000045,False,OPPOSITE_VISIT_BEFORE_K1,0,1,,,False,,,OPPOSITE_VISIT_BEFORE_K1,2024-09-15 23:10:00+00:00,
120,02:00,4,2024-09-17,Tuesday,2024-09-16 19:00:00+00:00,2024-09-16 23:00:00+00:00,2024-09-16 23:00:00+00:00,2024-09-17 03:00:00+00:00,534.05,526.5,7.5499999999999545,True,,1,0,2024-09-16 23:40:00+00:00,2024-09-16 23:45:00+00:00,False,,,BREAK_DURING_K1,2024-09-16 23:45:00+00:00,
120,02:00,4,2024-09-18,Wednesday,2024-09-17 19:00:00+00:00,2024-09-17 23:00:00+00:00,2024-09-17 23:00:00+00:00,2024-09-18 03:00:00+00:00,547.96,541.38,6.580000000000041,True,,1,0,2024-09-18 01:30:00+00:00,2024-09-18 01:35:00+00:00,True,2024-09-18 01:35:00+00:00,2024-09-18 01:40:00+00:00,NO_H2_BY_END,,
120,02:00,4,2024-09-19,Thursday,2024-09-18 19:00:00+00:00,2024-09-18 23:00:00+00:00,2024-09-18 23:00:00+00:00,2024-09-19 03:00:00+00:00,552.49,540.86,11.629999999999995,False,BREAK_BEFORE_K1,0,0,,,False,,,BREAK_BEFORE_K1,2024-09-18 23:00:00+00:00,
120,02:00,4,2024-09-20,Friday,2024-09-19 19:00:00+00:00,2024-09-19 23:00:00+00:00,2024-09-19 23:00:00+00:00,2024-09-20 03:00:00+00:00,568.32,561.5,6.82000000000005,False,OPPOSITE_VISIT_BEFORE_K1,0,1,,,False,,,OPPOSITE_VISIT_BEFORE_K1,2024-09-20 00:25:00+00:00,
120,02:00,4,2024-09-21,Saturday,2024-09-20 19:00:00+00:00,2024-09-20 23:00:00+00:00,2024-09-20 23:00:00+00:00,2024-09-21 03:00:00+00:00,570.24,565.98,4.259999999999991,False,BREAK_BEFORE_K1,0,0,,,False,,,BREAK_BEFORE_K1,2024-09-21 00:20:00+00:00,
120,02:00,4,2024-09-22,Sunday,2024-09-21 19:00:00+00:00,2024-09-21 23:00:00+00:00,2024-09-21 23:00:00+00:00,2024-09-22 03:00:00+00:00,588.37,583.67,4.7000000000000455,False,BREAK_BEFORE_K1,0,0,,,False,,,BREAK_BEFORE_K1,2024-09-21 23:10:00+00:00,
120,02:00,4,2024-09-23,Monday,2024-09-22 19:00:00+00:00,2024-09-22 23:00:00+00:00,2024-09-22 23:00:00+00:00,2024-09-23 03:00:00+00:00,595.08,576.07,19.00999999999999,True,,1,0,2024-09-23 01:35:00+00:00,2024-09-23 01:40:00+00:00,False,,,BREAK_DURING_K1,2024-09-23 01:55:00+00:00,
120,02:00,4,2024-09-24,Tuesday,2024-09-23 19:00:00+00:00,2024-09-23 23:00:00+00:00,2024-09-23 23:00:00+00:00,2024-09-24 03:00:00+00:00,616.69,606.63,10.06000000000006,False,OPPOSITE_VISIT_BEFORE_K1,0,1,,,False,,,OPPOSITE_VISIT_BEFORE_K1,2024-09-23 23:00:00+00:00,
120,02:00,4,2024-09-25,Wednesday,2024-09-24 19:00:00+00:00,2024-09-24 23:00:00+00:00,2024-09-24 23:00:00+00:00,2024-09-25 03:00:00+00:00,613.9,604.74,9.159999999999968,False,BREAK_BEFORE_K1,0,0,,,False,,,BREAK_BEFORE_K1,2024-09-25 00:15:00+00:00,
120,02:00,4,2024-09-26,Thursday,2024-09-25 19:00:00+00:00,2024-09-25 23:00:00+00:00,2024-09-25 23:00:00+00:00,2024-09-26 03:00:00+00:00,591.71,583.98,7.730000000000018,False,BREAK_BEFORE_K1,0,0,,,False,,,BREAK_BEFORE_K1,2024-09-26 00:45:00+00:00,
120,02:00,4,2024-09-27,Friday,2024-09-26 19:00:00+00:00,2024-09-26 23:00:00+00:00,2024-09-26 23:00:00+00:00,2024-09-27 03:00:00+00:00,598.72,591.33,7.389999999999986,False,BREAK_BEFORE_K1,0,0,,,False,,,BREAK_BEFORE_K1,2024-09-27 00:30:00+00:00,
120,02:00,4,2024-09-28,Saturday,2024-09-27 19:00:00+00:00,2024-09-27 23:00:00+00:00,2024-09-27 23:00:00+00:00,2024-09-28 03:00:00+00:00,611.9,604.31,7.590000000000032,True,,1,0,2024-09-28 02:50:00+00:00,2024-09-28 02:55:00+00:00,False,,,BREAK_DURING_K1,2024-09-28 02:55:00+00:00,
120,02:00,4,2024-09-29,Sunday,2024-09-28 19:00:00+00:00,2024-09-28 23:00:00+00:00,2024-09-28 23:00:00+00:00,2024-09-29 03:00:00+00:00,601.63,595.76,5.8700000000000045,True,,1,0,2024-09-28 23:50:00+00:00,2024-09-28 23:55:00+00:00,True,2024-09-29 00:00:00+00:00,2024-09-29 00:05:00+00:00,H2_ARRIVAL,2024-09-29 00:05:00+00:00,5.0
120,02:00,4,2024-09-30,Monday,2024-09-29 19:00:00+00:00,2024-09-29 23:00:00+00:00,2024-09-29 23:00:00+00:00,2024-09-30 03:00:00+00:00,601.67,596.73,4.939999999999941,False,BREAK_BEFORE_K1,0,0,,,False,,,BREAK_BEFORE_K1,2024-09-29 23:05:00+00:00,
120,02:00,4,2024-10-01,Tuesday,2024-09-30 19:00:00+00:00,2024-09-30 23:00:00+00:00,2024-09-30 23:00:00+00:00,2024-10-01 03:00:00+00:00,575.82,570.5,5.32000000000005,False,BREAK_BEFORE_K1,0,0,,,False,,,BREAK_BEFORE_K1,2024-09-30 23:00:00+00:00,
120,02:00,4,2024-10-02,Wednesday,2024-10-01 19:00:00+00:00,2024-10-01 23:00:00+00:00,2024-10-01 23:00:00+00:00,2024-10-02 03:00:00+00:00,551.99,536.11,15.879999999999995,False,BREAK_BEFORE_K1,0,0,,,False,,,BREAK_BEFORE_K1,2024-10-02 01:25:00+00:00,
120,02:00,4,2024-10-03,Thursday,2024-10-02 19:00:00+00:00,2024-10-02 23:00:00+00:00,2024-10-02 23:00:00+00:00,2024-10-03 03:00:00+00:00,545.9,534.4,11.5,False,BREAK_BEFORE_K1,0,0,,,False,,,BREAK_BEFORE_K1,2024-10-03 01:00:00+00:00,
120,02:00,4,2024-10-04,Friday,2024-10-03 19:00:00+00:00,2024-10-03 23:00:00+00:00,2024-10-03 23:00:00+00:00,2024-10-04 03:00:00+00:00,546.45,540.99,5.460000000000036,False,BREAK_BEFORE_K1,0,0,,,False,,,BREAK_BEFORE_K1,2024-10-04 01:20:00+00:00,
120,02:00,4,2024-10-05,Saturday,2024-10-04 19:00:00+00:00,2024-10-04 23:00:00+00:00,2024-10-04 23:00:00+00:00,2024-10-05 03:00:00+00:00,557.97,555.03,2.9400000000000546,False,BREAK_BEFORE_K1,0,0,,,False,,,BREAK_BEFORE_K1,2024-10-04 23:05:00+00:00,
120,02:00,4,2024-10-06,Sunday,2024-10-05 19:00:00+00:00,2024-10-05 23:00:00+00:00,2024-10-05 23:00:00+00:00,2024-10-06 03:00:00+00:00,564.12,558.0,6.1200000000000045,False,BREAK_BEFORE_K1,0,0,,,False,,,BREAK_BEFORE_K1,2024-10-06 01:20:00+00:00,
120,02:00,4,2024-10-07,Monday,2024-10-06 19:00:00+00:00,2024-10-06 23:00:00+00:00,2024-10-06 23:00:00+00:00,2024-10-07 03:00:00+00:00,567.95,563.25,4.7000000000000455,False,BREAK_BEFORE_K1,0,0,,,False,,,BREAK_BEFORE_K1,2024-10-06 23:00:00+00:00,
120,02:00,4,2024-10-08,Tuesday,2024-10-07 19:00:00+00:00,2024-10-07 23:00:00+00:00,2024-10-07 23:00:00+00:00,2024-10-08 03:00:00+00:00,574.18,567.39,6.789999999999964,False,BREAK_BEFORE_K1,0,0,,,False,,,BREAK_BEFORE_K1,2024-10-07 23:00:00+00:00,
120,02:00,4,2024-10-09,Wednesday,2024-10-08 19:00:00+00:00,2024-10-08 23:00:00+00:00,2024-10-08 23:00:00+00:00,2024-10-09 03:00:00+00:00,586.8,578.08,8.719999999999914,False,BREAK_BEFORE_K1,0,0,,,False,,,BREAK_BEFORE_K1,2024-10-09 00:35:00+00:00,
120,02:00,4,2024-10-10,Thursday,2024-10-09 19:00:00+00:00,2024-10-09 23:00:00+00:00,2024-10-09 23:00:00+00:00,2024-10-10 03:00:00+00:00,575.37,565.85,9.519999999999982,False,NO_K1,0,0,,,False,,,NO_K1,,
120,02:00,4,2024-10-11,Friday,2024-10-10 19:00:00+00:00,2024-10-10 23:00:00+00:00,2024-10-10 23:00:00+00:00,2024-10-11 03:00:00+00:00,562.0,556.54,5.460000000000036,False,BREAK_BEFORE_K1,0,0,,,False,,,BREAK_BEFORE_K1,2024-10-10 23:30:00+00:00,
120,02:00,4,2024-10-12,Saturday,2024-10-11 19:00:00+00:00,2024-10-11 23:00:00+00:00,2024-10-11 23:00:00+00:00,2024-10-12 03:00:00+00:00,577.48,572.23,5.25,False,NO_K1,0,0,,,False,,,NO_K1,,
120,02:00,4,2024-10-13,Sunday,2024-10-12 19:00:00+00:00,2024-10-12 23:00:00+00:00,2024-10-12 23:00:00+00:00,2024-10-13 03:00:00+00:00,578.16,576.04,2.1200000000000045,True,,1,0,2024-10-12 23:05:00+00:00,2024-10-12 23:10:00+00:00,True,2024-10-12 23:15:00+00:00,2024-10-12 23:20:00+00:00,H2_ARRIVAL,2024-10-13 00:30:00+00:00,75.0
120,02:00,4,2024-10-14,Monday,2024-10-13 19:00:00+00:00,2024-10-13 23:00:00+00:00,2024-10-13 23:00:00+00:00,2024-10-14 03:00:00+00:00,573.13,568.08,5.0499999999999545,False,NO_K1,0,0,,,False,,,NO_K1,,
120,02:00,4,2024-10-15,Tuesday,2024-10-14 19:00:00+00:00,2024-10-14 23:00:00+00:00,2024-10-14 23:00:00+00:00,2024-10-15 03:00:00+00:00,591.82,587.44,4.3799999999999955,True,,1,0,2024-10-14 23:00:00+00:00,2024-10-14 23:05:00+00:00,True,2024-10-14 23:05:00+00:00,2024-10-14 23:10:00+00:00,H2_ARRIVAL,2024-10-15 00:25:00+00:00,80.0
120,02:00,4,2024-10-16,Wednesday,2024-10-15 19:00:00+00:00,2024-10-15 23:00:00+00:00,2024-10-15 23:00:00+00:00,2024-10-16 03:00:00+00:00,595.69,587.32,8.370000000000005,False,BREAK_BEFORE_K1,0,0,,,False,,,BREAK_BEFORE_K1,2024-10-16 01:20:00+00:00,
120,02:00,4,2024-10-17,Thursday,2024-10-16 19:00:00+00:00,2024-10-16 23:00:00+00:00,2024-10-16 23:00:00+00:00,2024-10-17 03:00:00+00:00,605.84,600.2,5.639999999999986,False,OPPOSITE_VISIT_BEFORE_K1,0,1,,,False,,,OPPOSITE_VISIT_BEFORE_K1,2024-10-17 00:15:00+00:00,
120,02:00,4,2024-10-18,Friday,2024-10-17 19:00:00+00:00,2024-10-17 23:00:00+00:00,2024-10-17 23:00:00+00:00,2024-10-18 03:00:00+00:00,592.26,586.77,5.490000000000009,True,,1,0,2024-10-17 23:00:00+00:00,2024-10-17 23:05:00+00:00,True,2024-10-17 23:05:00+00:00,2024-10-17 23:10:00+00:00,H2_ARRIVAL,2024-10-17 23:15:00+00:00,10.0
120,02:00,4,2024-10-19,Saturday,2024-10-18 19:00:00+00:00,2024-10-18 23:00:00+00:00,2024-10-18 23:00:00+00:00,2024-10-19 03:00:00+00:00,602.0,597.75,4.25,False,NO_K1,0,0,,,False,,,NO_K1,,
120,02:00,4,2024-10-20,Sunday,2024-10-19 19:00:00+00:00,2024-10-19 23:00:00+00:00,2024-10-19 23:00:00+00:00,2024-10-20 03:00:00+00:00,597.96,595.95,2.009999999999991,True,,1,0,2024-10-19 23:10:00+00:00,2024-10-19 23:15:00+00:00,False,,,BREAK_DURING_K1,2024-10-19 23:20:00+00:00,
120,02:00,4,2024-10-21,Monday,2024-10-20 19:00:00+00:00,2024-10-20 23:00:00+00:00,2024-10-20 23:00:00+00:00,2024-10-21 03:00:00+00:00,606.66,597.9,8.759999999999991,True,,1,0,2024-10-20 23:20:00+00:00,2024-10-20 23:25:00+00:00,True,2024-10-20 23:25:00+00:00,2024-10-20 23:30:00+00:00,H2_ARRIVAL,2024-10-20 23:30:00+00:00,5.0
120,02:00,4,2024-10-22,Tuesday,2024-10-21 19:00:00+00:00,2024-10-21 23:00:00+00:00,2024-10-21 23:00:00+00:00,2024-10-22 03:00:00+00:00,601.54,596.86,4.67999999999995,False,BREAK_BEFORE_K1,0,0,,,False,,,BREAK_BEFORE_K1,2024-10-22 00:30:00+00:00,
120,02:00,4,2024-10-23,Wednesday,2024-10-22 19:00:00+00:00,2024-10-22 23:00:00+00:00,2024-10-22 23:00:00+00:00,2024-10-23 03:00:00+00:00,596.64,593.05,3.590000000000032,False,BREAK_BEFORE_K1,0,0,,,False,,,BREAK_BEFORE_K1,2024-10-23 00:10:00+00:00,
120,02:00,4,2024-10-24,Thursday,2024-10-23 19:00:00+00:00,2024-10-23 23:00:00+00:00,2024-10-23 23:00:00+00:00,2024-10-24 03:00:00+00:00,584.53,577.87,6.659999999999968,True,,1,0,2024-10-23 23:05:00+00:00,2024-10-23 23:10:00+00:00,False,,,BREAK_DURING_K1,2024-10-23 23:10:00+00:00,
120,02:00,4,2024-10-25,Friday,2024-10-24 19:00:00+00:00,2024-10-24 23:00:00+00:00,2024-10-24 23:00:00+00:00,2024-10-25 03:00:00+00:00,598.23,591.96,6.269999999999982,False,NO_K1,0,0,,,False,,,NO_K1,,
120,02:00,4,2024-10-26,Saturday,2024-10-25 19:00:00+00:00,2024-10-25 23:00:00+00:00,2024-10-25 23:00:00+00:00,2024-10-26 03:00:00+00:00,586.68,580.79,5.889999999999986,False,BREAK_BEFORE_K1,0,0,,,False,,,BREAK_BEFORE_K1,2024-10-25 23:00:00+00:00,
120,02:00,4,2024-10-27,Sunday,2024-10-26 19:00:00+00:00,2024-10-26 23:00:00+00:00,2024-10-26 23:00:00+00:00,2024-10-27 03:00:00+00:00,587.1,583.32,3.7799999999999727,False,BREAK_BEFORE_K1,0,0,,,False,,,BREAK_BEFORE_K1,2024-10-26 23:10:00+00:00,
120,02:00,4,2024-10-28,Monday,2024-10-27 19:00:00+00:00,2024-10-27 23:00:00+00:00,2024-10-27 23:00:00+00:00,2024-10-28 03:00:00+00:00,590.82,585.5,5.32000000000005,False,BREAK_BEFORE_K1,0,0,,,False,,,BREAK_BEFORE_K1,2024-10-27 23:05:00+00:00,
120,02:00,4,2024-10-29,Tuesday,2024-10-28 19:00:00+00:00,2024-10-28 23:00:00+00:00,2024-10-28 23:00:00+00:00,2024-10-29 03:00:00+00:00,605.0,592.03,12.970000000000027,False,BREAK_BEFORE_K1,0,0,,,False,,,BREAK_BEFORE_K1,2024-10-29 02:05:00+00:00,
120,02:00,4,2024-10-30,Wednesday,2024-10-29 19:00:00+00:00,2024-10-29 23:00:00+00:00,2024-10-29 23:00:00+00:00,2024-10-30 03:00:00+00:00,612.0,600.69,11.309999999999945,False,OPPOSITE_VISIT_BEFORE_K1,0,1,,,False,,,OPPOSITE_VISIT_BEFORE_K1,2024-10-30 01:00:00+00:00,
120,02:00,4,2024-10-31,Thursday,2024-10-30 19:00:00+00:00,2024-10-30 23:00:00+00:00,2024-10-30 23:00:00+00:00,2024-10-31 03:00:00+00:00,600.84,595.02,5.82000000000005,False,BREAK_BEFORE_K1,0,0,,,False,,,BREAK_BEFORE_K1,2024-10-31 00:50:00+00:00,
120,02:00,4,2024-11-01,Friday,2024-10-31 19:00:00+00:00,2024-10-31 23:00:00+00:00,2024-10-31 23:00:00+00:00,2024-11-01 03:00:00+00:00,577.16,571.14,6.019999999999982,True,,1,0,2024-10-31 23:10:00+00:00,2024-10-31 23:15:00+00:00,False,,,BREAK_DURING_K1,2024-10-31 23:15:00+00:00,
120,02:00,4,2024-11-02,Saturday,2024-11-01 19:00:00+00:00,2024-11-01 23:00:00+00:00,2024-11-01 23:00:00+00:00,2024-11-02 03:00:00+00:00,573.59,567.52,6.07000000000005,False,BREAK_BEFORE_K1,0,0,,,False,,,BREAK_BEFORE_K1,2024-11-02 00:20:00+00:00,
120,02:00,4,2024-11-03,Sunday,2024-11-02 19:00:00+00:00,2024-11-02 23:00:00+00:00,2024-11-02 23:00:00+00:00,2024-11-03 03:00:00+00:00,570.64,567.62,3.019999999999982,False,BREAK_BEFORE_K1,0,0,,,False,,,BREAK_BEFORE_K1,2024-11-02 23:00:00+00:00,
120,02:00,4,2024-11-04,Monday,2024-11-03 19:00:00+00:00,2024-11-03 23:00:00+00:00,2024-11-03 23:00:00+00:00,2024-11-04 03:00:00+00:00,560.22,549.71,10.509999999999991,True,,1,0,2024-11-04 01:20:00+00:00,2024-11-04 01:25:00+00:00,True,2024-11-04 01:25:00+00:00,2024-11-04 01:30:00+00:00,H2_ARRIVAL,2024-11-04 01:30:00+00:00,5.0
120,02:00,4,2024-11-05,Tuesday,2024-11-04 19:00:00+00:00,2024-11-04 23:00:00+00:00,2024-11-04 23:00:00+00:00,2024-11-05 03:00:00+00:00,554.83,543.22,11.610000000000014,False,BREAK_BEFORE_K1,0,0,,,False,,,BREAK_BEFORE_K1,2024-11-05 00:45:00+00:00,
120,02:00,4,2024-11-06,Wednesday,2024-11-05 19:00:00+00:00,2024-11-05 23:00:00+00:00,2024-11-05 23:00:00+00:00,2024-11-06 03:00:00+00:00,569.11,559.03,10.080000000000041,False,BREAK_BEFORE_K1,0,0,,,False,,,BREAK_BEFORE_K1,2024-11-06 00:30:00+00:00,
120,02:00,4,2024-11-07,Thursday,2024-11-06 19:00:00+00:00,2024-11-06 23:00:00+00:00,2024-11-06 23:00:00+00:00,2024-11-07 03:00:00+00:00,595.35,586.09,9.259999999999991,False,BREAK_BEFORE_K1,0,0,,,False,,,BREAK_BEFORE_K1,2024-11-07 00:20:00+00:00,
120,02:00,4,2024-11-08,Friday,2024-11-07 19:00:00+00:00,2024-11-07 23:00:00+00:00,2024-11-07 23:00:00+00:00,2024-11-08 03:00:00+00:00,603.17,596.03,7.139999999999986,True,,1,0,2024-11-08 00:10:00+00:00,2024-11-08 00:15:00+00:00,False,,,BREAK_DURING_K1,2024-11-08 00:15:00+00:00,
120,02:00,4,2024-11-09,Saturday,2024-11-08 19:00:00+00:00,2024-11-08 23:00:00+00:00,2024-11-08 23:00:00+00:00,2024-11-09 03:00:00+00:00,599.29,593.13,6.159999999999968,False,BREAK_BEFORE_K1,0,0,,,False,,,BREAK_BEFORE_K1,2024-11-09 00:10:00+00:00,
120,02:00,4,2024-11-10,Sunday,2024-11-09 19:00:00+00:00,2024-11-09 23:00:00+00:00,2024-11-09 23:00:00+00:00,2024-11-10 03:00:00+00:00,625.0,614.19,10.809999999999945,False,BREAK_BEFORE_K1,0,0,,,False,,,BREAK_BEFORE_K1,2024-11-09 23:05:00+00:00,
120,02:00,4,2024-11-11,Monday,2024-11-10 19:00:00+00:00,2024-11-10 23:00:00+00:00,2024-11-10 23:00:00+00:00,2024-11-11 03:00:00+00:00,639.73,612.02,27.710000000000036,False,BREAK_BEFORE_K1,0,0,,,False,,,BREAK_BEFORE_K1,2024-11-11 00:50:00+00:00,
120,02:00,4,2024-11-12,Tuesday,2024-11-11 19:00:00+00:00,2024-11-11 23:00:00+00:00,2024-11-11 23:00:00+00:00,2024-11-12 03:00:00+00:00,643.4,628.51,14.889999999999986,True,,1,0,2024-11-11 23:05:00+00:00,2024-11-11 23:10:00+00:00,False,,,BREAK_DURING_K1,2024-11-11 23:10:00+00:00,
120,02:00,4,2024-11-13,Wednesday,2024-11-12 19:00:00+00:00,2024-11-12 23:00:00+00:00,2024-11-12 23:00:00+00:00,2024-11-13 03:00:00+00:00,635.56,622.83,12.729999999999905,False,OPPOSITE_VISIT_BEFORE_K1,0,1,,,False,,,OPPOSITE_VISIT_BEFORE_K1,2024-11-13 00:20:00+00:00,
120,02:00,4,2024-11-14,Thursday,2024-11-13 19:00:00+00:00,2024-11-13 23:00:00+00:00,2024-11-13 23:00:00+00:00,2024-11-14 03:00:00+00:00,629.32,605.0,24.32000000000005,False,NO_K1,0,0,,,False,,,NO_K1,,
120,02:00,4,2024-11-15,Friday,2024-11-14 19:00:00+00:00,2024-11-14 23:00:00+00:00,2024-11-14 23:00:00+00:00,2024-11-15 03:00:00+00:00,639.26,627.39,11.870000000000005,False,BREAK_BEFORE_K1,0,0,,,False,,,BREAK_BEFORE_K1,2024-11-14 23:05:00+00:00,
120,02:00,4,2024-11-16,Saturday,2024-11-15 19:00:00+00:00,2024-11-15 23:00:00+00:00,2024-11-15 23:00:00+00:00,2024-11-16 03:00:00+00:00,620.31,610.75,9.559999999999945,True,,1,0,2024-11-16 00:45:00+00:00,2024-11-16 00:50:00+00:00,True,2024-11-16 00:55:00+00:00,2024-11-16 01:00:00+00:00,H2_ARRIVAL,2024-11-16 01:00:00+00:00,5.0
120,02:00,4,2024-11-17,Sunday,2024-11-16 19:00:00+00:00,2024-11-16 23:00:00+00:00,2024-11-16 23:00:00+00:00,2024-11-17 03:00:00+00:00,630.99,620.6,10.389999999999986,False,OPPOSITE_VISIT_BEFORE_K1,0,1,,,False,,,OPPOSITE_VISIT_BEFORE_K1,2024-11-17 01:30:00+00:00,
120,02:00,4,2024-11-18,Monday,2024-11-17 19:00:00+00:00,2024-11-17 23:00:00+00:00,2024-11-17 23:00:00+00:00,2024-11-18 03:00:00+00:00,622.05,611.33,10.719999999999914,True,,1,0,2024-11-18 00:30:00+00:00,2024-11-18 00:35:00+00:00,False,,,BREAK_DURING_K1,2024-11-18 00:35:00+00:00,
120,02:00,4,2024-11-19,Tuesday,2024-11-18 19:00:00+00:00,2024-11-18 23:00:00+00:00,2024-11-18 23:00:00+00:00,2024-11-19 03:00:00+00:00,622.54,612.83,9.709999999999923,False,NO_K1,0,0,,,False,,,NO_K1,,
120,02:00,4,2024-11-20,Wednesday,2024-11-19 19:00:00+00:00,2024-11-19 23:00:00+00:00,2024-11-19 23:00:00+00:00,2024-11-20 03:00:00+00:00,619.81,605.47,14.339999999999918,False,NO_K1,0,0,,,False,,,NO_K1,,
120,02:00,4,2024-11-21,Thursday,2024-11-20 19:00:00+00:00,2024-11-20 23:00:00+00:00,2024-11-20 23:00:00+00:00,2024-11-21 03:00:00+00:00,613.17,600.25,12.919999999999959,False,BREAK_BEFORE_K1,0,0,,,False,,,BREAK_BEFORE_K1,2024-11-21 02:25:00+00:00,
120,02:00,4,2024-11-22,Friday,2024-11-21 19:00:00+00:00,2024-11-21 23:00:00+00:00,2024-11-21 23:00:00+00:00,2024-11-22 03:00:00+00:00,626.08,619.73,6.350000000000023,False,BREAK_BEFORE_K1,0,0,,,False,,,BREAK_BEFORE_K1,2024-11-22 00:20:00+00:00,
120,02:00,4,2024-11-23,Saturday,2024-11-22 19:00:00+00:00,2024-11-22 23:00:00+00:00,2024-11-22 23:00:00+00:00,2024-11-23 03:00:00+00:00,630.43,618.76,11.669999999999959,True,,1,0,2024-11-22 23:10:00+00:00,2024-11-22 23:15:00+00:00,True,2024-11-22 23:15:00+00:00,2024-11-22 23:20:00+00:00,H2_ARRIVAL,2024-11-22 23:30:00+00:00,15.0
120,02:00,4,2024-11-24,Sunday,2024-11-23 19:00:00+00:00,2024-11-23 23:00:00+00:00,2024-11-23 23:00:00+00:00,2024-11-24 03:00:00+00:00,659.25,642.65,16.600000000000023,False,BREAK_BEFORE_K1,0,0,,,False,,,BREAK_BEFORE_K1,2024-11-24 00:45:00+00:00,
120,02:00,4,2024-11-25,Monday,2024-11-24 19:00:00+00:00,2024-11-24 23:00:00+00:00,2024-11-24 23:00:00+00:00,2024-11-25 03:00:00+00:00,662.34,648.88,13.460000000000036,False,BREAK_BEFORE_K1,0,0,,,False,,,BREAK_BEFORE_K1,2024-11-24 23:00:00+00:00,
120,02:00,4,2024-11-26,Tuesday,2024-11-25 19:00:00+00:00,2024-11-25 23:00:00+00:00,2024-11-25 23:00:00+00:00,2024-11-26 03:00:00+00:00,647.57,627.0,20.57000000000005,False,NO_K1,0,0,,,False,,,NO_K1,,
120,02:00,4,2024-11-27,Wednesday,2024-11-26 19:00:00+00:00,2024-11-26 23:00:00+00:00,2024-11-26 23:00:00+00:00,2024-11-27 03:00:00+00:00,617.15,603.33,13.819999999999936,True,,1,0,2024-11-27 00:20:00+00:00,2024-11-27 00:25:00+00:00,True,2024-11-27 00:25:00+00:00,2024-11-27 00:30:00+00:00,H2_ARRIVAL,2024-11-27 02:45:00+00:00,140.0
120,02:00,4,2024-11-28,Thursday,2024-11-27 19:00:00+00:00,2024-11-27 23:00:00+00:00,2024-11-27 23:00:00+00:00,2024-11-28 03:00:00+00:00,647.14,636.0,11.139999999999986,True,,1,0,2024-11-28 00:45:00+00:00,2024-11-28 00:50:00+00:00,False,,,BREAK_DURING_K1,2024-11-28 00:50:00+00:00,
120,02:00,4,2024-11-29,Friday,2024-11-28 19:00:00+00:00,2024-11-28 23:00:00+00:00,2024-11-28 23:00:00+00:00,2024-11-29 03:00:00+00:00,660.0,651.84,8.159999999999968,True,,1,0,2024-11-28 23:00:00+00:00,2024-11-28 23:05:00+00:00,True,2024-11-28 23:05:00+00:00,2024-11-28 23:10:00+00:00,H2_ARRIVAL,2024-11-29 02:30:00+00:00,205.0
120,02:00,4,2024-11-30,Saturday,2024-11-29 19:00:00+00:00,2024-11-29 23:00:00+00:00,2024-11-29 23:00:00+00:00,2024-11-30 03:00:00+00:00,657.89,650.39,7.5,False,OPPOSITE_VISIT_BEFORE_K1,0,1,,,False,,,OPPOSITE_VISIT_BEFORE_K1,2024-11-30 00:40:00+00:00,
120,02:00,4,2024-12-01,Sunday,2024-11-30 19:00:00+00:00,2024-11-30 23:00:00+00:00,2024-11-30 23:00:00+00:00,2024-12-01 03:00:00+00:00,658.76,653.03,5.730000000000018,False,BREAK_BEFORE_K1,0,0,,,False,,,BREAK_BEFORE_K1,2024-12-01 00:40:00+00:00,
120,02:00,4,2024-12-02,Monday,2024-12-01 19:00:00+00:00,2024-12-01 23:00:00+00:00,2024-12-01 23:00:00+00:00,2024-12-02 03:00:00+00:00,659.22,651.91,7.310000000000059,True,,1,0,2024-12-01 23:10:00+00:00,2024-12-01 23:15:00+00:00,True,2024-12-01 23:15:00+00:00,2024-12-01 23:20:00+00:00,H2_ARRIVAL,2024-12-02 00:35:00+00:00,80.0
120,02:00,4,2024-12-03,Tuesday,2024-12-02 19:00:00+00:00,2024-12-02 23:00:00+00:00,2024-12-02 23:00:00+00:00,2024-12-03 03:00:00+00:00,643.94,634.32,9.620000000000005,False,BREAK_BEFORE_K1,0,0,,,False,,,BREAK_BEFORE_K1,2024-12-02 23:00:00+00:00,
120,02:00,4,2024-12-04,Wednesday,2024-12-03 19:00:00+00:00,2024-12-03 23:00:00+00:00,2024-12-03 23:00:00+00:00,2024-12-04 03:00:00+00:00,740.99,678.19,62.799999999999955,False,BREAK_BEFORE_K1,0,0,,,False,,,BREAK_BEFORE_K1,2024-12-03 23:00:00+00:00,
120,02:00,4,2024-12-05,Thursday,2024-12-04 19:00:00+00:00,2024-12-04 23:00:00+00:00,2024-12-04 23:00:00+00:00,2024-12-05 03:00:00+00:00,747.46,726.82,20.639999999999986,False,OPPOSITE_VISIT_BEFORE_K1,0,1,,,False,,,OPPOSITE_VISIT_BEFORE_K1,2024-12-05 00:45:00+00:00,
120,02:00,4,2024-12-06,Friday,2024-12-05 19:00:00+00:00,2024-12-05 23:00:00+00:00,2024-12-05 23:00:00+00:00,2024-12-06 03:00:00+00:00,731.3,694.48,36.819999999999936,True,,1,0,2024-12-06 00:50:00+00:00,2024-12-06 00:55:00+00:00,True,2024-12-06 01:00:00+00:00,2024-12-06 01:05:00+00:00,H2_ARRIVAL,2024-12-06 01:30:00+00:00,30.0
120,02:00,4,2024-12-07,Saturday,2024-12-06 19:00:00+00:00,2024-12-06 23:00:00+00:00,2024-12-06 23:00:00+00:00,2024-12-07 03:00:00+00:00,744.66,731.96,12.699999999999932,False,OPPOSITE_VISIT_BEFORE_K1,0,1,,,False,,,OPPOSITE_VISIT_BEFORE_K1,2024-12-06 23:15:00+00:00,
120,02:00,4,2024-12-08,Sunday,2024-12-07 19:00:00+00:00,2024-12-07 23:00:00+00:00,2024-12-07 23:00:00+00:00,2024-12-08 03:00:00+00:00,761.69,749.23,12.460000000000036,False,OPPOSITE_VISIT_BEFORE_K1,0,1,,,False,,,OPPOSITE_VISIT_BEFORE_K1,2024-12-07 23:00:00+00:00,
120,02:00,4,2024-12-09,Monday,2024-12-08 19:00:00+00:00,2024-12-08 23:00:00+00:00,2024-12-08 23:00:00+00:00,2024-12-09 03:00:00+00:00,744.25,735.23,9.019999999999982,True,,1,0,2024-12-08 23:55:00+00:00,2024-12-09 00:00:00+00:00,True,2024-12-09 00:00:00+00:00,2024-12-09 00:05:00+00:00,OPPOSITE_BREAK_BEFORE_H2,2024-12-09 00:30:00+00:00,
120,02:00,4,2024-12-10,Tuesday,2024-12-09 19:00:00+00:00,2024-12-09 23:00:00+00:00,2024-12-09 23:00:00+00:00,2024-12-10 03:00:00+00:00,721.8,633.0,88.79999999999995,False,NO_K1,0,0,,,False,,,NO_K1,,
120,02:00,4,2024-12-11,Wednesday,2024-12-10 19:00:00+00:00,2024-12-10 23:00:00+00:00,2024-12-10 23:00:00+00:00,2024-12-11 03:00:00+00:00,680.68,662.25,18.42999999999995,False,BREAK_BEFORE_K1,0,0,,,False,,,BREAK_BEFORE_K1,2024-12-11 01:25:00+00:00,
120,02:00,4,2024-12-12,Thursday,2024-12-11 19:00:00+00:00,2024-12-11 23:00:00+00:00,2024-12-11 23:00:00+00:00,2024-12-12 03:00:00+00:00,712.22,704.63,7.590000000000032,True,,1,0,2024-12-11 23:15:00+00:00,2024-12-11 23:20:00+00:00,True,2024-12-11 23:25:00+00:00,2024-12-11 23:30:00+00:00,H2_ARRIVAL,2024-12-11 23:55:00+00:00,30.0
120,02:00,4,2024-12-13,Friday,2024-12-12 19:00:00+00:00,2024-12-12 23:00:00+00:00,2024-12-12 23:00:00+00:00,2024-12-13 03:00:00+00:00,722.9,699.68,23.220000000000027,False,OPPOSITE_VISIT_BEFORE_K1,0,1,,,False,,,OPPOSITE_VISIT_BEFORE_K1,2024-12-13 01:15:00+00:00,
120,02:00,4,2024-12-14,Saturday,2024-12-13 19:00:00+00:00,2024-12-13 23:00:00+00:00,2024-12-13 23:00:00+00:00,2024-12-14 03:00:00+00:00,730.24,718.72,11.519999999999982,False,BREAK_BEFORE_K1,0,0,,,False,,,BREAK_BEFORE_K1,2024-12-14 01:20:00+00:00,
120,02:00,4,2024-12-15,Sunday,2024-12-14 19:00:00+00:00,2024-12-14 23:00:00+00:00,2024-12-14 23:00:00+00:00,2024-12-15 03:00:00+00:00,714.89,704.65,10.240000000000009,True,,1,0,2024-12-14 23:00:00+00:00,2024-12-14 23:05:00+00:00,True,2024-12-14 23:05:00+00:00,2024-12-14 23:10:00+00:00,H2_ARRIVAL,2024-12-14 23:10:00+00:00,5.0
120,02:00,4,2024-12-16,Monday,2024-12-15 19:00:00+00:00,2024-12-15 23:00:00+00:00,2024-12-15 23:00:00+00:00,2024-12-16 03:00:00+00:00,720.5,706.15,14.350000000000023,False,BREAK_BEFORE_K1,0,0,,,False,,,BREAK_BEFORE_K1,2024-12-15 23:20:00+00:00,
120,02:00,4,2024-12-17,Tuesday,2024-12-16 19:00:00+00:00,2024-12-16 23:00:00+00:00,2024-12-16 23:00:00+00:00,2024-12-17 03:00:00+00:00,730.89,723.24,7.649999999999977,False,BREAK_BEFORE_K1,0,0,,,False,,,BREAK_BEFORE_K1,2024-12-16 23:05:00+00:00,
120,02:00,4,2024-12-18,Wednesday,2024-12-17 19:00:00+00:00,2024-12-17 23:00:00+00:00,2024-12-17 23:00:00+00:00,2024-12-18 03:00:00+00:00,737.22,720.35,16.870000000000005,False,BREAK_BEFORE_K1,0,0,,,False,,,BREAK_BEFORE_K1,2024-12-17 23:00:00+00:00,
120,02:00,4,2024-12-19,Thursday,2024-12-18 19:00:00+00:00,2024-12-18 23:00:00+00:00,2024-12-18 23:00:00+00:00,2024-12-19 03:00:00+00:00,721.1,680.0,41.10000000000002,False,BREAK_BEFORE_K1,0,0,,,False,,,BREAK_BEFORE_K1,2024-12-19 02:05:00+00:00,
120,02:00,4,2024-12-20,Friday,2024-12-19 19:00:00+00:00,2024-12-19 23:00:00+00:00,2024-12-19 23:00:00+00:00,2024-12-20 03:00:00+00:00,676.0,647.59,28.409999999999968,False,BREAK_BEFORE_K1,0,0,,,False,,,BREAK_BEFORE_K1,2024-12-20 02:30:00+00:00,
120,02:00,4,2024-12-21,Saturday,2024-12-20 19:00:00+00:00,2024-12-20 23:00:00+00:00,2024-12-20 23:00:00+00:00,2024-12-21 03:00:00+00:00,678.48,664.48,14.0,False,BREAK_BEFORE_K1,0,0,,,False,,,BREAK_BEFORE_K1,2024-12-20 23:05:00+00:00,
120,02:00,4,2024-12-22,Sunday,2024-12-21 19:00:00+00:00,2024-12-21 23:00:00+00:00,2024-12-21 23:00:00+00:00,2024-12-22 03:00:00+00:00,670.45,649.64,20.81000000000006,False,NO_K1,0,0,,,False,,,NO_K1,,
120,02:00,4,2024-12-23,Monday,2024-12-22 19:00:00+00:00,2024-12-22 23:00:00+00:00,2024-12-22 23:00:00+00:00,2024-12-23 03:00:00+00:00,657.74,639.2,18.539999999999964,False,BREAK_BEFORE_K1,0,0,,,False,,,BREAK_BEFORE_K1,2024-12-23 01:15:00+00:00,
120,02:00,4,2024-12-24,Tuesday,2024-12-23 19:00:00+00:00,2024-12-23 23:00:00+00:00,2024-12-23 23:00:00+00:00,2024-12-24 03:00:00+00:00,697.92,680.82,17.09999999999991,True,,1,0,2024-12-23 23:00:00+00:00,2024-12-23 23:05:00+00:00,True,2024-12-23 23:05:00+00:00,2024-12-23 23:10:00+00:00,NO_H2_BY_END,,
120,02:00,4,2024-12-25,Wednesday,2024-12-24 19:00:00+00:00,2024-12-24 23:00:00+00:00,2024-12-24 23:00:00+00:00,2024-12-25 03:00:00+00:00,699.27,686.09,13.17999999999995,True,,1,0,2024-12-25 00:45:00+00:00,2024-12-25 00:50:00+00:00,True,2024-12-25 00:50:00+00:00,2024-12-25 00:55:00+00:00,H2_ARRIVAL,2024-12-25 01:00:00+00:00,10.0
120,02:00,4,2024-12-26,Thursday,2024-12-25 19:00:00+00:00,2024-12-25 23:00:00+00:00,2024-12-25 23:00:00+00:00,2024-12-26 03:00:00+00:00,704.85,695.51,9.340000000000032,True,,1,0,2024-12-26 01:35:00+00:00,2024-12-26 01:40:00+00:00,True,2024-12-26 01:40:00+00:00,2024-12-26 01:45:00+00:00,H2_ARRIVAL,2024-12-26 01:55:00+00:00,15.0
120,02:00,4,2024-12-27,Friday,2024-12-26 19:00:00+00:00,2024-12-26 23:00:00+00:00,2024-12-26 23:00:00+00:00,2024-12-27 03:00:00+00:00,694.45,685.04,9.410000000000082,False,NO_K1,0,0,,,False,,,NO_K1,,
120,02:00,4,2024-12-28,Saturday,2024-12-27 19:00:00+00:00,2024-12-27 23:00:00+00:00,2024-12-27 23:00:00+00:00,2024-12-28 03:00:00+00:00,696.0,686.93,9.07000000000005,True,,1,0,2024-12-28 00:55:00+00:00,2024-12-28 01:00:00+00:00,True,2024-12-28 01:05:00+00:00,2024-12-28 01:10:00+00:00,H2_ARRIVAL,2024-12-28 01:40:00+00:00,35.0
120,02:00,4,2024-12-29,Sunday,2024-12-28 19:00:00+00:00,2024-12-28 23:00:00+00:00,2024-12-28 23:00:00+00:00,2024-12-29 03:00:00+00:00,731.25,722.83,8.419999999999959,False,OPPOSITE_VISIT_BEFORE_K1,0,1,,,False,,,OPPOSITE_VISIT_BEFORE_K1,2024-12-28 23:00:00+00:00,
120,02:00,4,2024-12-30,Monday,2024-12-29 19:00:00+00:00,2024-12-29 23:00:00+00:00,2024-12-29 23:00:00+00:00,2024-12-30 03:00:00+00:00,702.0,689.67,12.330000000000041,True,,1,0,2024-12-30 01:30:00+00:00,2024-12-30 01:35:00+00:00,True,2024-12-30 01:45:00+00:00,2024-12-30 01:50:00+00:00,NO_H2_BY_END,,
120,02:00,4,2024-12-31,Tuesday,2024-12-30 19:00:00+00:00,2024-12-30 23:00:00+00:00,2024-12-30 23:00:00+00:00,2024-12-31 03:00:00+00:00,712.16,695.04,17.120000000000005,False,NO_K1,0,0,,,False,,,NO_K1,,
60,01:00,5,2022-01-02,Sunday,2022-01-01 18:00:00+00:00,2022-01-01 23:00:00+00:00,2022-01-01 23:00:00+00:00,2022-01-02 03:00:00+00:00,527.39,522.41,4.980000000000018,True,,1,0,2022-01-01 23:50:00+00:00,2022-01-01 23:55:00+00:00,False,,,BREAK_DURING_K1,2022-01-02 00:00:00+00:00,
60,01:00,5,2022-01-03,Monday,2022-01-02 18:00:00+00:00,2022-01-02 23:00:00+00:00,2022-01-02 23:00:00+00:00,2022-01-03 03:00:00+00:00,531.65,523.29,8.360000000000014,True,,1,0,2022-01-02 23:00:00+00:00,2022-01-02 23:05:00+00:00,False,,,BREAK_DURING_K1,2022-01-02 23:05:00+00:00,
60,01:00,5,2022-01-04,Tuesday,2022-01-03 18:00:00+00:00,2022-01-03 23:00:00+00:00,2022-01-03 23:00:00+00:00,2022-01-04 03:00:00+00:00,519.37,510.41,8.95999999999998,False,BREAK_BEFORE_K1,0,0,,,False,,,BREAK_BEFORE_K1,2022-01-04 00:20:00+00:00,
60,01:00,5,2022-01-05,Wednesday,2022-01-04 18:00:00+00:00,2022-01-04 23:00:00+00:00,2022-01-04 23:00:00+00:00,2022-01-05 03:00:00+00:00,515.66,505.52,10.139999999999986,False,OPPOSITE_VISIT_BEFORE_K1,0,1,,,False,,,OPPOSITE_VISIT_BEFORE_K1,2022-01-05 00:00:00+00:00,
60,01:00,5,2022-01-06,Thursday,2022-01-05 18:00:00+00:00,2022-01-05 23:00:00+00:00,2022-01-05 23:00:00+00:00,2022-01-06 03:00:00+00:00,509.68,456.2,53.48000000000002,False,NO_K1,0,0,,,False,,,NO_K1,,
60,01:00,5,2022-01-07,Friday,2022-01-06 18:00:00+00:00,2022-01-06 23:00:00+00:00,2022-01-06 23:00:00+00:00,2022-01-07 03:00:00+00:00,480.96,473.51,7.449999999999989,False,BREAK_BEFORE_K1,0,0,,,False,,,BREAK_BEFORE_K1,2022-01-06 23:45:00+00:00,
60,01:00,5,2022-01-08,Saturday,2022-01-07 18:00:00+00:00,2022-01-07 23:00:00+00:00,2022-01-07 23:00:00+00:00,2022-01-08 03:00:00+00:00,454.29,445.88,8.410000000000025,False,BREAK_BEFORE_K1,0,0,,,False,,,BREAK_BEFORE_K1,2022-01-07 23:15:00+00:00,
60,01:00,5,2022-01-09,Sunday,2022-01-08 18:00:00+00:00,2022-01-08 23:00:00+00:00,2022-01-08 23:00:00+00:00,2022-01-09 03:00:00+00:00,437.07,415.46,21.610000000000014,False,NO_K1,0,0,,,False,,,NO_K1,,
60,01:00,5,2022-01-10,Monday,2022-01-09 18:00:00+00:00,2022-01-09 23:00:00+00:00,2022-01-09 23:00:00+00:00,2022-01-10 03:00:00+00:00,444.14,438.07,6.069999999999993,False,BREAK_BEFORE_K1,0,0,,,False,,,BREAK_BEFORE_K1,2022-01-09 23:20:00+00:00,
60,01:00,5,2022-01-11,Tuesday,2022-01-10 18:00:00+00:00,2022-01-10 23:00:00+00:00,2022-01-10 23:00:00+00:00,2022-01-11 03:00:00+00:00,425.6,415.64,9.960000000000036,True,,1,0,2022-01-11 02:00:00+00:00,2022-01-11 02:05:00+00:00,False,,,BREAK_DURING_K1,2022-01-11 02:05:00+00:00,
60,01:00,5,2022-01-12,Wednesday,2022-01-11 18:00:00+00:00,2022-01-11 23:00:00+00:00,2022-01-11 23:00:00+00:00,2022-01-12 03:00:00+00:00,463.86,455.64,8.220000000000027,True,,1,0,2022-01-11 23:40:00+00:00,2022-01-11 23:45:00+00:00,True,2022-01-11 23:50:00+00:00,2022-01-11 23:55:00+00:00,H2_ARRIVAL,2022-01-12 00:00:00+00:00,10.0
60,01:00,5,2022-01-13,Thursday,2022-01-12 18:00:00+00:00,2022-01-12 23:00:00+00:00,2022-01-12 23:00:00+00:00,2022-01-13 03:00:00+00:00,488.41,482.27,6.140000000000043,True,,1,0,2022-01-13 00:05:00+00:00,2022-01-13 00:10:00+00:00,True,2022-01-13 00:10:00+00:00,2022-01-13 00:15:00+00:00,OPPOSITE_BREAK_BEFORE_H2,2022-01-13 00:55:00+00:00,
60,01:00,5,2022-01-14,Friday,2022-01-13 18:00:00+00:00,2022-01-13 23:00:00+00:00,2022-01-13 23:00:00+00:00,2022-01-14 03:00:00+00:00,479.31,468.62,10.689999999999998,True,,1,0,2022-01-14 00:45:00+00:00,2022-01-14 00:50:00+00:00,False,,,BREAK_DURING_K1,2022-01-14 00:50:00+00:00,
60,01:00,5,2022-01-15,Saturday,2022-01-14 18:00:00+00:00,2022-01-14 23:00:00+00:00,2022-01-14 23:00:00+00:00,2022-01-15 03:00:00+00:00,492.28,478.15,14.129999999999995,True,,1,0,2022-01-15 00:00:00+00:00,2022-01-15 00:05:00+00:00,True,2022-01-15 00:05:00+00:00,2022-01-15 00:10:00+00:00,NO_H2_BY_END,,
60,01:00,5,2022-01-16,Sunday,2022-01-15 18:00:00+00:00,2022-01-15 23:00:00+00:00,2022-01-15 23:00:00+00:00,2022-01-16 03:00:00+00:00,499.45,493.0,6.449999999999989,False,BREAK_BEFORE_K1,0,0,,,False,,,BREAK_BEFORE_K1,2022-01-16 00:00:00+00:00,
60,01:00,5,2022-01-17,Monday,2022-01-16 18:00:00+00:00,2022-01-16 23:00:00+00:00,2022-01-16 23:00:00+00:00,2022-01-17 03:00:00+00:00,500.74,496.6,4.139999999999986,False,OPPOSITE_VISIT_BEFORE_K1,0,1,,,False,,,OPPOSITE_VISIT_BEFORE_K1,2022-01-17 00:00:00+00:00,
60,01:00,5,2022-01-18,Tuesday,2022-01-17 18:00:00+00:00,2022-01-17 23:00:00+00:00,2022-01-17 23:00:00+00:00,2022-01-18 03:00:00+00:00,477.89,466.47,11.419999999999959,False,BREAK_BEFORE_K1,0,0,,,False,,,BREAK_BEFORE_K1,2022-01-18 01:10:00+00:00,
60,01:00,5,2022-01-19,Wednesday,2022-01-18 18:00:00+00:00,2022-01-18 23:00:00+00:00,2022-01-18 23:00:00+00:00,2022-01-19 03:00:00+00:00,473.59,457.3,16.289999999999964,False,NO_K1,0,0,,,False,,,NO_K1,,
60,01:00,5,2022-01-20,Thursday,2022-01-19 18:00:00+00:00,2022-01-19 23:00:00+00:00,2022-01-19 23:00:00+00:00,2022-01-20 03:00:00+00:00,472.3,464.67,7.6299999999999955,False,BREAK_BEFORE_K1,0,0,,,False,,,BREAK_BEFORE_K1,2022-01-19 23:45:00+00:00,
60,01:00,5,2022-01-21,Friday,2022-01-20 18:00:00+00:00,2022-01-20 23:00:00+00:00,2022-01-20 23:00:00+00:00,2022-01-21 03:00:00+00:00,467.91,444.15,23.760000000000048,False,BREAK_BEFORE_K1,0,0,,,False,,,BREAK_BEFORE_K1,2022-01-20 23:15:00+00:00,
60,01:00,5,2022-01-22,Saturday,2022-01-21 18:00:00+00:00,2022-01-21 23:00:00+00:00,2022-01-21 23:00:00+00:00,2022-01-22 03:00:00+00:00,422.21,373.11,49.099999999999966,False,NO_K1,0,0,,,False,,,NO_K1,,
60,01:00,5,2022-01-23,Sunday,2022-01-22 18:00:00+00:00,2022-01-22 23:00:00+00:00,2022-01-22 23:00:00+00:00,2022-01-23 03:00:00+00:00,366.46,346.0,20.45999999999998,False,BREAK_BEFORE_K1,0,0,,,False,,,BREAK_BEFORE_K1,2022-01-23 00:50:00+00:00,
60,01:00,5,2022-01-24,Monday,2022-01-23 18:00:00+00:00,2022-01-23 23:00:00+00:00,2022-01-23 23:00:00+00:00,2022-01-24 03:00:00+00:00,375.35,363.12,12.230000000000018,False,BREAK_BEFORE_K1,0,0,,,False,,,BREAK_BEFORE_K1,2022-01-23 23:05:00+00:00,
60,01:00,5,2022-01-25,Tuesday,2022-01-24 18:00:00+00:00,2022-01-24 23:00:00+00:00,2022-01-24 23:00:00+00:00,2022-01-25 03:00:00+00:00,376.33,354.18,22.149999999999977,False,NO_K1,0,0,,,False,,,NO_K1,,
60,01:00,5,2022-01-26,Wednesday,2022-01-25 18:00:00+00:00,2022-01-25 23:00:00+00:00,2022-01-25 23:00:00+00:00,2022-01-26 03:00:00+00:00,387.9,376.73,11.169999999999959,False,NO_K1,0,0,,,False,,,NO_K1,,
60,01:00,5,2022-01-27,Thursday,2022-01-26 18:00:00+00:00,2022-01-26 23:00:00+00:00,2022-01-26 23:00:00+00:00,2022-01-27 03:00:00+00:00,402.42,366.0,36.420000000000016,False,BREAK_BEFORE_K1,0,0,,,False,,,BREAK_BEFORE_K1,2022-01-27 02:05:00+00:00,
60,01:00,5,2022-01-28,Friday,2022-01-27 18:00:00+00:00,2022-01-27 23:00:00+00:00,2022-01-27 23:00:00+00:00,2022-01-28 03:00:00+00:00,392.88,359.63,33.25,True,,1,0,2022-01-28 00:05:00+00:00,2022-01-28 00:10:00+00:00,True,2022-01-28 00:10:00+00:00,2022-01-28 00:15:00+00:00,NO_H2_BY_END,,
60,01:00,5,2022-01-29,Saturday,2022-01-28 18:00:00+00:00,2022-01-28 23:00:00+00:00,2022-01-28 23:00:00+00:00,2022-01-29 03:00:00+00:00,392.0,381.58,10.420000000000016,False,NO_K1,0,0,,,False,,,NO_K1,,
60,01:00,5,2022-01-30,Sunday,2022-01-29 18:00:00+00:00,2022-01-29 23:00:00+00:00,2022-01-29 23:00:00+00:00,2022-01-30 03:00:00+00:00,392.57,382.87,9.699999999999989,False,NO_K1,0,0,,,False,,,NO_K1,,
60,01:00,5,2022-01-31,Monday,2022-01-30 18:00:00+00:00,2022-01-30 23:00:00+00:00,2022-01-30 23:00:00+00:00,2022-01-31 03:00:00+00:00,381.25,372.13,9.120000000000005,False,BREAK_BEFORE_K1,0,0,,,False,,,BREAK_BEFORE_K1,2022-01-31 00:40:00+00:00,
60,01:00,5,2022-02-01,Tuesday,2022-01-31 18:00:00+00:00,2022-01-31 23:00:00+00:00,2022-01-31 23:00:00+00:00,2022-02-01 03:00:00+00:00,385.01,375.73,9.279999999999973,False,BREAK_BEFORE_K1,0,0,,,False,,,BREAK_BEFORE_K1,2022-01-31 23:20:00+00:00,
60,01:00,5,2022-02-02,Wednesday,2022-02-01 18:00:00+00:00,2022-02-01 23:00:00+00:00,2022-02-01 23:00:00+00:00,2022-02-02 03:00:00+00:00,387.34,382.28,5.060000000000002,False,BREAK_BEFORE_K1,0,0,,,False,,,BREAK_BEFORE_K1,2022-02-02 00:30:00+00:00,
60,01:00,5,2022-02-03,Thursday,2022-02-02 18:00:00+00:00,2022-02-02 23:00:00+00:00,2022-02-02 23:00:00+00:00,2022-02-03 03:00:00+00:00,376.99,366.1,10.889999999999986,False,OPPOSITE_VISIT_BEFORE_K1,0,1,,,False,,,OPPOSITE_VISIT_BEFORE_K1,2022-02-02 23:50:00+00:00,
60,01:00,5,2022-02-04,Friday,2022-02-03 18:00:00+00:00,2022-02-03 23:00:00+00:00,2022-02-03 23:00:00+00:00,2022-02-04 03:00:00+00:00,370.62,361.56,9.060000000000002,False,BREAK_BEFORE_K1,0,0,,,False,,,BREAK_BEFORE_K1,2022-02-03 23:55:00+00:00,
60,01:00,5,2022-02-05,Saturday,2022-02-04 18:00:00+00:00,2022-02-04 23:00:00+00:00,2022-02-04 23:00:00+00:00,2022-02-05 03:00:00+00:00,398.19,390.36,7.829999999999984,False,BREAK_BEFORE_K1,0,0,,,False,,,BREAK_BEFORE_K1,2022-02-04 23:45:00+00:00,
60,01:00,5,2022-02-06,Sunday,2022-02-05 18:00:00+00:00,2022-02-05 23:00:00+00:00,2022-02-05 23:00:00+00:00,2022-02-06 03:00:00+00:00,416.89,409.85,7.039999999999964,True,,1,0,2022-02-06 01:00:00+00:00,2022-02-06 01:05:00+00:00,False,,,BREAK_DURING_K1,2022-02-06 01:05:00+00:00,
60,01:00,5,2022-02-07,Monday,2022-02-06 18:00:00+00:00,2022-02-06 23:00:00+00:00,2022-02-06 23:00:00+00:00,2022-02-07 03:00:00+00:00,414.98,410.17,4.810000000000002,True,,1,0,2022-02-06 23:10:00+00:00,2022-02-06 23:15:00+00:00,False,,,BREAK_DURING_K1,2022-02-06 23:15:00+00:00,
60,01:00,5,2022-02-08,Tuesday,2022-02-07 18:00:00+00:00,2022-02-07 23:00:00+00:00,2022-02-07 23:00:00+00:00,2022-02-08 03:00:00+00:00,438.39,432.24,6.149999999999977,False,OPPOSITE_VISIT_BEFORE_K1,0,1,,,False,,,OPPOSITE_VISIT_BEFORE_K1,2022-02-07 23:25:00+00:00,
60,01:00,5,2022-02-09,Wednesday,2022-02-08 18:00:00+00:00,2022-02-08 23:00:00+00:00,2022-02-08 23:00:00+00:00,2022-02-09 03:00:00+00:00,417.42,406.26,11.160000000000025,False,NO_K1,0,0,,,False,,,NO_K1,,
60,01:00,5,2022-02-10,Thursday,2022-02-09 18:00:00+00:00,2022-02-09 23:00:00+00:00,2022-02-09 23:00:00+00:00,2022-02-10 03:00:00+00:00,427.49,419.75,7.740000000000009,False,OPPOSITE_VISIT_BEFORE_K1,0,1,,,False,,,OPPOSITE_VISIT_BEFORE_K1,2022-02-10 00:15:00+00:00,
60,01:00,5,2022-02-11,Friday,2022-02-10 18:00:00+00:00,2022-02-10 23:00:00+00:00,2022-02-10 23:00:00+00:00,2022-02-11 03:00:00+00:00,428.53,414.77,13.759999999999991,False,OPPOSITE_VISIT_BEFORE_K1,0,1,,,False,,,OPPOSITE_VISIT_BEFORE_K1,2022-02-10 23:30:00+00:00,
60,01:00,5,2022-02-12,Saturday,2022-02-11 18:00:00+00:00,2022-02-11 23:00:00+00:00,2022-02-11 23:00:00+00:00,2022-02-12 03:00:00+00:00,414.0,392.5,21.5,False,NO_K1,0,0,,,False,,,NO_K1,,
60,01:00,5,2022-02-13,Sunday,2022-02-12 18:00:00+00:00,2022-02-12 23:00:00+00:00,2022-02-12 23:00:00+00:00,2022-02-13 03:00:00+00:00,406.99,397.5,9.490000000000009,False,NO_K1,0,0,,,False,,,NO_K1,,
60,01:00,5,2022-02-14,Monday,2022-02-13 18:00:00+00:00,2022-02-13 23:00:00+00:00,2022-02-13 23:00:00+00:00,2022-02-14 03:00:00+00:00,400.96,394.38,6.579999999999984,False,BREAK_BEFORE_K1,0,0,,,False,,,BREAK_BEFORE_K1,2022-02-14 01:25:00+00:00,
60,01:00,5,2022-02-15,Tuesday,2022-02-14 18:00:00+00:00,2022-02-14 23:00:00+00:00,2022-02-14 23:00:00+00:00,2022-02-15 03:00:00+00:00,403.86,395.62,8.240000000000009,True,,1,0,2022-02-14 23:00:00+00:00,2022-02-14 23:05:00+00:00,True,2022-02-14 23:05:00+00:00,2022-02-14 23:10:00+00:00,H2_ARRIVAL,2022-02-15 00:00:00+00:00,55.0
60,01:00,5,2022-02-16,Wednesday,2022-02-15 18:00:00+00:00,2022-02-15 23:00:00+00:00,2022-02-15 23:00:00+00:00,2022-02-16 03:00:00+00:00,432.77,422.33,10.439999999999998,False,BREAK_BEFORE_K1,0,0,,,False,,,BREAK_BEFORE_K1,2022-02-15 23:35:00+00:00,
60,01:00,5,2022-02-17,Thursday,2022-02-16 18:00:00+00:00,2022-02-16 23:00:00+00:00,2022-02-16 23:00:00+00:00,2022-02-17 03:00:00+00:00,432.0,423.35,8.649999999999977,False,NO_K1,0,0,,,False,,,NO_K1,,
60,01:00,5,2022-02-18,Friday,2022-02-17 18:00:00+00:00,2022-02-17 23:00:00+00:00,2022-02-17 23:00:00+00:00,2022-02-18 03:00:00+00:00,413.27,399.52,13.75,False,OPPOSITE_VISIT_BEFORE_K1,0,1,,,False,,,OPPOSITE_VISIT_BEFORE_K1,2022-02-18 00:00:00+00:00,
60,01:00,5,2022-02-19,Saturday,2022-02-18 18:00:00+00:00,2022-02-18 23:00:00+00:00,2022-02-18 23:00:00+00:00,2022-02-19 03:00:00+00:00,399.91,394.04,5.8700000000000045,True,,1,0,2022-02-18 23:45:00+00:00,2022-02-18 23:50:00+00:00,True,2022-02-18 23:55:00+00:00,2022-02-19 00:00:00+00:00,H2_ARRIVAL,2022-02-19 00:20:00+00:00,25.0
60,01:00,5,2022-02-20,Sunday,2022-02-19 18:00:00+00:00,2022-02-19 23:00:00+00:00,2022-02-19 23:00:00+00:00,2022-02-20 03:00:00+00:00,401.48,395.56,5.920000000000016,False,OPPOSITE_VISIT_BEFORE_K1,0,1,,,False,,,OPPOSITE_VISIT_BEFORE_K1,2022-02-20 00:50:00+00:00,
60,01:00,5,2022-02-21,Monday,2022-02-20 18:00:00+00:00,2022-02-20 23:00:00+00:00,2022-02-20 23:00:00+00:00,2022-02-21 03:00:00+00:00,384.89,377.37,7.519999999999982,True,,1,0,2022-02-20 23:00:00+00:00,2022-02-20 23:05:00+00:00,False,,,BREAK_DURING_K1,2022-02-20 23:05:00+00:00,
60,01:00,5,2022-02-22,Tuesday,2022-02-21 18:00:00+00:00,2022-02-21 23:00:00+00:00,2022-02-21 23:00:00+00:00,2022-02-22 03:00:00+00:00,375.79,359.53,16.260000000000048,False,OPPOSITE_VISIT_BEFORE_K1,0,1,,,False,,,OPPOSITE_VISIT_BEFORE_K1,2022-02-21 23:15:00+00:00,
60,01:00,5,2022-02-23,Wednesday,2022-02-22 18:00:00+00:00,2022-02-22 23:00:00+00:00,2022-02-22 23:00:00+00:00,2022-02-23 03:00:00+00:00,373.52,362.88,10.639999999999986,False,BREAK_BEFORE_K1,0,0,,,False,,,BREAK_BEFORE_K1,2022-02-22 23:40:00+00:00,
60,01:00,5,2022-02-24,Thursday,2022-02-23 18:00:00+00:00,2022-02-23 23:00:00+00:00,2022-02-23 23:00:00+00:00,2022-02-24 03:00:00+00:00,377.78,365.88,11.899999999999977,False,BREAK_BEFORE_K1,0,0,,,False,,,BREAK_BEFORE_K1,2022-02-23 23:15:00+00:00,
60,01:00,5,2022-02-25,Friday,2022-02-24 18:00:00+00:00,2022-02-24 23:00:00+00:00,2022-02-24 23:00:00+00:00,2022-02-25 03:00:00+00:00,370.77,342.66,28.109999999999957,False,NO_K1,0,0,,,False,,,NO_K1,,
60,01:00,5,2022-02-26,Saturday,2022-02-25 18:00:00+00:00,2022-02-25 23:00:00+00:00,2022-02-25 23:00:00+00:00,2022-02-26 03:00:00+00:00,375.0,362.78,12.220000000000027,False,BREAK_BEFORE_K1,0,0,,,False,,,BREAK_BEFORE_K1,2022-02-25 23:00:00+00:00,
60,01:00,5,2022-02-27,Sunday,2022-02-26 18:00:00+00:00,2022-02-26 23:00:00+00:00,2022-02-26 23:00:00+00:00,2022-02-27 03:00:00+00:00,378.23,370.05,8.180000000000007,False,BREAK_BEFORE_K1,0,0,,,False,,,BREAK_BEFORE_K1,2022-02-27 00:30:00+00:00,
60,01:00,5,2022-02-28,Monday,2022-02-27 18:00:00+00:00,2022-02-27 23:00:00+00:00,2022-02-27 23:00:00+00:00,2022-02-28 03:00:00+00:00,371.78,357.87,13.909999999999968,False,BREAK_BEFORE_K1,0,0,,,False,,,BREAK_BEFORE_K1,2022-02-28 00:20:00+00:00,
60,01:00,5,2022-03-01,Tuesday,2022-02-28 18:00:00+00:00,2022-02-28 23:00:00+00:00,2022-02-28 23:00:00+00:00,2022-03-01 03:00:00+00:00,397.37,381.77,15.600000000000023,False,BREAK_BEFORE_K1,0,0,,,False,,,BREAK_BEFORE_K1,2022-03-01 00:00:00+00:00,
60,01:00,5,2022-03-02,Wednesday,2022-03-01 18:00:00+00:00,2022-03-01 23:00:00+00:00,2022-03-01 23:00:00+00:00,2022-03-02 03:00:00+00:00,409.63,401.12,8.509999999999991,True,,1,0,2022-03-02 00:00:00+00:00,2022-03-02 00:05:00+00:00,True,2022-03-02 00:10:00+00:00,2022-03-02 00:15:00+00:00,H2_ARRIVAL,2022-03-02 01:00:00+00:00,50.0
60,01:00,5,2022-03-03,Thursday,2022-03-02 18:00:00+00:00,2022-03-02 23:00:00+00:00,2022-03-02 23:00:00+00:00,2022-03-03 03:00:00+00:00,410.56,404.73,5.829999999999984,False,BREAK_BEFORE_K1,0,0,,,False,,,BREAK_BEFORE_K1,2022-03-03 01:00:00+00:00,
60,01:00,5,2022-03-04,Friday,2022-03-03 18:00:00+00:00,2022-03-03 23:00:00+00:00,2022-03-03 23:00:00+00:00,2022-03-04 03:00:00+00:00,402.88,397.34,5.5400000000000205,False,BREAK_BEFORE_K1,0,0,,,False,,,BREAK_BEFORE_K1,2022-03-03 23:15:00+00:00,
60,01:00,5,2022-03-05,Saturday,2022-03-04 18:00:00+00:00,2022-03-04 23:00:00+00:00,2022-03-04 23:00:00+00:00,2022-03-05 03:00:00+00:00,390.0,371.5,18.5,False,BREAK_BEFORE_K1,0,0,,,False,,,BREAK_BEFORE_K1,2022-03-05 00:05:00+00:00,
60,01:00,5,2022-03-06,Sunday,2022-03-05 18:00:00+00:00,2022-03-05 23:00:00+00:00,2022-03-05 23:00:00+00:00,2022-03-06 03:00:00+00:00,387.22,378.34,8.880000000000052,False,NO_K1,0,0,,,False,,,NO_K1,,
60,01:00,5,2022-03-07,Monday,2022-03-06 18:00:00+00:00,2022-03-06 23:00:00+00:00,2022-03-06 23:00:00+00:00,2022-03-07 03:00:00+00:00,382.79,376.17,6.6200000000000045,False,OPPOSITE_VISIT_BEFORE_K1,0,1,,,False,,,OPPOSITE_VISIT_BEFORE_K1,2022-03-06 23:15:00+00:00,
60,01:00,5,2022-03-08,Tuesday,2022-03-07 18:00:00+00:00,2022-03-07 23:00:00+00:00,2022-03-07 23:00:00+00:00,2022-03-08 03:00:00+00:00,385.62,362.36,23.25999999999999,False,NO_K1,0,0,,,False,,,NO_K1,,
60,01:00,5,2022-03-09,Wednesday,2022-03-08 18:00:00+00:00,2022-03-08 23:00:00+00:00,2022-03-08 23:00:00+00:00,2022-03-09 03:00:00+00:00,387.39,378.68,8.70999999999998,False,BREAK_BEFORE_K1,0,0,,,False,,,BREAK_BEFORE_K1,2022-03-09 02:10:00+00:00,
60,01:00,5,2022-03-10,Thursday,2022-03-09 18:00:00+00:00,2022-03-09 23:00:00+00:00,2022-03-09 23:00:00+00:00,2022-03-10 03:00:00+00:00,394.92,390.17,4.75,False,BREAK_BEFORE_K1,0,0,,,False,,,BREAK_BEFORE_K1,2022-03-10 01:40:00+00:00,
60,01:00,5,2022-03-11,Friday,2022-03-10 18:00:00+00:00,2022-03-10 23:00:00+00:00,2022-03-10 23:00:00+00:00,2022-03-11 03:00:00+00:00,372.4,366.23,6.169999999999959,True,,1,0,2022-03-10 23:00:00+00:00,2022-03-10 23:05:00+00:00,False,,,BREAK_DURING_K1,2022-03-10 23:05:00+00:00,
60,01:00,5,2022-03-12,Saturday,2022-03-11 18:00:00+00:00,2022-03-11 23:00:00+00:00,2022-03-11 23:00:00+00:00,2022-03-12 03:00:00+00:00,374.77,368.25,6.519999999999982,False,BREAK_BEFORE_K1,0,0,,,False,,,BREAK_BEFORE_K1,2022-03-12 00:25:00+00:00,
60,01:00,5,2022-03-13,Sunday,2022-03-12 18:00:00+00:00,2022-03-12 23:00:00+00:00,2022-03-12 23:00:00+00:00,2022-03-13 03:00:00+00:00,377.19,374.24,2.9499999999999886,False,BREAK_BEFORE_K1,0,0,,,False,,,BREAK_BEFORE_K1,2022-03-12 23:15:00+00:00,
60,01:00,5,2022-03-14,Monday,2022-03-13 18:00:00+00:00,2022-03-13 23:00:00+00:00,2022-03-13 23:00:00+00:00,2022-03-14 03:00:00+00:00,373.42,361.01,12.410000000000025,False,OPPOSITE_VISIT_BEFORE_K1,0,1,,,False,,,OPPOSITE_VISIT_BEFORE_K1,2022-03-13 23:00:00+00:00,
60,01:00,5,2022-03-15,Tuesday,2022-03-14 18:00:00+00:00,2022-03-14 23:00:00+00:00,2022-03-14 23:00:00+00:00,2022-03-15 03:00:00+00:00,371.65,363.42,8.229999999999961,False,BREAK_BEFORE_K1,0,0,,,False,,,BREAK_BEFORE_K1,2022-03-14 23:10:00+00:00,
60,01:00,5,2022-03-16,Wednesday,2022-03-15 18:00:00+00:00,2022-03-15 23:00:00+00:00,2022-03-15 23:00:00+00:00,2022-03-16 03:00:00+00:00,374.46,369.94,4.519999999999982,False,OPPOSITE_VISIT_BEFORE_K1,0,1,,,False,,,OPPOSITE_VISIT_BEFORE_K1,2022-03-15 23:20:00+00:00,
60,01:00,5,2022-03-17,Thursday,2022-03-16 18:00:00+00:00,2022-03-16 23:00:00+00:00,2022-03-16 23:00:00+00:00,2022-03-17 03:00:00+00:00,386.6,371.45,15.150000000000034,False,NO_K1,0,0,,,False,,,NO_K1,,
60,01:00,5,2022-03-18,Friday,2022-03-17 18:00:00+00:00,2022-03-17 23:00:00+00:00,2022-03-17 23:00:00+00:00,2022-03-18 03:00:00+00:00,391.37,386.98,4.389999999999986,True,,1,0,2022-03-17 23:00:00+00:00,2022-03-17 23:05:00+00:00,True,2022-03-17 23:05:00+00:00,2022-03-17 23:10:00+00:00,H2_ARRIVAL,2022-03-17 23:30:00+00:00,25.0
60,01:00,5,2022-03-19,Saturday,2022-03-18 18:00:00+00:00,2022-03-18 23:00:00+00:00,2022-03-18 23:00:00+00:00,2022-03-19 03:00:00+00:00,400.3,395.23,5.069999999999993,True,,1,0,2022-03-19 01:55:00+00:00,2022-03-19 02:00:00+00:00,True,2022-03-19 02:00:00+00:00,2022-03-19 02:05:00+00:00,NO_H2_BY_END,,
60,01:00,5,2022-03-20,Sunday,2022-03-19 18:00:00+00:00,2022-03-19 23:00:00+00:00,2022-03-19 23:00:00+00:00,2022-03-20 03:00:00+00:00,402.54,395.6,6.939999999999998,False,BREAK_BEFORE_K1,0,0,,,False,,,BREAK_BEFORE_K1,2022-03-20 01:15:00+00:00,
60,01:00,5,2022-03-21,Monday,2022-03-20 18:00:00+00:00,2022-03-20 23:00:00+00:00,2022-03-20 23:00:00+00:00,2022-03-21 03:00:00+00:00,394.23,386.55,7.680000000000007,False,BREAK_BEFORE_K1,0,0,,,False,,,BREAK_BEFORE_K1,2022-03-21 02:30:00+00:00,
60,01:00,5,2022-03-22,Tuesday,2022-03-21 18:00:00+00:00,2022-03-21 23:00:00+00:00,2022-03-21 23:00:00+00:00,2022-03-22 03:00:00+00:00,397.92,395.75,2.170000000000016,False,OPPOSITE_VISIT_BEFORE_K1,0,1,,,False,,,OPPOSITE_VISIT_BEFORE_K1,2022-03-21 23:20:00+00:00,
60,01:00,5,2022-03-23,Wednesday,2022-03-22 18:00:00+00:00,2022-03-22 23:00:00+00:00,2022-03-22 23:00:00+00:00,2022-03-23 03:00:00+00:00,407.0,402.0,5.0,False,OPPOSITE_VISIT_BEFORE_K1,0,1,,,False,,,OPPOSITE_VISIT_BEFORE_K1,2022-03-23 01:00:00+00:00,
60,01:00,5,2022-03-24,Thursday,2022-03-23 18:00:00+00:00,2022-03-23 23:00:00+00:00,2022-03-23 23:00:00+00:00,2022-03-24 03:00:00+00:00,407.0,402.01,4.990000000000009,False,BREAK_BEFORE_K1,0,0,,,False,,,BREAK_BEFORE_K1,2022-03-23 23:25:00+00:00,
60,01:00,5,2022-03-25,Friday,2022-03-24 18:00:00+00:00,2022-03-24 23:00:00+00:00,2022-03-24 23:00:00+00:00,2022-03-25 03:00:00+00:00,415.57,412.61,2.9599999999999795,False,BREAK_BEFORE_K1,0,0,,,False,,,BREAK_BEFORE_K1,2022-03-25 00:15:00+00:00,
60,01:00,5,2022-03-26,Saturday,2022-03-25 18:00:00+00:00,2022-03-25 23:00:00+00:00,2022-03-25 23:00:00+00:00,2022-03-26 03:00:00+00:00,412.86,408.2,4.660000000000025,False,OPPOSITE_VISIT_BEFORE_K1,0,1,,,False,,,OPPOSITE_VISIT_BEFORE_K1,2022-03-26 01:00:00+00:00,
60,01:00,5,2022-03-27,Sunday,2022-03-26 18:00:00+00:00,2022-03-26 23:00:00+00:00,2022-03-26 23:00:00+00:00,2022-03-27 03:00:00+00:00,416.29,412.81,3.480000000000018,True,,1,0,2022-03-27 00:20:00+00:00,2022-03-27 00:25:00+00:00,True,2022-03-27 00:25:00+00:00,2022-03-27 00:30:00+00:00,H2_ARRIVAL,2022-03-27 00:30:00+00:00,5.0
60,01:00,5,2022-03-28,Monday,2022-03-27 18:00:00+00:00,2022-03-27 23:00:00+00:00,2022-03-27 23:00:00+00:00,2022-03-28 03:00:00+00:00,431.72,416.0,15.720000000000027,False,BREAK_BEFORE_K1,0,0,,,False,,,BREAK_BEFORE_K1,2022-03-28 00:30:00+00:00,
60,01:00,5,2022-03-29,Tuesday,2022-03-28 18:00:00+00:00,2022-03-28 23:00:00+00:00,2022-03-28 23:00:00+00:00,2022-03-29 03:00:00+00:00,440.72,432.12,8.600000000000023,False,BREAK_BEFORE_K1,0,0,,,False,,,BREAK_BEFORE_K1,2022-03-28 23:15:00+00:00,
60,01:00,5,2022-03-30,Wednesday,2022-03-29 18:00:00+00:00,2022-03-29 23:00:00+00:00,2022-03-29 23:00:00+00:00,2022-03-30 03:00:00+00:00,437.85,429.49,8.360000000000014,False,BREAK_BEFORE_K1,0,0,,,False,,,BREAK_BEFORE_K1,2022-03-30 01:40:00+00:00,
60,01:00,5,2022-03-31,Thursday,2022-03-30 18:00:00+00:00,2022-03-30 23:00:00+00:00,2022-03-30 23:00:00+00:00,2022-03-31 03:00:00+00:00,449.75,441.19,8.560000000000002,False,BREAK_BEFORE_K1,0,0,,,False,,,BREAK_BEFORE_K1,2022-03-31 00:00:00+00:00,
60,01:00,5,2022-04-01,Friday,2022-03-31 18:00:00+00:00,2022-03-31 23:00:00+00:00,2022-03-31 23:00:00+00:00,2022-04-01 03:00:00+00:00,431.83,425.84,5.990000000000009,False,OPPOSITE_VISIT_BEFORE_K1,0,1,,,False,,,OPPOSITE_VISIT_BEFORE_K1,2022-03-31 23:45:00+00:00,
60,01:00,5,2022-04-02,Saturday,2022-04-01 18:00:00+00:00,2022-04-01 23:00:00+00:00,2022-04-01 23:00:00+00:00,2022-04-02 03:00:00+00:00,447.08,442.43,4.649999999999977,False,BREAK_BEFORE_K1,0,0,,,False,,,BREAK_BEFORE_K1,2022-04-01 23:55:00+00:00,
60,01:00,5,2022-04-03,Sunday,2022-04-02 18:00:00+00:00,2022-04-02 23:00:00+00:00,2022-04-02 23:00:00+00:00,2022-04-03 03:00:00+00:00,445.3,438.45,6.850000000000023,False,OPPOSITE_VISIT_BEFORE_K1,0,1,,,False,,,OPPOSITE_VISIT_BEFORE_K1,2022-04-02 23:25:00+00:00,
60,01:00,5,2022-04-04,Monday,2022-04-03 18:00:00+00:00,2022-04-03 23:00:00+00:00,2022-04-03 23:00:00+00:00,2022-04-04 03:00:00+00:00,455.9,446.32,9.579999999999984,False,BREAK_BEFORE_K1,0,0,,,False,,,BREAK_BEFORE_K1,2022-04-04 00:15:00+00:00,
60,01:00,5,2022-04-05,Tuesday,2022-04-04 18:00:00+00:00,2022-04-04 23:00:00+00:00,2022-04-04 23:00:00+00:00,2022-04-05 03:00:00+00:00,448.93,433.39,15.54000000000002,False,BREAK_BEFORE_K1,0,0,,,False,,,BREAK_BEFORE_K1,2022-04-04 23:15:00+00:00,
60,01:00,5,2022-04-06,Wednesday,2022-04-05 18:00:00+00:00,2022-04-05 23:00:00+00:00,2022-04-05 23:00:00+00:00,2022-04-06 03:00:00+00:00,451.44,446.0,5.439999999999998,False,BREAK_BEFORE_K1,0,0,,,False,,,BREAK_BEFORE_K1,2022-04-05 23:45:00+00:00,
60,01:00,5,2022-04-07,Thursday,2022-04-06 18:00:00+00:00,2022-04-06 23:00:00+00:00,2022-04-06 23:00:00+00:00,2022-04-07 03:00:00+00:00,428.0,418.07,9.930000000000007,False,BREAK_BEFORE_K1,0,0,,,False,,,BREAK_BEFORE_K1,2022-04-07 00:50:00+00:00,
60,01:00,5,2022-04-08,Friday,2022-04-07 18:00:00+00:00,2022-04-07 23:00:00+00:00,2022-04-07 23:00:00+00:00,2022-04-08 03:00:00+00:00,438.43,433.72,4.7099999999999795,True,,1,0,2022-04-08 00:10:00+00:00,2022-04-08 00:15:00+00:00,True,2022-04-08 00:20:00+00:00,2022-04-08 00:25:00+00:00,H2_ARRIVAL,2022-04-08 01:30:00+00:00,70.0
60,01:00,5,2022-04-09,Saturday,2022-04-08 18:00:00+00:00,2022-04-08 23:00:00+00:00,2022-04-08 23:00:00+00:00,2022-04-09 03:00:00+00:00,430.67,421.31,9.360000000000014,False,OPPOSITE_VISIT_BEFORE_K1,0,1,,,False,,,OPPOSITE_VISIT_BEFORE_K1,2022-04-08 23:00:00+00:00,
60,01:00,5,2022-04-10,Sunday,2022-04-09 18:00:00+00:00,2022-04-09 23:00:00+00:00,2022-04-09 23:00:00+00:00,2022-04-10 03:00:00+00:00,424.34,420.37,3.9699999999999704,False,BREAK_BEFORE_K1,0,0,,,False,,,BREAK_BEFORE_K1,2022-04-09 23:30:00+00:00,
60,01:00,5,2022-04-11,Monday,2022-04-10 18:00:00+00:00,2022-04-10 23:00:00+00:00,2022-04-10 23:00:00+00:00,2022-04-11 03:00:00+00:00,429.54,418.56,10.980000000000018,False,BREAK_BEFORE_K1,0,0,,,False,,,BREAK_BEFORE_K1,2022-04-10 23:00:00+00:00,
60,01:00,5,2022-04-12,Tuesday,2022-04-11 18:00:00+00:00,2022-04-11 23:00:00+00:00,2022-04-11 23:00:00+00:00,2022-04-12 03:00:00+00:00,403.49,391.0,12.490000000000009,False,NO_K1,0,0,,,False,,,NO_K1,,
60,01:00,5,2022-04-13,Wednesday,2022-04-12 18:00:00+00:00,2022-04-12 23:00:00+00:00,2022-04-12 23:00:00+00:00,2022-04-13 03:00:00+00:00,412.99,406.4,6.590000000000032,True,,1,0,2022-04-12 23:00:00+00:00,2022-04-12 23:05:00+00:00,True,2022-04-12 23:05:00+00:00,2022-04-12 23:10:00+00:00,H2_ARRIVAL,2022-04-12 23:20:00+00:00,15.0
60,01:00,5,2022-04-14,Thursday,2022-04-13 18:00:00+00:00,2022-04-13 23:00:00+00:00,2022-04-13 23:00:00+00:00,2022-04-14 03:00:00+00:00,424.49,416.7,7.7900000000000205,True,,1,0,2022-04-14 00:30:00+00:00,2022-04-14 00:35:00+00:00,True,2022-04-14 00:35:00+00:00,2022-04-14 00:40:00+00:00,H2_ARRIVAL,2022-04-14 01:10:00+00:00,35.0
60,01:00,5,2022-04-15,Friday,2022-04-14 18:00:00+00:00,2022-04-14 23:00:00+00:00,2022-04-14 23:00:00+00:00,2022-04-15 03:00:00+00:00,416.79,411.53,5.260000000000048,False,NO_K1,0,0,,,False,,,NO_K1,,
60,01:00,5,2022-04-16,Saturday,2022-04-15 18:00:00+00:00,2022-04-15 23:00:00+00:00,2022-04-15 23:00:00+00:00,2022-04-16 03:00:00+00:00,419.07,415.49,3.579999999999984,False,BREAK_BEFORE_K1,0,0,,,False,,,BREAK_BEFORE_K1,2022-04-15 23:20:00+00:00,
60,01:00,5,2022-04-17,Sunday,2022-04-16 18:00:00+00:00,2022-04-16 23:00:00+00:00,2022-04-16 23:00:00+00:00,2022-04-17 03:00:00+00:00,418.89,412.75,6.139999999999986,False,NO_K1,0,0,,,False,,,NO_K1,,
60,01:00,5,2022-04-18,Monday,2022-04-17 18:00:00+00:00,2022-04-17 23:00:00+00:00,2022-04-17 23:00:00+00:00,2022-04-18 03:00:00+00:00,416.16,412.01,4.150000000000034,False,BREAK_BEFORE_K1,0,0,,,False,,,BREAK_BEFORE_K1,2022-04-17 23:00:00+00:00,
60,01:00,5,2022-04-19,Tuesday,2022-04-18 18:00:00+00:00,2022-04-18 23:00:00+00:00,2022-04-18 23:00:00+00:00,2022-04-19 03:00:00+00:00,417.8,412.8,5.0,True,,1,0,2022-04-18 23:00:00+00:00,2022-04-18 23:05:00+00:00,True,2022-04-18 23:05:00+00:00,2022-04-18 23:10:00+00:00,H2_ARRIVAL,2022-04-19 00:00:00+00:00,55.0
60,01:00,5,2022-04-20,Wednesday,2022-04-19 18:00:00+00:00,2022-04-19 23:00:00+00:00,2022-04-19 23:00:00+00:00,2022-04-20 03:00:00+00:00,421.23,417.6,3.6299999999999955,False,BREAK_BEFORE_K1,0,0,,,False,,,BREAK_BEFORE_K1,2022-04-19 23:20:00+00:00,
60,01:00,5,2022-04-21,Thursday,2022-04-20 18:00:00+00:00,2022-04-20 23:00:00+00:00,2022-04-20 23:00:00+00:00,2022-04-21 03:00:00+00:00,420.4,414.56,5.839999999999975,True,,1,0,2022-04-21 00:45:00+00:00,2022-04-21 00:50:00+00:00,False,,,BREAK_DURING_K1,2022-04-21 00:55:00+00:00,
60,01:00,5,2022-04-22,Friday,2022-04-21 18:00:00+00:00,2022-04-21 23:00:00+00:00,2022-04-21 23:00:00+00:00,2022-04-22 03:00:00+00:00,417.77,400.72,17.049999999999955,False,NO_K1,0,0,,,False,,,NO_K1,,
60,01:00,5,2022-04-23,Saturday,2022-04-22 18:00:00+00:00,2022-04-22 23:00:00+00:00,2022-04-22 23:00:00+00:00,2022-04-23 03:00:00+00:00,409.75,404.8,4.949999999999989,False,OPPOSITE_VISIT_BEFORE_K1,0,1,,,False,,,OPPOSITE_VISIT_BEFORE_K1,2022-04-23 00:55:00+00:00,
60,01:00,5,2022-04-24,Sunday,2022-04-23 18:00:00+00:00,2022-04-23 23:00:00+00:00,2022-04-23 23:00:00+00:00,2022-04-24 03:00:00+00:00,407.5,403.6,3.8999999999999773,False,OPPOSITE_VISIT_BEFORE_K1,0,1,,,False,,,OPPOSITE_VISIT_BEFORE_K1,2022-04-23 23:00:00+00:00,
60,01:00,5,2022-04-25,Monday,2022-04-24 18:00:00+00:00,2022-04-24 23:00:00+00:00,2022-04-24 23:00:00+00:00,2022-04-25 03:00:00+00:00,403.27,398.86,4.409999999999968,False,BREAK_BEFORE_K1,0,0,,,False,,,BREAK_BEFORE_K1,2022-04-24 23:50:00+00:00,
60,01:00,5,2022-04-26,Tuesday,2022-04-25 18:00:00+00:00,2022-04-25 23:00:00+00:00,2022-04-25 23:00:00+00:00,2022-04-26 03:00:00+00:00,404.5,397.0,7.5,True,,1,0,2022-04-25 23:15:00+00:00,2022-04-25 23:20:00+00:00,True,2022-04-25 23:20:00+00:00,2022-04-25 23:25:00+00:00,H2_ARRIVAL,2022-04-25 23:30:00+00:00,10.0
60,01:00,5,2022-04-27,Wednesday,2022-04-26 18:00:00+00:00,2022-04-26 23:00:00+00:00,2022-04-26 23:00:00+00:00,2022-04-27 03:00:00+00:00,390.41,382.08,8.330000000000041,False,BREAK_BEFORE_K1,0,0,,,False,,,BREAK_BEFORE_K1,2022-04-26 23:15:00+00:00,
60,01:00,5,2022-04-28,Thursday,2022-04-27 18:00:00+00:00,2022-04-27 23:00:00+00:00,2022-04-27 23:00:00+00:00,2022-04-28 03:00:00+00:00,391.22,386.6,4.6200000000000045,True,,1,0,2022-04-27 23:30:00+00:00,2022-04-27 23:35:00+00:00,False,,,BREAK_DURING_K1,2022-04-27 23:35:00+00:00,
60,01:00,5,2022-04-29,Friday,2022-04-28 18:00:00+00:00,2022-04-28 23:00:00+00:00,2022-04-28 23:00:00+00:00,2022-04-29 03:00:00+00:00,408.43,402.88,5.550000000000011,False,BREAK_BEFORE_K1,0,0,,,False,,,BREAK_BEFORE_K1,2022-04-29 01:00:00+00:00,
60,01:00,5,2022-04-30,Saturday,2022-04-29 18:00:00+00:00,2022-04-29 23:00:00+00:00,2022-04-29 23:00:00+00:00,2022-04-30 03:00:00+00:00,395.51,389.46,6.050000000000011,True,,1,0,2022-04-30 01:05:00+00:00,2022-04-30 01:10:00+00:00,True,2022-04-30 01:10:00+00:00,2022-04-30 01:15:00+00:00,H2_ARRIVAL,2022-04-30 01:35:00+00:00,25.0
60,01:00,5,2022-05-01,Sunday,2022-04-30 18:00:00+00:00,2022-04-30 23:00:00+00:00,2022-04-30 23:00:00+00:00,2022-05-01 03:00:00+00:00,391.78,384.86,6.919999999999959,False,BREAK_BEFORE_K1,0,0,,,False,,,BREAK_BEFORE_K1,2022-04-30 23:00:00+00:00,
60,01:00,5,2022-05-02,Monday,2022-05-01 18:00:00+00:00,2022-05-01 23:00:00+00:00,2022-05-01 23:00:00+00:00,2022-05-02 03:00:00+00:00,389.91,382.42,7.490000000000009,False,BREAK_BEFORE_K1,0,0,,,False,,,BREAK_BEFORE_K1,2022-05-01 23:20:00+00:00,
60,01:00,5,2022-05-03,Tuesday,2022-05-02 18:00:00+00:00,2022-05-02 23:00:00+00:00,2022-05-02 23:00:00+00:00,2022-05-03 03:00:00+00:00,390.57,381.91,8.659999999999968,True,,1,0,2022-05-02 23:15:00+00:00,2022-05-02 23:20:00+00:00,True,2022-05-02 23:25:00+00:00,2022-05-02 23:30:00+00:00,H2_ARRIVAL,2022-05-03 01:35:00+00:00,130.0
60,01:00,5,2022-05-04,Wednesday,2022-05-03 18:00:00+00:00,2022-05-03 23:00:00+00:00,2022-05-03 23:00:00+00:00,2022-05-04 03:00:00+00:00,384.54,379.5,5.0400000000000205,True,,1,0,2022-05-04 00:35:00+00:00,2022-05-04 00:40:00+00:00,True,2022-05-04 00:45:00+00:00,2022-05-04 00:50:00+00:00,H2_ARRIVAL,2022-05-04 00:50:00+00:00,5.0
60,01:00,5,2022-05-05,Thursday,2022-05-04 18:00:00+00:00,2022-05-04 23:00:00+00:00,2022-05-04 23:00:00+00:00,2022-05-05 03:00:00+00:00,402.93,390.43,12.5,False,BREAK_BEFORE_K1,0,0,,,False,,,BREAK_BEFORE_K1,2022-05-05 00:00:00+00:00,
60,01:00,5,2022-05-06,Friday,2022-05-05 18:00:00+00:00,2022-05-05 23:00:00+00:00,2022-05-05 23:00:00+00:00,2022-05-06 03:00:00+00:00,378.39,370.0,8.389999999999986,True,,1,0,2022-05-05 23:10:00+00:00,2022-05-05 23:15:00+00:00,True,2022-05-05 23:20:00+00:00,2022-05-05 23:25:00+00:00,H2_ARRIVAL,2022-05-05 23:50:00+00:00,30.0
60,01:00,5,2022-05-07,Saturday,2022-05-06 18:00:00+00:00,2022-05-06 23:00:00+00:00,2022-05-06 23:00:00+00:00,2022-05-07 03:00:00+00:00,382.38,377.82,4.560000000000002,False,NO_K1,0,0,,,False,,,NO_K1,,
60,01:00,5,2022-05-08,Sunday,2022-05-07 18:00:00+00:00,2022-05-07 23:00:00+00:00,2022-05-07 23:00:00+00:00,2022-05-08 03:00:00+00:00,378.07,359.75,18.319999999999993,False,OPPOSITE_VISIT_BEFORE_K1,0,1,,,False,,,OPPOSITE_VISIT_BEFORE_K1,2022-05-08 02:05:00+00:00,
60,01:00,5,2022-05-09,Monday,2022-05-08 18:00:00+00:00,2022-05-08 23:00:00+00:00,2022-05-08 23:00:00+00:00,2022-05-09 03:00:00+00:00,359.51,352.73,6.779999999999973,False,BREAK_BEFORE_K1,0,0,,,False,,,BREAK_BEFORE_K1,2022-05-09 02:25:00+00:00,
60,01:00,5,2022-05-10,Tuesday,2022-05-09 18:00:00+00:00,2022-05-09 23:00:00+00:00,2022-05-09 23:00:00+00:00,2022-05-10 03:00:00+00:00,316.41,300.61,15.800000000000011,False,BREAK_BEFORE_K1,0,0,,,False,,,BREAK_BEFORE_K1,2022-05-09 23:40:00+00:00,
60,01:00,5,2022-05-11,Wednesday,2022-05-10 18:00:00+00:00,2022-05-10 23:00:00+00:00,2022-05-10 23:00:00+00:00,2022-05-11 03:00:00+00:00,326.75,307.84,18.910000000000025,False,NO_K1,0,0,,,False,,,NO_K1,,
60,01:00,5,2022-05-12,Thursday,2022-05-11 18:00:00+00:00,2022-05-11 23:00:00+00:00,2022-05-11 23:00:00+00:00,2022-05-12 03:00:00+00:00,280.76,260.04,20.71999999999997,False,NO_K1,0,0,,,False,,,NO_K1,,
60,01:00,5,2022-05-13,Friday,2022-05-12 18:00:00+00:00,2022-05-12 23:00:00+00:00,2022-05-12 23:00:00+00:00,2022-05-13 03:00:00+00:00,273.28,262.0,11.279999999999973,True,,1,0,2022-05-13 00:35:00+00:00,2022-05-13 00:40:00+00:00,False,,,BREAK_DURING_K1,2022-05-13 00:40:00+00:00,
60,01:00,5,2022-05-14,Saturday,2022-05-13 18:00:00+00:00,2022-05-13 23:00:00+00:00,2022-05-13 23:00:00+00:00,2022-05-14 03:00:00+00:00,300.0,288.91,11.089999999999975,False,OPPOSITE_VISIT_BEFORE_K1,0,1,,,False,,,OPPOSITE_VISIT_BEFORE_K1,2022-05-14 00:00:00+00:00,
60,01:00,5,2022-05-15,Sunday,2022-05-14 18:00:00+00:00,2022-05-14 23:00:00+00:00,2022-05-14 23:00:00+00:00,2022-05-15 03:00:00+00:00,295.91,284.76,11.150000000000034,False,BREAK_BEFORE_K1,0,0,,,False,,,BREAK_BEFORE_K1,2022-05-14 23:40:00+00:00,
60,01:00,5,2022-05-16,Monday,2022-05-15 18:00:00+00:00,2022-05-15 23:00:00+00:00,2022-05-15 23:00:00+00:00,2022-05-16 03:00:00+00:00,311.34,298.83,12.509999999999991,False,BREAK_BEFORE_K1,0,0,,,False,,,BREAK_BEFORE_K1,2022-05-15 23:40:00+00:00,
60,01:00,5,2022-05-17,Tuesday,2022-05-16 18:00:00+00:00,2022-05-16 23:00:00+00:00,2022-05-16 23:00:00+00:00,2022-05-17 03:00:00+00:00,301.77,294.0,7.769999999999982,False,BREAK_BEFORE_K1,0,0,,,False,,,BREAK_BEFORE_K1,2022-05-17 00:50:00+00:00,
60,01:00,5,2022-05-18,Wednesday,2022-05-17 18:00:00+00:00,2022-05-17 23:00:00+00:00,2022-05-17 23:00:00+00:00,2022-05-18 03:00:00+00:00,305.9,295.83,10.069999999999993,True,,1,0,2022-05-17 23:05:00+00:00,2022-05-17 23:10:00+00:00,False,,,BREAK_DURING_K1,2022-05-17 23:10:00+00:00,
60,01:00,5,2022-05-19,Thursday,2022-05-18 18:00:00+00:00,2022-05-18 23:00:00+00:00,2022-05-18 23:00:00+00:00,2022-05-19 03:00:00+00:00,297.5,290.6,6.899999999999977,False,BREAK_BEFORE_K1,0,0,,,False,,,BREAK_BEFORE_K1,2022-05-18 23:25:00+00:00,
60,01:00,5,2022-05-20,Friday,2022-05-19 18:00:00+00:00,2022-05-19 23:00:00+00:00,2022-05-19 23:00:00+00:00,2022-05-20 03:00:00+00:00,307.1,302.62,4.480000000000018,True,,1,0,2022-05-19 23:30:00+00:00,2022-05-19 23:35:00+00:00,False,,,BREAK_DURING_K1,2022-05-19 23:45:00+00:00,
60,01:00,5,2022-05-21,Saturday,2022-05-20 18:00:00+00:00,2022-05-20 23:00:00+00:00,2022-05-20 23:00:00+00:00,2022-05-21 03:00:00+00:00,304.71,295.82,8.889999999999986,True,,1,0,2022-05-20 23:15:00+00:00,2022-05-20 23:20:00+00:00,True,2022-05-20 23:20:00+00:00,2022-05-20 23:25:00+00:00,NO_H2_BY_END,,
60,01:00,5,2022-05-22,Sunday,2022-05-21 18:00:00+00:00,2022-05-21 23:00:00+00:00,2022-05-21 23:00:00+00:00,2022-05-22 03:00:00+00:00,313.98,310.7,3.2800000000000296,False,BREAK_BEFORE_K1,0,0,,,False,,,BREAK_BEFORE_K1,2022-05-22 01:15:00+00:00,
60,01:00,5,2022-05-23,Monday,2022-05-22 18:00:00+00:00,2022-05-22 23:00:00+00:00,2022-05-22 23:00:00+00:00,2022-05-23 03:00:00+00:00,320.65,315.67,4.979999999999961,False,BREAK_BEFORE_K1,0,0,,,False,,,BREAK_BEFORE_K1,2022-05-23 00:15:00+00:00,
60,01:00,5,2022-05-24,Tuesday,2022-05-23 18:00:00+00:00,2022-05-23 23:00:00+00:00,2022-05-23 23:00:00+00:00,2022-05-24 03:00:00+00:00,334.71,318.11,16.599999999999966,False,OPPOSITE_VISIT_BEFORE_K1,0,1,,,False,,,OPPOSITE_VISIT_BEFORE_K1,2022-05-23 23:05:00+00:00,
60,01:00,5,2022-05-25,Wednesday,2022-05-24 18:00:00+00:00,2022-05-24 23:00:00+00:00,2022-05-24 23:00:00+00:00,2022-05-25 03:00:00+00:00,330.45,319.06,11.389999999999986,False,BREAK_BEFORE_K1,0,0,,,False,,,BREAK_BEFORE_K1,2022-05-25 01:05:00+00:00,
60,01:00,5,2022-05-26,Thursday,2022-05-25 18:00:00+00:00,2022-05-25 23:00:00+00:00,2022-05-25 23:00:00+00:00,2022-05-26 03:00:00+00:00,329.8,324.03,5.770000000000039,True,,1,0,2022-05-26 02:35:00+00:00,2022-05-26 02:40:00+00:00,False,,,BREAK_DURING_K1,2022-05-26 02:40:00+00:00,
60,01:00,5,2022-05-27,Friday,2022-05-26 18:00:00+00:00,2022-05-26 23:00:00+00:00,2022-05-26 23:00:00+00:00,2022-05-27 03:00:00+00:00,317.5,307.46,10.04000000000002,False,BREAK_BEFORE_K1,0,0,,,False,,,BREAK_BEFORE_K1,2022-05-26 23:45:00+00:00,
60,01:00,5,2022-05-28,Saturday,2022-05-27 18:00:00+00:00,2022-05-27 23:00:00+00:00,2022-05-27 23:00:00+00:00,2022-05-28 03:00:00+00:00,303.75,295.42,8.329999999999984,True,,1,0,2022-05-27 23:00:00+00:00,2022-05-27 23:05:00+00:00,True,2022-05-27 23:10:00+00:00,2022-05-27 23:15:00+00:00,H2_ARRIVAL,2022-05-28 00:40:00+00:00,90.0
60,01:00,5,2022-05-29,Sunday,2022-05-28 18:00:00+00:00,2022-05-28 23:00:00+00:00,2022-05-28 23:00:00+00:00,2022-05-29 03:00:00+00:00,309.57,305.15,4.420000000000016,True,,1,0,2022-05-28 23:40:00+00:00,2022-05-28 23:45:00+00:00,True,2022-05-28 23:50:00+00:00,2022-05-28 23:55:00+00:00,OPPOSITE_BREAK_BEFORE_H2,2022-05-29 01:25:00+00:00,
60,01:00,5,2022-05-30,Monday,2022-05-29 18:00:00+00:00,2022-05-29 23:00:00+00:00,2022-05-29 23:00:00+00:00,2022-05-30 03:00:00+00:00,307.79,301.47,6.319999999999993,True,,1,0,2022-05-30 01:25:00+00:00,2022-05-30 01:30:00+00:00,False,,,BREAK_DURING_K1,2022-05-30 01:30:00+00:00,
60,01:00,5,2022-05-31,Tuesday,2022-05-30 18:00:00+00:00,2022-05-30 23:00:00+00:00,2022-05-30 23:00:00+00:00,2022-05-31 03:00:00+00:00,323.26,311.78,11.480000000000018,True,,1,0,2022-05-30 23:05:00+00:00,2022-05-30 23:10:00+00:00,False,,,BREAK_DURING_K1,2022-05-30 23:10:00+00:00,
60,01:00,5,2022-06-01,Wednesday,2022-05-31 18:00:00+00:00,2022-05-31 23:00:00+00:00,2022-05-31 23:00:00+00:00,2022-06-01 03:00:00+00:00,323.6,318.08,5.520000000000039,False,BREAK_BEFORE_K1,0,0,,,False,,,BREAK_BEFORE_K1,2022-06-01 00:55:00+00:00,
60,01:00,5,2022-06-02,Thursday,2022-06-01 18:00:00+00:00,2022-06-01 23:00:00+00:00,2022-06-01 23:00:00+00:00,2022-06-02 03:00:00+00:00,304.5,297.15,7.350000000000023,False,NO_K1,0,0,,,False,,,NO_K1,,
60,01:00,5,2022-06-03,Friday,2022-06-02 18:00:00+00:00,2022-06-02 23:00:00+00:00,2022-06-02 23:00:00+00:00,2022-06-03 03:00:00+00:00,308.19,302.72,5.46999999999997,True,,1,0,2022-06-02 23:05:00+00:00,2022-06-02 23:10:00+00:00,False,,,BREAK_DURING_K1,2022-06-02 23:20:00+00:00,
60,01:00,5,2022-06-04,Saturday,2022-06-03 18:00:00+00:00,2022-06-03 23:00:00+00:00,2022-06-03 23:00:00+00:00,2022-06-04 03:00:00+00:00,299.48,295.25,4.230000000000018,False,BREAK_BEFORE_K1,0,0,,,False,,,BREAK_BEFORE_K1,2022-06-04 02:20:00+00:00,
60,01:00,5,2022-06-05,Sunday,2022-06-04 18:00:00+00:00,2022-06-04 23:00:00+00:00,2022-06-04 23:00:00+00:00,2022-06-05 03:00:00+00:00,303.0,299.08,3.920000000000016,False,OPPOSITE_VISIT_BEFORE_K1,0,1,,,False,,,OPPOSITE_VISIT_BEFORE_K1,2022-06-05 00:30:00+00:00,
60,01:00,5,2022-06-06,Monday,2022-06-05 18:00:00+00:00,2022-06-05 23:00:00+00:00,2022-06-05 23:00:00+00:00,2022-06-06 03:00:00+00:00,302.43,298.89,3.5400000000000205,False,OPPOSITE_VISIT_BEFORE_K1,0,1,,,False,,,OPPOSITE_VISIT_BEFORE_K1,2022-06-05 23:15:00+00:00,
60,01:00,5,2022-06-07,Tuesday,2022-06-06 18:00:00+00:00,2022-06-06 23:00:00+00:00,2022-06-06 23:00:00+00:00,2022-06-07 03:00:00+00:00,302.13,286.8,15.329999999999984,False,BREAK_BEFORE_K1,0,0,,,False,,,BREAK_BEFORE_K1,2022-06-07 00:35:00+00:00,
60,01:00,5,2022-06-08,Wednesday,2022-06-07 18:00:00+00:00,2022-06-07 23:00:00+00:00,2022-06-07 23:00:00+00:00,2022-06-08 03:00:00+00:00,295.98,283.05,12.930000000000007,False,NO_K1,0,0,,,False,,,NO_K1,,
60,01:00,5,2022-06-09,Thursday,2022-06-08 18:00:00+00:00,2022-06-08 23:00:00+00:00,2022-06-08 23:00:00+00:00,2022-06-09 03:00:00+00:00,290.8,285.96,4.840000000000032,False,NO_K1,0,0,,,False,,,NO_K1,,
60,01:00,5,2022-06-10,Friday,2022-06-09 18:00:00+00:00,2022-06-09 23:00:00+00:00,2022-06-09 23:00:00+00:00,2022-06-10 03:00:00+00:00,291.9,286.5,5.399999999999977,False,BREAK_BEFORE_K1,0,0,,,False,,,BREAK_BEFORE_K1,2022-06-10 00:15:00+00:00,
60,01:00,5,2022-06-11,Saturday,2022-06-10 18:00:00+00:00,2022-06-10 23:00:00+00:00,2022-06-10 23:00:00+00:00,2022-06-11 03:00:00+00:00,288.23,282.91,5.319999999999993,True,,1,0,2022-06-11 00:20:00+00:00,2022-06-11 00:25:00+00:00,False,,,BREAK_DURING_K1,2022-06-11 00:35:00+00:00,
60,01:00,5,2022-06-12,Sunday,2022-06-11 18:00:00+00:00,2022-06-11 23:00:00+00:00,2022-06-11 23:00:00+00:00,2022-06-12 03:00:00+00:00,273.9,268.29,5.609999999999957,False,OPPOSITE_VISIT_BEFORE_K1,0,1,,,False,,,OPPOSITE_VISIT_BEFORE_K1,2022-06-11 23:40:00+00:00,
60,01:00,5,2022-06-13,Monday,2022-06-12 18:00:00+00:00,2022-06-12 23:00:00+00:00,2022-06-12 23:00:00+00:00,2022-06-13 03:00:00+00:00,266.99,257.24,9.75,False,OPPOSITE_VISIT_BEFORE_K1,0,1,,,False,,,OPPOSITE_VISIT_BEFORE_K1,2022-06-12 23:00:00+00:00,
60,01:00,5,2022-06-14,Tuesday,2022-06-13 18:00:00+00:00,2022-06-13 23:00:00+00:00,2022-06-13 23:00:00+00:00,2022-06-14 03:00:00+00:00,231.98,219.6,12.379999999999995,False,BREAK_BEFORE_K1,0,0,,,False,,,BREAK_BEFORE_K1,2022-06-13 23:00:00+00:00,
60,01:00,5,2022-06-15,Wednesday,2022-06-14 18:00:00+00:00,2022-06-14 23:00:00+00:00,2022-06-14 23:00:00+00:00,2022-06-15 03:00:00+00:00,223.83,214.28,9.550000000000011,True,,1,0,2022-06-14 23:35:00+00:00,2022-06-14 23:40:00+00:00,True,2022-06-14 23:40:00+00:00,2022-06-14 23:45:00+00:00,H2_ARRIVAL,2022-06-14 23:50:00+00:00,10.0
60,01:00,5,2022-06-16,Thursday,2022-06-15 18:00:00+00:00,2022-06-15 23:00:00+00:00,2022-06-15 23:00:00+00:00,2022-06-16 03:00:00+00:00,232.92,202.48,30.439999999999998,False,BREAK_BEFORE_K1,0,0,,,False,,,BREAK_BEFORE_K1,2022-06-15 23:15:00+00:00,
60,01:00,5,2022-06-17,Friday,2022-06-16 18:00:00+00:00,2022-06-16 23:00:00+00:00,2022-06-16 23:00:00+00:00,2022-06-17 03:00:00+00:00,217.16,209.08,8.079999999999984,False,BREAK_BEFORE_K1,0,0,,,False,,,BREAK_BEFORE_K1,2022-06-16 23:00:00+00:00,
60,01:00,5,2022-06-18,Saturday,2022-06-17 18:00:00+00:00,2022-06-17 23:00:00+00:00,2022-06-17 23:00:00+00:00,2022-06-18 03:00:00+00:00,217.28,213.65,3.6299999999999955,False,BREAK_BEFORE_K1,0,0,,,False,,,BREAK_BEFORE_K1,2022-06-18 00:10:00+00:00,
60,01:00,5,2022-06-19,Sunday,2022-06-18 18:00:00+00:00,2022-06-18 23:00:00+00:00,2022-06-18 23:00:00+00:00,2022-06-19 03:00:00+00:00,200.78,182.97,17.810000000000002,False,NO_K1,0,0,,,False,,,NO_K1,,
60,01:00,5,2022-06-20,Monday,2022-06-19 18:00:00+00:00,2022-06-19 23:00:00+00:00,2022-06-19 23:00:00+00:00,2022-06-20 03:00:00+00:00,216.8,205.66,11.140000000000015,False,OPPOSITE_VISIT_BEFORE_K1,0,1,,,False,,,OPPOSITE_VISIT_BEFORE_K1,2022-06-20 02:25:00+00:00,
60,01:00,5,2022-06-21,Tuesday,2022-06-20 18:00:00+00:00,2022-06-20 23:00:00+00:00,2022-06-20 23:00:00+00:00,2022-06-21 03:00:00+00:00,216.62,211.0,5.6200000000000045,False,BREAK_BEFORE_K1,0,0,,,False,,,BREAK_BEFORE_K1,2022-06-20 23:30:00+00:00,
60,01:00,5,2022-06-22,Wednesday,2022-06-21 18:00:00+00:00,2022-06-21 23:00:00+00:00,2022-06-21 23:00:00+00:00,2022-06-22 03:00:00+00:00,224.8,218.61,6.189999999999998,False,OPPOSITE_VISIT_BEFORE_K1,0,1,,,False,,,OPPOSITE_VISIT_BEFORE_K1,2022-06-21 23:20:00+00:00,
60,01:00,5,2022-06-23,Thursday,2022-06-22 18:00:00+00:00,2022-06-22 23:00:00+00:00,2022-06-22 23:00:00+00:00,2022-06-23 03:00:00+00:00,218.13,212.72,5.409999999999997,True,,1,0,2022-06-23 00:20:00+00:00,2022-06-23 00:25:00+00:00,False,,,BREAK_DURING_K1,2022-06-23 00:25:00+00:00,
60,01:00,5,2022-06-24,Friday,2022-06-23 18:00:00+00:00,2022-06-23 23:00:00+00:00,2022-06-23 23:00:00+00:00,2022-06-24 03:00:00+00:00,230.67,222.07,8.599999999999994,True,,1,0,2022-06-24 00:15:00+00:00,2022-06-24 00:20:00+00:00,True,2022-06-24 00:25:00+00:00,2022-06-24 00:30:00+00:00,H2_ARRIVAL,2022-06-24 01:15:00+00:00,50.0
60,01:00,5,2022-06-25,Saturday,2022-06-24 18:00:00+00:00,2022-06-24 23:00:00+00:00,2022-06-24 23:00:00+00:00,2022-06-25 03:00:00+00:00,243.4,234.74,8.659999999999997,False,NO_K1,0,0,,,False,,,NO_K1,,
60,01:00,5,2022-06-26,Sunday,2022-06-25 18:00:00+00:00,2022-06-25 23:00:00+00:00,2022-06-25 23:00:00+00:00,2022-06-26 03:00:00+00:00,240.0,233.07,6.930000000000007,True,,1,0,2022-06-25 23:05:00+00:00,2022-06-25 23:10:00+00:00,False,,,BREAK_DURING_K1,2022-06-25 23:10:00+00:00,
60,01:00,5,2022-06-27,Monday,2022-06-26 18:00:00+00:00,2022-06-26 23:00:00+00:00,2022-06-26 23:00:00+00:00,2022-06-27 03:00:00+00:00,240.0,233.71,6.289999999999992,False,BREAK_BEFORE_K1,0,0,,,False,,,BREAK_BEFORE_K1,2022-06-26 23:40:00+00:00,
60,01:00,5,2022-06-28,Tuesday,2022-06-27 18:00:00+00:00,2022-06-27 23:00:00+00:00,2022-06-27 23:00:00+00:00,2022-06-28 03:00:00+00:00,236.76,231.23,5.530000000000001,False,OPPOSITE_VISIT_BEFORE_K1,0,1,,,False,,,OPPOSITE_VISIT_BEFORE_K1,2022-06-28 01:50:00+00:00,
60,01:00,5,2022-06-29,Wednesday,2022-06-28 18:00:00+00:00,2022-06-28 23:00:00+00:00,2022-06-28 23:00:00+00:00,2022-06-29 03:00:00+00:00,234.86,226.7,8.160000000000025,False,OPPOSITE_VISIT_BEFORE_K1,0,1,,,False,,,OPPOSITE_VISIT_BEFORE_K1,2022-06-28 23:00:00+00:00,
60,01:00,5,2022-06-30,Thursday,2022-06-29 18:00:00+00:00,2022-06-29 23:00:00+00:00,2022-06-29 23:00:00+00:00,2022-06-30 03:00:00+00:00,222.44,217.92,4.52000000000001,False,OPPOSITE_VISIT_BEFORE_K1,0,1,,,False,,,OPPOSITE_VISIT_BEFORE_K1,2022-06-30 00:35:00+00:00,
60,01:00,5,2022-07-01,Friday,2022-06-30 18:00:00+00:00,2022-06-30 23:00:00+00:00,2022-06-30 23:00:00+00:00,2022-07-01 03:00:00+00:00,214.62,209.62,5.0,False,BREAK_BEFORE_K1,0,0,,,False,,,BREAK_BEFORE_K1,2022-06-30 23:45:00+00:00,
60,01:00,5,2022-07-02,Saturday,2022-07-01 18:00:00+00:00,2022-07-01 23:00:00+00:00,2022-07-01 23:00:00+00:00,2022-07-02 03:00:00+00:00,220.77,216.18,4.590000000000003,False,BREAK_BEFORE_K1,0,0,,,False,,,BREAK_BEFORE_K1,2022-07-01 23:50:00+00:00,
60,01:00,5,2022-07-03,Sunday,2022-07-02 18:00:00+00:00,2022-07-02 23:00:00+00:00,2022-07-02 23:00:00+00:00,2022-07-03 03:00:00+00:00,219.68,216.97,2.710000000000008,False,OPPOSITE_VISIT_BEFORE_K1,0,1,,,False,,,OPPOSITE_VISIT_BEFORE_K1,2022-07-03 00:20:00+00:00,
60,01:00,5,2022-07-04,Monday,2022-07-03 18:00:00+00:00,2022-07-03 23:00:00+00:00,2022-07-03 23:00:00+00:00,2022-07-04 03:00:00+00:00,220.2,215.92,4.280000000000001,False,BREAK_BEFORE_K1,0,0,,,False,,,BREAK_BEFORE_K1,2022-07-04 02:45:00+00:00,
60,01:00,5,2022-07-05,Tuesday,2022-07-04 18:00:00+00:00,2022-07-04 23:00:00+00:00,2022-07-04 23:00:00+00:00,2022-07-05 03:00:00+00:00,230.84,226.59,4.25,False,BREAK_BEFORE_K1,0,0,,,False,,,BREAK_BEFORE_K1,2022-07-04 23:20:00+00:00,
60,01:00,5,2022-07-06,Wednesday,2022-07-05 18:00:00+00:00,2022-07-05 23:00:00+00:00,2022-07-05 23:00:00+00:00,2022-07-06 03:00:00+00:00,233.69,225.1,8.590000000000003,False,BREAK_BEFORE_K1,0,0,,,False,,,BREAK_BEFORE_K1,2022-07-06 00:45:00+00:00,
60,01:00,5,2022-07-07,Thursday,2022-07-06 18:00:00+00:00,2022-07-06 23:00:00+00:00,2022-07-06 23:00:00+00:00,2022-07-07 03:00:00+00:00,239.87,236.0,3.8700000000000045,True,,1,0,2022-07-06 23:05:00+00:00,2022-07-06 23:10:00+00:00,True,2022-07-06 23:10:00+00:00,2022-07-06 23:15:00+00:00,NO_H2_BY_END,,
60,01:00,5,2022-07-08,Friday,2022-07-07 18:00:00+00:00,2022-07-07 23:00:00+00:00,2022-07-07 23:00:00+00:00,2022-07-08 03:00:00+00:00,243.71,239.79,3.920000000000016,False,BREAK_BEFORE_K1,0,0,,,False,,,BREAK_BEFORE_K1,2022-07-08 01:25:00+00:00,
60,01:00,5,2022-07-09,Saturday,2022-07-08 18:00:00+00:00,2022-07-08 23:00:00+00:00,2022-07-08 23:00:00+00:00,2022-07-09 03:00:00+00:00,243.6,240.31,3.289999999999992,True,,1,0,2022-07-08 23:25:00+00:00,2022-07-08 23:30:00+00:00,True,2022-07-08 23:30:00+00:00,2022-07-08 23:35:00+00:00,NO_H2_BY_END,,
60,01:00,5,2022-07-10,Sunday,2022-07-09 18:00:00+00:00,2022-07-09 23:00:00+00:00,2022-07-09 23:00:00+00:00,2022-07-10 03:00:00+00:00,244.92,241.87,3.049999999999983,False,BREAK_BEFORE_K1,0,0,,,False,,,BREAK_BEFORE_K1,2022-07-10 00:45:00+00:00,
60,01:00,5,2022-07-11,Monday,2022-07-10 18:00:00+00:00,2022-07-10 23:00:00+00:00,2022-07-10 23:00:00+00:00,2022-07-11 03:00:00+00:00,235.65,232.48,3.170000000000016,False,BREAK_BEFORE_K1,0,0,,,False,,,BREAK_BEFORE_K1,2022-07-11 01:20:00+00:00,
60,01:00,5,2022-07-12,Tuesday,2022-07-11 18:00:00+00:00,2022-07-11 23:00:00+00:00,2022-07-11 23:00:00+00:00,2022-07-12 03:00:00+00:00,233.7,225.43,8.269999999999982,False,BREAK_BEFORE_K1,0,0,,,False,,,BREAK_BEFORE_K1,2022-07-11 23:00:00+00:00,
60,01:00,5,2022-07-13,Wednesday,2022-07-12 18:00:00+00:00,2022-07-12 23:00:00+00:00,2022-07-12 23:00:00+00:00,2022-07-13 03:00:00+00:00,227.19,221.15,6.039999999999992,False,BREAK_BEFORE_K1,0,0,,,False,,,BREAK_BEFORE_K1,2022-07-12 23:50:00+00:00,
60,01:00,5,2022-07-14,Thursday,2022-07-13 18:00:00+00:00,2022-07-13 23:00:00+00:00,2022-07-13 23:00:00+00:00,2022-07-14 03:00:00+00:00,227.35,223.73,3.6200000000000045,True,,1,0,2022-07-13 23:10:00+00:00,2022-07-13 23:15:00+00:00,False,,,BREAK_DURING_K1,2022-07-13 23:15:00+00:00,
60,01:00,5,2022-07-15,Friday,2022-07-14 18:00:00+00:00,2022-07-14 23:00:00+00:00,2022-07-14 23:00:00+00:00,2022-07-15 03:00:00+00:00,240.0,236.76,3.240000000000009,False,BREAK_BEFORE_K1,0,0,,,False,,,BREAK_BEFORE_K1,2022-07-15 00:05:00+00:00,
60,01:00,5,2022-07-16,Saturday,2022-07-15 18:00:00+00:00,2022-07-15 23:00:00+00:00,2022-07-15 23:00:00+00:00,2022-07-16 03:00:00+00:00,242.6,237.19,5.409999999999997,False,BREAK_BEFORE_K1,0,0,,,False,,,BREAK_BEFORE_K1,2022-07-16 00:30:00+00:00,
60,01:00,5,2022-07-17,Sunday,2022-07-16 18:00:00+00:00,2022-07-16 23:00:00+00:00,2022-07-16 23:00:00+00:00,2022-07-17 03:00:00+00:00,251.57,246.46,5.109999999999985,True,,1,0,2022-07-17 00:05:00+00:00,2022-07-17 00:10:00+00:00,True,2022-07-17 00:15:00+00:00,2022-07-17 00:20:00+00:00,NO_H2_BY_END,,
60,01:00,5,2022-07-18,Monday,2022-07-17 18:00:00+00:00,2022-07-17 23:00:00+00:00,2022-07-17 23:00:00+00:00,2022-07-18 03:00:00+00:00,251.18,246.9,4.280000000000001,False,BREAK_BEFORE_K1,0,0,,,False,,,BREAK_BEFORE_K1,2022-07-18 01:15:00+00:00,
60,01:00,5,2022-07-19,Tuesday,2022-07-18 18:00:00+00:00,2022-07-18 23:00:00+00:00,2022-07-18 23:00:00+00:00,2022-07-19 03:00:00+00:00,259.7,254.68,5.019999999999982,False,BREAK_BEFORE_K1,0,0,,,False,,,BREAK_BEFORE_K1,2022-07-18 23:00:00+00:00,
60,01:00,5,2022-07-20,Wednesday,2022-07-19 18:00:00+00:00,2022-07-19 23:00:00+00:00,2022-07-19 23:00:00+00:00,2022-07-20 03:00:00+00:00,274.77,269.1,5.669999999999959,False,OPPOSITE_VISIT_BEFORE_K1,0,1,,,False,,,OPPOSITE_VISIT_BEFORE_K1,2022-07-19 23:20:00+00:00,
60,01:00,5,2022-07-21,Thursday,2022-07-20 18:00:00+00:00,2022-07-20 23:00:00+00:00,2022-07-20 23:00:00+00:00,2022-07-21 03:00:00+00:00,267.13,256.74,10.389999999999986,False,OPPOSITE_VISIT_BEFORE_K1,0,1,,,False,,,OPPOSITE_VISIT_BEFORE_K1,2022-07-20 23:15:00+00:00,
60,01:00,5,2022-07-22,Friday,2022-07-21 18:00:00+00:00,2022-07-21 23:00:00+00:00,2022-07-21 23:00:00+00:00,2022-07-22 03:00:00+00:00,265.88,260.64,5.240000000000009,False,BREAK_BEFORE_K1,0,0,,,False,,,BREAK_BEFORE_K1,2022-07-22 00:10:00+00:00,
60,01:00,5,2022-07-23,Saturday,2022-07-22 18:00:00+00:00,2022-07-22 23:00:00+00:00,2022-07-22 23:00:00+00:00,2022-07-23 03:00:00+00:00,266.99,261.07,5.920000000000016,False,OPPOSITE_VISIT_BEFORE_K1,0,1,,,False,,,OPPOSITE_VISIT_BEFORE_K1,2022-07-23 00:05:00+00:00,
60,01:00,5,2022-07-24,Sunday,2022-07-23 18:00:00+00:00,2022-07-23 23:00:00+00:00,2022-07-23 23:00:00+00:00,2022-07-24 03:00:00+00:00,260.27,252.51,7.759999999999991,False,BREAK_BEFORE_K1,0,0,,,False,,,BREAK_BEFORE_K1,2022-07-24 00:00:00+00:00,
60,01:00,5,2022-07-25,Monday,2022-07-24 18:00:00+00:00,2022-07-24 23:00:00+00:00,2022-07-24 23:00:00+00:00,2022-07-25 03:00:00+00:00,266.22,260.92,5.300000000000011,False,BREAK_BEFORE_K1,0,0,,,False,,,BREAK_BEFORE_K1,2022-07-24 23:00:00+00:00,
60,01:00,5,2022-07-26,Tuesday,2022-07-25 18:00:00+00:00,2022-07-25 23:00:00+00:00,2022-07-25 23:00:00+00:00,2022-07-26 03:00:00+00:00,256.05,249.24,6.810000000000002,False,OPPOSITE_VISIT_BEFORE_K1,0,1,,,False,,,OPPOSITE_VISIT_BEFORE_K1,2022-07-25 23:10:00+00:00,
60,01:00,5,2022-07-27,Wednesday,2022-07-26 18:00:00+00:00,2022-07-26 23:00:00+00:00,2022-07-26 23:00:00+00:00,2022-07-27 03:00:00+00:00,247.3,241.39,5.910000000000025,False,BREAK_BEFORE_K1,0,0,,,False,,,BREAK_BEFORE_K1,2022-07-26 23:10:00+00:00,
60,01:00,5,2022-07-28,Thursday,2022-07-27 18:00:00+00:00,2022-07-27 23:00:00+00:00,2022-07-27 23:00:00+00:00,2022-07-28 03:00:00+00:00,270.59,257.43,13.159999999999968,True,,1,0,2022-07-27 23:45:00+00:00,2022-07-27 23:50:00+00:00,False,,,BREAK_DURING_K1,2022-07-27 23:50:00+00:00,
60,01:00,5,2022-07-29,Friday,2022-07-28 18:00:00+00:00,2022-07-28 23:00:00+00:00,2022-07-28 23:00:00+00:00,2022-07-29 03:00:00+00:00,280.93,274.54,6.389999999999986,False,NO_K1,0,0,,,False,,,NO_K1,,
60,01:00,5,2022-07-30,Saturday,2022-07-29 18:00:00+00:00,2022-07-29 23:00:00+00:00,2022-07-29 23:00:00+00:00,2022-07-30 03:00:00+00:00,302.57,293.7,8.870000000000005,False,BREAK_BEFORE_K1,0,0,,,False,,,BREAK_BEFORE_K1,2022-07-29 23:50:00+00:00,
60,01:00,5,2022-07-31,Sunday,2022-07-30 18:00:00+00:00,2022-07-30 23:00:00+00:00,2022-07-30 23:00:00+00:00,2022-07-31 03:00:00+00:00,297.23,286.1,11.129999999999995,False,OPPOSITE_VISIT_BEFORE_K1,0,1,,,False,,,OPPOSITE_VISIT_BEFORE_K1,2022-07-30 23:15:00+00:00,
60,01:00,5,2022-08-01,Monday,2022-07-31 18:00:00+00:00,2022-07-31 23:00:00+00:00,2022-07-31 23:00:00+00:00,2022-08-01 03:00:00+00:00,297.26,282.03,15.230000000000018,False,NO_K1,0,0,,,False,,,NO_K1,,
60,01:00,5,2022-08-02,Tuesday,2022-08-01 18:00:00+00:00,2022-08-01 23:00:00+00:00,2022-08-01 23:00:00+00:00,2022-08-02 03:00:00+00:00,283.06,277.89,5.170000000000016,True,,1,0,2022-08-01 23:00:00+00:00,2022-08-01 23:05:00+00:00,False,,,BREAK_DURING_K1,2022-08-01 23:05:00+00:00,
60,01:00,5,2022-08-03,Wednesday,2022-08-02 18:00:00+00:00,2022-08-02 23:00:00+00:00,2022-08-02 23:00:00+00:00,2022-08-03 03:00:00+00:00,289.58,283.21,6.3700000000000045,False,OPPOSITE_VISIT_BEFORE_K1,0,1,,,False,,,OPPOSITE_VISIT_BEFORE_K1,2022-08-02 23:15:00+00:00,
60,01:00,5,2022-08-04,Thursday,2022-08-03 18:00:00+00:00,2022-08-03 23:00:00+00:00,2022-08-03 23:00:00+00:00,2022-08-04 03:00:00+00:00,305.9,298.5,7.399999999999977,False,BREAK_BEFORE_K1,0,0,,,False,,,BREAK_BEFORE_K1,2022-08-03 23:05:00+00:00,
60,01:00,5,2022-08-05,Friday,2022-08-04 18:00:00+00:00,2022-08-04 23:00:00+00:00,2022-08-04 23:00:00+00:00,2022-08-05 03:00:00+00:00,313.67,300.26,13.410000000000025,False,BREAK_BEFORE_K1,0,0,,,False,,,BREAK_BEFORE_K1,2022-08-05 01:50:00+00:00,
60,01:00,5,2022-08-06,Saturday,2022-08-05 18:00:00+00:00,2022-08-05 23:00:00+00:00,2022-08-05 23:00:00+00:00,2022-08-06 03:00:00+00:00,316.9,311.1,5.7999999999999545,False,BREAK_BEFORE_K1,0,0,,,False,,,BREAK_BEFORE_K1,2022-08-06 00:30:00+00:00,
60,01:00,5,2022-08-07,Sunday,2022-08-06 18:00:00+00:00,2022-08-06 23:00:00+00:00,2022-08-06 23:00:00+00:00,2022-08-07 03:00:00+00:00,321.99,315.81,6.180000000000007,False,BREAK_BEFORE_K1,0,0,,,False,,,BREAK_BEFORE_K1,2022-08-06 23:15:00+00:00,
60,01:00,5,2022-08-08,Monday,2022-08-07 18:00:00+00:00,2022-08-07 23:00:00+00:00,2022-08-07 23:00:00+00:00,2022-08-08 03:00:00+00:00,325.93,321.44,4.490000000000009,False,BREAK_BEFORE_K1,0,0,,,False,,,BREAK_BEFORE_K1,2022-08-08 00:15:00+00:00,
60,01:00,5,2022-08-09,Tuesday,2022-08-08 18:00:00+00:00,2022-08-08 23:00:00+00:00,2022-08-08 23:00:00+00:00,2022-08-09 03:00:00+00:00,329.64,321.0,8.639999999999986,False,NO_K1,0,0,,,False,,,NO_K1,,
60,01:00,5,2022-08-10,Wednesday,2022-08-09 18:00:00+00:00,2022-08-09 23:00:00+00:00,2022-08-09 23:00:00+00:00,2022-08-10 03:00:00+00:00,326.44,318.68,7.759999999999991,False,BREAK_BEFORE_K1,0,0,,,False,,,BREAK_BEFORE_K1,2022-08-09 23:00:00+00:00,
60,01:00,5,2022-08-11,Thursday,2022-08-10 18:00:00+00:00,2022-08-10 23:00:00+00:00,2022-08-10 23:00:00+00:00,2022-08-11 03:00:00+00:00,332.88,325.79,7.089999999999975,True,,1,0,2022-08-11 01:00:00+00:00,2022-08-11 01:05:00+00:00,True,2022-08-11 01:05:00+00:00,2022-08-11 01:10:00+00:00,H2_ARRIVAL,2022-08-11 01:25:00+00:00,20.0
60,01:00,5,2022-08-12,Friday,2022-08-11 18:00:00+00:00,2022-08-11 23:00:00+00:00,2022-08-11 23:00:00+00:00,2022-08-12 03:00:00+00:00,327.42,322.86,4.560000000000002,False,BREAK_BEFORE_K1,0,0,,,False,,,BREAK_BEFORE_K1,2022-08-11 23:00:00+00:00,
60,01:00,5,2022-08-13,Saturday,2022-08-12 18:00:00+00:00,2022-08-12 23:00:00+00:00,2022-08-12 23:00:00+00:00,2022-08-13 03:00:00+00:00,326.0,321.82,4.180000000000007,False,BREAK_BEFORE_K1,0,0,,,False,,,BREAK_BEFORE_K1,2022-08-12 23:15:00+00:00,
60,01:00,5,2022-08-14,Sunday,2022-08-13 18:00:00+00:00,2022-08-13 23:00:00+00:00,2022-08-13 23:00:00+00:00,2022-08-14 03:00:00+00:00,328.66,323.0,5.660000000000025,False,OPPOSITE_VISIT_BEFORE_K1,0,1,,,False,,,OPPOSITE_VISIT_BEFORE_K1,2022-08-13 23:00:00+00:00,
60,01:00,5,2022-08-15,Monday,2022-08-14 18:00:00+00:00,2022-08-14 23:00:00+00:00,2022-08-14 23:00:00+00:00,2022-08-15 03:00:00+00:00,320.48,316.13,4.350000000000023,False,OPPOSITE_VISIT_BEFORE_K1,0,1,,,False,,,OPPOSITE_VISIT_BEFORE_K1,2022-08-15 00:05:00+00:00,
60,01:00,5,2022-08-16,Tuesday,2022-08-15 18:00:00+00:00,2022-08-15 23:00:00+00:00,2022-08-15 23:00:00+00:00,2022-08-16 03:00:00+00:00,320.18,316.64,3.5400000000000205,False,BREAK_BEFORE_K1,0,0,,,False,,,BREAK_BEFORE_K1,2022-08-15 23:00:00+00:00,
60,01:00,5,2022-08-17,Wednesday,2022-08-16 18:00:00+00:00,2022-08-16 23:00:00+00:00,2022-08-16 23:00:00+00:00,2022-08-17 03:00:00+00:00,317.58,311.69,5.889999999999986,False,BREAK_BEFORE_K1,0,0,,,False,,,BREAK_BEFORE_K1,2022-08-17 00:35:00+00:00,
60,01:00,5,2022-08-18,Thursday,2022-08-17 18:00:00+00:00,2022-08-17 23:00:00+00:00,2022-08-17 23:00:00+00:00,2022-08-18 03:00:00+00:00,311.45,303.5,7.949999999999989,False,BREAK_BEFORE_K1,0,0,,,False,,,BREAK_BEFORE_K1,2022-08-18 00:25:00+00:00,
60,01:00,5,2022-08-19,Friday,2022-08-18 18:00:00+00:00,2022-08-18 23:00:00+00:00,2022-08-18 23:00:00+00:00,2022-08-19 03:00:00+00:00,304.8,301.56,3.240000000000009,False,BREAK_BEFORE_K1,0,0,,,False,,,BREAK_BEFORE_K1,2022-08-18 23:10:00+00:00,
60,01:00,5,2022-08-20,Saturday,2022-08-19 18:00:00+00:00,2022-08-19 23:00:00+00:00,2022-08-19 23:00:00+00:00,2022-08-20 03:00:00+00:00,287.83,277.3,10.529999999999973,False,NO_K1,0,0,,,False,,,NO_K1,,
60,01:00,5,2022-08-21,Sunday,2022-08-20 18:00:00+00:00,2022-08-20 23:00:00+00:00,2022-08-20 23:00:00+00:00,2022-08-21 03:00:00+00:00,284.38,276.55,7.829999999999984,False,BREAK_BEFORE_K1,0,0,,,False,,,BREAK_BEFORE_K1,2022-08-20 23:25:00+00:00,
60,01:00,5,2022-08-22,Monday,2022-08-21 18:00:00+00:00,2022-08-21 23:00:00+00:00,2022-08-21 23:00:00+00:00,2022-08-22 03:00:00+00:00,304.31,296.41,7.899999999999977,True,,1,0,2022-08-22 00:20:00+00:00,2022-08-22 00:25:00+00:00,True,2022-08-22 00:25:00+00:00,2022-08-22 00:30:00+00:00,NO_H2_BY_END,,
60,01:00,5,2022-08-23,Tuesday,2022-08-22 18:00:00+00:00,2022-08-22 23:00:00+00:00,2022-08-22 23:00:00+00:00,2022-08-23 03:00:00+00:00,301.68,292.84,8.840000000000032,True,,1,0,2022-08-23 00:25:00+00:00,2022-08-23 00:30:00+00:00,True,2022-08-23 00:35:00+00:00,2022-08-23 00:40:00+00:00,NO_H2_BY_END,,
60,01:00,5,2022-08-24,Wednesday,2022-08-23 18:00:00+00:00,2022-08-23 23:00:00+00:00,2022-08-23 23:00:00+00:00,2022-08-24 03:00:00+00:00,299.57,295.8,3.769999999999982,True,,1,0,2022-08-23 23:10:00+00:00,2022-08-23 23:15:00+00:00,False,,,BREAK_DURING_K1,2022-08-23 23:20:00+00:00,
60,01:00,5,2022-08-25,Thursday,2022-08-24 18:00:00+00:00,2022-08-24 23:00:00+00:00,2022-08-24 23:00:00+00:00,2022-08-25 03:00:00+00:00,300.17,296.02,4.150000000000034,False,OPPOSITE_VISIT_BEFORE_K1,0,1,,,False,,,OPPOSITE_VISIT_BEFORE_K1,2022-08-24 23:25:00+00:00,
60,01:00,5,2022-08-26,Friday,2022-08-25 18:00:00+00:00,2022-08-25 23:00:00+00:00,2022-08-25 23:00:00+00:00,2022-08-26 03:00:00+00:00,303.78,300.4,3.3799999999999955,False,OPPOSITE_VISIT_BEFORE_K1,0,1,,,False,,,OPPOSITE_VISIT_BEFORE_K1,2022-08-25 23:00:00+00:00,
60,01:00,5,2022-08-27,Saturday,2022-08-26 18:00:00+00:00,2022-08-26 23:00:00+00:00,2022-08-26 23:00:00+00:00,2022-08-27 03:00:00+00:00,286.23,282.0,4.230000000000018,False,OPPOSITE_VISIT_BEFORE_K1,0,1,,,False,,,OPPOSITE_VISIT_BEFORE_K1,2022-08-26 23:05:00+00:00,
60,01:00,5,2022-08-28,Sunday,2022-08-27 18:00:00+00:00,2022-08-27 23:00:00+00:00,2022-08-27 23:00:00+00:00,2022-08-28 03:00:00+00:00,278.31,272.8,5.509999999999991,False,BREAK_BEFORE_K1,0,0,,,False,,,BREAK_BEFORE_K1,2022-08-28 01:20:00+00:00,
60,01:00,5,2022-08-29,Monday,2022-08-28 18:00:00+00:00,2022-08-28 23:00:00+00:00,2022-08-28 23:00:00+00:00,2022-08-29 03:00:00+00:00,282.94,278.5,4.439999999999998,False,BREAK_BEFORE_K1,0,0,,,False,,,BREAK_BEFORE_K1,2022-08-28 23:00:00+00:00,
60,01:00,5,2022-08-30,Tuesday,2022-08-29 18:00:00+00:00,2022-08-29 23:00:00+00:00,2022-08-29 23:00:00+00:00,2022-08-30 03:00:00+00:00,284.35,279.85,4.5,True,,1,0,2022-08-29 23:00:00+00:00,2022-08-29 23:05:00+00:00,True,2022-08-29 23:05:00+00:00,2022-08-29 23:10:00+00:00,H2_ARRIVAL,2022-08-29 23:20:00+00:00,15.0
60,01:00,5,2022-08-31,Wednesday,2022-08-30 18:00:00+00:00,2022-08-30 23:00:00+00:00,2022-08-30 23:00:00+00:00,2022-08-31 03:00:00+00:00,284.58,277.53,7.050000000000011,True,,1,0,2022-08-31 00:25:00+00:00,2022-08-31 00:30:00+00:00,True,2022-08-31 00:35:00+00:00,2022-08-31 00:40:00+00:00,H2_ARRIVAL,2022-08-31 01:35:00+00:00,60.0
60,01:00,5,2022-09-01,Thursday,2022-08-31 18:00:00+00:00,2022-08-31 23:00:00+00:00,2022-08-31 23:00:00+00:00,2022-09-01 03:00:00+00:00,283.3,278.82,4.480000000000018,False,BREAK_BEFORE_K1,0,0,,,False,,,BREAK_BEFORE_K1,2022-08-31 23:05:00+00:00,
60,01:00,5,2022-09-02,Friday,2022-09-01 18:00:00+00:00,2022-09-01 23:00:00+00:00,2022-09-01 23:00:00+00:00,2022-09-02 03:00:00+00:00,278.5,272.58,5.920000000000016,True,,1,0,2022-09-01 23:35:00+00:00,2022-09-01 23:40:00+00:00,True,2022-09-01 23:40:00+00:00,2022-09-01 23:45:00+00:00,NO_H2_BY_END,,
60,01:00,5,2022-09-03,Saturday,2022-09-02 18:00:00+00:00,2022-09-02 23:00:00+00:00,2022-09-02 23:00:00+00:00,2022-09-03 03:00:00+00:00,277.8,273.33,4.470000000000027,True,,1,0,2022-09-03 00:20:00+00:00,2022-09-03 00:25:00+00:00,True,2022-09-03 00:30:00+00:00,2022-09-03 00:35:00+00:00,H2_ARRIVAL,2022-09-03 00:35:00+00:00,5.0
60,01:00,5,2022-09-04,Sunday,2022-09-03 18:00:00+00:00,2022-09-03 23:00:00+00:00,2022-09-03 23:00:00+00:00,2022-09-04 03:00:00+00:00,277.99,275.28,2.7100000000000364,False,BREAK_BEFORE_K1,0,0,,,False,,,BREAK_BEFORE_K1,2022-09-04 00:25:00+00:00,
60,01:00,5,2022-09-05,Monday,2022-09-04 18:00:00+00:00,2022-09-04 23:00:00+00:00,2022-09-04 23:00:00+00:00,2022-09-05 03:00:00+00:00,279.29,276.9,2.390000000000043,False,BREAK_BEFORE_K1,0,0,,,False,,,BREAK_BEFORE_K1,2022-09-05 00:00:00+00:00,
60,01:00,5,2022-09-06,Tuesday,2022-09-05 18:00:00+00:00,2022-09-05 23:00:00+00:00,2022-09-05 23:00:00+00:00,2022-09-06 03:00:00+00:00,276.12,273.42,2.6999999999999886,False,BREAK_BEFORE_K1,0,0,,,False,,,BREAK_BEFORE_K1,2022-09-05 23:35:00+00:00,
60,01:00,5,2022-09-07,Wednesday,2022-09-06 18:00:00+00:00,2022-09-06 23:00:00+00:00,2022-09-06 23:00:00+00:00,2022-09-07 03:00:00+00:00,267.09,260.44,6.649999999999977,False,OPPOSITE_VISIT_BEFORE_K1,0,1,,,False,,,OPPOSITE_VISIT_BEFORE_K1,2022-09-06 23:55:00+00:00,
60,01:00,5,2022-09-08,Thursday,2022-09-07 18:00:00+00:00,2022-09-07 23:00:00+00:00,2022-09-07 23:00:00+00:00,2022-09-08 03:00:00+00:00,280.68,268.52,12.160000000000025,True,,1,0,2022-09-08 02:30:00+00:00,2022-09-08 02:35:00+00:00,True,2022-09-08 02:35:00+00:00,2022-09-08 02:40:00+00:00,NO_H2_BY_END,,
60,01:00,5,2022-09-09,Friday,2022-09-08 18:00:00+00:00,2022-09-08 23:00:00+00:00,2022-09-08 23:00:00+00:00,2022-09-09 03:00:00+00:00,281.94,279.13,2.8100000000000023,True,,1,0,2022-09-09 01:15:00+00:00,2022-09-09 01:20:00+00:00,True,2022-09-09 01:20:00+00:00,2022-09-09 01:25:00+00:00,H2_ARRIVAL,2022-09-09 02:25:00+00:00,65.0
60,01:00,5,2022-09-10,Saturday,2022-09-09 18:00:00+00:00,2022-09-09 23:00:00+00:00,2022-09-09 23:00:00+00:00,2022-09-10 03:00:00+00:00,293.88,289.45,4.430000000000007,True,,1,0,2022-09-09 23:15:00+00:00,2022-09-09 23:20:00+00:00,True,2022-09-09 23:20:00+00:00,2022-09-09 23:25:00+00:00,H2_ARRIVAL,2022-09-10 01:05:00+00:00,105.0
60,01:00,5,2022-09-11,Sunday,2022-09-10 18:00:00+00:00,2022-09-10 23:00:00+00:00,2022-09-10 23:00:00+00:00,2022-09-11 03:00:00+00:00,298.45,292.55,5.899999999999977,True,,1,0,2022-09-10 23:30:00+00:00,2022-09-10 23:35:00+00:00,True,2022-09-10 23:35:00+00:00,2022-09-10 23:40:00+00:00,NO_H2_BY_END,,
60,01:00,5,2022-09-12,Monday,2022-09-11 18:00:00+00:00,2022-09-11 23:00:00+00:00,2022-09-11 23:00:00+00:00,2022-09-12 03:00:00+00:00,295.33,289.35,5.979999999999961,True,,1,0,2022-09-11 23:45:00+00:00,2022-09-11 23:50:00+00:00,True,2022-09-11 23:50:00+00:00,2022-09-11 23:55:00+00:00,H2_ARRIVAL,2022-09-12 00:05:00+00:00,15.0
60,01:00,5,2022-09-13,Tuesday,2022-09-12 18:00:00+00:00,2022-09-12 23:00:00+00:00,2022-09-12 23:00:00+00:00,2022-09-13 03:00:00+00:00,294.77,291.2,3.569999999999993,False,OPPOSITE_VISIT_BEFORE_K1,0,1,,,False,,,OPPOSITE_VISIT_BEFORE_K1,2022-09-13 00:15:00+00:00,
60,01:00,5,2022-09-14,Wednesday,2022-09-13 18:00:00+00:00,2022-09-13 23:00:00+00:00,2022-09-13 23:00:00+00:00,2022-09-14 03:00:00+00:00,283.4,275.4,8.0,False,OPPOSITE_VISIT_BEFORE_K1,0,1,,,False,,,OPPOSITE_VISIT_BEFORE_K1,2022-09-13 23:20:00+00:00,
60,01:00,5,2022-09-15,Thursday,2022-09-14 18:00:00+00:00,2022-09-14 23:00:00+00:00,2022-09-14 23:00:00+00:00,2022-09-15 03:00:00+00:00,280.18,273.0,7.180000000000007,True,,1,0,2022-09-15 00:20:00+00:00,2022-09-15 00:25:00+00:00,True,2022-09-15 00:25:00+00:00,2022-09-15 00:30:00+00:00,NO_H2_BY_END,,
60,01:00,5,2022-09-16,Friday,2022-09-15 18:00:00+00:00,2022-09-15 23:00:00+00:00,2022-09-15 23:00:00+00:00,2022-09-16 03:00:00+00:00,272.57,268.42,4.149999999999977,False,OPPOSITE_VISIT_BEFORE_K1,0,1,,,False,,,OPPOSITE_VISIT_BEFORE_K1,2022-09-16 00:15:00+00:00,
60,01:00,5,2022-09-17,Saturday,2022-09-16 18:00:00+00:00,2022-09-16 23:00:00+00:00,2022-09-16 23:00:00+00:00,2022-09-17 03:00:00+00:00,274.47,270.74,3.730000000000018,True,,1,0,2022-09-16 23:05:00+00:00,2022-09-16 23:10:00+00:00,True,2022-09-16 23:10:00+00:00,2022-09-16 23:15:00+00:00,H2_ARRIVAL,2022-09-16 23:50:00+00:00,40.0
60,01:00,5,2022-09-18,Sunday,2022-09-17 18:00:00+00:00,2022-09-17 23:00:00+00:00,2022-09-17 23:00:00+00:00,2022-09-18 03:00:00+00:00,279.38,277.35,2.0299999999999727,True,,1,0,2022-09-17 23:35:00+00:00,2022-09-17 23:40:00+00:00,True,2022-09-17 23:50:00+00:00,2022-09-17 23:55:00+00:00,OPPOSITE_BREAK_BEFORE_H2,2022-09-18 00:15:00+00:00,
60,01:00,5,2022-09-19,Monday,2022-09-18 18:00:00+00:00,2022-09-18 23:00:00+00:00,2022-09-18 23:00:00+00:00,2022-09-19 03:00:00+00:00,273.69,262.13,11.560000000000002,False,OPPOSITE_VISIT_BEFORE_K1,0,1,,,False,,,OPPOSITE_VISIT_BEFORE_K1,2022-09-19 02:15:00+00:00,
60,01:00,5,2022-09-20,Tuesday,2022-09-19 18:00:00+00:00,2022-09-19 23:00:00+00:00,2022-09-19 23:00:00+00:00,2022-09-20 03:00:00+00:00,273.09,264.58,8.509999999999991,True,,1,0,2022-09-20 00:00:00+00:00,2022-09-20 00:05:00+00:00,False,,,BREAK_DURING_K1,2022-09-20 00:05:00+00:00,
60,01:00,5,2022-09-21,Wednesday,2022-09-20 18:00:00+00:00,2022-09-20 23:00:00+00:00,2022-09-20 23:00:00+00:00,2022-09-21 03:00:00+00:00,268.87,265.09,3.7800000000000296,False,NO_K1,0,0,,,False,,,NO_K1,,
60,01:00,5,2022-09-22,Thursday,2022-09-21 18:00:00+00:00,2022-09-21 23:00:00+00:00,2022-09-21 23:00:00+00:00,2022-09-22 03:00:00+00:00,276.47,260.0,16.470000000000027,False,NO_K1,0,0,,,False,,,NO_K1,,
60,01:00,5,2022-09-23,Friday,2022-09-22 18:00:00+00:00,2022-09-22 23:00:00+00:00,2022-09-22 23:00:00+00:00,2022-09-23 03:00:00+00:00,275.86,270.03,5.830000000000041,False,BREAK_BEFORE_K1,0,0,,,False,,,BREAK_BEFORE_K1,2022-09-22 23:05:00+00:00,
60,01:00,5,2022-09-24,Saturday,2022-09-23 18:00:00+00:00,2022-09-23 23:00:00+00:00,2022-09-23 23:00:00+00:00,2022-09-24 03:00:00+00:00,276.45,268.1,8.349999999999966,False,BREAK_BEFORE_K1,0,0,,,False,,,BREAK_BEFORE_K1,2022-09-23 23:00:00+00:00,
60,01:00,5,2022-09-25,Sunday,2022-09-24 18:00:00+00:00,2022-09-24 23:00:00+00:00,2022-09-24 23:00:00+00:00,2022-09-25 03:00:00+00:00,278.36,275.0,3.3600000000000136,False,BREAK_BEFORE_K1,0,0,,,False,,,BREAK_BEFORE_K1,2022-09-24 23:30:00+00:00,
60,01:00,5,2022-09-26,Monday,2022-09-25 18:00:00+00:00,2022-09-25 23:00:00+00:00,2022-09-25 23:00:00+00:00,2022-09-26 03:00:00+00:00,275.96,270.9,5.060000000000002,False,BREAK_BEFORE_K1,0,0,,,False,,,BREAK_BEFORE_K1,2022-09-26 00:10:00+00:00,
60,01:00,5,2022-09-27,Tuesday,2022-09-26 18:00:00+00:00,2022-09-26 23:00:00+00:00,2022-09-26 23:00:00+00:00,2022-09-27 03:00:00+00:00,275.76,273.55,2.2099999999999795,True,,1,0,2022-09-26 23:35:00+00:00,2022-09-26 23:40:00+00:00,True,2022-09-26 23:40:00+00:00,2022-09-26 23:45:00+00:00,H2_ARRIVAL,2022-09-26 23:50:00+00:00,10.0
60,01:00,5,2022-09-28,Wednesday,2022-09-27 18:00:00+00:00,2022-09-27 23:00:00+00:00,2022-09-27 23:00:00+00:00,2022-09-28 03:00:00+00:00,272.9,269.05,3.849999999999966,False,BREAK_BEFORE_K1,0,0,,,False,,,BREAK_BEFORE_K1,2022-09-28 00:10:00+00:00,
60,01:00,5,2022-09-29,Thursday,2022-09-28 18:00:00+00:00,2022-09-28 23:00:00+00:00,2022-09-28 23:00:00+00:00,2022-09-29 03:00:00+00:00,283.68,277.42,6.259999999999991,False,BREAK_BEFORE_K1,0,0,,,False,,,BREAK_BEFORE_K1,2022-09-29 01:30:00+00:00,
60,01:00,5,2022-09-30,Friday,2022-09-29 18:00:00+00:00,2022-09-29 23:00:00+00:00,2022-09-29 23:00:00+00:00,2022-09-30 03:00:00+00:00,283.8,280.3,3.5,True,,1,0,2022-09-29 23:40:00+00:00,2022-09-29 23:45:00+00:00,False,,,BREAK_DURING_K1,2022-09-29 23:50:00+00:00,
60,01:00,5,2022-10-01,Saturday,2022-09-30 18:00:00+00:00,2022-09-30 23:00:00+00:00,2022-09-30 23:00:00+00:00,2022-10-01 03:00:00+00:00,287.31,280.38,6.930000000000007,False,NO_K1,0,0,,,False,,,NO_K1,,
60,01:00,5,2022-10-02,Sunday,2022-10-01 18:00:00+00:00,2022-10-01 23:00:00+00:00,2022-10-01 23:00:00+00:00,2022-10-02 03:00:00+00:00,284.37,277.6,6.769999999999982,False,NO_K1,0,0,,,False,,,NO_K1,,
60,01:00,5,2022-10-03,Monday,2022-10-02 18:00:00+00:00,2022-10-02 23:00:00+00:00,2022-10-02 23:00:00+00:00,2022-10-03 03:00:00+00:00,287.99,282.53,5.460000000000036,False,NO_K1,0,0,,,False,,,NO_K1,,
60,01:00,5,2022-10-04,Tuesday,2022-10-03 18:00:00+00:00,2022-10-03 23:00:00+00:00,2022-10-03 23:00:00+00:00,2022-10-04 03:00:00+00:00,288.69,285.25,3.4399999999999977,False,NO_K1,0,0,,,False,,,NO_K1,,
60,01:00,5,2022-10-05,Wednesday,2022-10-04 18:00:00+00:00,2022-10-04 23:00:00+00:00,2022-10-04 23:00:00+00:00,2022-10-05 03:00:00+00:00,298.35,294.14,4.210000000000036,False,NO_K1,0,0,,,False,,,NO_K1,,
60,01:00,5,2022-10-06,Thursday,2022-10-05 18:00:00+00:00,2022-10-05 23:00:00+00:00,2022-10-05 23:00:00+00:00,2022-10-06 03:00:00+00:00,294.77,292.06,2.7099999999999795,True,,1,0,2022-10-06 00:10:00+00:00,2022-10-06 00:15:00+00:00,True,2022-10-06 00:20:00+00:00,2022-10-06 00:25:00+00:00,H2_ARRIVAL,2022-10-06 00:30:00+00:00,10.0
60,01:00,5,2022-10-07,Friday,2022-10-06 18:00:00+00:00,2022-10-06 23:00:00+00:00,2022-10-06 23:00:00+00:00,2022-10-07 03:00:00+00:00,293.26,278.0,15.259999999999991,False,NO_K1,0,0,,,False,,,NO_K1,,
60,01:00,5,2022-10-08,Saturday,2022-10-07 18:00:00+00:00,2022-10-07 23:00:00+00:00,2022-10-07 23:00:00+00:00,2022-10-08 03:00:00+00:00,283.61,280.8,2.8100000000000023,False,BREAK_BEFORE_K1,0,0,,,False,,,BREAK_BEFORE_K1,2022-10-08 02:45:00+00:00,
60,01:00,5,2022-10-09,Sunday,2022-10-08 18:00:00+00:00,2022-10-08 23:00:00+00:00,2022-10-08 23:00:00+00:00,2022-10-09 03:00:00+00:00,282.12,275.27,6.850000000000023,False,NO_K1,0,0,,,False,,,NO_K1,,
60,01:00,5,2022-10-10,Monday,2022-10-09 18:00:00+00:00,2022-10-09 23:00:00+00:00,2022-10-09 23:00:00+00:00,2022-10-10 03:00:00+00:00,278.76,276.59,2.170000000000016,False,BREAK_BEFORE_K1,0,0,,,False,,,BREAK_BEFORE_K1,2022-10-10 01:00:00+00:00,
60,01:00,5,2022-10-11,Tuesday,2022-10-10 18:00:00+00:00,2022-10-10 23:00:00+00:00,2022-10-10 23:00:00+00:00,2022-10-11 03:00:00+00:00,275.44,271.6,3.839999999999975,False,OPPOSITE_VISIT_BEFORE_K1,0,1,,,False,,,OPPOSITE_VISIT_BEFORE_K1,2022-10-10 23:45:00+00:00,
60,01:00,5,2022-10-12,Wednesday,2022-10-11 18:00:00+00:00,2022-10-11 23:00:00+00:00,2022-10-11 23:00:00+00:00,2022-10-12 03:00:00+00:00,272.97,269.1,3.8700000000000045,False,NO_K1,0,0,,,False,,,NO_K1,,
60,01:00,5,2022-10-13,Thursday,2022-10-12 18:00:00+00:00,2022-10-12 23:00:00+00:00,2022-10-12 23:00:00+00:00,2022-10-13 03:00:00+00:00,271.88,269.38,2.5,False,BREAK_BEFORE_K1,0,0,,,False,,,BREAK_BEFORE_K1,2022-10-13 01:00:00+00:00,
60,01:00,5,2022-10-14,Friday,2022-10-13 18:00:00+00:00,2022-10-13 23:00:00+00:00,2022-10-13 23:00:00+00:00,2022-10-14 03:00:00+00:00,273.66,269.01,4.650000000000034,True,,1,0,2022-10-14 01:20:00+00:00,2022-10-14 01:25:00+00:00,False,,,BREAK_DURING_K1,2022-10-14 01:25:00+00:00,
60,01:00,5,2022-10-15,Saturday,2022-10-14 18:00:00+00:00,2022-10-14 23:00:00+00:00,2022-10-14 23:00:00+00:00,2022-10-15 03:00:00+00:00,270.41,267.39,3.0200000000000387,False,NO_K1,0,0,,,False,,,NO_K1,,
60,01:00,5,2022-10-16,Sunday,2022-10-15 18:00:00+00:00,2022-10-15 23:00:00+00:00,2022-10-15 23:00:00+00:00,2022-10-16 03:00:00+00:00,270.04,268.04,2.0,False,BREAK_BEFORE_K1,0,0,,,False,,,BREAK_BEFORE_K1,2022-10-15 23:00:00+00:00,
60,01:00,5,2022-10-17,Monday,2022-10-16 18:00:00+00:00,2022-10-16 23:00:00+00:00,2022-10-16 23:00:00+00:00,2022-10-17 03:00:00+00:00,273.74,269.88,3.8600000000000136,False,NO_K1,0,0,,,False,,,NO_K1,,
60,01:00,5,2022-10-18,Tuesday,2022-10-17 18:00:00+00:00,2022-10-17 23:00:00+00:00,2022-10-17 23:00:00+00:00,2022-10-18 03:00:00+00:00,275.82,274.33,1.490000000000009,True,,1,0,2022-10-18 00:00:00+00:00,2022-10-18 00:05:00+00:00,True,2022-10-18 00:05:00+00:00,2022-10-18 00:10:00+00:00,OPPOSITE_BREAK_BEFORE_H2,2022-10-18 01:30:00+00:00,
60,01:00,5,2022-10-19,Wednesday,2022-10-18 18:00:00+00:00,2022-10-18 23:00:00+00:00,2022-10-18 23:00:00+00:00,2022-10-19 03:00:00+00:00,273.98,270.12,3.8600000000000136,False,NO_K1,0,0,,,False,,,NO_K1,,
60,01:00,5,2022-10-20,Thursday,2022-10-19 18:00:00+00:00,2022-10-19 23:00:00+00:00,2022-10-19 23:00:00+00:00,2022-10-20 03:00:00+00:00,273.87,271.0,2.8700000000000045,False,OPPOSITE_VISIT_BEFORE_K1,0,1,,,False,,,OPPOSITE_VISIT_BEFORE_K1,2022-10-19 23:45:00+00:00,
60,01:00,5,2022-10-21,Friday,2022-10-20 18:00:00+00:00,2022-10-20 23:00:00+00:00,2022-10-20 23:00:00+00:00,2022-10-21 03:00:00+00:00,269.95,267.1,2.849999999999966,False,BREAK_BEFORE_K1,0,0,,,False,,,BREAK_BEFORE_K1,2022-10-21 00:20:00+00:00,
60,01:00,5,2022-10-22,Saturday,2022-10-21 18:00:00+00:00,2022-10-21 23:00:00+00:00,2022-10-21 23:00:00+00:00,2022-10-22 03:00:00+00:00,271.0,268.77,2.230000000000018,False,BREAK_BEFORE_K1,0,0,,,False,,,BREAK_BEFORE_K1,2022-10-22 01:20:00+00:00,
60,01:00,5,2022-10-23,Sunday,2022-10-22 18:00:00+00:00,2022-10-22 23:00:00+00:00,2022-10-22 23:00:00+00:00,2022-10-23 03:00:00+00:00,271.06,268.78,2.2800000000000296,False,NO_K1,0,0,,,False,,,NO_K1,,
60,01:00,5,2022-10-24,Monday,2022-10-23 18:00:00+00:00,2022-10-23 23:00:00+00:00,2022-10-23 23:00:00+00:00,2022-10-24 03:00:00+00:00,276.64,272.65,3.990000000000009,False,BREAK_BEFORE_K1,0,0,,,False,,,BREAK_BEFORE_K1,2022-10-24 00:30:00+00:00,
60,01:00,5,2022-10-25,Tuesday,2022-10-24 18:00:00+00:00,2022-10-24 23:00:00+00:00,2022-10-24 23:00:00+00:00,2022-10-25 03:00:00+00:00,274.23,272.53,1.7000000000000455,True,,1,0,2022-10-25 00:00:00+00:00,2022-10-25 00:05:00+00:00,False,,,BREAK_DURING_K1,2022-10-25 00:10:00+00:00,
60,01:00,5,2022-10-26,Wednesday,2022-10-25 18:00:00+00:00,2022-10-25 23:00:00+00:00,2022-10-25 23:00:00+00:00,2022-10-26 03:00:00+00:00,289.75,284.57,5.180000000000007,False,BREAK_BEFORE_K1,0,0,,,False,,,BREAK_BEFORE_K1,2022-10-25 23:50:00+00:00,
60,01:00,5,2022-10-27,Thursday,2022-10-26 18:00:00+00:00,2022-10-26 23:00:00+00:00,2022-10-26 23:00:00+00:00,2022-10-27 03:00:00+00:00,291.87,288.71,3.160000000000025,True,,1,0,2022-10-26 23:10:00+00:00,2022-10-26 23:15:00+00:00,True,2022-10-26 23:15:00+00:00,2022-10-26 23:20:00+00:00,H2_ARRIVAL,2022-10-27 00:15:00+00:00,60.0
60,01:00,5,2022-10-28,Friday,2022-10-27 18:00:00+00:00,2022-10-27 23:00:00+00:00,2022-10-27 23:00:00+00:00,2022-10-28 03:00:00+00:00,289.02,284.42,4.599999999999966,False,NO_K1,0,0,,,False,,,NO_K1,,
60,01:00,5,2022-10-29,Saturday,2022-10-28 18:00:00+00:00,2022-10-28 23:00:00+00:00,2022-10-28 23:00:00+00:00,2022-10-29 03:00:00+00:00,301.08,297.07,4.009999999999991,False,BREAK_BEFORE_K1,0,0,,,False,,,BREAK_BEFORE_K1,2022-10-29 00:20:00+00:00,
60,01:00,5,2022-10-30,Sunday,2022-10-29 18:00:00+00:00,2022-10-29 23:00:00+00:00,2022-10-29 23:00:00+00:00,2022-10-30 03:00:00+00:00,306.69,301.69,5.0,False,BREAK_BEFORE_K1,0,0,,,False,,,BREAK_BEFORE_K1,2022-10-29 23:05:00+00:00,
60,01:00,5,2022-10-31,Monday,2022-10-30 18:00:00+00:00,2022-10-30 23:00:00+00:00,2022-10-30 23:00:00+00:00,2022-10-31 03:00:00+00:00,317.64,309.93,7.7099999999999795,False,OPPOSITE_VISIT_BEFORE_K1,0,1,,,False,,,OPPOSITE_VISIT_BEFORE_K1,2022-10-31 01:40:00+00:00,
60,01:00,5,2022-11-01,Tuesday,2022-10-31 18:00:00+00:00,2022-10-31 23:00:00+00:00,2022-10-31 23:00:00+00:00,2022-11-01 03:00:00+00:00,329.94,325.21,4.730000000000018,False,OPPOSITE_VISIT_BEFORE_K1,0,1,,,False,,,OPPOSITE_VISIT_BEFORE_K1,2022-11-01 00:00:00+00:00,
60,01:00,5,2022-11-02,Wednesday,2022-11-01 18:00:00+00:00,2022-11-01 23:00:00+00:00,2022-11-01 23:00:00+00:00,2022-11-02 03:00:00+00:00,326.26,321.97,4.289999999999964,False,NO_K1,0,0,,,False,,,NO_K1,,
60,01:00,5,2022-11-03,Thursday,2022-11-02 18:00:00+00:00,2022-11-02 23:00:00+00:00,2022-11-02 23:00:00+00:00,2022-11-03 03:00:00+00:00,329.63,315.31,14.319999999999993,False,NO_K1,0,0,,,False,,,NO_K1,,
60,01:00,5,2022-11-04,Friday,2022-11-03 18:00:00+00:00,2022-11-03 23:00:00+00:00,2022-11-03 23:00:00+00:00,2022-11-04 03:00:00+00:00,334.78,328.92,5.859999999999957,False,BREAK_BEFORE_K1,0,0,,,False,,,BREAK_BEFORE_K1,2022-11-03 23:15:00+00:00,
60,01:00,5,2022-11-05,Saturday,2022-11-04 18:00:00+00:00,2022-11-04 23:00:00+00:00,2022-11-04 23:00:00+00:00,2022-11-05 03:00:00+00:00,354.86,349.74,5.1200000000000045,True,,1,0,2022-11-05 00:00:00+00:00,2022-11-05 00:05:00+00:00,True,2022-11-05 00:05:00+00:00,2022-11-05 00:10:00+00:00,H2_ARRIVAL,2022-11-05 00:35:00+00:00,30.0
60,01:00,5,2022-11-06,Sunday,2022-11-05 18:00:00+00:00,2022-11-05 23:00:00+00:00,2022-11-05 23:00:00+00:00,2022-11-06 03:00:00+00:00,351.81,348.13,3.680000000000007,False,BREAK_BEFORE_K1,0,0,,,False,,,BREAK_BEFORE_K1,2022-11-05 23:05:00+00:00,
60,01:00,5,2022-11-07,Monday,2022-11-06 18:00:00+00:00,2022-11-06 23:00:00+00:00,2022-11-06 23:00:00+00:00,2022-11-07 03:00:00+00:00,353.48,347.58,5.900000000000034,False,OPPOSITE_VISIT_BEFORE_K1,0,1,,,False,,,OPPOSITE_VISIT_BEFORE_K1,2022-11-06 23:00:00+00:00,
60,01:00,5,2022-11-08,Tuesday,2022-11-07 18:00:00+00:00,2022-11-07 23:00:00+00:00,2022-11-07 23:00:00+00:00,2022-11-08 03:00:00+00:00,344.19,328.35,15.839999999999975,True,,1,0,2022-11-08 02:35:00+00:00,2022-11-08 02:40:00+00:00,False,,,BREAK_DURING_K1,2022-11-08 02:40:00+00:00,
60,01:00,5,2022-11-09,Wednesday,2022-11-08 18:00:00+00:00,2022-11-08 23:00:00+00:00,2022-11-08 23:00:00+00:00,2022-11-09 03:00:00+00:00,357.28,298.17,59.10999999999996,False,NO_K1,0,0,,,False,,,NO_K1,,
60,01:00,5,2022-11-10,Thursday,2022-11-09 18:00:00+00:00,2022-11-09 23:00:00+00:00,2022-11-09 23:00:00+00:00,2022-11-10 03:00:00+00:00,288.59,260.0,28.589999999999975,False,NO_K1,0,0,,,False,,,NO_K1,,
60,01:00,5,2022-11-11,Friday,2022-11-10 18:00:00+00:00,2022-11-10 23:00:00+00:00,2022-11-10 23:00:00+00:00,2022-11-11 03:00:00+00:00,308.55,296.76,11.79000000000002,False,BREAK_BEFORE_K1,0,0,,,False,,,BREAK_BEFORE_K1,2022-11-11 01:50:00+00:00,
60,01:00,5,2022-11-12,Saturday,2022-11-11 18:00:00+00:00,2022-11-11 23:00:00+00:00,2022-11-11 23:00:00+00:00,2022-11-12 03:00:00+00:00,289.75,284.7,5.050000000000011,True,,1,0,2022-11-11 23:00:00+00:00,2022-11-11 23:05:00+00:00,True,2022-11-11 23:10:00+00:00,2022-11-11 23:15:00+00:00,H2_ARRIVAL,2022-11-11 23:35:00+00:00,25.0
60,01:00,5,2022-11-13,Sunday,2022-11-12 18:00:00+00:00,2022-11-12 23:00:00+00:00,2022-11-12 23:00:00+00:00,2022-11-13 03:00:00+00:00,283.36,280.52,2.840000000000032,True,,1,0,2022-11-13 00:20:00+00:00,2022-11-13 00:25:00+00:00,False,,,BREAK_DURING_K1,2022-11-13 00:25:00+00:00,
60,01:00,5,2022-11-14,Monday,2022-11-13 18:00:00+00:00,2022-11-13 23:00:00+00:00,2022-11-13 23:00:00+00:00,2022-11-14 03:00:00+00:00,279.37,273.0,6.3700000000000045,False,BREAK_BEFORE_K1,0,0,,,False,,,BREAK_BEFORE_K1,2022-11-14 00:20:00+00:00,
60,01:00,5,2022-11-15,Tuesday,2022-11-14 18:00:00+00:00,2022-11-14 23:00:00+00:00,2022-11-14 23:00:00+00:00,2022-11-15 03:00:00+00:00,277.75,271.74,6.009999999999991,False,BREAK_BEFORE_K1,0,0,,,False,,,BREAK_BEFORE_K1,2022-11-14 23:15:00+00:00,
60,01:00,5,2022-11-16,Wednesday,2022-11-15 18:00:00+00:00,2022-11-15 23:00:00+00:00,2022-11-15 23:00:00+00:00,2022-11-16 03:00:00+00:00,279.91,272.9,7.010000000000048,False,NO_K1,0,0,,,False,,,NO_K1,,
60,01:00,5,2022-11-17,Thursday,2022-11-16 18:00:00+00:00,2022-11-16 23:00:00+00:00,2022-11-16 23:00:00+00:00,2022-11-17 03:00:00+00:00,273.24,269.48,3.759999999999991,True,,1,0,2022-11-17 00:45:00+00:00,2022-11-17 00:50:00+00:00,True,2022-11-17 00:50:00+00:00,2022-11-17 00:55:00+00:00,H2_ARRIVAL,2022-11-17 01:10:00+00:00,20.0
60,01:00,5,2022-11-18,Friday,2022-11-17 18:00:00+00:00,2022-11-17 23:00:00+00:00,2022-11-17 23:00:00+00:00,2022-11-18 03:00:00+00:00,268.95,267.08,1.8700000000000045,False,OPPOSITE_VISIT_BEFORE_K1,0,1,,,False,,,OPPOSITE_VISIT_BEFORE_K1,2022-11-17 23:35:00+00:00,
60,01:00,5,2022-11-19,Saturday,2022-11-18 18:00:00+00:00,2022-11-18 23:00:00+00:00,2022-11-18 23:00:00+00:00,2022-11-19 03:00:00+00:00,274.78,270.33,4.449999999999989,False,NO_K1,0,0,,,False,,,NO_K1,,
60,01:00,5,2022-11-20,Sunday,2022-11-19 18:00:00+00:00,2022-11-19 23:00:00+00:00,2022-11-19 23:00:00+00:00,2022-11-20 03:00:00+00:00,273.88,270.62,3.259999999999991,False,NO_K1,0,0,,,False,,,NO_K1,,
60,01:00,5,2022-11-21,Monday,2022-11-20 18:00:00+00:00,2022-11-20 23:00:00+00:00,2022-11-20 23:00:00+00:00,2022-11-21 03:00:00+00:00,269.84,261.36,8.479999999999961,False,OPPOSITE_VISIT_BEFORE_K1,0,1,,,False,,,OPPOSITE_VISIT_BEFORE_K1,2022-11-21 00:05:00+00:00,
60,01:00,5,2022-11-22,Tuesday,2022-11-21 18:00:00+00:00,2022-11-21 23:00:00+00:00,2022-11-21 23:00:00+00:00,2022-11-22 03:00:00+00:00,256.08,249.12,6.9599999999999795,False,BREAK_BEFORE_K1,0,0,,,False,,,BREAK_BEFORE_K1,2022-11-22 00:20:00+00:00,
60,01:00,5,2022-11-23,Wednesday,2022-11-22 18:00:00+00:00,2022-11-22 23:00:00+00:00,2022-11-22 23:00:00+00:00,2022-11-23 03:00:00+00:00,267.79,261.68,6.110000000000014,False,BREAK_BEFORE_K1,0,0,,,False,,,BREAK_BEFORE_K1,2022-11-23 02:20:00+00:00,
60,01:00,5,2022-11-24,Thursday,2022-11-23 18:00:00+00:00,2022-11-23 23:00:00+00:00,2022-11-23 23:00:00+00:00,2022-11-24 03:00:00+00:00,302.16,293.43,8.730000000000018,True,,1,0,2022-11-24 01:35:00+00:00,2022-11-24 01:40:00+00:00,False,,,BREAK_DURING_K1,2022-11-24 01:40:00+00:00,
60,01:00,5,2022-11-25,Friday,2022-11-24 18:00:00+00:00,2022-11-24 23:00:00+00:00,2022-11-24 23:00:00+00:00,2022-11-25 03:00:00+00:00,300.36,297.34,3.0200000000000387,True,,1,0,2022-11-24 23:00:00+00:00,2022-11-24 23:05:00+00:00,True,2022-11-24 23:05:00+00:00,2022-11-24 23:10:00+00:00,H2_ARRIVAL,2022-11-24 23:10:00+00:00,5.0
60,01:00,5,2022-11-26,Saturday,2022-11-25 18:00:00+00:00,2022-11-25 23:00:00+00:00,2022-11-25 23:00:00+00:00,2022-11-26 03:00:00+00:00,302.5,299.12,3.3799999999999955,True,,1,0,2022-11-26 00:55:00+00:00,2022-11-26 01:00:00+00:00,False,,,BREAK_DURING_K1,2022-11-26 01:05:00+00:00,
60,01:00,5,2022-11-27,Sunday,2022-11-26 18:00:00+00:00,2022-11-26 23:00:00+00:00,2022-11-26 23:00:00+00:00,2022-11-27 03:00:00+00:00,314.56,307.15,7.410000000000025,True,,1,0,2022-11-27 01:00:00+00:00,2022-11-27 01:05:00+00:00,False,,,BREAK_DURING_K1,2022-11-27 01:05:00+00:00,
60,01:00,5,2022-11-28,Monday,2022-11-27 18:00:00+00:00,2022-11-27 23:00:00+00:00,2022-11-27 23:00:00+00:00,2022-11-28 03:00:00+00:00,314.4,309.39,5.009999999999991,False,BREAK_BEFORE_K1,0,0,,,False,,,BREAK_BEFORE_K1,2022-11-27 23:20:00+00:00,
60,01:00,5,2022-11-29,Tuesday,2022-11-28 18:00:00+00:00,2022-11-28 23:00:00+00:00,2022-11-28 23:00:00+00:00,2022-11-29 03:00:00+00:00,294.16,291.1,3.0600000000000023,False,BREAK_BEFORE_K1,0,0,,,False,,,BREAK_BEFORE_K1,2022-11-29 00:10:00+00:00,
60,01:00,5,2022-11-30,Wednesday,2022-11-29 18:00:00+00:00,2022-11-29 23:00:00+00:00,2022-11-29 23:00:00+00:00,2022-11-30 03:00:00+00:00,297.27,295.02,2.25,True,,1,0,2022-11-29 23:00:00+00:00,2022-11-29 23:05:00+00:00,True,2022-11-29 23:05:00+00:00,2022-11-29 23:10:00+00:00,H2_ARRIVAL,2022-11-30 00:30:00+00:00,85.0
60,01:00,5,2022-12-01,Thursday,2022-11-30 18:00:00+00:00,2022-11-30 23:00:00+00:00,2022-11-30 23:00:00+00:00,2022-12-01 03:00:00+00:00,301.36,293.15,8.210000000000036,True,,1,0,2022-11-30 23:35:00+00:00,2022-11-30 23:40:00+00:00,False,,,BREAK_DURING_K1,2022-11-30 23:40:00+00:00,
60,01:00,5,2022-12-02,Friday,2022-12-01 18:00:00+00:00,2022-12-01 23:00:00+00:00,2022-12-01 23:00:00+00:00,2022-12-02 03:00:00+00:00,293.58,290.86,2.7199999999999704,True,,1,0,2022-12-02 00:40:00+00:00,2022-12-02 00:45:00+00:00,True,2022-12-02 00:50:00+00:00,2022-12-02 00:55:00+00:00,OPPOSITE_BREAK_BEFORE_H2,2022-12-02 01:40:00+00:00,
60,01:00,5,2022-12-03,Saturday,2022-12-02 18:00:00+00:00,2022-12-02 23:00:00+00:00,2022-12-02 23:00:00+00:00,2022-12-03 03:00:00+00:00,293.0,289.42,3.579999999999984,False,BREAK_BEFORE_K1,0,0,,,False,,,BREAK_BEFORE_K1,2022-12-02 23:30:00+00:00,
60,01:00,5,2022-12-04,Sunday,2022-12-03 18:00:00+00:00,2022-12-03 23:00:00+00:00,2022-12-03 23:00:00+00:00,2022-12-04 03:00:00+00:00,292.57,289.8,2.769999999999982,True,,1,0,2022-12-04 01:25:00+00:00,2022-12-04 01:30:00+00:00,True,2022-12-04 01:30:00+00:00,2022-12-04 01:35:00+00:00,NO_H2_BY_END,,
60,01:00,5,2022-12-05,Monday,2022-12-04 18:00:00+00:00,2022-12-04 23:00:00+00:00,2022-12-04 23:00:00+00:00,2022-12-05 03:00:00+00:00,291.97,290.31,1.660000000000025,False,BREAK_BEFORE_K1,0,0,,,False,,,BREAK_BEFORE_K1,2022-12-04 23:30:00+00:00,
60,01:00,5,2022-12-06,Tuesday,2022-12-05 18:00:00+00:00,2022-12-05 23:00:00+00:00,2022-12-05 23:00:00+00:00,2022-12-06 03:00:00+00:00,290.56,286.01,4.550000000000011,False,NO_K1,0,0,,,False,,,NO_K1,,
60,01:00,5,2022-12-07,Wednesday,2022-12-06 18:00:00+00:00,2022-12-06 23:00:00+00:00,2022-12-06 23:00:00+00:00,2022-12-07 03:00:00+00:00,289.34,286.78,2.5600000000000023,True,,1,0,2022-12-06 23:00:00+00:00,2022-12-06 23:05:00+00:00,False,,,BREAK_DURING_K1,2022-12-06 23:10:00+00:00,
60,01:00,5,2022-12-08,Thursday,2022-12-07 18:00:00+00:00,2022-12-07 23:00:00+00:00,2022-12-07 23:00:00+00:00,2022-12-08 03:00:00+00:00,284.16,282.23,1.9300000000000068,False,BREAK_BEFORE_K1,0,0,,,False,,,BREAK_BEFORE_K1,2022-12-07 23:00:00+00:00,
60,01:00,5,2022-12-09,Friday,2022-12-08 18:00:00+00:00,2022-12-08 23:00:00+00:00,2022-12-08 23:00:00+00:00,2022-12-09 03:00:00+00:00,291.99,287.72,4.269999999999982,False,NO_K1,0,0,,,False,,,NO_K1,,
60,01:00,5,2022-12-10,Saturday,2022-12-09 18:00:00+00:00,2022-12-09 23:00:00+00:00,2022-12-09 23:00:00+00:00,2022-12-10 03:00:00+00:00,289.14,284.5,4.639999999999986,False,NO_K1,0,0,,,False,,,NO_K1,,
60,01:00,5,2022-12-11,Sunday,2022-12-10 18:00:00+00:00,2022-12-10 23:00:00+00:00,2022-12-10 23:00:00+00:00,2022-12-11 03:00:00+00:00,288.55,287.52,1.0300000000000296,False,OPPOSITE_VISIT_BEFORE_K1,0,1,,,False,,,OPPOSITE_VISIT_BEFORE_K1,2022-12-10 23:40:00+00:00,
60,01:00,5,2022-12-12,Monday,2022-12-11 18:00:00+00:00,2022-12-11 23:00:00+00:00,2022-12-11 23:00:00+00:00,2022-12-12 03:00:00+00:00,291.49,284.0,7.490000000000009,False,OPPOSITE_VISIT_BEFORE_K1,0,1,,,False,,,OPPOSITE_VISIT_BEFORE_K1,2022-12-11 23:35:00+00:00,
60,01:00,5,2022-12-13,Tuesday,2022-12-12 18:00:00+00:00,2022-12-12 23:00:00+00:00,2022-12-12 23:00:00+00:00,2022-12-13 03:00:00+00:00,277.4,272.95,4.449999999999989,True,,1,0,2022-12-12 23:40:00+00:00,2022-12-12 23:45:00+00:00,True,2022-12-12 23:50:00+00:00,2022-12-12 23:55:00+00:00,OPPOSITE_BREAK_BEFORE_H2,2022-12-13 02:00:00+00:00,
60,01:00,5,2022-12-14,Wednesday,2022-12-13 18:00:00+00:00,2022-12-13 23:00:00+00:00,2022-12-13 23:00:00+00:00,2022-12-14 03:00:00+00:00,273.99,266.85,7.139999999999986,True,,1,0,2022-12-14 00:00:00+00:00,2022-12-14 00:05:00+00:00,True,2022-12-14 00:05:00+00:00,2022-12-14 00:10:00+00:00,H2_ARRIVAL,2022-12-14 00:40:00+00:00,35.0
60,01:00,5,2022-12-15,Thursday,2022-12-14 18:00:00+00:00,2022-12-14 23:00:00+00:00,2022-12-14 23:00:00+00:00,2022-12-15 03:00:00+00:00,274.09,265.0,9.089999999999975,False,BREAK_BEFORE_K1,0,0,,,False,,,BREAK_BEFORE_K1,2022-12-15 01:35:00+00:00,
60,01:00,5,2022-12-16,Friday,2022-12-15 18:00:00+00:00,2022-12-15 23:00:00+00:00,2022-12-15 23:00:00+00:00,2022-12-16 03:00:00+00:00,262.08,256.5,5.579999999999984,True,,1,0,2022-12-16 02:30:00+00:00,2022-12-16 02:35:00+00:00,False,,,BREAK_DURING_K1,2022-12-16 02:35:00+00:00,
60,01:00,5,2022-12-17,Saturday,2022-12-16 18:00:00+00:00,2022-12-16 23:00:00+00:00,2022-12-16 23:00:00+00:00,2022-12-17 03:00:00+00:00,246.62,222.96,23.659999999999997,False,BREAK_BEFORE_K1,0,0,,,False,,,BREAK_BEFORE_K1,2022-12-17 02:00:00+00:00,
60,01:00,5,2022-12-18,Sunday,2022-12-17 18:00:00+00:00,2022-12-17 23:00:00+00:00,2022-12-17 23:00:00+00:00,2022-12-18 03:00:00+00:00,240.97,234.65,6.319999999999993,True,,1,0,2022-12-17 23:05:00+00:00,2022-12-17 23:10:00+00:00,True,2022-12-17 23:10:00+00:00,2022-12-17 23:15:00+00:00,H2_ARRIVAL,2022-12-17 23:30:00+00:00,20.0
60,01:00,5,2022-12-19,Monday,2022-12-18 18:00:00+00:00,2022-12-18 23:00:00+00:00,2022-12-18 23:00:00+00:00,2022-12-19 03:00:00+00:00,254.2,246.39,7.810000000000002,False,NO_K1,0,0,,,False,,,NO_K1,,
60,01:00,5,2022-12-20,Tuesday,2022-12-19 18:00:00+00:00,2022-12-19 23:00:00+00:00,2022-12-19 23:00:00+00:00,2022-12-20 03:00:00+00:00,244.8,236.46,8.340000000000003,False,BREAK_BEFORE_K1,0,0,,,False,,,BREAK_BEFORE_K1,2022-12-20 01:30:00+00:00,
60,01:00,5,2022-12-21,Wednesday,2022-12-20 18:00:00+00:00,2022-12-20 23:00:00+00:00,2022-12-20 23:00:00+00:00,2022-12-21 03:00:00+00:00,251.26,247.81,3.4499999999999886,False,BREAK_BEFORE_K1,0,0,,,False,,,BREAK_BEFORE_K1,2022-12-20 23:00:00+00:00,
60,01:00,5,2022-12-22,Thursday,2022-12-21 18:00:00+00:00,2022-12-21 23:00:00+00:00,2022-12-21 23:00:00+00:00,2022-12-22 03:00:00+00:00,248.27,245.0,3.2700000000000102,True,,1,0,2022-12-22 01:15:00+00:00,2022-12-22 01:20:00+00:00,True,2022-12-22 01:20:00+00:00,2022-12-22 01:25:00+00:00,NO_H2_BY_END,,
60,01:00,5,2022-12-23,Friday,2022-12-22 18:00:00+00:00,2022-12-22 23:00:00+00:00,2022-12-22 23:00:00+00:00,2022-12-23 03:00:00+00:00,247.0,240.55,6.449999999999989,False,BREAK_BEFORE_K1,0,0,,,False,,,BREAK_BEFORE_K1,2022-12-23 02:55:00+00:00,
60,01:00,5,2022-12-24,Saturday,2022-12-23 18:00:00+00:00,2022-12-23 23:00:00+00:00,2022-12-23 23:00:00+00:00,2022-12-24 03:00:00+00:00,246.34,245.38,0.960000000000008,False,OPPOSITE_VISIT_BEFORE_K1,0,1,,,False,,,OPPOSITE_VISIT_BEFORE_K1,2022-12-24 00:45:00+00:00,
60,01:00,5,2022-12-25,Sunday,2022-12-24 18:00:00+00:00,2022-12-24 23:00:00+00:00,2022-12-24 23:00:00+00:00,2022-12-25 03:00:00+00:00,244.96,243.81,1.1500000000000057,False,BREAK_BEFORE_K1,0,0,,,False,,,BREAK_BEFORE_K1,2022-12-25 00:40:00+00:00,
60,01:00,5,2022-12-26,Monday,2022-12-25 18:00:00+00:00,2022-12-25 23:00:00+00:00,2022-12-25 23:00:00+00:00,2022-12-26 03:00:00+00:00,243.76,241.2,2.5600000000000023,False,BREAK_BEFORE_K1,0,0,,,False,,,BREAK_BEFORE_K1,2022-12-26 01:45:00+00:00,
60,01:00,5,2022-12-27,Tuesday,2022-12-26 18:00:00+00:00,2022-12-26 23:00:00+00:00,2022-12-26 23:00:00+00:00,2022-12-27 03:00:00+00:00,243.13,241.88,1.25,True,,1,0,2022-12-26 23:30:00+00:00,2022-12-26 23:35:00+00:00,False,,,BREAK_DURING_K1,2022-12-26 23:35:00+00:00,
60,01:00,5,2022-12-28,Wednesday,2022-12-27 18:00:00+00:00,2022-12-27 23:00:00+00:00,2022-12-27 23:00:00+00:00,2022-12-28 03:00:00+00:00,246.57,244.34,2.2299999999999898,True,,1,0,2022-12-27 23:30:00+00:00,2022-12-27 23:35:00+00:00,True,2022-12-27 23:35:00+00:00,2022-12-27 23:40:00+00:00,H2_ARRIVAL,2022-12-27 23:50:00+00:00,15.0
60,01:00,5,2022-12-29,Thursday,2022-12-28 18:00:00+00:00,2022-12-28 23:00:00+00:00,2022-12-28 23:00:00+00:00,2022-12-29 03:00:00+00:00,244.96,241.89,3.0700000000000216,False,BREAK_BEFORE_K1,0,0,,,False,,,BREAK_BEFORE_K1,2022-12-29 00:00:00+00:00,
60,01:00,5,2022-12-30,Friday,2022-12-29 18:00:00+00:00,2022-12-29 23:00:00+00:00,2022-12-29 23:00:00+00:00,2022-12-30 03:00:00+00:00,246.29,244.46,1.829999999999984,True,,1,0,2022-12-29 23:15:00+00:00,2022-12-29 23:20:00+00:00,True,2022-12-29 23:20:00+00:00,2022-12-29 23:25:00+00:00,H2_ARRIVAL,2022-12-29 23:30:00+00:00,10.0
60,01:00,5,2022-12-31,Saturday,2022-12-30 18:00:00+00:00,2022-12-30 23:00:00+00:00,2022-12-30 23:00:00+00:00,2022-12-31 03:00:00+00:00,245.72,244.52,1.1999999999999886,False,BREAK_BEFORE_K1,0,0,,,False,,,BREAK_BEFORE_K1,2022-12-30 23:05:00+00:00,
60,01:00,5,2023-01-01,Sunday,2022-12-31 18:00:00+00:00,2022-12-31 23:00:00+00:00,2022-12-31 23:00:00+00:00,2023-01-01 03:00:00+00:00,247.35,245.56,1.789999999999992,False,OPPOSITE_VISIT_BEFORE_K1,0,1,,,False,,,OPPOSITE_VISIT_BEFORE_K1,2023-01-01 00:45:00+00:00,
60,01:00,5,2023-01-02,Monday,2023-01-01 18:00:00+00:00,2023-01-01 23:00:00+00:00,2023-01-01 23:00:00+00:00,2023-01-02 03:00:00+00:00,245.81,244.57,1.240000000000009,False,BREAK_BEFORE_K1,0,0,,,False,,,BREAK_BEFORE_K1,2023-01-01 23:00:00+00:00,
60,01:00,5,2023-01-03,Tuesday,2023-01-02 18:00:00+00:00,2023-01-02 23:00:00+00:00,2023-01-02 23:00:00+00:00,2023-01-03 03:00:00+00:00,247.73,245.89,1.8400000000000034,False,OPPOSITE_VISIT_BEFORE_K1,0,1,,,False,,,OPPOSITE_VISIT_BEFORE_K1,2023-01-02 23:00:00+00:00,
60,01:00,5,2023-01-04,Wednesday,2023-01-03 18:00:00+00:00,2023-01-03 23:00:00+00:00,2023-01-03 23:00:00+00:00,2023-01-04 03:00:00+00:00,245.98,244.54,1.4399999999999977,True,,1,0,2023-01-03 23:00:00+00:00,2023-01-03 23:05:00+00:00,False,,,BREAK_DURING_K1,2023-01-03 23:05:00+00:00,
60,01:00,5,2023-01-05,Thursday,2023-01-04 18:00:00+00:00,2023-01-04 23:00:00+00:00,2023-01-04 23:00:00+00:00,2023-01-05 03:00:00+00:00,260.65,254.7,5.949999999999989,False,NO_K1,0,0,,,False,,,NO_K1,,
60,01:00,5,2023-01-06,Friday,2023-01-05 18:00:00+00:00,2023-01-05 23:00:00+00:00,2023-01-05 23:00:00+00:00,2023-01-06 03:00:00+00:00,258.22,256.2,2.0200000000000387,False,BREAK_BEFORE_K1,0,0,,,False,,,BREAK_BEFORE_K1,2023-01-05 23:20:00+00:00,
60,01:00,5,2023-01-07,Saturday,2023-01-06 18:00:00+00:00,2023-01-06 23:00:00+00:00,2023-01-06 23:00:00+00:00,2023-01-07 03:00:00+00:00,260.5,258.21,2.2900000000000205,False,BREAK_BEFORE_K1,0,0,,,False,,,BREAK_BEFORE_K1,2023-01-07 00:55:00+00:00,
60,01:00,5,2023-01-08,Sunday,2023-01-07 18:00:00+00:00,2023-01-07 23:00:00+00:00,2023-01-07 23:00:00+00:00,2023-01-08 03:00:00+00:00,261.62,260.41,1.2099999999999795,False,BREAK_BEFORE_K1,0,0,,,False,,,BREAK_BEFORE_K1,2023-01-08 00:05:00+00:00,
60,01:00,5,2023-01-09,Monday,2023-01-08 18:00:00+00:00,2023-01-08 23:00:00+00:00,2023-01-08 23:00:00+00:00,2023-01-09 03:00:00+00:00,272.58,264.89,7.689999999999998,False,BREAK_BEFORE_K1,0,0,,,False,,,BREAK_BEFORE_K1,2023-01-08 23:05:00+00:00,
60,01:00,5,2023-01-10,Tuesday,2023-01-09 18:00:00+00:00,2023-01-09 23:00:00+00:00,2023-01-09 23:00:00+00:00,2023-01-10 03:00:00+00:00,282.21,271.31,10.899999999999977,False,OPPOSITE_VISIT_BEFORE_K1,0,1,,,False,,,OPPOSITE_VISIT_BEFORE_K1,2023-01-09 23:10:00+00:00,
60,01:00,5,2023-01-11,Wednesday,2023-01-10 18:00:00+00:00,2023-01-10 23:00:00+00:00,2023-01-10 23:00:00+00:00,2023-01-11 03:00:00+00:00,278.65,274.64,4.009999999999991,False,OPPOSITE_VISIT_BEFORE_K1,0,1,,,False,,,OPPOSITE_VISIT_BEFORE_K1,2023-01-11 02:55:00+00:00,
60,01:00,5,2023-01-12,Thursday,2023-01-11 18:00:00+00:00,2023-01-11 23:00:00+00:00,2023-01-11 23:00:00+00:00,2023-01-12 03:00:00+00:00,280.9,276.95,3.9499999999999886,True,,1,0,2023-01-11 23:00:00+00:00,2023-01-11 23:05:00+00:00,True,2023-01-11 23:10:00+00:00,2023-01-11 23:15:00+00:00,H2_ARRIVAL,2023-01-11 23:15:00+00:00,5.0
60,01:00,5,2023-01-13,Friday,2023-01-12 18:00:00+00:00,2023-01-12 23:00:00+00:00,2023-01-12 23:00:00+00:00,2023-01-13 03:00:00+00:00,288.67,284.53,4.140000000000043,False,NO_K1,0,0,,,False,,,NO_K1,,
60,01:00,5,2023-01-14,Saturday,2023-01-13 18:00:00+00:00,2023-01-13 23:00:00+00:00,2023-01-13 23:00:00+00:00,2023-01-14 03:00:00+00:00,296.25,286.7,9.550000000000011,False,BREAK_BEFORE_K1,0,0,,,False,,,BREAK_BEFORE_K1,2023-01-14 00:20:00+00:00,
60,01:00,5,2023-01-15,Sunday,2023-01-14 18:00:00+00:00,2023-01-14 23:00:00+00:00,2023-01-14 23:00:00+00:00,2023-01-15 03:00:00+00:00,305.75,302.31,3.4399999999999977,False,BREAK_BEFORE_K1,0,0,,,False,,,BREAK_BEFORE_K1,2023-01-14 23:00:00+00:00,
60,01:00,5,2023-01-16,Monday,2023-01-15 18:00:00+00:00,2023-01-15 23:00:00+00:00,2023-01-15 23:00:00+00:00,2023-01-16 03:00:00+00:00,303.25,298.0,5.25,True,,1,0,2023-01-15 23:00:00+00:00,2023-01-15 23:05:00+00:00,True,2023-01-15 23:05:00+00:00,2023-01-15 23:10:00+00:00,H2_ARRIVAL,2023-01-16 00:05:00+00:00,60.0
60,01:00,5,2023-01-17,Tuesday,2023-01-16 18:00:00+00:00,2023-01-16 23:00:00+00:00,2023-01-16 23:00:00+00:00,2023-01-17 03:00:00+00:00,302.55,298.2,4.350000000000023,False,BREAK_BEFORE_K1,0,0,,,False,,,BREAK_BEFORE_K1,2023-01-17 00:00:00+00:00,
60,01:00,5,2023-01-18,Wednesday,2023-01-17 18:00:00+00:00,2023-01-17 23:00:00+00:00,2023-01-17 23:00:00+00:00,2023-01-18 03:00:00+00:00,303.63,300.69,2.9399999999999977,False,OPPOSITE_VISIT_BEFORE_K1,0,1,,,False,,,OPPOSITE_VISIT_BEFORE_K1,2023-01-17 23:00:00+00:00,
60,01:00,5,2023-01-19,Thursday,2023-01-18 18:00:00+00:00,2023-01-18 23:00:00+00:00,2023-01-18 23:00:00+00:00,2023-01-19 03:00:00+00:00,296.36,287.44,8.920000000000016,False,BREAK_BEFORE_K1,0,0,,,False,,,BREAK_BEFORE_K1,2023-01-18 23:35:00+00:00,
60,01:00,5,2023-01-20,Friday,2023-01-19 18:00:00+00:00,2023-01-19 23:00:00+00:00,2023-01-19 23:00:00+00:00,2023-01-20 03:00:00+00:00,295.4,289.84,5.560000000000002,True,,1,0,2023-01-20 00:05:00+00:00,2023-01-20 00:10:00+00:00,True,2023-01-20 00:10:00+00:00,2023-01-20 00:15:00+00:00,H2_ARRIVAL,2023-01-20 02:15:00+00:00,125.0
60,01:00,5,2023-01-21,Saturday,2023-01-20 18:00:00+00:00,2023-01-20 23:00:00+00:00,2023-01-20 23:00:00+00:00,2023-01-21 03:00:00+00:00,305.12,291.65,13.470000000000027,True,,1,0,2023-01-20 23:10:00+00:00,2023-01-20 23:15:00+00:00,False,,,BREAK_DURING_K1,2023-01-20 23:15:00+00:00,
60,01:00,5,2023-01-22,Sunday,2023-01-21 18:00:00+00:00,2023-01-21 23:00:00+00:00,2023-01-21 23:00:00+00:00,2023-01-22 03:00:00+00:00,305.19,301.32,3.8700000000000045,False,OPPOSITE_VISIT_BEFORE_K1,0,1,,,False,,,OPPOSITE_VISIT_BEFORE_K1,2023-01-21 23:00:00+00:00,
60,01:00,5,2023-01-23,Monday,2023-01-22 18:00:00+00:00,2023-01-22 23:00:00+00:00,2023-01-22 23:00:00+00:00,2023-01-23 03:00:00+00:00,312.0,298.5,13.5,False,NO_K1,0,0,,,False,,,NO_K1,,
60,01:00,5,2023-01-24,Tuesday,2023-01-23 18:00:00+00:00,2023-01-23 23:00:00+00:00,2023-01-23 23:00:00+00:00,2023-01-24 03:00:00+00:00,306.88,303.5,3.3799999999999955,False,OPPOSITE_VISIT_BEFORE_K1,0,1,,,False,,,OPPOSITE_VISIT_BEFORE_K1,2023-01-24 00:05:00+00:00,
60,01:00,5,2023-01-25,Wednesday,2023-01-24 18:00:00+00:00,2023-01-24 23:00:00+00:00,2023-01-24 23:00:00+00:00,2023-01-25 03:00:00+00:00,311.36,299.5,11.860000000000014,False,BREAK_BEFORE_K1,0,0,,,False,,,BREAK_BEFORE_K1,2023-01-24 23:15:00+00:00,
60,01:00,5,2023-01-26,Thursday,2023-01-25 18:00:00+00:00,2023-01-25 23:00:00+00:00,2023-01-25 23:00:00+00:00,2023-01-26 03:00:00+00:00,314.05,300.07,13.980000000000018,False,NO_K1,0,0,,,False,,,NO_K1,,
60,01:00,5,2023-01-27,Friday,2023-01-26 18:00:00+00:00,2023-01-26 23:00:00+00:00,2023-01-26 23:00:00+00:00,2023-01-27 03:00:00+00:00,307.1,303.41,3.6899999999999977,False,OPPOSITE_VISIT_BEFORE_K1,0,1,,,False,,,OPPOSITE_VISIT_BEFORE_K1,2023-01-27 00:15:00+00:00,
60,01:00,5,2023-01-28,Saturday,2023-01-27 18:00:00+00:00,2023-01-27 23:00:00+00:00,2023-01-27 23:00:00+00:00,2023-01-28 03:00:00+00:00,310.73,305.29,5.439999999999998,False,NO_K1,0,0,,,False,,,NO_K1,,
60,01:00,5,2023-01-29,Sunday,2023-01-28 18:00:00+00:00,2023-01-28 23:00:00+00:00,2023-01-28 23:00:00+00:00,2023-01-29 03:00:00+00:00,306.89,304.08,2.8100000000000023,True,,1,0,2023-01-29 00:30:00+00:00,2023-01-29 00:35:00+00:00,False,,,BREAK_DURING_K1,2023-01-29 00:35:00+00:00,
60,01:00,5,2023-01-30,Monday,2023-01-29 18:00:00+00:00,2023-01-29 23:00:00+00:00,2023-01-29 23:00:00+00:00,2023-01-30 03:00:00+00:00,320.71,315.0,5.7099999999999795,False,BREAK_BEFORE_K1,0,0,,,False,,,BREAK_BEFORE_K1,2023-01-30 00:45:00+00:00,
60,01:00,5,2023-01-31,Tuesday,2023-01-30 18:00:00+00:00,2023-01-30 23:00:00+00:00,2023-01-30 23:00:00+00:00,2023-01-31 03:00:00+00:00,309.41,300.88,8.53000000000003,False,BREAK_BEFORE_K1,0,0,,,False,,,BREAK_BEFORE_K1,2023-01-31 01:10:00+00:00,
60,01:00,5,2023-02-01,Wednesday,2023-01-31 18:00:00+00:00,2023-01-31 23:00:00+00:00,2023-01-31 23:00:00+00:00,2023-02-01 03:00:00+00:00,314.12,308.68,5.439999999999998,False,BREAK_BEFORE_K1,0,0,,,False,,,BREAK_BEFORE_K1,2023-02-01 00:40:00+00:00,
60,01:00,5,2023-02-02,Thursday,2023-02-01 18:00:00+00:00,2023-02-01 23:00:00+00:00,2023-02-01 23:00:00+00:00,2023-02-02 03:00:00+00:00,319.58,306.77,12.810000000000002,False,BREAK_BEFORE_K1,0,0,,,False,,,BREAK_BEFORE_K1,2023-02-02 00:40:00+00:00,
60,01:00,5,2023-02-03,Friday,2023-02-02 18:00:00+00:00,2023-02-02 23:00:00+00:00,2023-02-02 23:00:00+00:00,2023-02-03 03:00:00+00:00,332.98,321.36,11.620000000000005,False,OPPOSITE_VISIT_BEFORE_K1,0,1,,,False,,,OPPOSITE_VISIT_BEFORE_K1,2023-02-03 02:35:00+00:00,
60,01:00,5,2023-02-04,Saturday,2023-02-03 18:00:00+00:00,2023-02-03 23:00:00+00:00,2023-02-03 23:00:00+00:00,2023-02-04 03:00:00+00:00,332.98,328.32,4.660000000000025,True,,1,0,2023-02-04 00:25:00+00:00,2023-02-04 00:30:00+00:00,False,,,BREAK_DURING_K1,2023-02-04 00:30:00+00:00,
60,01:00,5,2023-02-05,Sunday,2023-02-04 18:00:00+00:00,2023-02-04 23:00:00+00:00,2023-02-04 23:00:00+00:00,2023-02-05 03:00:00+00:00,332.31,329.55,2.759999999999991,False,OPPOSITE_VISIT_BEFORE_K1,0,1,,,False,,,OPPOSITE_VISIT_BEFORE_K1,2023-02-04 23:40:00+00:00,
60,01:00,5,2023-02-06,Monday,2023-02-05 18:00:00+00:00,2023-02-05 23:00:00+00:00,2023-02-05 23:00:00+00:00,2023-02-06 03:00:00+00:00,328.64,324.41,4.229999999999961,False,BREAK_BEFORE_K1,0,0,,,False,,,BREAK_BEFORE_K1,2023-02-06 00:00:00+00:00,
60,01:00,5,2023-02-07,Tuesday,2023-02-06 18:00:00+00:00,2023-02-06 23:00:00+00:00,2023-02-06 23:00:00+00:00,2023-02-07 03:00:00+00:00,330.0,326.52,3.480000000000018,False,BREAK_BEFORE_K1,0,0,,,False,,,BREAK_BEFORE_K1,2023-02-06 23:00:00+00:00,
60,01:00,5,2023-02-08,Wednesday,2023-02-07 18:00:00+00:00,2023-02-07 23:00:00+00:00,2023-02-07 23:00:00+00:00,2023-02-08 03:00:00+00:00,333.27,326.07,7.199999999999989,False,BREAK_BEFORE_K1,0,0,,,False,,,BREAK_BEFORE_K1,2023-02-07 23:05:00+00:00,
60,01:00,5,2023-02-09,Thursday,2023-02-08 18:00:00+00:00,2023-02-08 23:00:00+00:00,2023-02-08 23:00:00+00:00,2023-02-09 03:00:00+00:00,329.25,325.01,4.240000000000009,True,,1,0,2023-02-09 01:20:00+00:00,2023-02-09 01:25:00+00:00,True,2023-02-09 01:25:00+00:00,2023-02-09 01:30:00+00:00,OPPOSITE_BREAK_BEFORE_H2,2023-02-09 02:50:00+00:00,
60,01:00,5,2023-02-10,Friday,2023-02-09 18:00:00+00:00,2023-02-09 23:00:00+00:00,2023-02-09 23:00:00+00:00,2023-02-10 03:00:00+00:00,318.28,301.41,16.869999999999948,False,NO_K1,0,0,,,False,,,NO_K1,,
60,01:00,5,2023-02-11,Saturday,2023-02-10 18:00:00+00:00,2023-02-10 23:00:00+00:00,2023-02-10 23:00:00+00:00,2023-02-11 03:00:00+00:00,308.56,304.14,4.420000000000016,False,NO_K1,0,0,,,False,,,NO_K1,,
60,01:00,5,2023-02-12,Sunday,2023-02-11 18:00:00+00:00,2023-02-11 23:00:00+00:00,2023-02-11 23:00:00+00:00,2023-02-12 03:00:00+00:00,311.13,306.7,4.430000000000007,False,NO_K1,0,0,,,False,,,NO_K1,,
60,01:00,5,2023-02-13,Monday,2023-02-12 18:00:00+00:00,2023-02-12 23:00:00+00:00,2023-02-12 23:00:00+00:00,2023-02-13 03:00:00+00:00,320.49,313.0,7.490000000000009,False,BREAK_BEFORE_K1,0,0,,,False,,,BREAK_BEFORE_K1,2023-02-12 23:25:00+00:00,
60,01:00,5,2023-02-14,Tuesday,2023-02-13 18:00:00+00:00,2023-02-13 23:00:00+00:00,2023-02-13 23:00:00+00:00,2023-02-14 03:00:00+00:00,291.8,284.76,7.0400000000000205,False,BREAK_BEFORE_K1,0,0,,,False,,,BREAK_BEFORE_K1,2023-02-13 23:20:00+00:00,
60,01:00,5,2023-02-15,Wednesday,2023-02-14 18:00:00+00:00,2023-02-14 23:00:00+00:00,2023-02-14 23:00:00+00:00,2023-02-15 03:00:00+00:00,298.4,295.49,2.909999999999968,False,OPPOSITE_VISIT_BEFORE_K1,0,1,,,False,,,OPPOSITE_VISIT_BEFORE_K1,2023-02-14 23:00:00+00:00,
60,01:00,5,2023-02-16,Thursday,2023-02-15 18:00:00+00:00,2023-02-15 23:00:00+00:00,2023-02-15 23:00:00+00:00,2023-02-16 03:00:00+00:00,317.42,301.85,15.569999999999993,False,BREAK_BEFORE_K1,0,0,,,False,,,BREAK_BEFORE_K1,2023-02-15 23:10:00+00:00,
60,01:00,5,2023-02-17,Friday,2023-02-16 18:00:00+00:00,2023-02-16 23:00:00+00:00,2023-02-16 23:00:00+00:00,2023-02-17 03:00:00+00:00,322.61,307.09,15.520000000000039,False,OPPOSITE_VISIT_BEFORE_K1,0,1,,,False,,,OPPOSITE_VISIT_BEFORE_K1,2023-02-16 23:05:00+00:00,
60,01:00,5,2023-02-18,Saturday,2023-02-17 18:00:00+00:00,2023-02-17 23:00:00+00:00,2023-02-17 23:00:00+00:00,2023-02-18 03:00:00+00:00,317.0,309.17,7.829999999999984,False,NO_K1,0,0,,,False,,,NO_K1,,
60,01:00,5,2023-02-19,Sunday,2023-02-18 18:00:00+00:00,2023-02-18 23:00:00+00:00,2023-02-18 23:00:00+00:00,2023-02-19 03:00:00+00:00,316.99,313.73,3.259999999999991,True,,1,0,2023-02-19 00:00:00+00:00,2023-02-19 00:05:00+00:00,True,2023-02-19 00:05:00+00:00,2023-02-19 00:10:00+00:00,H2_ARRIVAL,2023-02-19 00:45:00+00:00,40.0
60,01:00,5,2023-02-20,Monday,2023-02-19 18:00:00+00:00,2023-02-19 23:00:00+00:00,2023-02-19 23:00:00+00:00,2023-02-20 03:00:00+00:00,313.64,310.0,3.6399999999999864,False,BREAK_BEFORE_K1,0,0,,,False,,,BREAK_BEFORE_K1,2023-02-20 00:30:00+00:00,
60,01:00,5,2023-02-21,Tuesday,2023-02-20 18:00:00+00:00,2023-02-20 23:00:00+00:00,2023-02-20 23:00:00+00:00,2023-02-21 03:00:00+00:00,315.08,312.93,2.1499999999999773,True,,1,0,2023-02-20 23:10:00+00:00,2023-02-20 23:15:00+00:00,True,2023-02-20 23:15:00+00:00,2023-02-20 23:20:00+00:00,H2_ARRIVAL,2023-02-20 23:50:00+00:00,35.0
60,01:00,5,2023-02-22,Wednesday,2023-02-21 18:00:00+00:00,2023-02-21 23:00:00+00:00,2023-02-21 23:00:00+00:00,2023-02-22 03:00:00+00:00,314.02,309.03,4.990000000000009,False,OPPOSITE_VISIT_BEFORE_K1,0,1,,,False,,,OPPOSITE_VISIT_BEFORE_K1,2023-02-22 00:45:00+00:00,
60,01:00,5,2023-02-23,Thursday,2023-02-22 18:00:00+00:00,2023-02-22 23:00:00+00:00,2023-02-22 23:00:00+00:00,2023-02-23 03:00:00+00:00,310.78,305.4,5.3799999999999955,False,BREAK_BEFORE_K1,0,0,,,False,,,BREAK_BEFORE_K1,2023-02-22 23:00:00+00:00,
60,01:00,5,2023-02-24,Friday,2023-02-23 18:00:00+00:00,2023-02-23 23:00:00+00:00,2023-02-23 23:00:00+00:00,2023-02-24 03:00:00+00:00,309.88,306.36,3.519999999999982,False,BREAK_BEFORE_K1,0,0,,,False,,,BREAK_BEFORE_K1,2023-02-24 01:10:00+00:00,
60,01:00,5,2023-02-25,Saturday,2023-02-24 18:00:00+00:00,2023-02-24 23:00:00+00:00,2023-02-24 23:00:00+00:00,2023-02-25 03:00:00+00:00,303.9,298.19,5.7099999999999795,False,NO_K1,0,0,,,False,,,NO_K1,,
60,01:00,5,2023-02-26,Sunday,2023-02-25 18:00:00+00:00,2023-02-25 23:00:00+00:00,2023-02-25 23:00:00+00:00,2023-02-26 03:00:00+00:00,302.61,295.07,7.5400000000000205,False,BREAK_BEFORE_K1,0,0,,,False,,,BREAK_BEFORE_K1,2023-02-26 02:45:00+00:00,
60,01:00,5,2023-02-27,Monday,2023-02-26 18:00:00+00:00,2023-02-26 23:00:00+00:00,2023-02-26 23:00:00+00:00,2023-02-27 03:00:00+00:00,309.8,304.82,4.980000000000018,False,NO_K1,0,0,,,False,,,NO_K1,,
60,01:00,5,2023-02-28,Tuesday,2023-02-27 18:00:00+00:00,2023-02-27 23:00:00+00:00,2023-02-27 23:00:00+00:00,2023-02-28 03:00:00+00:00,304.82,300.24,4.579999999999984,False,NO_K1,0,0,,,False,,,NO_K1,,
60,01:00,5,2023-03-01,Wednesday,2023-02-28 18:00:00+00:00,2023-02-28 23:00:00+00:00,2023-02-28 23:00:00+00:00,2023-03-01 03:00:00+00:00,304.04,299.52,4.520000000000039,False,NO_K1,0,0,,,False,,,NO_K1,,
60,01:00,5,2023-03-02,Thursday,2023-03-01 18:00:00+00:00,2023-03-01 23:00:00+00:00,2023-03-01 23:00:00+00:00,2023-03-02 03:00:00+00:00,302.87,300.44,2.430000000000007,False,BREAK_BEFORE_K1,0,0,,,False,,,BREAK_BEFORE_K1,2023-03-02 00:15:00+00:00,
60,01:00,5,2023-03-03,Friday,2023-03-02 18:00:00+00:00,2023-03-02 23:00:00+00:00,2023-03-02 23:00:00+00:00,2023-03-03 03:00:00+00:00,300.68,297.06,3.6200000000000045,False,BREAK_BEFORE_K1,0,0,,,False,,,BREAK_BEFORE_K1,2023-03-03 01:15:00+00:00,
60,01:00,5,2023-03-04,Saturday,2023-03-03 18:00:00+00:00,2023-03-03 23:00:00+00:00,2023-03-03 23:00:00+00:00,2023-03-04 03:00:00+00:00,290.07,287.23,2.839999999999975,False,BREAK_BEFORE_K1,0,0,,,False,,,BREAK_BEFORE_K1,2023-03-03 23:55:00+00:00,
60,01:00,5,2023-03-05,Sunday,2023-03-04 18:00:00+00:00,2023-03-04 23:00:00+00:00,2023-03-04 23:00:00+00:00,2023-03-05 03:00:00+00:00,290.08,285.51,4.569999999999993,False,BREAK_BEFORE_K1,0,0,,,False,,,BREAK_BEFORE_K1,2023-03-05 01:15:00+00:00,
60,01:00,5,2023-03-06,Monday,2023-03-05 18:00:00+00:00,2023-03-05 23:00:00+00:00,2023-03-05 23:00:00+00:00,2023-03-06 03:00:00+00:00,290.65,288.27,2.3799999999999955,False,OPPOSITE_VISIT_BEFORE_K1,0,1,,,False,,,OPPOSITE_VISIT_BEFORE_K1,2023-03-05 23:00:00+00:00,
60,01:00,5,2023-03-07,Tuesday,2023-03-06 18:00:00+00:00,2023-03-06 23:00:00+00:00,2023-03-06 23:00:00+00:00,2023-03-07 03:00:00+00:00,288.86,286.37,2.490000000000009,False,BREAK_BEFORE_K1,0,0,,,False,,,BREAK_BEFORE_K1,2023-03-07 01:20:00+00:00,
60,01:00,5,2023-03-08,Wednesday,2023-03-07 18:00:00+00:00,2023-03-07 23:00:00+00:00,2023-03-07 23:00:00+00:00,2023-03-08 03:00:00+00:00,290.51,285.32,5.189999999999998,False,NO_K1,0,0,,,False,,,NO_K1,,
60,01:00,5,2023-03-09,Thursday,2023-03-08 18:00:00+00:00,2023-03-08 23:00:00+00:00,2023-03-08 23:00:00+00:00,2023-03-09 03:00:00+00:00,291.95,285.85,6.099999999999966,False,OPPOSITE_VISIT_BEFORE_K1,0,1,,,False,,,OPPOSITE_VISIT_BEFORE_K1,2023-03-09 00:10:00+00:00,
60,01:00,5,2023-03-10,Friday,2023-03-09 18:00:00+00:00,2023-03-09 23:00:00+00:00,2023-03-09 23:00:00+00:00,2023-03-10 03:00:00+00:00,287.43,270.82,16.610000000000014,False,NO_K1,0,0,,,False,,,NO_K1,,
60,01:00,5,2023-03-11,Saturday,2023-03-10 18:00:00+00:00,2023-03-10 23:00:00+00:00,2023-03-10 23:00:00+00:00,2023-03-11 03:00:00+00:00,277.62,274.17,3.4499999999999886,True,,1,0,2023-03-10 23:10:00+00:00,2023-03-10 23:15:00+00:00,False,,,BREAK_DURING_K1,2023-03-10 23:15:00+00:00,
60,01:00,5,2023-03-12,Sunday,2023-03-11 18:00:00+00:00,2023-03-11 23:00:00+00:00,2023-03-11 23:00:00+00:00,2023-03-12 03:00:00+00:00,275.02,271.76,3.259999999999991,True,,1,0,2023-03-11 23:40:00+00:00,2023-03-11 23:45:00+00:00,False,,,BREAK_DURING_K1,2023-03-11 23:50:00+00:00,
60,01:00,5,2023-03-13,Monday,2023-03-12 18:00:00+00:00,2023-03-12 23:00:00+00:00,2023-03-12 23:00:00+00:00,2023-03-13 03:00:00+00:00,286.5,277.41,9.089999999999975,True,,1,0,2023-03-12 23:25:00+00:00,2023-03-12 23:30:00+00:00,False,,,BREAK_DURING_K1,2023-03-12 23:30:00+00:00,
60,01:00,5,2023-03-14,Tuesday,2023-03-13 18:00:00+00:00,2023-03-13 23:00:00+00:00,2023-03-13 23:00:00+00:00,2023-03-14 03:00:00+00:00,309.93,306.12,3.8100000000000023,False,OPPOSITE_VISIT_BEFORE_K1,0,1,,,False,,,OPPOSITE_VISIT_BEFORE_K1,2023-03-13 23:20:00+00:00,
60,01:00,5,2023-03-15,Wednesday,2023-03-14 18:00:00+00:00,2023-03-14 23:00:00+00:00,2023-03-14 23:00:00+00:00,2023-03-15 03:00:00+00:00,316.46,304.49,11.96999999999997,False,NO_K1,0,0,,,False,,,NO_K1,,
60,01:00,5,2023-03-16,Thursday,2023-03-15 18:00:00+00:00,2023-03-15 23:00:00+00:00,2023-03-15 23:00:00+00:00,2023-03-16 03:00:00+00:00,308.03,302.54,5.489999999999952,False,BREAK_BEFORE_K1,0,0,,,False,,,BREAK_BEFORE_K1,2023-03-16 02:35:00+00:00,
60,01:00,5,2023-03-17,Friday,2023-03-16 18:00:00+00:00,2023-03-16 23:00:00+00:00,2023-03-16 23:00:00+00:00,2023-03-17 03:00:00+00:00,332.32,325.84,6.480000000000018,False,BREAK_BEFORE_K1,0,0,,,False,,,BREAK_BEFORE_K1,2023-03-17 00:35:00+00:00,
60,01:00,5,2023-03-18,Saturday,2023-03-17 18:00:00+00:00,2023-03-17 23:00:00+00:00,2023-03-17 23:00:00+00:00,2023-03-18 03:00:00+00:00,338.8,329.8,9.0,False,BREAK_BEFORE_K1,0,0,,,False,,,BREAK_BEFORE_K1,2023-03-17 23:15:00+00:00,
60,01:00,5,2023-03-19,Sunday,2023-03-18 18:00:00+00:00,2023-03-18 23:00:00+00:00,2023-03-18 23:00:00+00:00,2023-03-19 03:00:00+00:00,337.33,331.53,5.800000000000011,False,BREAK_BEFORE_K1,0,0,,,False,,,BREAK_BEFORE_K1,2023-03-18 23:00:00+00:00,
60,01:00,5,2023-03-20,Monday,2023-03-19 18:00:00+00:00,2023-03-19 23:00:00+00:00,2023-03-19 23:00:00+00:00,2023-03-20 03:00:00+00:00,340.21,334.0,6.2099999999999795,False,OPPOSITE_VISIT_BEFORE_K1,0,1,,,False,,,OPPOSITE_VISIT_BEFORE_K1,2023-03-20 00:05:00+00:00,
60,01:00,5,2023-03-21,Tuesday,2023-03-20 18:00:00+00:00,2023-03-20 23:00:00+00:00,2023-03-20 23:00:00+00:00,2023-03-21 03:00:00+00:00,338.69,331.91,6.779999999999973,False,BREAK_BEFORE_K1,0,0,,,False,,,BREAK_BEFORE_K1,2023-03-20 23:40:00+00:00,
60,01:00,5,2023-03-22,Wednesday,2023-03-21 18:00:00+00:00,2023-03-21 23:00:00+00:00,2023-03-21 23:00:00+00:00,2023-03-22 03:00:00+00:00,337.62,333.58,4.0400000000000205,False,BREAK_BEFORE_K1,0,0,,,False,,,BREAK_BEFORE_K1,2023-03-22 00:10:00+00:00,
60,01:00,5,2023-03-23,Thursday,2023-03-22 18:00:00+00:00,2023-03-22 23:00:00+00:00,2023-03-22 23:00:00+00:00,2023-03-23 03:00:00+00:00,330.65,316.0,14.649999999999977,False,NO_K1,0,0,,,False,,,NO_K1,,
60,01:00,5,2023-03-24,Friday,2023-03-23 18:00:00+00:00,2023-03-23 23:00:00+00:00,2023-03-23 23:00:00+00:00,2023-03-24 03:00:00+00:00,329.99,325.26,4.730000000000018,False,NO_K1,0,0,,,False,,,NO_K1,,
60,01:00,5,2023-03-25,Saturday,2023-03-24 18:00:00+00:00,2023-03-24 23:00:00+00:00,2023-03-24 23:00:00+00:00,2023-03-25 03:00:00+00:00,322.78,317.57,5.2099999999999795,True,,1,0,2023-03-25 00:45:00+00:00,2023-03-25 00:50:00+00:00,False,,,BREAK_DURING_K1,2023-03-25 00:55:00+00:00,
60,01:00,5,2023-03-26,Sunday,2023-03-25 18:00:00+00:00,2023-03-25 23:00:00+00:00,2023-03-25 23:00:00+00:00,2023-03-26 03:00:00+00:00,323.82,318.86,4.9599999999999795,True,,1,0,2023-03-26 02:15:00+00:00,2023-03-26 02:20:00+00:00,True,2023-03-26 02:20:00+00:00,2023-03-26 02:25:00+00:00,NO_H2_BY_END,,
60,01:00,5,2023-03-27,Monday,2023-03-26 18:00:00+00:00,2023-03-26 23:00:00+00:00,2023-03-26 23:00:00+00:00,2023-03-27 03:00:00+00:00,328.99,326.0,2.990000000000009,True,,1,0,2023-03-26 23:20:00+00:00,2023-03-26 23:25:00+00:00,True,2023-03-26 23:25:00+00:00,2023-03-26 23:30:00+00:00,H2_ARRIVAL,2023-03-26 23:35:00+00:00,10.0
60,01:00,5,2023-03-28,Tuesday,2023-03-27 18:00:00+00:00,2023-03-27 23:00:00+00:00,2023-03-27 23:00:00+00:00,2023-03-28 03:00:00+00:00,309.62,305.46,4.160000000000025,False,BREAK_BEFORE_K1,0,0,,,False,,,BREAK_BEFORE_K1,2023-03-27 23:30:00+00:00,
60,01:00,5,2023-03-29,Wednesday,2023-03-28 18:00:00+00:00,2023-03-28 23:00:00+00:00,2023-03-28 23:00:00+00:00,2023-03-29 03:00:00+00:00,315.85,309.81,6.0400000000000205,False,NO_K1,0,0,,,False,,,NO_K1,,
60,01:00,5,2023-03-30,Thursday,2023-03-29 18:00:00+00:00,2023-03-29 23:00:00+00:00,2023-03-29 23:00:00+00:00,2023-03-30 03:00:00+00:00,316.45,312.63,3.819999999999993,False,BREAK_BEFORE_K1,0,0,,,False,,,BREAK_BEFORE_K1,2023-03-30 00:50:00+00:00,
60,01:00,5,2023-03-31,Friday,2023-03-30 18:00:00+00:00,2023-03-30 23:00:00+00:00,2023-03-30 23:00:00+00:00,2023-03-31 03:00:00+00:00,317.17,313.14,4.03000000000003,True,,1,0,2023-03-31 00:25:00+00:00,2023-03-31 00:30:00+00:00,True,2023-03-31 00:30:00+00:00,2023-03-31 00:35:00+00:00,H2_ARRIVAL,2023-03-31 01:00:00+00:00,30.0
60,01:00,5,2023-04-01,Saturday,2023-03-31 18:00:00+00:00,2023-03-31 23:00:00+00:00,2023-03-31 23:00:00+00:00,2023-04-01 03:00:00+00:00,317.38,314.79,2.589999999999975,True,,1,0,2023-04-01 00:20:00+00:00,2023-04-01 00:25:00+00:00,True,2023-04-01 00:25:00+00:00,2023-04-01 00:30:00+00:00,H2_ARRIVAL,2023-04-01 02:00:00+00:00,95.0
60,01:00,5,2023-04-02,Sunday,2023-04-01 18:00:00+00:00,2023-04-01 23:00:00+00:00,2023-04-01 23:00:00+00:00,2023-04-02 03:00:00+00:00,315.53,313.86,1.669999999999959,False,BREAK_BEFORE_K1,0,0,,,False,,,BREAK_BEFORE_K1,2023-04-02 00:45:00+00:00,
60,01:00,5,2023-04-03,Monday,2023-04-02 18:00:00+00:00,2023-04-02 23:00:00+00:00,2023-04-02 23:00:00+00:00,2023-04-03 03:00:00+00:00,313.63,310.36,3.269999999999982,True,,1,0,2023-04-02 23:30:00+00:00,2023-04-02 23:35:00+00:00,True,2023-04-02 23:40:00+00:00,2023-04-02 23:45:00+00:00,H2_ARRIVAL,2023-04-03 00:00:00+00:00,20.0
60,01:00,5,2023-04-04,Tuesday,2023-04-03 18:00:00+00:00,2023-04-03 23:00:00+00:00,2023-04-03 23:00:00+00:00,2023-04-04 03:00:00+00:00,312.0,297.43,14.569999999999993,False,NO_K1,0,0,,,False,,,NO_K1,,
60,01:00,5,2023-04-05,Wednesday,2023-04-04 18:00:00+00:00,2023-04-04 23:00:00+00:00,2023-04-04 23:00:00+00:00,2023-04-05 03:00:00+00:00,311.75,310.53,1.2200000000000273,False,OPPOSITE_VISIT_BEFORE_K1,0,1,,,False,,,OPPOSITE_VISIT_BEFORE_K1,2023-04-04 23:15:00+00:00,
60,01:00,5,2023-04-06,Thursday,2023-04-05 18:00:00+00:00,2023-04-05 23:00:00+00:00,2023-04-05 23:00:00+00:00,2023-04-06 03:00:00+00:00,314.75,311.53,3.2200000000000273,False,OPPOSITE_VISIT_BEFORE_K1,0,1,,,False,,,OPPOSITE_VISIT_BEFORE_K1,2023-04-06 01:20:00+00:00,
60,01:00,5,2023-04-07,Friday,2023-04-06 18:00:00+00:00,2023-04-06 23:00:00+00:00,2023-04-06 23:00:00+00:00,2023-04-07 03:00:00+00:00,312.95,311.73,1.2199999999999704,False,BREAK_BEFORE_K1,0,0,,,False,,,BREAK_BEFORE_K1,2023-04-07 00:05:00+00:00,
60,01:00,5,2023-04-08,Saturday,2023-04-07 18:00:00+00:00,2023-04-07 23:00:00+00:00,2023-04-07 23:00:00+00:00,2023-04-08 03:00:00+00:00,311.35,310.3,1.0500000000000114,False,OPPOSITE_VISIT_BEFORE_K1,0,1,,,False,,,OPPOSITE_VISIT_BEFORE_K1,2023-04-07 23:25:00+00:00,
60,01:00,5,2023-04-09,Sunday,2023-04-08 18:00:00+00:00,2023-04-08 23:00:00+00:00,2023-04-08 23:00:00+00:00,2023-04-09 03:00:00+00:00,312.0,310.0,2.0,True,,1,0,2023-04-09 02:00:00+00:00,2023-04-09 02:05:00+00:00,True,2023-04-09 02:05:00+00:00,2023-04-09 02:10:00+00:00,NO_H2_BY_END,,
60,01:00,5,2023-04-10,Monday,2023-04-09 18:00:00+00:00,2023-04-09 23:00:00+00:00,2023-04-09 23:00:00+00:00,2023-04-10 03:00:00+00:00,313.81,310.52,3.2900000000000205,False,NO_K1,0,0,,,False,,,NO_K1,,
60,01:00,5,2023-04-11,Tuesday,2023-04-10 18:00:00+00:00,2023-04-10 23:00:00+00:00,2023-04-10 23:00:00+00:00,2023-04-11 03:00:00+00:00,315.86,312.53,3.330000000000041,False,BREAK_BEFORE_K1,0,0,,,False,,,BREAK_BEFORE_K1,2023-04-10 23:00:00+00:00,
60,01:00,5,2023-04-12,Wednesday,2023-04-11 18:00:00+00:00,2023-04-11 23:00:00+00:00,2023-04-11 23:00:00+00:00,2023-04-12 03:00:00+00:00,327.48,324.18,3.3000000000000114,False,BREAK_BEFORE_K1,0,0,,,False,,,BREAK_BEFORE_K1,2023-04-11 23:00:00+00:00,
60,01:00,5,2023-04-13,Thursday,2023-04-12 18:00:00+00:00,2023-04-12 23:00:00+00:00,2023-04-12 23:00:00+00:00,2023-04-13 03:00:00+00:00,320.57,318.0,2.569999999999993,False,BREAK_BEFORE_K1,0,0,,,False,,,BREAK_BEFORE_K1,2023-04-12 23:20:00+00:00,
60,01:00,5,2023-04-14,Friday,2023-04-13 18:00:00+00:00,2023-04-13 23:00:00+00:00,2023-04-13 23:00:00+00:00,2023-04-14 03:00:00+00:00,325.04,323.65,1.3900000000000432,False,BREAK_BEFORE_K1,0,0,,,False,,,BREAK_BEFORE_K1,2023-04-14 00:00:00+00:00,
60,01:00,5,2023-04-15,Saturday,2023-04-14 18:00:00+00:00,2023-04-14 23:00:00+00:00,2023-04-14 23:00:00+00:00,2023-04-15 03:00:00+00:00,330.42,326.94,3.480000000000018,False,NO_K1,0,0,,,False,,,NO_K1,,
60,01:00,5,2023-04-16,Sunday,2023-04-15 18:00:00+00:00,2023-04-15 23:00:00+00:00,2023-04-15 23:00:00+00:00,2023-04-16 03:00:00+00:00,334.09,331.29,2.7999999999999545,False,BREAK_BEFORE_K1,0,0,,,False,,,BREAK_BEFORE_K1,2023-04-15 23:05:00+00:00,
60,01:00,5,2023-04-17,Monday,2023-04-16 18:00:00+00:00,2023-04-16 23:00:00+00:00,2023-04-16 23:00:00+00:00,2023-04-17 03:00:00+00:00,350.39,346.43,3.9599999999999795,False,BREAK_BEFORE_K1,0,0,,,False,,,BREAK_BEFORE_K1,2023-04-17 00:25:00+00:00,
60,01:00,5,2023-04-18,Tuesday,2023-04-17 18:00:00+00:00,2023-04-17 23:00:00+00:00,2023-04-17 23:00:00+00:00,2023-04-18 03:00:00+00:00,343.16,339.79,3.3700000000000045,False,BREAK_BEFORE_K1,0,0,,,False,,,BREAK_BEFORE_K1,2023-04-17 23:35:00+00:00,
60,01:00,5,2023-04-19,Wednesday,2023-04-18 18:00:00+00:00,2023-04-18 23:00:00+00:00,2023-04-18 23:00:00+00:00,2023-04-19 03:00:00+00:00,343.27,340.35,2.919999999999959,False,BREAK_BEFORE_K1,0,0,,,False,,,BREAK_BEFORE_K1,2023-04-18 23:30:00+00:00,
60,01:00,5,2023-04-20,Thursday,2023-04-19 18:00:00+00:00,2023-04-19 23:00:00+00:00,2023-04-19 23:00:00+00:00,2023-04-20 03:00:00+00:00,326.89,320.66,6.229999999999961,False,OPPOSITE_VISIT_BEFORE_K1,0,1,,,False,,,OPPOSITE_VISIT_BEFORE_K1,2023-04-19 23:20:00+00:00,
60,01:00,5,2023-04-21,Friday,2023-04-20 18:00:00+00:00,2023-04-20 23:00:00+00:00,2023-04-20 23:00:00+00:00,2023-04-21 03:00:00+00:00,319.37,315.14,4.230000000000018,False,BREAK_BEFORE_K1,0,0,,,False,,,BREAK_BEFORE_K1,2023-04-21 00:45:00+00:00,
60,01:00,5,2023-04-22,Saturday,2023-04-21 18:00:00+00:00,2023-04-21 23:00:00+00:00,2023-04-21 23:00:00+00:00,2023-04-22 03:00:00+00:00,326.38,316.45,9.930000000000007,False,NO_K1,0,0,,,False,,,NO_K1,,
60,01:00,5,2023-04-23,Sunday,2023-04-22 18:00:00+00:00,2023-04-22 23:00:00+00:00,2023-04-22 23:00:00+00:00,2023-04-23 03:00:00+00:00,333.96,329.02,4.939999999999998,False,BREAK_BEFORE_K1,0,0,,,False,,,BREAK_BEFORE_K1,2023-04-23 00:30:00+00:00,
60,01:00,5,2023-04-24,Monday,2023-04-23 18:00:00+00:00,2023-04-23 23:00:00+00:00,2023-04-23 23:00:00+00:00,2023-04-24 03:00:00+00:00,330.46,326.8,3.659999999999968,True,,1,0,2023-04-23 23:50:00+00:00,2023-04-23 23:55:00+00:00,False,,,BREAK_DURING_K1,2023-04-24 00:00:00+00:00,
60,01:00,5,2023-04-25,Tuesday,2023-04-24 18:00:00+00:00,2023-04-24 23:00:00+00:00,2023-04-24 23:00:00+00:00,2023-04-25 03:00:00+00:00,332.32,330.2,2.1200000000000045,False,OPPOSITE_VISIT_BEFORE_K1,0,1,,,False,,,OPPOSITE_VISIT_BEFORE_K1,2023-04-25 00:50:00+00:00,
60,01:00,5,2023-04-26,Wednesday,2023-04-25 18:00:00+00:00,2023-04-25 23:00:00+00:00,2023-04-25 23:00:00+00:00,2023-04-26 03:00:00+00:00,338.43,331.72,6.7099999999999795,False,BREAK_BEFORE_K1,0,0,,,False,,,BREAK_BEFORE_K1,2023-04-25 23:15:00+00:00,
60,01:00,5,2023-04-27,Thursday,2023-04-26 18:00:00+00:00,2023-04-26 23:00:00+00:00,2023-04-26 23:00:00+00:00,2023-04-27 03:00:00+00:00,340.99,321.63,19.360000000000014,False,NO_K1,0,0,,,False,,,NO_K1,,
60,01:00,5,2023-04-28,Friday,2023-04-27 18:00:00+00:00,2023-04-27 23:00:00+00:00,2023-04-27 23:00:00+00:00,2023-04-28 03:00:00+00:00,335.94,331.06,4.8799999999999955,False,BREAK_BEFORE_K1,0,0,,,False,,,BREAK_BEFORE_K1,2023-04-27 23:45:00+00:00,
60,01:00,5,2023-04-29,Saturday,2023-04-28 18:00:00+00:00,2023-04-28 23:00:00+00:00,2023-04-28 23:00:00+00:00,2023-04-29 03:00:00+00:00,324.68,321.18,3.5,False,NO_K1,0,0,,,False,,,NO_K1,,
60,01:00,5,2023-04-30,Sunday,2023-04-29 18:00:00+00:00,2023-04-29 23:00:00+00:00,2023-04-29 23:00:00+00:00,2023-04-30 03:00:00+00:00,322.87,321.26,1.6100000000000136,False,OPPOSITE_VISIT_BEFORE_K1,0,1,,,False,,,OPPOSITE_VISIT_BEFORE_K1,2023-04-30 00:05:00+00:00,
60,01:00,5,2023-05-01,Monday,2023-04-30 18:00:00+00:00,2023-04-30 23:00:00+00:00,2023-04-30 23:00:00+00:00,2023-05-01 03:00:00+00:00,337.5,331.08,6.420000000000016,True,,1,0,2023-04-30 23:10:00+00:00,2023-04-30 23:15:00+00:00,True,2023-04-30 23:20:00+00:00,2023-04-30 23:25:00+00:00,H2_ARRIVAL,2023-05-01 00:20:00+00:00,60.0
60,01:00,5,2023-05-02,Tuesday,2023-05-01 18:00:00+00:00,2023-05-01 23:00:00+00:00,2023-05-01 23:00:00+00:00,2023-05-02 03:00:00+00:00,329.06,325.34,3.7200000000000273,False,OPPOSITE_VISIT_BEFORE_K1,0,1,,,False,,,OPPOSITE_VISIT_BEFORE_K1,2023-05-02 02:50:00+00:00,
60,01:00,5,2023-05-03,Wednesday,2023-05-02 18:00:00+00:00,2023-05-02 23:00:00+00:00,2023-05-02 23:00:00+00:00,2023-05-03 03:00:00+00:00,325.59,320.6,4.989999999999952,False,NO_K1,0,0,,,False,,,NO_K1,,
60,01:00,5,2023-05-04,Thursday,2023-05-03 18:00:00+00:00,2023-05-03 23:00:00+00:00,2023-05-03 23:00:00+00:00,2023-05-04 03:00:00+00:00,327.36,322.65,4.710000000000036,False,NO_K1,0,0,,,False,,,NO_K1,,
60,01:00,5,2023-05-05,Friday,2023-05-04 18:00:00+00:00,2023-05-04 23:00:00+00:00,2023-05-04 23:00:00+00:00,2023-05-05 03:00:00+00:00,324.54,323.06,1.4800000000000182,False,OPPOSITE_VISIT_BEFORE_K1,0,1,,,False,,,OPPOSITE_VISIT_BEFORE_K1,2023-05-04 23:00:00+00:00,
60,01:00,5,2023-05-06,Saturday,2023-05-05 18:00:00+00:00,2023-05-05 23:00:00+00:00,2023-05-05 23:00:00+00:00,2023-05-06 03:00:00+00:00,328.21,324.49,3.7199999999999704,True,,1,0,2023-05-06 00:35:00+00:00,2023-05-06 00:40:00+00:00,True,2023-05-06 00:40:00+00:00,2023-05-06 00:45:00+00:00,NO_H2_BY_END,,
60,01:00,5,2023-05-07,Sunday,2023-05-06 18:00:00+00:00,2023-05-06 23:00:00+00:00,2023-05-06 23:00:00+00:00,2023-05-07 03:00:00+00:00,323.67,321.47,2.1999999999999886,False,BREAK_BEFORE_K1,0,0,,,False,,,BREAK_BEFORE_K1,2023-05-07 00:25:00+00:00,
60,01:00,5,2023-05-08,Monday,2023-05-07 18:00:00+00:00,2023-05-07 23:00:00+00:00,2023-05-07 23:00:00+00:00,2023-05-08 03:00:00+00:00,323.93,322.13,1.8000000000000114,False,OPPOSITE_VISIT_BEFORE_K1,0,1,,,False,,,OPPOSITE_VISIT_BEFORE_K1,2023-05-07 23:10:00+00:00,
60,01:00,5,2023-05-09,Tuesday,2023-05-08 18:00:00+00:00,2023-05-08 23:00:00+00:00,2023-05-08 23:00:00+00:00,2023-05-09 03:00:00+00:00,313.42,310.0,3.420000000000016,True,,1,0,2023-05-08 23:20:00+00:00,2023-05-08 23:25:00+00:00,True,2023-05-08 23:30:00+00:00,2023-05-08 23:35:00+00:00,H2_ARRIVAL,2023-05-08 23:50:00+00:00,20.0
60,01:00,5,2023-05-10,Wednesday,2023-05-09 18:00:00+00:00,2023-05-09 23:00:00+00:00,2023-05-09 23:00:00+00:00,2023-05-10 03:00:00+00:00,313.05,311.0,2.0500000000000114,False,BREAK_BEFORE_K1,0,0,,,False,,,BREAK_BEFORE_K1,2023-05-10 00:25:00+00:00,
60,01:00,5,2023-05-11,Thursday,2023-05-10 18:00:00+00:00,2023-05-10 23:00:00+00:00,2023-05-10 23:00:00+00:00,2023-05-11 03:00:00+00:00,316.56,311.05,5.509999999999991,False,NO_K1,0,0,,,False,,,NO_K1,,
60,01:00,5,2023-05-12,Friday,2023-05-11 18:00:00+00:00,2023-05-11 23:00:00+00:00,2023-05-11 23:00:00+00:00,2023-05-12 03:00:00+00:00,307.54,304.12,3.420000000000016,False,BREAK_BEFORE_K1,0,0,,,False,,,BREAK_BEFORE_K1,2023-05-11 23:40:00+00:00,
60,01:00,5,2023-05-13,Saturday,2023-05-12 18:00:00+00:00,2023-05-12 23:00:00+00:00,2023-05-12 23:00:00+00:00,2023-05-13 03:00:00+00:00,308.55,301.2,7.350000000000023,True,,1,0,2023-05-13 00:00:00+00:00,2023-05-13 00:05:00+00:00,True,2023-05-13 00:05:00+00:00,2023-05-13 00:10:00+00:00,H2_ARRIVAL,2023-05-13 01:00:00+00:00,55.0
60,01:00,5,2023-05-14,Sunday,2023-05-13 18:00:00+00:00,2023-05-13 23:00:00+00:00,2023-05-13 23:00:00+00:00,2023-05-14 03:00:00+00:00,311.6,308.86,2.740000000000009,False,BREAK_BEFORE_K1,0,0,,,False,,,BREAK_BEFORE_K1,2023-05-13 23:00:00+00:00,
60,01:00,5,2023-05-15,Monday,2023-05-14 18:00:00+00:00,2023-05-14 23:00:00+00:00,2023-05-14 23:00:00+00:00,2023-05-15 03:00:00+00:00,312.36,310.55,1.8100000000000023,False,OPPOSITE_VISIT_BEFORE_K1,0,1,,,False,,,OPPOSITE_VISIT_BEFORE_K1,2023-05-15 00:45:00+00:00,
60,01:00,5,2023-05-16,Tuesday,2023-05-15 18:00:00+00:00,2023-05-15 23:00:00+00:00,2023-05-15 23:00:00+00:00,2023-05-16 03:00:00+00:00,314.53,312.9,1.6299999999999955,False,BREAK_BEFORE_K1,0,0,,,False,,,BREAK_BEFORE_K1,2023-05-16 00:40:00+00:00,
60,01:00,5,2023-05-17,Wednesday,2023-05-16 18:00:00+00:00,2023-05-16 23:00:00+00:00,2023-05-16 23:00:00+00:00,2023-05-17 03:00:00+00:00,311.74,309.67,2.069999999999993,True,,1,0,2023-05-17 00:35:00+00:00,2023-05-17 00:40:00+00:00,True,2023-05-17 00:40:00+00:00,2023-05-17 00:45:00+00:00,H2_ARRIVAL,2023-05-17 00:50:00+00:00,10.0
60,01:00,5,2023-05-18,Thursday,2023-05-17 18:00:00+00:00,2023-05-17 23:00:00+00:00,2023-05-17 23:00:00+00:00,2023-05-18 03:00:00+00:00,314.41,310.8,3.6100000000000136,False,NO_K1,0,0,,,False,,,NO_K1,,
60,01:00,5,2023-05-19,Friday,2023-05-18 18:00:00+00:00,2023-05-18 23:00:00+00:00,2023-05-18 23:00:00+00:00,2023-05-19 03:00:00+00:00,310.59,305.94,4.649999999999977,False,NO_K1,0,0,,,False,,,NO_K1,,
60,01:00,5,2023-05-20,Saturday,2023-05-19 18:00:00+00:00,2023-05-19 23:00:00+00:00,2023-05-19 23:00:00+00:00,2023-05-20 03:00:00+00:00,309.64,307.65,1.990000000000009,False,NO_K1,0,0,,,False,,,NO_K1,,
60,01:00,5,2023-05-21,Sunday,2023-05-20 18:00:00+00:00,2023-05-20 23:00:00+00:00,2023-05-20 23:00:00+00:00,2023-05-21 03:00:00+00:00,312.09,310.0,2.089999999999975,False,NO_K1,0,0,,,False,,,NO_K1,,
60,01:00,5,2023-05-22,Monday,2023-05-21 18:00:00+00:00,2023-05-21 23:00:00+00:00,2023-05-21 23:00:00+00:00,2023-05-22 03:00:00+00:00,309.1,305.55,3.5500000000000114,False,OPPOSITE_VISIT_BEFORE_K1,0,1,,,False,,,OPPOSITE_VISIT_BEFORE_K1,2023-05-22 00:30:00+00:00,
60,01:00,5,2023-05-23,Tuesday,2023-05-22 18:00:00+00:00,2023-05-22 23:00:00+00:00,2023-05-22 23:00:00+00:00,2023-05-23 03:00:00+00:00,310.77,309.55,1.2199999999999704,False,BREAK_BEFORE_K1,0,0,,,False,,,BREAK_BEFORE_K1,2023-05-22 23:05:00+00:00,
60,01:00,5,2023-05-24,Wednesday,2023-05-23 18:00:00+00:00,2023-05-23 23:00:00+00:00,2023-05-23 23:00:00+00:00,2023-05-24 03:00:00+00:00,313.92,312.32,1.6000000000000227,False,NO_K1,0,0,,,False,,,NO_K1,,
60,01:00,5,2023-05-25,Thursday,2023-05-24 18:00:00+00:00,2023-05-24 23:00:00+00:00,2023-05-24 23:00:00+00:00,2023-05-25 03:00:00+00:00,306.62,304.91,1.7099999999999795,False,BREAK_BEFORE_K1,0,0,,,False,,,BREAK_BEFORE_K1,2023-05-25 00:40:00+00:00,
60,01:00,5,2023-05-26,Friday,2023-05-25 18:00:00+00:00,2023-05-25 23:00:00+00:00,2023-05-25 23:00:00+00:00,2023-05-26 03:00:00+00:00,305.94,304.0,1.9399999999999977,False,OPPOSITE_VISIT_BEFORE_K1,0,1,,,False,,,OPPOSITE_VISIT_BEFORE_K1,2023-05-26 00:45:00+00:00,
60,01:00,5,2023-05-27,Saturday,2023-05-26 18:00:00+00:00,2023-05-26 23:00:00+00:00,2023-05-26 23:00:00+00:00,2023-05-27 03:00:00+00:00,307.45,305.54,1.9099999999999682,False,NO_K1,0,0,,,False,,,NO_K1,,
60,01:00,5,2023-05-28,Sunday,2023-05-27 18:00:00+00:00,2023-05-27 23:00:00+00:00,2023-05-27 23:00:00+00:00,2023-05-28 03:00:00+00:00,306.95,304.43,2.519999999999982,False,BREAK_BEFORE_K1,0,0,,,False,,,BREAK_BEFORE_K1,2023-05-27 23:00:00+00:00,
60,01:00,5,2023-05-29,Monday,2023-05-28 18:00:00+00:00,2023-05-28 23:00:00+00:00,2023-05-28 23:00:00+00:00,2023-05-29 03:00:00+00:00,314.21,308.35,5.859999999999957,False,BREAK_BEFORE_K1,0,0,,,False,,,BREAK_BEFORE_K1,2023-05-28 23:10:00+00:00,
60,01:00,5,2023-05-30,Tuesday,2023-05-29 18:00:00+00:00,2023-05-29 23:00:00+00:00,2023-05-29 23:00:00+00:00,2023-05-30 03:00:00+00:00,313.26,310.65,2.6100000000000136,False,NO_K1,0,0,,,False,,,NO_K1,,
60,01:00,5,2023-05-31,Wednesday,2023-05-30 18:00:00+00:00,2023-05-30 23:00:00+00:00,2023-05-30 23:00:00+00:00,2023-05-31 03:00:00+00:00,313.4,311.84,1.5600000000000023,False,OPPOSITE_VISIT_BEFORE_K1,0,1,,,False,,,OPPOSITE_VISIT_BEFORE_K1,2023-05-30 23:00:00+00:00,
60,01:00,5,2023-06-01,Thursday,2023-05-31 18:00:00+00:00,2023-05-31 23:00:00+00:00,2023-05-31 23:00:00+00:00,2023-06-01 03:00:00+00:00,306.74,305.35,1.3899999999999864,False,BREAK_BEFORE_K1,0,0,,,False,,,BREAK_BEFORE_K1,2023-05-31 23:40:00+00:00,
60,01:00,5,2023-06-02,Friday,2023-06-01 18:00:00+00:00,2023-06-01 23:00:00+00:00,2023-06-01 23:00:00+00:00,2023-06-02 03:00:00+00:00,306.03,303.52,2.509999999999991,False,OPPOSITE_VISIT_BEFORE_K1,0,1,,,False,,,OPPOSITE_VISIT_BEFORE_K1,2023-06-02 00:35:00+00:00,
60,01:00,5,2023-06-03,Saturday,2023-06-02 18:00:00+00:00,2023-06-02 23:00:00+00:00,2023-06-02 23:00:00+00:00,2023-06-03 03:00:00+00:00,308.5,306.72,1.7799999999999727,False,OPPOSITE_VISIT_BEFORE_K1,0,1,,,False,,,OPPOSITE_VISIT_BEFORE_K1,2023-06-03 00:45:00+00:00,
60,01:00,5,2023-06-04,Sunday,2023-06-03 18:00:00+00:00,2023-06-03 23:00:00+00:00,2023-06-03 23:00:00+00:00,2023-06-04 03:00:00+00:00,307.1,305.61,1.490000000000009,False,NO_K1,0,0,,,False,,,NO_K1,,
60,01:00,5,2023-06-05,Monday,2023-06-04 18:00:00+00:00,2023-06-04 23:00:00+00:00,2023-06-04 23:00:00+00:00,2023-06-05 03:00:00+00:00,307.69,305.71,1.9800000000000182,False,OPPOSITE_VISIT_BEFORE_K1,0,1,,,False,,,OPPOSITE_VISIT_BEFORE_K1,2023-06-04 23:20:00+00:00,
60,01:00,5,2023-06-06,Tuesday,2023-06-05 18:00:00+00:00,2023-06-05 23:00:00+00:00,2023-06-05 23:00:00+00:00,2023-06-06 03:00:00+00:00,278.08,271.88,6.199999999999989,False,BREAK_BEFORE_K1,0,0,,,False,,,BREAK_BEFORE_K1,2023-06-06 00:15:00+00:00,
60,01:00,5,2023-06-07,Wednesday,2023-06-06 18:00:00+00:00,2023-06-06 23:00:00+00:00,2023-06-06 23:00:00+00:00,2023-06-07 03:00:00+00:00,285.87,280.42,5.449999999999989,False,OPPOSITE_VISIT_BEFORE_K1,0,1,,,False,,,OPPOSITE_VISIT_BEFORE_K1,2023-06-07 00:10:00+00:00,
60,01:00,5,2023-06-08,Thursday,2023-06-07 18:00:00+00:00,2023-06-07 23:00:00+00:00,2023-06-07 23:00:00+00:00,2023-06-08 03:00:00+00:00,262.99,257.25,5.740000000000009,True,,1,0,2023-06-08 01:15:00+00:00,2023-06-08 01:20:00+00:00,True,2023-06-08 01:20:00+00:00,2023-06-08 01:25:00+00:00,NO_H2_BY_END,,
60,01:00,5,2023-06-09,Friday,2023-06-08 18:00:00+00:00,2023-06-08 23:00:00+00:00,2023-06-08 23:00:00+00:00,2023-06-09 03:00:00+00:00,265.26,262.15,3.1100000000000136,False,BREAK_BEFORE_K1,0,0,,,False,,,BREAK_BEFORE_K1,2023-06-08 23:20:00+00:00,
60,01:00,5,2023-06-10,Saturday,2023-06-09 18:00:00+00:00,2023-06-09 23:00:00+00:00,2023-06-09 23:00:00+00:00,2023-06-10 03:00:00+00:00,262.5,259.12,3.3799999999999955,False,OPPOSITE_VISIT_BEFORE_K1,0,1,,,False,,,OPPOSITE_VISIT_BEFORE_K1,2023-06-10 00:50:00+00:00,
60,01:00,5,2023-06-11,Sunday,2023-06-10 18:00:00+00:00,2023-06-10 23:00:00+00:00,2023-06-10 23:00:00+00:00,2023-06-11 03:00:00+00:00,240.56,234.14,6.420000000000016,False,NO_K1,0,0,,,False,,,NO_K1,,
60,01:00,5,2023-06-12,Monday,2023-06-11 18:00:00+00:00,2023-06-11 23:00:00+00:00,2023-06-11 23:00:00+00:00,2023-06-12 03:00:00+00:00,238.46,234.33,4.1299999999999955,False,BREAK_BEFORE_K1,0,0,,,False,,,BREAK_BEFORE_K1,2023-06-11 23:25:00+00:00,
60,01:00,5,2023-06-13,Tuesday,2023-06-12 18:00:00+00:00,2023-06-12 23:00:00+00:00,2023-06-12 23:00:00+00:00,2023-06-13 03:00:00+00:00,232.95,228.11,4.839999999999975,True,,1,0,2023-06-13 00:15:00+00:00,2023-06-13 00:20:00+00:00,True,2023-06-13 00:20:00+00:00,2023-06-13 00:25:00+00:00,H2_ARRIVAL,2023-06-13 02:35:00+00:00,135.0
60,01:00,5,2023-06-14,Wednesday,2023-06-13 18:00:00+00:00,2023-06-13 23:00:00+00:00,2023-06-13 23:00:00+00:00,2023-06-14 03:00:00+00:00,245.0,236.63,8.370000000000005,True,,1,0,2023-06-14 00:00:00+00:00,2023-06-14 00:05:00+00:00,False,,,BREAK_DURING_K1,2023-06-14 00:05:00+00:00,
60,01:00,5,2023-06-15,Thursday,2023-06-14 18:00:00+00:00,2023-06-14 23:00:00+00:00,2023-06-14 23:00:00+00:00,2023-06-15 03:00:00+00:00,247.99,232.32,15.670000000000016,False,NO_K1,0,0,,,False,,,NO_K1,,
60,01:00,5,2023-06-16,Friday,2023-06-15 18:00:00+00:00,2023-06-15 23:00:00+00:00,2023-06-15 23:00:00+00:00,2023-06-16 03:00:00+00:00,238.97,233.28,5.689999999999998,False,NO_K1,0,0,,,False,,,NO_K1,,
60,01:00,5,2023-06-17,Saturday,2023-06-16 18:00:00+00:00,2023-06-16 23:00:00+00:00,2023-06-16 23:00:00+00:00,2023-06-17 03:00:00+00:00,244.0,238.5,5.5,False,OPPOSITE_VISIT_BEFORE_K1,0,1,,,False,,,OPPOSITE_VISIT_BEFORE_K1,2023-06-17 00:00:00+00:00,
60,01:00,5,2023-06-18,Sunday,2023-06-17 18:00:00+00:00,2023-06-17 23:00:00+00:00,2023-06-17 23:00:00+00:00,2023-06-18 03:00:00+00:00,246.54,244.16,2.3799999999999955,False,BREAK_BEFORE_K1,0,0,,,False,,,BREAK_BEFORE_K1,2023-06-18 00:15:00+00:00,
60,01:00,5,2023-06-19,Monday,2023-06-18 18:00:00+00:00,2023-06-18 23:00:00+00:00,2023-06-18 23:00:00+00:00,2023-06-19 03:00:00+00:00,246.68,242.58,4.099999999999994,False,OPPOSITE_VISIT_BEFORE_K1,0,1,,,False,,,OPPOSITE_VISIT_BEFORE_K1,2023-06-18 23:00:00+00:00,
60,01:00,5,2023-06-20,Tuesday,2023-06-19 18:00:00+00:00,2023-06-19 23:00:00+00:00,2023-06-19 23:00:00+00:00,2023-06-20 03:00:00+00:00,245.25,239.52,5.72999999999999,False,NO_K1,0,0,,,False,,,NO_K1,,
60,01:00,5,2023-06-21,Wednesday,2023-06-20 18:00:00+00:00,2023-06-20 23:00:00+00:00,2023-06-20 23:00:00+00:00,2023-06-21 03:00:00+00:00,245.86,242.14,3.7200000000000273,False,BREAK_BEFORE_K1,0,0,,,False,,,BREAK_BEFORE_K1,2023-06-20 23:15:00+00:00,
60,01:00,5,2023-06-22,Thursday,2023-06-21 18:00:00+00:00,2023-06-21 23:00:00+00:00,2023-06-21 23:00:00+00:00,2023-06-22 03:00:00+00:00,251.2,247.29,3.9099999999999966,False,BREAK_BEFORE_K1,0,0,,,False,,,BREAK_BEFORE_K1,2023-06-22 00:30:00+00:00,
60,01:00,5,2023-06-23,Friday,2023-06-22 18:00:00+00:00,2023-06-22 23:00:00+00:00,2023-06-22 23:00:00+00:00,2023-06-23 03:00:00+00:00,245.3,239.24,6.060000000000002,False,NO_K1,0,0,,,False,,,NO_K1,,
60,01:00,5,2023-06-24,Saturday,2023-06-23 18:00:00+00:00,2023-06-23 23:00:00+00:00,2023-06-23 23:00:00+00:00,2023-06-24 03:00:00+00:00,247.5,243.3,4.199999999999989,False,OPPOSITE_VISIT_BEFORE_K1,0,1,,,False,,,OPPOSITE_VISIT_BEFORE_K1,2023-06-24 01:30:00+00:00,
60,01:00,5,2023-06-25,Sunday,2023-06-24 18:00:00+00:00,2023-06-24 23:00:00+00:00,2023-06-24 23:00:00+00:00,2023-06-25 03:00:00+00:00,237.46,233.61,3.8499999999999943,True,,1,0,2023-06-25 01:40:00+00:00,2023-06-25 01:45:00+00:00,True,2023-06-25 01:45:00+00:00,2023-06-25 01:50:00+00:00,H2_ARRIVAL,2023-06-25 01:50:00+00:00,5.0
60,01:00,5,2023-06-26,Monday,2023-06-25 18:00:00+00:00,2023-06-25 23:00:00+00:00,2023-06-25 23:00:00+00:00,2023-06-26 03:00:00+00:00,239.47,236.51,2.960000000000008,False,BREAK_BEFORE_K1,0,0,,,False,,,BREAK_BEFORE_K1,2023-06-26 00:05:00+00:00,
60,01:00,5,2023-06-27,Tuesday,2023-06-26 18:00:00+00:00,2023-06-26 23:00:00+00:00,2023-06-26 23:00:00+00:00,2023-06-27 03:00:00+00:00,236.96,233.62,3.3400000000000034,True,,1,0,2023-06-27 01:50:00+00:00,2023-06-27 01:55:00+00:00,True,2023-06-27 01:55:00+00:00,2023-06-27 02:00:00+00:00,H2_ARRIVAL,2023-06-27 02:30:00+00:00,35.0
60,01:00,5,2023-06-28,Wednesday,2023-06-27 18:00:00+00:00,2023-06-27 23:00:00+00:00,2023-06-27 23:00:00+00:00,2023-06-28 03:00:00+00:00,239.46,237.57,1.8900000000000148,False,BREAK_BEFORE_K1,0,0,,,False,,,BREAK_BEFORE_K1,2023-06-27 23:00:00+00:00,
60,01:00,5,2023-06-29,Thursday,2023-06-28 18:00:00+00:00,2023-06-28 23:00:00+00:00,2023-06-28 23:00:00+00:00,2023-06-29 03:00:00+00:00,233.44,221.2,12.240000000000009,False,NO_K1,0,0,,,False,,,NO_K1,,
60,01:00,5,2023-06-30,Friday,2023-06-29 18:00:00+00:00,2023-06-29 23:00:00+00:00,2023-06-29 23:00:00+00:00,2023-06-30 03:00:00+00:00,234.1,232.2,1.9000000000000057,True,,1,0,2023-06-30 00:25:00+00:00,2023-06-30 00:30:00+00:00,False,,,BREAK_DURING_K1,2023-06-30 00:30:00+00:00,
60,01:00,5,2023-07-01,Saturday,2023-06-30 18:00:00+00:00,2023-06-30 23:00:00+00:00,2023-06-30 23:00:00+00:00,2023-07-01 03:00:00+00:00,241.98,238.38,3.5999999999999943,False,BREAK_BEFORE_K1,0,0,,,False,,,BREAK_BEFORE_K1,2023-07-01 00:20:00+00:00,
60,01:00,5,2023-07-02,Sunday,2023-07-01 18:00:00+00:00,2023-07-01 23:00:00+00:00,2023-07-01 23:00:00+00:00,2023-07-02 03:00:00+00:00,249.54,246.3,3.2399999999999807,False,OPPOSITE_VISIT_BEFORE_K1,0,1,,,False,,,OPPOSITE_VISIT_BEFORE_K1,2023-07-02 01:45:00+00:00,
60,01:00,5,2023-07-03,Monday,2023-07-02 18:00:00+00:00,2023-07-02 23:00:00+00:00,2023-07-02 23:00:00+00:00,2023-07-03 03:00:00+00:00,248.0,243.16,4.840000000000003,False,BREAK_BEFORE_K1,0,0,,,False,,,BREAK_BEFORE_K1,2023-07-03 02:00:00+00:00,
60,01:00,5,2023-07-04,Tuesday,2023-07-03 18:00:00+00:00,2023-07-03 23:00:00+00:00,2023-07-03 23:00:00+00:00,2023-07-04 03:00:00+00:00,248.6,245.1,3.5,False,NO_K1,0,0,,,False,,,NO_K1,,
60,01:00,5,2023-07-05,Wednesday,2023-07-04 18:00:00+00:00,2023-07-04 23:00:00+00:00,2023-07-04 23:00:00+00:00,2023-07-05 03:00:00+00:00,243.05,240.15,2.9000000000000057,True,,1,0,2023-07-04 23:00:00+00:00,2023-07-04 23:05:00+00:00,True,2023-07-04 23:10:00+00:00,2023-07-04 23:15:00+00:00,H2_ARRIVAL,2023-07-05 00:20:00+00:00,70.0
60,01:00,5,2023-07-06,Thursday,2023-07-05 18:00:00+00:00,2023-07-05 23:00:00+00:00,2023-07-05 23:00:00+00:00,2023-07-06 03:00:00+00:00,240.37,237.98,2.390000000000015,False,OPPOSITE_VISIT_BEFORE_K1,0,1,,,False,,,OPPOSITE_VISIT_BEFORE_K1,2023-07-05 23:10:00+00:00,
60,01:00,5,2023-07-07,Friday,2023-07-06 18:00:00+00:00,2023-07-06 23:00:00+00:00,2023-07-06 23:00:00+00:00,2023-07-07 03:00:00+00:00,239.61,232.51,7.100000000000023,False,BREAK_BEFORE_K1,0,0,,,False,,,BREAK_BEFORE_K1,2023-07-06 23:00:00+00:00,
60,01:00,5,2023-07-08,Saturday,2023-07-07 18:00:00+00:00,2023-07-07 23:00:00+00:00,2023-07-07 23:00:00+00:00,2023-07-08 03:00:00+00:00,235.58,233.49,2.0900000000000034,False,BREAK_BEFORE_K1,0,0,,,False,,,BREAK_BEFORE_K1,2023-07-07 23:00:00+00:00,
60,01:00,5,2023-07-09,Sunday,2023-07-08 18:00:00+00:00,2023-07-08 23:00:00+00:00,2023-07-08 23:00:00+00:00,2023-07-09 03:00:00+00:00,236.05,233.53,2.5200000000000102,False,BREAK_BEFORE_K1,0,0,,,False,,,BREAK_BEFORE_K1,2023-07-08 23:00:00+00:00,
60,01:00,5,2023-07-10,Monday,2023-07-09 18:00:00+00:00,2023-07-09 23:00:00+00:00,2023-07-09 23:00:00+00:00,2023-07-10 03:00:00+00:00,234.78,233.36,1.4199999999999875,False,BREAK_BEFORE_K1,0,0,,,False,,,BREAK_BEFORE_K1,2023-07-10 00:05:00+00:00,
60,01:00,5,2023-07-11,Tuesday,2023-07-10 18:00:00+00:00,2023-07-10 23:00:00+00:00,2023-07-10 23:00:00+00:00,2023-07-11 03:00:00+00:00,246.29,242.0,4.289999999999992,True,,1,0,2023-07-10 23:55:00+00:00,2023-07-11 00:00:00+00:00,True,2023-07-11 00:00:00+00:00,2023-07-11 00:05:00+00:00,H2_ARRIVAL,2023-07-11 02:35:00+00:00,155.0
60,01:00,5,2023-07-12,Wednesday,2023-07-11 18:00:00+00:00,2023-07-11 23:00:00+00:00,2023-07-11 23:00:00+00:00,2023-07-12 03:00:00+00:00,249.44,246.6,2.8400000000000034,True,,1,0,2023-07-12 00:50:00+00:00,2023-07-12 00:55:00+00:00,True,2023-07-12 00:55:00+00:00,2023-07-12 01:00:00+00:00,H2_ARRIVAL,2023-07-12 01:05:00+00:00,10.0
60,01:00,5,2023-07-13,Thursday,2023-07-12 18:00:00+00:00,2023-07-12 23:00:00+00:00,2023-07-12 23:00:00+00:00,2023-07-13 03:00:00+00:00,243.74,242.12,1.6200000000000045,True,,1,0,2023-07-12 23:35:00+00:00,2023-07-12 23:40:00+00:00,False,,,BREAK_DURING_K1,2023-07-12 23:40:00+00:00,
60,01:00,5,2023-07-14,Friday,2023-07-13 18:00:00+00:00,2023-07-13 23:00:00+00:00,2023-07-13 23:00:00+00:00,2023-07-14 03:00:00+00:00,259.02,250.44,8.579999999999984,True,,1,0,2023-07-14 00:45:00+00:00,2023-07-14 00:50:00+00:00,True,2023-07-14 00:50:00+00:00,2023-07-14 00:55:00+00:00,H2_ARRIVAL,2023-07-14 02:20:00+00:00,90.0
60,01:00,5,2023-07-15,Saturday,2023-07-14 18:00:00+00:00,2023-07-14 23:00:00+00:00,2023-07-14 23:00:00+00:00,2023-07-15 03:00:00+00:00,250.49,241.04,9.450000000000017,False,NO_K1,0,0,,,False,,,NO_K1,,
60,01:00,5,2023-07-16,Sunday,2023-07-15 18:00:00+00:00,2023-07-15 23:00:00+00:00,2023-07-15 23:00:00+00:00,2023-07-16 03:00:00+00:00,251.74,249.63,2.1100000000000136,False,OPPOSITE_VISIT_BEFORE_K1,0,1,,,False,,,OPPOSITE_VISIT_BEFORE_K1,2023-07-16 02:15:00+00:00,
60,01:00,5,2023-07-17,Monday,2023-07-16 18:00:00+00:00,2023-07-16 23:00:00+00:00,2023-07-16 23:00:00+00:00,2023-07-17 03:00:00+00:00,246.32,243.0,3.319999999999993,False,OPPOSITE_VISIT_BEFORE_K1,0,1,,,False,,,OPPOSITE_VISIT_BEFORE_K1,2023-07-16 23:20:00+00:00,
60,01:00,5,2023-07-18,Tuesday,2023-07-17 18:00:00+00:00,2023-07-17 23:00:00+00:00,2023-07-17 23:00:00+00:00,2023-07-18 03:00:00+00:00,244.77,239.89,4.880000000000024,True,,1,0,2023-07-18 00:15:00+00:00,2023-07-18 00:20:00+00:00,False,,,BREAK_DURING_K1,2023-07-18 00:20:00+00:00,
60,01:00,5,2023-07-19,Wednesday,2023-07-18 18:00:00+00:00,2023-07-18 23:00:00+00:00,2023-07-18 23:00:00+00:00,2023-07-19 03:00:00+00:00,241.45,239.23,2.219999999999999,False,BREAK_BEFORE_K1,0,0,,,False,,,BREAK_BEFORE_K1,2023-07-19 00:30:00+00:00,
60,01:00,5,2023-07-20,Thursday,2023-07-19 18:00:00+00:00,2023-07-19 23:00:00+00:00,2023-07-19 23:00:00+00:00,2023-07-20 03:00:00+00:00,243.0,240.27,2.7299999999999898,True,,1,0,2023-07-20 02:10:00+00:00,2023-07-20 02:15:00+00:00,True,2023-07-20 02:15:00+00:00,2023-07-20 02:20:00+00:00,H2_ARRIVAL,2023-07-20 02:20:00+00:00,5.0
60,01:00,5,2023-07-21,Friday,2023-07-20 18:00:00+00:00,2023-07-20 23:00:00+00:00,2023-07-20 23:00:00+00:00,2023-07-21 03:00:00+00:00,243.55,240.49,3.0600000000000023,True,,1,0,2023-07-21 01:10:00+00:00,2023-07-21 01:15:00+00:00,False,,,BREAK_DURING_K1,2023-07-21 01:15:00+00:00,
60,01:00,5,2023-07-22,Saturday,2023-07-21 18:00:00+00:00,2023-07-21 23:00:00+00:00,2023-07-21 23:00:00+00:00,2023-07-22 03:00:00+00:00,245.13,242.8,2.329999999999984,False,NO_K1,0,0,,,False,,,NO_K1,,
60,01:00,5,2023-07-23,Sunday,2023-07-22 18:00:00+00:00,2023-07-22 23:00:00+00:00,2023-07-22 23:00:00+00:00,2023-07-23 03:00:00+00:00,242.82,241.72,1.0999999999999943,False,BREAK_BEFORE_K1,0,0,,,False,,,BREAK_BEFORE_K1,2023-07-22 23:15:00+00:00,
60,01:00,5,2023-07-24,Monday,2023-07-23 18:00:00+00:00,2023-07-23 23:00:00+00:00,2023-07-23 23:00:00+00:00,2023-07-24 03:00:00+00:00,244.12,241.68,2.4399999999999977,False,BREAK_BEFORE_K1,0,0,,,False,,,BREAK_BEFORE_K1,2023-07-24 02:10:00+00:00,
60,01:00,5,2023-07-25,Tuesday,2023-07-24 18:00:00+00:00,2023-07-24 23:00:00+00:00,2023-07-24 23:00:00+00:00,2023-07-25 03:00:00+00:00,239.31,237.49,1.8199999999999932,True,,1,0,2023-07-25 00:00:00+00:00,2023-07-25 00:05:00+00:00,True,2023-07-25 00:10:00+00:00,2023-07-25 00:15:00+00:00,H2_ARRIVAL,2023-07-25 00:15:00+00:00,5.0
60,01:00,5,2023-07-26,Wednesday,2023-07-25 18:00:00+00:00,2023-07-25 23:00:00+00:00,2023-07-25 23:00:00+00:00,2023-07-26 03:00:00+00:00,238.55,236.95,1.6000000000000227,False,OPPOSITE_VISIT_BEFORE_K1,0,1,,,False,,,OPPOSITE_VISIT_BEFORE_K1,2023-07-26 01:05:00+00:00,
60,01:00,5,2023-07-27,Thursday,2023-07-26 18:00:00+00:00,2023-07-26 23:00:00+00:00,2023-07-26 23:00:00+00:00,2023-07-27 03:00:00+00:00,240.65,237.03,3.6200000000000045,False,NO_K1,0,0,,,False,,,NO_K1,,
60,01:00,5,2023-07-28,Friday,2023-07-27 18:00:00+00:00,2023-07-27 23:00:00+00:00,2023-07-27 23:00:00+00:00,2023-07-28 03:00:00+00:00,240.95,239.46,1.4899999999999807,True,,1,0,2023-07-28 00:30:00+00:00,2023-07-28 00:35:00+00:00,False,,,BREAK_DURING_K1,2023-07-28 00:40:00+00:00,
60,01:00,5,2023-07-29,Saturday,2023-07-28 18:00:00+00:00,2023-07-28 23:00:00+00:00,2023-07-28 23:00:00+00:00,2023-07-29 03:00:00+00:00,243.11,241.57,1.5400000000000205,False,NO_K1,0,0,,,False,,,NO_K1,,
60,01:00,5,2023-07-30,Sunday,2023-07-29 18:00:00+00:00,2023-07-29 23:00:00+00:00,2023-07-29 23:00:00+00:00,2023-07-30 03:00:00+00:00,242.72,241.75,0.9699999999999989,False,BREAK_BEFORE_K1,0,0,,,False,,,BREAK_BEFORE_K1,2023-07-29 23:40:00+00:00,
60,01:00,5,2023-07-31,Monday,2023-07-30 18:00:00+00:00,2023-07-30 23:00:00+00:00,2023-07-30 23:00:00+00:00,2023-07-31 03:00:00+00:00,243.99,240.39,3.6000000000000227,True,,1,0,2023-07-31 01:00:00+00:00,2023-07-31 01:05:00+00:00,True,2023-07-31 01:05:00+00:00,2023-07-31 01:10:00+00:00,H2_ARRIVAL,2023-07-31 02:00:00+00:00,55.0
60,01:00,5,2023-08-01,Tuesday,2023-07-31 18:00:00+00:00,2023-07-31 23:00:00+00:00,2023-07-31 23:00:00+00:00,2023-08-01 03:00:00+00:00,242.73,240.57,2.1599999999999966,False,BREAK_BEFORE_K1,0,0,,,False,,,BREAK_BEFORE_K1,2023-08-01 02:05:00+00:00,
60,01:00,5,2023-08-02,Wednesday,2023-08-01 18:00:00+00:00,2023-08-01 23:00:00+00:00,2023-08-01 23:00:00+00:00,2023-08-02 03:00:00+00:00,247.34,245.44,1.9000000000000057,True,,1,0,2023-08-01 23:30:00+00:00,2023-08-01 23:35:00+00:00,True,2023-08-01 23:45:00+00:00,2023-08-01 23:50:00+00:00,H2_ARRIVAL,2023-08-01 23:50:00+00:00,5.0
60,01:00,5,2023-08-03,Thursday,2023-08-02 18:00:00+00:00,2023-08-02 23:00:00+00:00,2023-08-02 23:00:00+00:00,2023-08-03 03:00:00+00:00,242.26,240.37,1.8899999999999864,False,OPPOSITE_VISIT_BEFORE_K1,0,1,,,False,,,OPPOSITE_VISIT_BEFORE_K1,2023-08-03 00:05:00+00:00,
60,01:00,5,2023-08-04,Friday,2023-08-03 18:00:00+00:00,2023-08-03 23:00:00+00:00,2023-08-03 23:00:00+00:00,2023-08-04 03:00:00+00:00,241.74,240.0,1.740000000000009,True,,1,0,2023-08-04 01:15:00+00:00,2023-08-04 01:20:00+00:00,True,2023-08-04 01:20:00+00:00,2023-08-04 01:25:00+00:00,H2_ARRIVAL,2023-08-04 01:35:00+00:00,15.0
60,01:00,5,2023-08-05,Saturday,2023-08-04 18:00:00+00:00,2023-08-04 23:00:00+00:00,2023-08-04 23:00:00+00:00,2023-08-05 03:00:00+00:00,242.56,240.11,2.4499999999999886,False,OPPOSITE_VISIT_BEFORE_K1,0,1,,,False,,,OPPOSITE_VISIT_BEFORE_K1,2023-08-05 01:45:00+00:00,
60,01:00,5,2023-08-06,Sunday,2023-08-05 18:00:00+00:00,2023-08-05 23:00:00+00:00,2023-08-05 23:00:00+00:00,2023-08-06 03:00:00+00:00,243.37,242.48,0.8900000000000148,True,,1,0,2023-08-06 00:00:00+00:00,2023-08-06 00:05:00+00:00,False,,,BREAK_DURING_K1,2023-08-06 00:15:00+00:00,
60,01:00,5,2023-08-07,Monday,2023-08-06 18:00:00+00:00,2023-08-06 23:00:00+00:00,2023-08-06 23:00:00+00:00,2023-08-07 03:00:00+00:00,244.31,242.77,1.539999999999992,False,BREAK_BEFORE_K1,0,0,,,False,,,BREAK_BEFORE_K1,2023-08-07 01:20:00+00:00,
60,01:00,5,2023-08-08,Tuesday,2023-08-07 18:00:00+00:00,2023-08-07 23:00:00+00:00,2023-08-07 23:00:00+00:00,2023-08-08 03:00:00+00:00,242.08,240.54,1.5400000000000205,True,,1,0,2023-08-08 00:05:00+00:00,2023-08-08 00:10:00+00:00,True,2023-08-08 00:10:00+00:00,2023-08-08 00:15:00+00:00,H2_ARRIVAL,2023-08-08 00:50:00+00:00,40.0
60,01:00,5,2023-08-09,Wednesday,2023-08-08 18:00:00+00:00,2023-08-08 23:00:00+00:00,2023-08-08 23:00:00+00:00,2023-08-09 03:00:00+00:00,248.58,245.04,3.5400000000000205,False,OPPOSITE_VISIT_BEFORE_K1,0,1,,,False,,,OPPOSITE_VISIT_BEFORE_K1,2023-08-09 00:00:00+00:00,
60,01:00,5,2023-08-10,Thursday,2023-08-09 18:00:00+00:00,2023-08-09 23:00:00+00:00,2023-08-09 23:00:00+00:00,2023-08-10 03:00:00+00:00,243.82,242.71,1.1099999999999852,False,BREAK_BEFORE_K1,0,0,,,False,,,BREAK_BEFORE_K1,2023-08-09 23:00:00+00:00,
60,01:00,5,2023-08-11,Friday,2023-08-10 18:00:00+00:00,2023-08-10 23:00:00+00:00,2023-08-10 23:00:00+00:00,2023-08-11 03:00:00+00:00,241.32,240.34,0.9799999999999898,True,,1,0,2023-08-10 23:30:00+00:00,2023-08-10 23:35:00+00:00,True,2023-08-10 23:35:00+00:00,2023-08-10 23:40:00+00:00,H2_ARRIVAL,2023-08-10 23:40:00+00:00,5.0
60,01:00,5,2023-08-12,Saturday,2023-08-11 18:00:00+00:00,2023-08-11 23:00:00+00:00,2023-08-11 23:00:00+00:00,2023-08-12 03:00:00+00:00,239.24,238.5,0.7400000000000091,True,,1,0,2023-08-11 23:20:00+00:00,2023-08-11 23:25:00+00:00,False,,,BREAK_DURING_K1,2023-08-11 23:25:00+00:00,
60,01:00,5,2023-08-13,Sunday,2023-08-12 18:00:00+00:00,2023-08-12 23:00:00+00:00,2023-08-12 23:00:00+00:00,2023-08-13 03:00:00+00:00,240.72,239.71,1.009999999999991,False,NO_K1,0,0,,,False,,,NO_K1,,
60,01:00,5,2023-08-14,Monday,2023-08-13 18:00:00+00:00,2023-08-13 23:00:00+00:00,2023-08-13 23:00:00+00:00,2023-08-14 03:00:00+00:00,241.75,239.57,2.180000000000007,False,OPPOSITE_VISIT_BEFORE_K1,0,1,,,False,,,OPPOSITE_VISIT_BEFORE_K1,2023-08-14 02:20:00+00:00,
60,01:00,5,2023-08-15,Tuesday,2023-08-14 18:00:00+00:00,2023-08-14 23:00:00+00:00,2023-08-14 23:00:00+00:00,2023-08-15 03:00:00+00:00,240.7,239.68,1.0199999999999818,False,NO_K1,0,0,,,False,,,NO_K1,,
60,01:00,5,2023-08-16,Wednesday,2023-08-15 18:00:00+00:00,2023-08-15 23:00:00+00:00,2023-08-15 23:00:00+00:00,2023-08-16 03:00:00+00:00,239.3,232.21,7.090000000000003,False,NO_K1,0,0,,,False,,,NO_K1,,
60,01:00,5,2023-08-17,Thursday,2023-08-16 18:00:00+00:00,2023-08-16 23:00:00+00:00,2023-08-16 23:00:00+00:00,2023-08-17 03:00:00+00:00,235.23,230.1,5.1299999999999955,False,BREAK_BEFORE_K1,0,0,,,False,,,BREAK_BEFORE_K1,2023-08-17 00:40:00+00:00,
60,01:00,5,2023-08-18,Friday,2023-08-17 18:00:00+00:00,2023-08-17 23:00:00+00:00,2023-08-17 23:00:00+00:00,2023-08-18 03:00:00+00:00,226.64,204.43,22.20999999999998,False,NO_K1,0,0,,,False,,,NO_K1,,
60,01:00,5,2023-08-19,Saturday,2023-08-18 18:00:00+00:00,2023-08-18 23:00:00+00:00,2023-08-18 23:00:00+00:00,2023-08-19 03:00:00+00:00,217.82,215.54,2.280000000000001,False,BREAK_BEFORE_K1,0,0,,,False,,,BREAK_BEFORE_K1,2023-08-19 01:35:00+00:00,
60,01:00,5,2023-08-20,Sunday,2023-08-19 18:00:00+00:00,2023-08-19 23:00:00+00:00,2023-08-19 23:00:00+00:00,2023-08-20 03:00:00+00:00,217.6,215.5,2.0999999999999943,False,NO_K1,0,0,,,False,,,NO_K1,,
60,01:00,5,2023-08-21,Monday,2023-08-20 18:00:00+00:00,2023-08-20 23:00:00+00:00,2023-08-20 23:00:00+00:00,2023-08-21 03:00:00+00:00,218.0,216.39,1.6100000000000136,False,BREAK_BEFORE_K1,0,0,,,False,,,BREAK_BEFORE_K1,2023-08-20 23:10:00+00:00,
60,01:00,5,2023-08-22,Tuesday,2023-08-21 18:00:00+00:00,2023-08-21 23:00:00+00:00,2023-08-21 23:00:00+00:00,2023-08-22 03:00:00+00:00,212.12,209.26,2.8600000000000136,False,NO_K1,0,0,,,False,,,NO_K1,,
60,01:00,5,2023-08-23,Wednesday,2023-08-22 18:00:00+00:00,2023-08-22 23:00:00+00:00,2023-08-22 23:00:00+00:00,2023-08-23 03:00:00+00:00,211.48,204.06,7.4199999999999875,False,BREAK_BEFORE_K1,0,0,,,False,,,BREAK_BEFORE_K1,2023-08-22 23:10:00+00:00,
60,01:00,5,2023-08-24,Thursday,2023-08-23 18:00:00+00:00,2023-08-23 23:00:00+00:00,2023-08-23 23:00:00+00:00,2023-08-24 03:00:00+00:00,218.63,214.54,4.090000000000003,False,NO_K1,0,0,,,False,,,NO_K1,,
60,01:00,5,2023-08-25,Friday,2023-08-24 18:00:00+00:00,2023-08-24 23:00:00+00:00,2023-08-24 23:00:00+00:00,2023-08-25 03:00:00+00:00,218.02,215.4,2.6200000000000045,False,BREAK_BEFORE_K1,0,0,,,False,,,BREAK_BEFORE_K1,2023-08-24 23:40:00+00:00,
60,01:00,5,2023-08-26,Saturday,2023-08-25 18:00:00+00:00,2023-08-25 23:00:00+00:00,2023-08-25 23:00:00+00:00,2023-08-26 03:00:00+00:00,218.45,216.96,1.4899999999999807,True,,1,0,2023-08-25 23:55:00+00:00,2023-08-26 00:00:00+00:00,False,,,BREAK_DURING_K1,2023-08-26 00:00:00+00:00,
60,01:00,5,2023-08-27,Sunday,2023-08-26 18:00:00+00:00,2023-08-26 23:00:00+00:00,2023-08-26 23:00:00+00:00,2023-08-27 03:00:00+00:00,216.77,216.16,0.6100000000000136,False,BREAK_BEFORE_K1,0,0,,,False,,,BREAK_BEFORE_K1,2023-08-26 23:10:00+00:00,
60,01:00,5,2023-08-28,Monday,2023-08-27 18:00:00+00:00,2023-08-27 23:00:00+00:00,2023-08-27 23:00:00+00:00,2023-08-28 03:00:00+00:00,219.08,217.56,1.5200000000000102,False,BREAK_BEFORE_K1,0,0,,,False,,,BREAK_BEFORE_K1,2023-08-28 00:50:00+00:00,
60,01:00,5,2023-08-29,Tuesday,2023-08-28 18:00:00+00:00,2023-08-28 23:00:00+00:00,2023-08-28 23:00:00+00:00,2023-08-29 03:00:00+00:00,218.88,217.28,1.5999999999999943,False,BREAK_BEFORE_K1,0,0,,,False,,,BREAK_BEFORE_K1,2023-08-28 23:15:00+00:00,
60,01:00,5,2023-08-30,Wednesday,2023-08-29 18:00:00+00:00,2023-08-29 23:00:00+00:00,2023-08-29 23:00:00+00:00,2023-08-30 03:00:00+00:00,229.16,225.79,3.3700000000000045,False,OPPOSITE_VISIT_BEFORE_K1,0,1,,,False,,,OPPOSITE_VISIT_BEFORE_K1,2023-08-30 00:25:00+00:00,
60,01:00,5,2023-08-31,Thursday,2023-08-30 18:00:00+00:00,2023-08-30 23:00:00+00:00,2023-08-30 23:00:00+00:00,2023-08-31 03:00:00+00:00,223.82,222.23,1.5900000000000034,True,,1,0,2023-08-30 23:15:00+00:00,2023-08-30 23:20:00+00:00,False,,,BREAK_DURING_K1,2023-08-30 23:20:00+00:00,
60,01:00,5,2023-09-01,Friday,2023-08-31 18:00:00+00:00,2023-08-31 23:00:00+00:00,2023-08-31 23:00:00+00:00,2023-09-01 03:00:00+00:00,218.41,213.91,4.5,False,NO_K1,0,0,,,False,,,NO_K1,,
60,01:00,5,2023-09-02,Saturday,2023-09-01 18:00:00+00:00,2023-09-01 23:00:00+00:00,2023-09-01 23:00:00+00:00,2023-09-02 03:00:00+00:00,215.03,211.51,3.5200000000000102,True,,1,0,2023-09-02 01:15:00+00:00,2023-09-02 01:20:00+00:00,True,2023-09-02 01:20:00+00:00,2023-09-02 01:25:00+00:00,H2_ARRIVAL,2023-09-02 01:40:00+00:00,20.0
60,01:00,5,2023-09-03,Sunday,2023-09-02 18:00:00+00:00,2023-09-02 23:00:00+00:00,2023-09-02 23:00:00+00:00,2023-09-03 03:00:00+00:00,214.24,213.0,1.240000000000009,False,BREAK_BEFORE_K1,0,0,,,False,,,BREAK_BEFORE_K1,2023-09-02 23:20:00+00:00,
60,01:00,5,2023-09-04,Monday,2023-09-03 18:00:00+00:00,2023-09-03 23:00:00+00:00,2023-09-03 23:00:00+00:00,2023-09-04 03:00:00+00:00,214.82,213.87,0.9499999999999886,True,,1,0,2023-09-04 02:45:00+00:00,2023-09-04 02:50:00+00:00,False,,,BREAK_DURING_K1,2023-09-04 02:50:00+00:00,
60,01:00,5,2023-09-05,Tuesday,2023-09-04 18:00:00+00:00,2023-09-04 23:00:00+00:00,2023-09-04 23:00:00+00:00,2023-09-05 03:00:00+00:00,215.91,213.55,2.359999999999985,False,NO_K1,0,0,,,False,,,NO_K1,,
60,01:00,5,2023-09-06,Wednesday,2023-09-05 18:00:00+00:00,2023-09-05 23:00:00+00:00,2023-09-05 23:00:00+00:00,2023-09-06 03:00:00+00:00,215.38,214.07,1.3100000000000023,False,BREAK_BEFORE_K1,0,0,,,False,,,BREAK_BEFORE_K1,2023-09-06 02:55:00+00:00,
60,01:00,5,2023-09-07,Thursday,2023-09-06 18:00:00+00:00,2023-09-06 23:00:00+00:00,2023-09-06 23:00:00+00:00,2023-09-07 03:00:00+00:00,217.43,214.14,3.2900000000000205,False,NO_K1,0,0,,,False,,,NO_K1,,
60,01:00,5,2023-09-08,Friday,2023-09-07 18:00:00+00:00,2023-09-07 23:00:00+00:00,2023-09-07 23:00:00+00:00,2023-09-08 03:00:00+00:00,217.9,214.44,3.460000000000008,True,,1,0,2023-09-08 00:45:00+00:00,2023-09-08 00:50:00+00:00,False,,,BREAK_DURING_K1,2023-09-08 00:50:00+00:00,
60,01:00,5,2023-09-09,Saturday,2023-09-08 18:00:00+00:00,2023-09-08 23:00:00+00:00,2023-09-08 23:00:00+00:00,2023-09-09 03:00:00+00:00,214.45,213.4,1.049999999999983,True,,1,0,2023-09-08 23:00:00+00:00,2023-09-08 23:05:00+00:00,True,2023-09-08 23:05:00+00:00,2023-09-08 23:10:00+00:00,H2_ARRIVAL,2023-09-08 23:10:00+00:00,5.0
60,01:00,5,2023-09-10,Sunday,2023-09-09 18:00:00+00:00,2023-09-09 23:00:00+00:00,2023-09-09 23:00:00+00:00,2023-09-10 03:00:00+00:00,214.93,214.34,0.5900000000000034,False,BREAK_BEFORE_K1,0,0,,,False,,,BREAK_BEFORE_K1,2023-09-09 23:15:00+00:00,
60,01:00,5,2023-09-11,Monday,2023-09-10 18:00:00+00:00,2023-09-10 23:00:00+00:00,2023-09-10 23:00:00+00:00,2023-09-11 03:00:00+00:00,213.82,211.1,2.719999999999999,False,OPPOSITE_VISIT_BEFORE_K1,0,1,,,False,,,OPPOSITE_VISIT_BEFORE_K1,2023-09-11 00:45:00+00:00,
60,01:00,5,2023-09-12,Tuesday,2023-09-11 18:00:00+00:00,2023-09-11 23:00:00+00:00,2023-09-11 23:00:00+00:00,2023-09-12 03:00:00+00:00,207.04,203.75,3.289999999999992,False,NO_K1,0,0,,,False,,,NO_K1,,
60,01:00,5,2023-09-13,Wednesday,2023-09-12 18:00:00+00:00,2023-09-12 23:00:00+00:00,2023-09-12 23:00:00+00:00,2023-09-13 03:00:00+00:00,213.63,210.63,3.0,False,BREAK_BEFORE_K1,0,0,,,False,,,BREAK_BEFORE_K1,2023-09-12 23:50:00+00:00,
60,01:00,5,2023-09-14,Thursday,2023-09-13 18:00:00+00:00,2023-09-13 23:00:00+00:00,2023-09-13 23:00:00+00:00,2023-09-14 03:00:00+00:00,213.08,211.16,1.920000000000016,True,,1,0,2023-09-14 00:10:00+00:00,2023-09-14 00:15:00+00:00,False,,,BREAK_DURING_K1,2023-09-14 00:15:00+00:00,
60,01:00,5,2023-09-15,Friday,2023-09-14 18:00:00+00:00,2023-09-14 23:00:00+00:00,2023-09-14 23:00:00+00:00,2023-09-15 03:00:00+00:00,213.06,211.6,1.460000000000008,False,OPPOSITE_VISIT_BEFORE_K1,0,1,,,False,,,OPPOSITE_VISIT_BEFORE_K1,2023-09-15 01:05:00+00:00,
60,01:00,5,2023-09-16,Saturday,2023-09-15 18:00:00+00:00,2023-09-15 23:00:00+00:00,2023-09-15 23:00:00+00:00,2023-09-16 03:00:00+00:00,214.87,211.6,3.2700000000000102,True,,1,0,2023-09-15 23:05:00+00:00,2023-09-15 23:10:00+00:00,True,2023-09-15 23:10:00+00:00,2023-09-15 23:15:00+00:00,H2_ARRIVAL,2023-09-16 01:10:00+00:00,120.0
60,01:00,5,2023-09-17,Sunday,2023-09-16 18:00:00+00:00,2023-09-16 23:00:00+00:00,2023-09-16 23:00:00+00:00,2023-09-17 03:00:00+00:00,214.94,214.06,0.8799999999999955,False,BREAK_BEFORE_K1,0,0,,,False,,,BREAK_BEFORE_K1,2023-09-16 23:05:00+00:00,
60,01:00,5,2023-09-18,Monday,2023-09-17 18:00:00+00:00,2023-09-17 23:00:00+00:00,2023-09-17 23:00:00+00:00,2023-09-18 03:00:00+00:00,216.49,214.97,1.5200000000000102,True,,1,0,2023-09-18 00:05:00+00:00,2023-09-18 00:10:00+00:00,True,2023-09-18 00:20:00+00:00,2023-09-18 00:25:00+00:00,H2_ARRIVAL,2023-09-18 01:10:00+00:00,50.0
60,01:00,5,2023-09-19,Tuesday,2023-09-18 18:00:00+00:00,2023-09-18 23:00:00+00:00,2023-09-18 23:00:00+00:00,2023-09-19 03:00:00+00:00,217.21,215.12,2.0900000000000034,False,NO_K1,0,0,,,False,,,NO_K1,,
60,01:00,5,2023-09-20,Wednesday,2023-09-19 18:00:00+00:00,2023-09-19 23:00:00+00:00,2023-09-19 23:00:00+00:00,2023-09-20 03:00:00+00:00,217.44,216.24,1.1999999999999886,True,,1,0,2023-09-19 23:20:00+00:00,2023-09-19 23:25:00+00:00,True,2023-09-19 23:25:00+00:00,2023-09-19 23:30:00+00:00,H2_ARRIVAL,2023-09-20 01:40:00+00:00,135.0
60,01:00,5,2023-09-21,Thursday,2023-09-20 18:00:00+00:00,2023-09-20 23:00:00+00:00,2023-09-20 23:00:00+00:00,2023-09-21 03:00:00+00:00,219.04,212.78,6.259999999999991,False,NO_K1,0,0,,,False,,,NO_K1,,
60,01:00,5,2023-09-22,Friday,2023-09-21 18:00:00+00:00,2023-09-21 23:00:00+00:00,2023-09-21 23:00:00+00:00,2023-09-22 03:00:00+00:00,211.21,209.93,1.2800000000000011,True,,1,0,2023-09-22 00:00:00+00:00,2023-09-22 00:05:00+00:00,True,2023-09-22 00:05:00+00:00,2023-09-22 00:10:00+00:00,H2_ARRIVAL,2023-09-22 00:10:00+00:00,5.0
60,01:00,5,2023-09-23,Saturday,2023-09-22 18:00:00+00:00,2023-09-22 23:00:00+00:00,2023-09-22 23:00:00+00:00,2023-09-23 03:00:00+00:00,211.39,210.18,1.2099999999999795,True,,1,0,2023-09-22 23:00:00+00:00,2023-09-22 23:05:00+00:00,True,2023-09-22 23:05:00+00:00,2023-09-22 23:10:00+00:00,H2_ARRIVAL,2023-09-23 00:05:00+00:00,60.0
60,01:00,5,2023-09-24,Sunday,2023-09-23 18:00:00+00:00,2023-09-23 23:00:00+00:00,2023-09-23 23:00:00+00:00,2023-09-24 03:00:00+00:00,210.88,210.27,0.6099999999999852,False,BREAK_BEFORE_K1,0,0,,,False,,,BREAK_BEFORE_K1,2023-09-23 23:00:00+00:00,
60,01:00,5,2023-09-25,Monday,2023-09-24 18:00:00+00:00,2023-09-24 23:00:00+00:00,2023-09-24 23:00:00+00:00,2023-09-25 03:00:00+00:00,211.36,208.55,2.8100000000000023,False,BREAK_BEFORE_K1,0,0,,,False,,,BREAK_BEFORE_K1,2023-09-24 23:25:00+00:00,
60,01:00,5,2023-09-26,Tuesday,2023-09-25 18:00:00+00:00,2023-09-25 23:00:00+00:00,2023-09-25 23:00:00+00:00,2023-09-26 03:00:00+00:00,210.69,209.57,1.1200000000000045,False,BREAK_BEFORE_K1,0,0,,,False,,,BREAK_BEFORE_K1,2023-09-26 01:50:00+00:00,
60,01:00,5,2023-09-27,Wednesday,2023-09-26 18:00:00+00:00,2023-09-26 23:00:00+00:00,2023-09-26 23:00:00+00:00,2023-09-27 03:00:00+00:00,212.56,210.73,1.8300000000000125,True,,1,0,2023-09-26 23:35:00+00:00,2023-09-26 23:40:00+00:00,False,,,BREAK_DURING_K1,2023-09-26 23:40:00+00:00,
60,01:00,5,2023-09-28,Thursday,2023-09-27 18:00:00+00:00,2023-09-27 23:00:00+00:00,2023-09-27 23:00:00+00:00,2023-09-28 03:00:00+00:00,212.18,210.52,1.6599999999999966,False,BREAK_BEFORE_K1,0,0,,,False,,,BREAK_BEFORE_K1,2023-09-27 23:40:00+00:00,
60,01:00,5,2023-09-29,Friday,2023-09-28 18:00:00+00:00,2023-09-28 23:00:00+00:00,2023-09-28 23:00:00+00:00,2023-09-29 03:00:00+00:00,216.06,214.31,1.75,False,NO_K1,0,0,,,False,,,NO_K1,,
60,01:00,5,2023-09-30,Saturday,2023-09-29 18:00:00+00:00,2023-09-29 23:00:00+00:00,2023-09-29 23:00:00+00:00,2023-09-30 03:00:00+00:00,216.12,214.82,1.3000000000000114,False,BREAK_BEFORE_K1,0,0,,,False,,,BREAK_BEFORE_K1,2023-09-30 01:35:00+00:00,
60,01:00,5,2023-10-01,Sunday,2023-09-30 18:00:00+00:00,2023-09-30 23:00:00+00:00,2023-09-30 23:00:00+00:00,2023-10-01 03:00:00+00:00,216.06,214.87,1.1899999999999977,False,BREAK_BEFORE_K1,0,0,,,False,,,BREAK_BEFORE_K1,2023-09-30 23:25:00+00:00,
60,01:00,5,2023-10-02,Monday,2023-10-01 18:00:00+00:00,2023-10-01 23:00:00+00:00,2023-10-01 23:00:00+00:00,2023-10-02 03:00:00+00:00,219.93,213.3,6.6299999999999955,True,,1,0,2023-10-02 01:55:00+00:00,2023-10-02 02:00:00+00:00,True,2023-10-02 02:05:00+00:00,2023-10-02 02:10:00+00:00,NO_H2_BY_END,,
60,01:00,5,2023-10-03,Tuesday,2023-10-02 18:00:00+00:00,2023-10-02 23:00:00+00:00,2023-10-02 23:00:00+00:00,2023-10-03 03:00:00+00:00,216.73,213.19,3.539999999999992,False,NO_K1,0,0,,,False,,,NO_K1,,
60,01:00,5,2023-10-04,Wednesday,2023-10-03 18:00:00+00:00,2023-10-03 23:00:00+00:00,2023-10-03 23:00:00+00:00,2023-10-04 03:00:00+00:00,213.91,212.34,1.5699999999999932,False,OPPOSITE_VISIT_BEFORE_K1,0,1,,,False,,,OPPOSITE_VISIT_BEFORE_K1,2023-10-04 00:20:00+00:00,
60,01:00,5,2023-10-05,Thursday,2023-10-04 18:00:00+00:00,2023-10-04 23:00:00+00:00,2023-10-04 23:00:00+00:00,2023-10-05 03:00:00+00:00,213.72,212.27,1.4499999999999886,False,BREAK_BEFORE_K1,0,0,,,False,,,BREAK_BEFORE_K1,2023-10-04 23:00:00+00:00,
60,01:00,5,2023-10-06,Friday,2023-10-05 18:00:00+00:00,2023-10-05 23:00:00+00:00,2023-10-05 23:00:00+00:00,2023-10-06 03:00:00+00:00,211.38,210.32,1.0600000000000023,True,,1,0,2023-10-05 23:05:00+00:00,2023-10-05 23:10:00+00:00,True,2023-10-05 23:15:00+00:00,2023-10-05 23:20:00+00:00,H2_ARRIVAL,2023-10-06 00:55:00+00:00,100.0
60,01:00,5,2023-10-07,Saturday,2023-10-06 18:00:00+00:00,2023-10-06 23:00:00+00:00,2023-10-06 23:00:00+00:00,2023-10-07 03:00:00+00:00,214.69,213.26,1.4300000000000068,False,OPPOSITE_VISIT_BEFORE_K1,0,1,,,False,,,OPPOSITE_VISIT_BEFORE_K1,2023-10-06 23:30:00+00:00,
60,01:00,5,2023-10-08,Sunday,2023-10-07 18:00:00+00:00,2023-10-07 23:00:00+00:00,2023-10-07 23:00:00+00:00,2023-10-08 03:00:00+00:00,212.55,211.63,0.9200000000000159,True,,1,0,2023-10-08 01:40:00+00:00,2023-10-08 01:45:00+00:00,True,2023-10-08 01:45:00+00:00,2023-10-08 01:50:00+00:00,H2_ARRIVAL,2023-10-08 01:55:00+00:00,10.0
60,01:00,5,2023-10-09,Monday,2023-10-08 18:00:00+00:00,2023-10-08 23:00:00+00:00,2023-10-08 23:00:00+00:00,2023-10-09 03:00:00+00:00,212.14,210.99,1.1499999999999773,False,BREAK_BEFORE_K1,0,0,,,False,,,BREAK_BEFORE_K1,2023-10-09 00:15:00+00:00,
60,01:00,5,2023-10-10,Tuesday,2023-10-09 18:00:00+00:00,2023-10-09 23:00:00+00:00,2023-10-09 23:00:00+00:00,2023-10-10 03:00:00+00:00,207.5,205.14,2.3600000000000136,False,OPPOSITE_VISIT_BEFORE_K1,0,1,,,False,,,OPPOSITE_VISIT_BEFORE_K1,2023-10-09 23:20:00+00:00,
60,01:00,5,2023-10-11,Wednesday,2023-10-10 18:00:00+00:00,2023-10-10 23:00:00+00:00,2023-10-10 23:00:00+00:00,2023-10-11 03:00:00+00:00,209.3,207.13,2.170000000000016,False,OPPOSITE_VISIT_BEFORE_K1,0,1,,,False,,,OPPOSITE_VISIT_BEFORE_K1,2023-10-11 02:00:00+00:00,
60,01:00,5,2023-10-12,Thursday,2023-10-11 18:00:00+00:00,2023-10-11 23:00:00+00:00,2023-10-11 23:00:00+00:00,2023-10-12 03:00:00+00:00,206.77,204.65,2.1200000000000045,True,,1,0,2023-10-12 00:05:00+00:00,2023-10-12 00:10:00+00:00,True,2023-10-12 00:10:00+00:00,2023-10-12 00:15:00+00:00,NO_H2_BY_END,,
60,01:00,5,2023-10-13,Friday,2023-10-12 18:00:00+00:00,2023-10-12 23:00:00+00:00,2023-10-12 23:00:00+00:00,2023-10-13 03:00:00+00:00,206.0,204.84,1.1599999999999966,False,BREAK_BEFORE_K1,0,0,,,False,,,BREAK_BEFORE_K1,2023-10-13 00:30:00+00:00,
60,01:00,5,2023-10-14,Saturday,2023-10-13 18:00:00+00:00,2023-10-13 23:00:00+00:00,2023-10-13 23:00:00+00:00,2023-10-14 03:00:00+00:00,208.43,205.25,3.180000000000007,False,NO_K1,0,0,,,False,,,NO_K1,,
60,01:00,5,2023-10-15,Sunday,2023-10-14 18:00:00+00:00,2023-10-14 23:00:00+00:00,2023-10-14 23:00:00+00:00,2023-10-15 03:00:00+00:00,206.97,206.14,0.8300000000000125,True,,1,0,2023-10-15 00:00:00+00:00,2023-10-15 00:05:00+00:00,False,,,BREAK_DURING_K1,2023-10-15 00:10:00+00:00,
60,01:00,5,2023-10-16,Monday,2023-10-15 18:00:00+00:00,2023-10-15 23:00:00+00:00,2023-10-15 23:00:00+00:00,2023-10-16 03:00:00+00:00,210.5,209.12,1.3799999999999955,True,,1,0,2023-10-16 01:10:00+00:00,2023-10-16 01:15:00+00:00,False,,,BREAK_DURING_K1,2023-10-16 01:15:00+00:00,
60,01:00,5,2023-10-17,Tuesday,2023-10-16 18:00:00+00:00,2023-10-16 23:00:00+00:00,2023-10-16 23:00:00+00:00,2023-10-17 03:00:00+00:00,215.52,213.45,2.0700000000000216,True,,1,0,2023-10-16 23:10:00+00:00,2023-10-16 23:15:00+00:00,True,2023-10-16 23:15:00+00:00,2023-10-16 23:20:00+00:00,NO_H2_BY_END,,
60,01:00,5,2023-10-18,Wednesday,2023-10-17 18:00:00+00:00,2023-10-17 23:00:00+00:00,2023-10-17 23:00:00+00:00,2023-10-18 03:00:00+00:00,211.99,210.68,1.3100000000000023,False,BREAK_BEFORE_K1,0,0,,,False,,,BREAK_BEFORE_K1,2023-10-18 02:30:00+00:00,
60,01:00,5,2023-10-19,Thursday,2023-10-18 18:00:00+00:00,2023-10-18 23:00:00+00:00,2023-10-18 23:00:00+00:00,2023-10-19 03:00:00+00:00,211.68,210.0,1.6800000000000068,False,BREAK_BEFORE_K1,0,0,,,False,,,BREAK_BEFORE_K1,2023-10-19 01:40:00+00:00,
60,01:00,5,2023-10-20,Friday,2023-10-19 18:00:00+00:00,2023-10-19 23:00:00+00:00,2023-10-19 23:00:00+00:00,2023-10-20 03:00:00+00:00,210.99,210.14,0.8500000000000227,True,,1,0,2023-10-19 23:40:00+00:00,2023-10-19 23:45:00+00:00,False,,,BREAK_DURING_K1,2023-10-19 23:45:00+00:00,
60,01:00,5,2023-10-21,Saturday,2023-10-20 18:00:00+00:00,2023-10-20 23:00:00+00:00,2023-10-20 23:00:00+00:00,2023-10-21 03:00:00+00:00,213.36,212.51,0.8500000000000227,False,OPPOSITE_VISIT_BEFORE_K1,0,1,,,False,,,OPPOSITE_VISIT_BEFORE_K1,2023-10-20 23:30:00+00:00,
60,01:00,5,2023-10-22,Sunday,2023-10-21 18:00:00+00:00,2023-10-21 23:00:00+00:00,2023-10-21 23:00:00+00:00,2023-10-22 03:00:00+00:00,215.99,214.25,1.740000000000009,False,OPPOSITE_VISIT_BEFORE_K1,0,1,,,False,,,OPPOSITE_VISIT_BEFORE_K1,2023-10-21 23:30:00+00:00,
60,01:00,5,2023-10-23,Monday,2023-10-22 18:00:00+00:00,2023-10-22 23:00:00+00:00,2023-10-22 23:00:00+00:00,2023-10-23 03:00:00+00:00,218.82,214.91,3.9099999999999966,True,,1,0,2023-10-23 00:55:00+00:00,2023-10-23 01:00:00+00:00,True,2023-10-23 01:00:00+00:00,2023-10-23 01:05:00+00:00,H2_ARRIVAL,2023-10-23 01:05:00+00:00,5.0
60,01:00,5,2023-10-24,Tuesday,2023-10-23 18:00:00+00:00,2023-10-23 23:00:00+00:00,2023-10-23 23:00:00+00:00,2023-10-24 03:00:00+00:00,231.0,219.47,11.530000000000001,True,,1,0,2023-10-23 23:00:00+00:00,2023-10-23 23:05:00+00:00,True,2023-10-23 23:05:00+00:00,2023-10-23 23:10:00+00:00,H2_ARRIVAL,2023-10-24 00:30:00+00:00,85.0
60,01:00,5,2023-10-25,Wednesday,2023-10-24 18:00:00+00:00,2023-10-24 23:00:00+00:00,2023-10-24 23:00:00+00:00,2023-10-25 03:00:00+00:00,227.16,222.83,4.329999999999984,False,BREAK_BEFORE_K1,0,0,,,False,,,BREAK_BEFORE_K1,2023-10-24 23:00:00+00:00,
60,01:00,5,2023-10-26,Thursday,2023-10-25 18:00:00+00:00,2023-10-25 23:00:00+00:00,2023-10-25 23:00:00+00:00,2023-10-26 03:00:00+00:00,225.15,222.42,2.730000000000018,False,BREAK_BEFORE_K1,0,0,,,False,,,BREAK_BEFORE_K1,2023-10-25 23:00:00+00:00,
60,01:00,5,2023-10-27,Friday,2023-10-26 18:00:00+00:00,2023-10-26 23:00:00+00:00,2023-10-26 23:00:00+00:00,2023-10-27 03:00:00+00:00,223.96,221.56,2.4000000000000057,False,BREAK_BEFORE_K1,0,0,,,False,,,BREAK_BEFORE_K1,2023-10-27 01:45:00+00:00,
60,01:00,5,2023-10-28,Saturday,2023-10-27 18:00:00+00:00,2023-10-27 23:00:00+00:00,2023-10-27 23:00:00+00:00,2023-10-28 03:00:00+00:00,224.98,221.0,3.9799999999999898,False,BREAK_BEFORE_K1,0,0,,,False,,,BREAK_BEFORE_K1,2023-10-28 00:20:00+00:00,
60,01:00,5,2023-10-29,Sunday,2023-10-28 18:00:00+00:00,2023-10-28 23:00:00+00:00,2023-10-28 23:00:00+00:00,2023-10-29 03:00:00+00:00,226.5,225.15,1.3499999999999943,False,BREAK_BEFORE_K1,0,0,,,False,,,BREAK_BEFORE_K1,2023-10-29 01:10:00+00:00,
60,01:00,5,2023-10-30,Monday,2023-10-29 18:00:00+00:00,2023-10-29 23:00:00+00:00,2023-10-29 23:00:00+00:00,2023-10-30 03:00:00+00:00,228.29,226.37,1.9199999999999875,False,OPPOSITE_VISIT_BEFORE_K1,0,1,,,False,,,OPPOSITE_VISIT_BEFORE_K1,2023-10-30 02:25:00+00:00,
60,01:00,5,2023-10-31,Tuesday,2023-10-30 18:00:00+00:00,2023-10-30 23:00:00+00:00,2023-10-30 23:00:00+00:00,2023-10-31 03:00:00+00:00,229.22,226.84,2.3799999999999955,False,BREAK_BEFORE_K1,0,0,,,False,,,BREAK_BEFORE_K1,2023-10-31 00:40:00+00:00,
60,01:00,5,2023-11-01,Wednesday,2023-10-31 18:00:00+00:00,2023-10-31 23:00:00+00:00,2023-10-31 23:00:00+00:00,2023-11-01 03:00:00+00:00,226.7,225.07,1.6299999999999955,False,BREAK_BEFORE_K1,0,0,,,False,,,BREAK_BEFORE_K1,2023-11-01 00:15:00+00:00,
60,01:00,5,2023-11-02,Thursday,2023-11-01 18:00:00+00:00,2023-11-01 23:00:00+00:00,2023-11-01 23:00:00+00:00,2023-11-02 03:00:00+00:00,230.15,224.51,5.640000000000015,True,,1,0,2023-11-02 01:00:00+00:00,2023-11-02 01:05:00+00:00,True,2023-11-02 01:05:00+00:00,2023-11-02 01:10:00+00:00,H2_ARRIVAL,2023-11-02 01:10:00+00:00,5.0
60,01:00,5,2023-11-03,Friday,2023-11-02 18:00:00+00:00,2023-11-02 23:00:00+00:00,2023-11-02 23:00:00+00:00,2023-11-03 03:00:00+00:00,233.17,230.63,2.539999999999992,False,OPPOSITE_VISIT_BEFORE_K1,0,1,,,False,,,OPPOSITE_VISIT_BEFORE_K1,2023-11-02 23:00:00+00:00,
60,01:00,5,2023-11-04,Saturday,2023-11-03 18:00:00+00:00,2023-11-03 23:00:00+00:00,2023-11-03 23:00:00+00:00,2023-11-04 03:00:00+00:00,230.43,227.99,2.4399999999999977,True,,1,0,2023-11-03 23:00:00+00:00,2023-11-03 23:05:00+00:00,False,,,BREAK_DURING_K1,2023-11-03 23:05:00+00:00,
60,01:00,5,2023-11-05,Sunday,2023-11-04 18:00:00+00:00,2023-11-04 23:00:00+00:00,2023-11-04 23:00:00+00:00,2023-11-05 03:00:00+00:00,237.97,235.8,2.1699999999999875,False,BREAK_BEFORE_K1,0,0,,,False,,,BREAK_BEFORE_K1,2023-11-04 23:00:00+00:00,
60,01:00,5,2023-11-06,Monday,2023-11-05 18:00:00+00:00,2023-11-05 23:00:00+00:00,2023-11-05 23:00:00+00:00,2023-11-06 03:00:00+00:00,244.77,240.62,4.150000000000006,False,BREAK_BEFORE_K1,0,0,,,False,,,BREAK_BEFORE_K1,2023-11-05 23:00:00+00:00,
60,01:00,5,2023-11-07,Tuesday,2023-11-06 18:00:00+00:00,2023-11-06 23:00:00+00:00,2023-11-06 23:00:00+00:00,2023-11-07 03:00:00+00:00,255.37,250.23,5.140000000000015,False,BREAK_BEFORE_K1,0,0,,,False,,,BREAK_BEFORE_K1,2023-11-06 23:05:00+00:00,
60,01:00,5,2023-11-08,Wednesday,2023-11-07 18:00:00+00:00,2023-11-07 23:00:00+00:00,2023-11-07 23:00:00+00:00,2023-11-08 03:00:00+00:00,249.88,244.36,5.519999999999982,False,NO_K1,0,0,,,False,,,NO_K1,,
60,01:00,5,2023-11-09,Thursday,2023-11-08 18:00:00+00:00,2023-11-08 23:00:00+00:00,2023-11-08 23:00:00+00:00,2023-11-09 03:00:00+00:00,249.67,245.13,4.539999999999992,True,,1,0,2023-11-09 02:25:00+00:00,2023-11-09 02:30:00+00:00,True,2023-11-09 02:30:00+00:00,2023-11-09 02:35:00+00:00,H2_ARRIVAL,2023-11-09 02:35:00+00:00,5.0
60,01:00,5,2023-11-10,Friday,2023-11-09 18:00:00+00:00,2023-11-09 23:00:00+00:00,2023-11-09 23:00:00+00:00,2023-11-10 03:00:00+00:00,248.82,242.83,5.989999999999981,True,,1,0,2023-11-09 23:05:00+00:00,2023-11-09 23:10:00+00:00,False,,,BREAK_DURING_K1,2023-11-09 23:10:00+00:00,
60,01:00,5,2023-11-11,Saturday,2023-11-10 18:00:00+00:00,2023-11-10 23:00:00+00:00,2023-11-10 23:00:00+00:00,2023-11-11 03:00:00+00:00,252.58,250.06,2.5200000000000102,True,,1,0,2023-11-11 00:25:00+00:00,2023-11-11 00:30:00+00:00,True,2023-11-11 00:35:00+00:00,2023-11-11 00:40:00+00:00,OPPOSITE_BREAK_BEFORE_H2,2023-11-11 01:20:00+00:00,
60,01:00,5,2023-11-12,Sunday,2023-11-11 18:00:00+00:00,2023-11-11 23:00:00+00:00,2023-11-11 23:00:00+00:00,2023-11-12 03:00:00+00:00,254.48,249.52,4.9599999999999795,False,OPPOSITE_VISIT_BEFORE_K1,0,1,,,False,,,OPPOSITE_VISIT_BEFORE_K1,2023-11-11 23:30:00+00:00,
60,01:00,5,2023-11-13,Monday,2023-11-12 18:00:00+00:00,2023-11-12 23:00:00+00:00,2023-11-12 23:00:00+00:00,2023-11-13 03:00:00+00:00,249.29,247.43,1.8599999999999852,False,BREAK_BEFORE_K1,0,0,,,False,,,BREAK_BEFORE_K1,2023-11-12 23:20:00+00:00,
60,01:00,5,2023-11-14,Tuesday,2023-11-13 18:00:00+00:00,2023-11-13 23:00:00+00:00,2023-11-13 23:00:00+00:00,2023-11-14 03:00:00+00:00,246.53,240.22,6.310000000000002,False,BREAK_BEFORE_K1,0,0,,,False,,,BREAK_BEFORE_K1,2023-11-14 00:05:00+00:00,
60,01:00,5,2023-11-15,Wednesday,2023-11-14 18:00:00+00:00,2023-11-14 23:00:00+00:00,2023-11-14 23:00:00+00:00,2023-11-15 03:00:00+00:00,243.65,233.0,10.650000000000006,False,BREAK_BEFORE_K1,0,0,,,False,,,BREAK_BEFORE_K1,2023-11-15 00:10:00+00:00,
60,01:00,5,2023-11-16,Thursday,2023-11-15 18:00:00+00:00,2023-11-15 23:00:00+00:00,2023-11-15 23:00:00+00:00,2023-11-16 03:00:00+00:00,254.7,250.88,3.819999999999993,False,BREAK_BEFORE_K1,0,0,,,False,,,BREAK_BEFORE_K1,2023-11-16 00:45:00+00:00,
60,01:00,5,2023-11-17,Friday,2023-11-16 18:00:00+00:00,2023-11-16 23:00:00+00:00,2023-11-16 23:00:00+00:00,2023-11-17 03:00:00+00:00,246.6,240.1,6.5,False,NO_K1,0,0,,,False,,,NO_K1,,
60,01:00,5,2023-11-18,Saturday,2023-11-17 18:00:00+00:00,2023-11-17 23:00:00+00:00,2023-11-17 23:00:00+00:00,2023-11-18 03:00:00+00:00,244.88,242.83,2.049999999999983,False,BREAK_BEFORE_K1,0,0,,,False,,,BREAK_BEFORE_K1,2023-11-17 23:00:00+00:00,
60,01:00,5,2023-11-19,Sunday,2023-11-18 18:00:00+00:00,2023-11-18 23:00:00+00:00,2023-11-18 23:00:00+00:00,2023-11-19 03:00:00+00:00,245.38,243.58,1.799999999999983,False,BREAK_BEFORE_K1,0,0,,,False,,,BREAK_BEFORE_K1,2023-11-19 00:55:00+00:00,
60,01:00,5,2023-11-20,Monday,2023-11-19 18:00:00+00:00,2023-11-19 23:00:00+00:00,2023-11-19 23:00:00+00:00,2023-11-20 03:00:00+00:00,246.19,244.32,1.8700000000000045,False,BREAK_BEFORE_K1,0,0,,,False,,,BREAK_BEFORE_K1,2023-11-19 23:05:00+00:00,
60,01:00,5,2023-11-21,Tuesday,2023-11-20 18:00:00+00:00,2023-11-20 23:00:00+00:00,2023-11-20 23:00:00+00:00,2023-11-21 03:00:00+00:00,263.76,250.85,12.909999999999997,True,,1,0,2023-11-21 01:05:00+00:00,2023-11-21 01:10:00+00:00,True,2023-11-21 01:15:00+00:00,2023-11-21 01:20:00+00:00,H2_ARRIVAL,2023-11-21 01:25:00+00:00,10.0
60,01:00,5,2023-11-22,Wednesday,2023-11-21 18:00:00+00:00,2023-11-21 23:00:00+00:00,2023-11-21 23:00:00+00:00,2023-11-22 03:00:00+00:00,248.4,224.1,24.30000000000001,False,OPPOSITE_VISIT_BEFORE_K1,0,1,,,False,,,OPPOSITE_VISIT_BEFORE_K1,2023-11-21 23:00:00+00:00,
60,01:00,5,2023-11-23,Thursday,2023-11-22 18:00:00+00:00,2023-11-22 23:00:00+00:00,2023-11-22 23:00:00+00:00,2023-11-23 03:00:00+00:00,238.45,232.54,5.909999999999997,False,BREAK_BEFORE_K1,0,0,,,False,,,BREAK_BEFORE_K1,2023-11-23 01:25:00+00:00,
60,01:00,5,2023-11-24,Friday,2023-11-23 18:00:00+00:00,2023-11-23 23:00:00+00:00,2023-11-23 23:00:00+00:00,2023-11-24 03:00:00+00:00,234.58,231.75,2.8300000000000125,False,BREAK_BEFORE_K1,0,0,,,False,,,BREAK_BEFORE_K1,2023-11-24 00:20:00+00:00,
60,01:00,5,2023-11-25,Saturday,2023-11-24 18:00:00+00:00,2023-11-24 23:00:00+00:00,2023-11-24 23:00:00+00:00,2023-11-25 03:00:00+00:00,233.6,231.58,2.019999999999982,False,BREAK_BEFORE_K1,0,0,,,False,,,BREAK_BEFORE_K1,2023-11-25 00:10:00+00:00,
60,01:00,5,2023-11-26,Sunday,2023-11-25 18:00:00+00:00,2023-11-25 23:00:00+00:00,2023-11-25 23:00:00+00:00,2023-11-26 03:00:00+00:00,233.99,233.05,0.9399999999999977,False,BREAK_BEFORE_K1,0,0,,,False,,,BREAK_BEFORE_K1,2023-11-25 23:45:00+00:00,
60,01:00,5,2023-11-27,Monday,2023-11-26 18:00:00+00:00,2023-11-26 23:00:00+00:00,2023-11-26 23:00:00+00:00,2023-11-27 03:00:00+00:00,232.97,230.27,2.6999999999999886,True,,1,0,2023-11-27 00:40:00+00:00,2023-11-27 00:45:00+00:00,True,2023-11-27 00:50:00+00:00,2023-11-27 00:55:00+00:00,H2_ARRIVAL,2023-11-27 01:05:00+00:00,15.0
60,01:00,5,2023-11-28,Tuesday,2023-11-27 18:00:00+00:00,2023-11-27 23:00:00+00:00,2023-11-27 23:00:00+00:00,2023-11-28 03:00:00+00:00,226.92,223.53,3.3899999999999864,False,BREAK_BEFORE_K1,0,0,,,False,,,BREAK_BEFORE_K1,2023-11-27 23:00:00+00:00,
60,01:00,5,2023-11-29,Wednesday,2023-11-28 18:00:00+00:00,2023-11-28 23:00:00+00:00,2023-11-28 23:00:00+00:00,2023-11-29 03:00:00+00:00,231.65,229.35,2.3000000000000114,False,OPPOSITE_VISIT_BEFORE_K1,0,1,,,False,,,OPPOSITE_VISIT_BEFORE_K1,2023-11-28 23:35:00+00:00,
60,01:00,5,2023-11-30,Thursday,2023-11-29 18:00:00+00:00,2023-11-29 23:00:00+00:00,2023-11-29 23:00:00+00:00,2023-11-30 03:00:00+00:00,228.16,226.68,1.4799999999999898,False,OPPOSITE_VISIT_BEFORE_K1,0,1,,,False,,,OPPOSITE_VISIT_BEFORE_K1,2023-11-30 01:05:00+00:00,
60,01:00,5,2023-12-01,Friday,2023-11-30 18:00:00+00:00,2023-11-30 23:00:00+00:00,2023-11-30 23:00:00+00:00,2023-12-01 03:00:00+00:00,228.1,227.26,0.8400000000000034,False,OPPOSITE_VISIT_BEFORE_K1,0,1,,,False,,,OPPOSITE_VISIT_BEFORE_K1,2023-11-30 23:00:00+00:00,
60,01:00,5,2023-12-02,Saturday,2023-12-01 18:00:00+00:00,2023-12-01 23:00:00+00:00,2023-12-01 23:00:00+00:00,2023-12-02 03:00:00+00:00,229.15,228.15,1.0,False,BREAK_BEFORE_K1,0,0,,,False,,,BREAK_BEFORE_K1,2023-12-02 02:10:00+00:00,
60,01:00,5,2023-12-03,Sunday,2023-12-02 18:00:00+00:00,2023-12-02 23:00:00+00:00,2023-12-02 23:00:00+00:00,2023-12-03 03:00:00+00:00,230.57,228.1,2.469999999999999,False,BREAK_BEFORE_K1,0,0,,,False,,,BREAK_BEFORE_K1,2023-12-03 00:45:00+00:00,
60,01:00,5,2023-12-04,Monday,2023-12-03 18:00:00+00:00,2023-12-03 23:00:00+00:00,2023-12-03 23:00:00+00:00,2023-12-04 03:00:00+00:00,229.25,226.48,2.7700000000000102,True,,1,0,2023-12-03 23:05:00+00:00,2023-12-03 23:10:00+00:00,True,2023-12-03 23:15:00+00:00,2023-12-03 23:20:00+00:00,H2_ARRIVAL,2023-12-04 00:45:00+00:00,90.0
60,01:00,5,2023-12-05,Tuesday,2023-12-04 18:00:00+00:00,2023-12-04 23:00:00+00:00,2023-12-04 23:00:00+00:00,2023-12-05 03:00:00+00:00,233.21,230.22,2.990000000000009,True,,1,0,2023-12-04 23:45:00+00:00,2023-12-04 23:50:00+00:00,False,,,BREAK_DURING_K1,2023-12-04 23:50:00+00:00,
60,01:00,5,2023-12-06,Wednesday,2023-12-05 18:00:00+00:00,2023-12-05 23:00:00+00:00,2023-12-05 23:00:00+00:00,2023-12-06 03:00:00+00:00,233.46,230.25,3.210000000000008,False,NO_K1,0,0,,,False,,,NO_K1,,
60,01:00,5,2023-12-07,Thursday,2023-12-06 18:00:00+00:00,2023-12-06 23:00:00+00:00,2023-12-06 23:00:00+00:00,2023-12-07 03:00:00+00:00,233.05,229.01,4.0400000000000205,False,NO_K1,0,0,,,False,,,NO_K1,,
60,01:00,5,2023-12-08,Friday,2023-12-07 18:00:00+00:00,2023-12-07 23:00:00+00:00,2023-12-07 23:00:00+00:00,2023-12-08 03:00:00+00:00,233.62,230.2,3.420000000000016,False,BREAK_BEFORE_K1,0,0,,,False,,,BREAK_BEFORE_K1,2023-12-08 00:05:00+00:00,
60,01:00,5,2023-12-09,Saturday,2023-12-08 18:00:00+00:00,2023-12-08 23:00:00+00:00,2023-12-08 23:00:00+00:00,2023-12-09 03:00:00+00:00,240.22,235.95,4.27000000000001,False,BREAK_BEFORE_K1,0,0,,,False,,,BREAK_BEFORE_K1,2023-12-09 00:05:00+00:00,
60,01:00,5,2023-12-10,Sunday,2023-12-09 18:00:00+00:00,2023-12-09 23:00:00+00:00,2023-12-09 23:00:00+00:00,2023-12-10 03:00:00+00:00,240.4,238.04,2.3600000000000136,False,BREAK_BEFORE_K1,0,0,,,False,,,BREAK_BEFORE_K1,2023-12-09 23:25:00+00:00,
60,01:00,5,2023-12-11,Monday,2023-12-10 18:00:00+00:00,2023-12-10 23:00:00+00:00,2023-12-10 23:00:00+00:00,2023-12-11 03:00:00+00:00,241.08,239.11,1.9699999999999989,False,OPPOSITE_VISIT_BEFORE_K1,0,1,,,False,,,OPPOSITE_VISIT_BEFORE_K1,2023-12-10 23:20:00+00:00,
60,01:00,5,2023-12-12,Tuesday,2023-12-11 18:00:00+00:00,2023-12-11 23:00:00+00:00,2023-12-11 23:00:00+00:00,2023-12-12 03:00:00+00:00,245.24,236.88,8.360000000000014,False,BREAK_BEFORE_K1,0,0,,,False,,,BREAK_BEFORE_K1,2023-12-11 23:00:00+00:00,
60,01:00,5,2023-12-13,Wednesday,2023-12-12 18:00:00+00:00,2023-12-12 23:00:00+00:00,2023-12-12 23:00:00+00:00,2023-12-13 03:00:00+00:00,256.16,249.65,6.510000000000019,False,BREAK_BEFORE_K1,0,0,,,False,,,BREAK_BEFORE_K1,2023-12-12 23:30:00+00:00,
60,01:00,5,2023-12-14,Thursday,2023-12-13 18:00:00+00:00,2023-12-13 23:00:00+00:00,2023-12-13 23:00:00+00:00,2023-12-14 03:00:00+00:00,255.95,249.8,6.149999999999977,False,OPPOSITE_VISIT_BEFORE_K1,0,1,,,False,,,OPPOSITE_VISIT_BEFORE_K1,2023-12-14 01:45:00+00:00,
60,01:00,5,2023-12-15,Friday,2023-12-14 18:00:00+00:00,2023-12-14 23:00:00+00:00,2023-12-14 23:00:00+00:00,2023-12-15 03:00:00+00:00,253.63,251.13,2.5,False,BREAK_BEFORE_K1,0,0,,,False,,,BREAK_BEFORE_K1,2023-12-14 23:00:00+00:00,
60,01:00,5,2023-12-16,Saturday,2023-12-15 18:00:00+00:00,2023-12-15 23:00:00+00:00,2023-12-15 23:00:00+00:00,2023-12-16 03:00:00+00:00,247.79,244.87,2.9199999999999875,False,BREAK_BEFORE_K1,0,0,,,False,,,BREAK_BEFORE_K1,2023-12-15 23:15:00+00:00,
60,01:00,5,2023-12-17,Sunday,2023-12-16 18:00:00+00:00,2023-12-16 23:00:00+00:00,2023-12-16 23:00:00+00:00,2023-12-17 03:00:00+00:00,245.8,243.69,2.1100000000000136,False,BREAK_BEFORE_K1,0,0,,,False,,,BREAK_BEFORE_K1,2023-12-16 23:45:00+00:00,
60,01:00,5,2023-12-18,Monday,2023-12-17 18:00:00+00:00,2023-12-17 23:00:00+00:00,2023-12-17 23:00:00+00:00,2023-12-18 03:00:00+00:00,243.58,240.83,2.75,False,OPPOSITE_VISIT_BEFORE_K1,0,1,,,False,,,OPPOSITE_VISIT_BEFORE_K1,2023-12-17 23:05:00+00:00,
60,01:00,5,2023-12-19,Tuesday,2023-12-18 18:00:00+00:00,2023-12-18 23:00:00+00:00,2023-12-18 23:00:00+00:00,2023-12-19 03:00:00+00:00,241.39,237.66,3.7299999999999898,True,,1,0,2023-12-18 23:05:00+00:00,2023-12-18 23:10:00+00:00,False,,,BREAK_DURING_K1,2023-12-18 23:10:00+00:00,
60,01:00,5,2023-12-20,Wednesday,2023-12-19 18:00:00+00:00,2023-12-19 23:00:00+00:00,2023-12-19 23:00:00+00:00,2023-12-20 03:00:00+00:00,254.41,249.67,4.740000000000009,False,NO_K1,0,0,,,False,,,NO_K1,,
60,01:00,5,2023-12-21,Thursday,2023-12-20 18:00:00+00:00,2023-12-20 23:00:00+00:00,2023-12-20 23:00:00+00:00,2023-12-21 03:00:00+00:00,261.45,255.0,6.449999999999989,False,NO_K1,0,0,,,False,,,NO_K1,,
60,01:00,5,2023-12-22,Friday,2023-12-21 18:00:00+00:00,2023-12-21 23:00:00+00:00,2023-12-21 23:00:00+00:00,2023-12-22 03:00:00+00:00,271.45,268.41,3.0399999999999636,False,BREAK_BEFORE_K1,0,0,,,False,,,BREAK_BEFORE_K1,2023-12-21 23:55:00+00:00,
60,01:00,5,2023-12-23,Saturday,2023-12-22 18:00:00+00:00,2023-12-22 23:00:00+00:00,2023-12-22 23:00:00+00:00,2023-12-23 03:00:00+00:00,272.79,269.38,3.410000000000025,False,OPPOSITE_VISIT_BEFORE_K1,0,1,,,False,,,OPPOSITE_VISIT_BEFORE_K1,2023-12-23 00:50:00+00:00,
60,01:00,5,2023-12-24,Sunday,2023-12-23 18:00:00+00:00,2023-12-23 23:00:00+00:00,2023-12-23 23:00:00+00:00,2023-12-24 03:00:00+00:00,271.43,269.16,2.269999999999982,True,,1,0,2023-12-23 23:00:00+00:00,2023-12-23 23:05:00+00:00,False,,,BREAK_DURING_K1,2023-12-23 23:05:00+00:00,
60,01:00,5,2023-12-25,Monday,2023-12-24 18:00:00+00:00,2023-12-24 23:00:00+00:00,2023-12-24 23:00:00+00:00,2023-12-25 03:00:00+00:00,269.18,260.53,8.650000000000034,False,NO_K1,0,0,,,False,,,NO_K1,,
60,01:00,5,2023-12-26,Tuesday,2023-12-25 18:00:00+00:00,2023-12-25 23:00:00+00:00,2023-12-25 23:00:00+00:00,2023-12-26 03:00:00+00:00,267.36,263.72,3.6399999999999864,False,BREAK_BEFORE_K1,0,0,,,False,,,BREAK_BEFORE_K1,2023-12-26 02:40:00+00:00,
60,01:00,5,2023-12-27,Wednesday,2023-12-26 18:00:00+00:00,2023-12-26 23:00:00+00:00,2023-12-26 23:00:00+00:00,2023-12-27 03:00:00+00:00,297.63,292.19,5.439999999999998,True,,1,0,2023-12-26 23:55:00+00:00,2023-12-27 00:00:00+00:00,True,2023-12-27 00:05:00+00:00,2023-12-27 00:10:00+00:00,H2_ARRIVAL,2023-12-27 00:25:00+00:00,20.0
60,01:00,5,2023-12-28,Thursday,2023-12-27 18:00:00+00:00,2023-12-27 23:00:00+00:00,2023-12-27 23:00:00+00:00,2023-12-28 03:00:00+00:00,317.1,309.58,7.520000000000039,False,BREAK_BEFORE_K1,0,0,,,False,,,BREAK_BEFORE_K1,2023-12-27 23:00:00+00:00,
60,01:00,5,2023-12-29,Friday,2023-12-28 18:00:00+00:00,2023-12-28 23:00:00+00:00,2023-12-28 23:00:00+00:00,2023-12-29 03:00:00+00:00,333.1,320.7,12.400000000000034,False,BREAK_BEFORE_K1,0,0,,,False,,,BREAK_BEFORE_K1,2023-12-29 00:30:00+00:00,
60,01:00,5,2023-12-30,Saturday,2023-12-29 18:00:00+00:00,2023-12-29 23:00:00+00:00,2023-12-29 23:00:00+00:00,2023-12-30 03:00:00+00:00,313.78,306.46,7.319999999999993,False,BREAK_BEFORE_K1,0,0,,,False,,,BREAK_BEFORE_K1,2023-12-30 00:15:00+00:00,
60,01:00,5,2023-12-31,Sunday,2023-12-30 18:00:00+00:00,2023-12-30 23:00:00+00:00,2023-12-30 23:00:00+00:00,2023-12-31 03:00:00+00:00,317.49,313.0,4.490000000000009,True,,1,0,2023-12-30 23:45:00+00:00,2023-12-30 23:50:00+00:00,True,2023-12-30 23:50:00+00:00,2023-12-30 23:55:00+00:00,H2_ARRIVAL,2023-12-31 00:05:00+00:00,15.0
60,01:00,5,2024-01-01,Monday,2023-12-31 18:00:00+00:00,2023-12-31 23:00:00+00:00,2023-12-31 23:00:00+00:00,2024-01-01 03:00:00+00:00,316.56,306.38,10.180000000000007,False,NO_K1,0,0,,,False,,,NO_K1,,
60,01:00,5,2024-01-02,Tuesday,2024-01-01 18:00:00+00:00,2024-01-01 23:00:00+00:00,2024-01-01 23:00:00+00:00,2024-01-02 03:00:00+00:00,313.5,310.55,2.9499999999999886,False,BREAK_BEFORE_K1,0,0,,,False,,,BREAK_BEFORE_K1,2024-01-01 23:25:00+00:00,
60,01:00,5,2024-01-03,Wednesday,2024-01-02 18:00:00+00:00,2024-01-02 23:00:00+00:00,2024-01-02 23:00:00+00:00,2024-01-03 03:00:00+00:00,312.16,308.18,3.980000000000018,False,BREAK_BEFORE_K1,0,0,,,False,,,BREAK_BEFORE_K1,2024-01-03 00:00:00+00:00,
60,01:00,5,2024-01-04,Thursday,2024-01-03 18:00:00+00:00,2024-01-03 23:00:00+00:00,2024-01-03 23:00:00+00:00,2024-01-04 03:00:00+00:00,318.5,310.0,8.5,False,NO_K1,0,0,,,False,,,NO_K1,,
60,01:00,5,2024-01-05,Friday,2024-01-04 18:00:00+00:00,2024-01-04 23:00:00+00:00,2024-01-04 23:00:00+00:00,2024-01-05 03:00:00+00:00,321.87,317.0,4.8700000000000045,True,,1,0,2024-01-04 23:00:00+00:00,2024-01-04 23:05:00+00:00,True,2024-01-04 23:10:00+00:00,2024-01-04 23:15:00+00:00,H2_ARRIVAL,2024-01-04 23:20:00+00:00,10.0
60,01:00,5,2024-01-06,Saturday,2024-01-05 18:00:00+00:00,2024-01-05 23:00:00+00:00,2024-01-05 23:00:00+00:00,2024-01-06 03:00:00+00:00,315.94,311.84,4.100000000000023,False,BREAK_BEFORE_K1,0,0,,,False,,,BREAK_BEFORE_K1,2024-01-05 23:00:00+00:00,
60,01:00,5,2024-01-07,Sunday,2024-01-06 18:00:00+00:00,2024-01-06 23:00:00+00:00,2024-01-06 23:00:00+00:00,2024-01-07 03:00:00+00:00,307.69,304.36,3.329999999999984,False,OPPOSITE_VISIT_BEFORE_K1,0,1,,,False,,,OPPOSITE_VISIT_BEFORE_K1,2024-01-06 23:15:00+00:00,
60,01:00,5,2024-01-08,Monday,2024-01-07 18:00:00+00:00,2024-01-07 23:00:00+00:00,2024-01-07 23:00:00+00:00,2024-01-08 03:00:00+00:00,306.53,299.2,7.329999999999984,False,BREAK_BEFORE_K1,0,0,,,False,,,BREAK_BEFORE_K1,2024-01-08 00:15:00+00:00,
60,01:00,5,2024-01-09,Tuesday,2024-01-08 18:00:00+00:00,2024-01-08 23:00:00+00:00,2024-01-08 23:00:00+00:00,2024-01-09 03:00:00+00:00,307.81,302.63,5.180000000000007,False,BREAK_BEFORE_K1,0,0,,,False,,,BREAK_BEFORE_K1,2024-01-09 00:30:00+00:00,
60,01:00,5,2024-01-10,Wednesday,2024-01-09 18:00:00+00:00,2024-01-09 23:00:00+00:00,2024-01-09 23:00:00+00:00,2024-01-10 03:00:00+00:00,302.74,295.85,6.889999999999986,True,,1,0,2024-01-10 00:25:00+00:00,2024-01-10 00:30:00+00:00,False,,,BREAK_DURING_K1,2024-01-10 00:30:00+00:00,
60,01:00,5,2024-01-11,Thursday,2024-01-10 18:00:00+00:00,2024-01-10 23:00:00+00:00,2024-01-10 23:00:00+00:00,2024-01-11 03:00:00+00:00,308.0,291.0,17.0,False,BREAK_BEFORE_K1,0,0,,,False,,,BREAK_BEFORE_K1,2024-01-10 23:10:00+00:00,
60,01:00,5,2024-01-12,Friday,2024-01-11 18:00:00+00:00,2024-01-11 23:00:00+00:00,2024-01-11 23:00:00+00:00,2024-01-12 03:00:00+00:00,310.32,305.94,4.3799999999999955,False,OPPOSITE_VISIT_BEFORE_K1,0,1,,,False,,,OPPOSITE_VISIT_BEFORE_K1,2024-01-12 01:25:00+00:00,
60,01:00,5,2024-01-13,Saturday,2024-01-12 18:00:00+00:00,2024-01-12 23:00:00+00:00,2024-01-12 23:00:00+00:00,2024-01-13 03:00:00+00:00,302.55,288.48,14.069999999999993,False,NO_K1,0,0,,,False,,,NO_K1,,
60,01:00,5,2024-01-14,Sunday,2024-01-13 18:00:00+00:00,2024-01-13 23:00:00+00:00,2024-01-13 23:00:00+00:00,2024-01-14 03:00:00+00:00,303.27,301.28,1.990000000000009,False,BREAK_BEFORE_K1,0,0,,,False,,,BREAK_BEFORE_K1,2024-01-14 00:25:00+00:00,
60,01:00,5,2024-01-15,Monday,2024-01-14 18:00:00+00:00,2024-01-14 23:00:00+00:00,2024-01-14 23:00:00+00:00,2024-01-15 03:00:00+00:00,306.77,301.48,5.289999999999964,False,OPPOSITE_VISIT_BEFORE_K1,0,1,,,False,,,OPPOSITE_VISIT_BEFORE_K1,2024-01-14 23:15:00+00:00,
60,01:00,5,2024-01-16,Tuesday,2024-01-15 18:00:00+00:00,2024-01-15 23:00:00+00:00,2024-01-15 23:00:00+00:00,2024-01-16 03:00:00+00:00,318.68,311.69,6.990000000000009,False,NO_K1,0,0,,,False,,,NO_K1,,
60,01:00,5,2024-01-17,Wednesday,2024-01-16 18:00:00+00:00,2024-01-16 23:00:00+00:00,2024-01-16 23:00:00+00:00,2024-01-17 03:00:00+00:00,316.99,312.83,4.160000000000025,False,NO_K1,0,0,,,False,,,NO_K1,,
60,01:00,5,2024-01-18,Thursday,2024-01-17 18:00:00+00:00,2024-01-17 23:00:00+00:00,2024-01-17 23:00:00+00:00,2024-01-18 03:00:00+00:00,310.5,306.17,4.329999999999984,False,OPPOSITE_VISIT_BEFORE_K1,0,1,,,False,,,OPPOSITE_VISIT_BEFORE_K1,2024-01-18 01:30:00+00:00,
60,01:00,5,2024-01-19,Friday,2024-01-18 18:00:00+00:00,2024-01-18 23:00:00+00:00,2024-01-18 23:00:00+00:00,2024-01-19 03:00:00+00:00,312.38,307.35,5.029999999999973,False,BREAK_BEFORE_K1,0,0,,,False,,,BREAK_BEFORE_K1,2024-01-18 23:10:00+00:00,
60,01:00,5,2024-01-20,Saturday,2024-01-19 18:00:00+00:00,2024-01-19 23:00:00+00:00,2024-01-19 23:00:00+00:00,2024-01-20 03:00:00+00:00,313.84,309.76,4.079999999999984,False,BREAK_BEFORE_K1,0,0,,,False,,,BREAK_BEFORE_K1,2024-01-19 23:40:00+00:00,
60,01:00,5,2024-01-21,Sunday,2024-01-20 18:00:00+00:00,2024-01-20 23:00:00+00:00,2024-01-20 23:00:00+00:00,2024-01-21 03:00:00+00:00,316.9,313.66,3.2399999999999523,True,,1,0,2024-01-20 23:15:00+00:00,2024-01-20 23:20:00+00:00,True,2024-01-20 23:30:00+00:00,2024-01-20 23:35:00+00:00,H2_ARRIVAL,2024-01-20 23:55:00+00:00,25.0
60,01:00,5,2024-01-22,Monday,2024-01-21 18:00:00+00:00,2024-01-21 23:00:00+00:00,2024-01-21 23:00:00+00:00,2024-01-22 03:00:00+00:00,321.58,318.5,3.079999999999984,False,BREAK_BEFORE_K1,0,0,,,False,,,BREAK_BEFORE_K1,2024-01-21 23:15:00+00:00,
60,01:00,5,2024-01-23,Tuesday,2024-01-22 18:00:00+00:00,2024-01-22 23:00:00+00:00,2024-01-22 23:00:00+00:00,2024-01-23 03:00:00+00:00,312.19,303.3,8.889999999999986,False,NO_K1,0,0,,,False,,,NO_K1,,
60,01:00,5,2024-01-24,Wednesday,2024-01-23 18:00:00+00:00,2024-01-23 23:00:00+00:00,2024-01-23 23:00:00+00:00,2024-01-24 03:00:00+00:00,298.8,291.99,6.810000000000002,True,,1,0,2024-01-24 00:00:00+00:00,2024-01-24 00:05:00+00:00,True,2024-01-24 00:05:00+00:00,2024-01-24 00:10:00+00:00,H2_ARRIVAL,2024-01-24 00:30:00+00:00,25.0
60,01:00,5,2024-01-25,Thursday,2024-01-24 18:00:00+00:00,2024-01-24 23:00:00+00:00,2024-01-24 23:00:00+00:00,2024-01-25 03:00:00+00:00,293.3,289.94,3.3600000000000136,False,BREAK_BEFORE_K1,0,0,,,False,,,BREAK_BEFORE_K1,2024-01-24 23:05:00+00:00,
60,01:00,5,2024-01-26,Friday,2024-01-25 18:00:00+00:00,2024-01-25 23:00:00+00:00,2024-01-25 23:00:00+00:00,2024-01-26 03:00:00+00:00,292.95,290.37,2.579999999999984,False,BREAK_BEFORE_K1,0,0,,,False,,,BREAK_BEFORE_K1,2024-01-26 01:25:00+00:00,
60,01:00,5,2024-01-27,Saturday,2024-01-26 18:00:00+00:00,2024-01-26 23:00:00+00:00,2024-01-26 23:00:00+00:00,2024-01-27 03:00:00+00:00,302.91,301.13,1.7800000000000296,False,BREAK_BEFORE_K1,0,0,,,False,,,BREAK_BEFORE_K1,2024-01-27 00:25:00+00:00,
60,01:00,5,2024-01-28,Sunday,2024-01-27 18:00:00+00:00,2024-01-27 23:00:00+00:00,2024-01-27 23:00:00+00:00,2024-01-28 03:00:00+00:00,306.66,303.87,2.7900000000000205,False,NO_K1,0,0,,,False,,,NO_K1,,
60,01:00,5,2024-01-29,Monday,2024-01-28 18:00:00+00:00,2024-01-28 23:00:00+00:00,2024-01-28 23:00:00+00:00,2024-01-29 03:00:00+00:00,305.9,303.11,2.7899999999999636,True,,1,0,2024-01-29 00:35:00+00:00,2024-01-29 00:40:00+00:00,True,2024-01-29 00:40:00+00:00,2024-01-29 00:45:00+00:00,H2_ARRIVAL,2024-01-29 01:05:00+00:00,25.0
60,01:00,5,2024-01-30,Tuesday,2024-01-29 18:00:00+00:00,2024-01-29 23:00:00+00:00,2024-01-29 23:00:00+00:00,2024-01-30 03:00:00+00:00,310.71,309.11,1.599999999999966,True,,1,0,2024-01-29 23:35:00+00:00,2024-01-29 23:40:00+00:00,True,2024-01-29 23:40:00+00:00,2024-01-29 23:45:00+00:00,H2_ARRIVAL,2024-01-29 23:50:00+00:00,10.0
60,01:00,5,2024-01-31,Wednesday,2024-01-30 18:00:00+00:00,2024-01-30 23:00:00+00:00,2024-01-30 23:00:00+00:00,2024-01-31 03:00:00+00:00,310.92,309.04,1.8799999999999955,False,BREAK_BEFORE_K1,0,0,,,False,,,BREAK_BEFORE_K1,2024-01-30 23:20:00+00:00,
60,01:00,5,2024-02-01,Thursday,2024-01-31 18:00:00+00:00,2024-01-31 23:00:00+00:00,2024-01-31 23:00:00+00:00,2024-02-01 03:00:00+00:00,305.74,298.46,7.28000000000003,False,BREAK_BEFORE_K1,0,0,,,False,,,BREAK_BEFORE_K1,2024-02-01 01:15:00+00:00,
60,01:00,5,2024-02-02,Friday,2024-02-01 18:00:00+00:00,2024-02-01 23:00:00+00:00,2024-02-01 23:00:00+00:00,2024-02-02 03:00:00+00:00,301.2,299.34,1.8600000000000136,False,OPPOSITE_VISIT_BEFORE_K1,0,1,,,False,,,OPPOSITE_VISIT_BEFORE_K1,2024-02-01 23:05:00+00:00,
60,01:00,5,2024-02-03,Saturday,2024-02-02 18:00:00+00:00,2024-02-02 23:00:00+00:00,2024-02-02 23:00:00+00:00,2024-02-03 03:00:00+00:00,301.53,300.02,1.509999999999991,True,,1,0,2024-02-02 23:00:00+00:00,2024-02-02 23:05:00+00:00,True,2024-02-02 23:05:00+00:00,2024-02-02 23:10:00+00:00,H2_ARRIVAL,2024-02-03 00:15:00+00:00,70.0
60,01:00,5,2024-02-04,Sunday,2024-02-03 18:00:00+00:00,2024-02-03 23:00:00+00:00,2024-02-03 23:00:00+00:00,2024-02-04 03:00:00+00:00,301.51,299.76,1.75,False,OPPOSITE_VISIT_BEFORE_K1,0,1,,,False,,,OPPOSITE_VISIT_BEFORE_K1,2024-02-03 23:15:00+00:00,
60,01:00,5,2024-02-05,Monday,2024-02-04 18:00:00+00:00,2024-02-04 23:00:00+00:00,2024-02-04 23:00:00+00:00,2024-02-05 03:00:00+00:00,307.8,303.96,3.840000000000032,False,BREAK_BEFORE_K1,0,0,,,False,,,BREAK_BEFORE_K1,2024-02-05 01:05:00+00:00,
60,01:00,5,2024-02-06,Tuesday,2024-02-05 18:00:00+00:00,2024-02-05 23:00:00+00:00,2024-02-05 23:00:00+00:00,2024-02-06 03:00:00+00:00,301.91,299.34,2.57000000000005,True,,1,0,2024-02-06 01:25:00+00:00,2024-02-06 01:30:00+00:00,True,2024-02-06 01:30:00+00:00,2024-02-06 01:35:00+00:00,H2_ARRIVAL,2024-02-06 01:45:00+00:00,15.0
60,01:00,5,2024-02-07,Wednesday,2024-02-06 18:00:00+00:00,2024-02-06 23:00:00+00:00,2024-02-06 23:00:00+00:00,2024-02-07 03:00:00+00:00,303.62,302.16,1.4599999999999795,False,OPPOSITE_VISIT_BEFORE_K1,0,1,,,False,,,OPPOSITE_VISIT_BEFORE_K1,2024-02-07 01:00:00+00:00,
60,01:00,5,2024-02-08,Thursday,2024-02-07 18:00:00+00:00,2024-02-07 23:00:00+00:00,2024-02-07 23:00:00+00:00,2024-02-08 03:00:00+00:00,308.79,306.17,2.6200000000000045,True,,1,0,2024-02-08 00:25:00+00:00,2024-02-08 00:30:00+00:00,False,,,BREAK_DURING_K1,2024-02-08 00:30:00+00:00,
60,01:00,5,2024-02-09,Friday,2024-02-08 18:00:00+00:00,2024-02-08 23:00:00+00:00,2024-02-08 23:00:00+00:00,2024-02-09 03:00:00+00:00,318.87,315.78,3.090000000000032,False,BREAK_BEFORE_K1,0,0,,,False,,,BREAK_BEFORE_K1,2024-02-08 23:00:00+00:00,
60,01:00,5,2024-02-10,Saturday,2024-02-09 18:00:00+00:00,2024-02-09 23:00:00+00:00,2024-02-09 23:00:00+00:00,2024-02-10 03:00:00+00:00,324.8,321.21,3.590000000000032,False,NO_K1,0,0,,,False,,,NO_K1,,
60,01:00,5,2024-02-11,Sunday,2024-02-10 18:00:00+00:00,2024-02-10 23:00:00+00:00,2024-02-10 23:00:00+00:00,2024-02-11 03:00:00+00:00,323.4,320.43,2.9699999999999704,True,,1,0,2024-02-10 23:00:00+00:00,2024-02-10 23:05:00+00:00,True,2024-02-10 23:05:00+00:00,2024-02-10 23:10:00+00:00,NO_H2_BY_END,,
60,01:00,5,2024-02-12,Monday,2024-02-11 18:00:00+00:00,2024-02-11 23:00:00+00:00,2024-02-11 23:00:00+00:00,2024-02-12 03:00:00+00:00,321.86,319.61,2.25,False,OPPOSITE_VISIT_BEFORE_K1,0,1,,,False,,,OPPOSITE_VISIT_BEFORE_K1,2024-02-12 02:20:00+00:00,
60,01:00,5,2024-02-13,Tuesday,2024-02-12 18:00:00+00:00,2024-02-12 23:00:00+00:00,2024-02-12 23:00:00+00:00,2024-02-13 03:00:00+00:00,330.54,323.14,7.400000000000034,False,NO_K1,0,0,,,False,,,NO_K1,,
60,01:00,5,2024-02-14,Wednesday,2024-02-13 18:00:00+00:00,2024-02-13 23:00:00+00:00,2024-02-13 23:00:00+00:00,2024-02-14 03:00:00+00:00,324.37,321.92,2.4499999999999886,True,,1,0,2024-02-13 23:05:00+00:00,2024-02-13 23:10:00+00:00,True,2024-02-13 23:10:00+00:00,2024-02-13 23:15:00+00:00,H2_ARRIVAL,2024-02-13 23:20:00+00:00,10.0
60,01:00,5,2024-02-15,Thursday,2024-02-14 18:00:00+00:00,2024-02-14 23:00:00+00:00,2024-02-14 23:00:00+00:00,2024-02-15 03:00:00+00:00,334.33,330.26,4.069999999999993,True,,1,0,2024-02-15 00:20:00+00:00,2024-02-15 00:25:00+00:00,False,,,BREAK_DURING_K1,2024-02-15 00:25:00+00:00,
60,01:00,5,2024-02-16,Friday,2024-02-15 18:00:00+00:00,2024-02-15 23:00:00+00:00,2024-02-15 23:00:00+00:00,2024-02-16 03:00:00+00:00,356.2,348.91,7.289999999999964,False,BREAK_BEFORE_K1,0,0,,,False,,,BREAK_BEFORE_K1,2024-02-16 01:35:00+00:00,
60,01:00,5,2024-02-17,Saturday,2024-02-16 18:00:00+00:00,2024-02-16 23:00:00+00:00,2024-02-16 23:00:00+00:00,2024-02-17 03:00:00+00:00,359.47,353.2,6.270000000000039,True,,1,0,2024-02-16 23:00:00+00:00,2024-02-16 23:05:00+00:00,True,2024-02-16 23:05:00+00:00,2024-02-16 23:10:00+00:00,H2_ARRIVAL,2024-02-16 23:10:00+00:00,5.0
60,01:00,5,2024-02-18,Sunday,2024-02-17 18:00:00+00:00,2024-02-17 23:00:00+00:00,2024-02-17 23:00:00+00:00,2024-02-18 03:00:00+00:00,354.55,351.5,3.0500000000000114,False,OPPOSITE_VISIT_BEFORE_K1,0,1,,,False,,,OPPOSITE_VISIT_BEFORE_K1,2024-02-18 00:05:00+00:00,
60,01:00,5,2024-02-19,Monday,2024-02-18 18:00:00+00:00,2024-02-18 23:00:00+00:00,2024-02-18 23:00:00+00:00,2024-02-19 03:00:00+00:00,353.5,349.32,4.180000000000007,True,,1,0,2024-02-18 23:05:00+00:00,2024-02-18 23:10:00+00:00,True,2024-02-18 23:10:00+00:00,2024-02-18 23:15:00+00:00,H2_ARRIVAL,2024-02-19 00:20:00+00:00,70.0
60,01:00,5,2024-02-20,Tuesday,2024-02-19 18:00:00+00:00,2024-02-19 23:00:00+00:00,2024-02-19 23:00:00+00:00,2024-02-20 03:00:00+00:00,355.0,351.78,3.2200000000000273,False,BREAK_BEFORE_K1,0,0,,,False,,,BREAK_BEFORE_K1,2024-02-19 23:45:00+00:00,
60,01:00,5,2024-02-21,Wednesday,2024-02-20 18:00:00+00:00,2024-02-20 23:00:00+00:00,2024-02-20 23:00:00+00:00,2024-02-21 03:00:00+00:00,355.28,348.38,6.899999999999977,False,BREAK_BEFORE_K1,0,0,,,False,,,BREAK_BEFORE_K1,2024-02-20 23:00:00+00:00,
60,01:00,5,2024-02-22,Thursday,2024-02-21 18:00:00+00:00,2024-02-21 23:00:00+00:00,2024-02-21 23:00:00+00:00,2024-02-22 03:00:00+00:00,376.0,363.85,12.149999999999977,False,BREAK_BEFORE_K1,0,0,,,False,,,BREAK_BEFORE_K1,2024-02-21 23:30:00+00:00,
60,01:00,5,2024-02-23,Friday,2024-02-22 18:00:00+00:00,2024-02-22 23:00:00+00:00,2024-02-22 23:00:00+00:00,2024-02-23 03:00:00+00:00,387.21,379.4,7.810000000000002,False,OPPOSITE_VISIT_BEFORE_K1,0,1,,,False,,,OPPOSITE_VISIT_BEFORE_K1,2024-02-23 02:55:00+00:00,
60,01:00,5,2024-02-24,Saturday,2024-02-23 18:00:00+00:00,2024-02-23 23:00:00+00:00,2024-02-23 23:00:00+00:00,2024-02-24 03:00:00+00:00,377.72,373.01,4.710000000000036,False,OPPOSITE_VISIT_BEFORE_K1,0,1,,,False,,,OPPOSITE_VISIT_BEFORE_K1,2024-02-23 23:05:00+00:00,
60,01:00,5,2024-02-25,Sunday,2024-02-24 18:00:00+00:00,2024-02-24 23:00:00+00:00,2024-02-24 23:00:00+00:00,2024-02-25 03:00:00+00:00,382.77,380.91,1.8599999999999568,False,BREAK_BEFORE_K1,0,0,,,False,,,BREAK_BEFORE_K1,2024-02-25 00:15:00+00:00,
60,01:00,5,2024-02-26,Monday,2024-02-25 18:00:00+00:00,2024-02-25 23:00:00+00:00,2024-02-25 23:00:00+00:00,2024-02-26 03:00:00+00:00,391.03,385.47,5.559999999999945,False,BREAK_BEFORE_K1,0,0,,,False,,,BREAK_BEFORE_K1,2024-02-26 01:40:00+00:00,
60,01:00,5,2024-02-27,Tuesday,2024-02-26 18:00:00+00:00,2024-02-26 23:00:00+00:00,2024-02-26 23:00:00+00:00,2024-02-27 03:00:00+00:00,405.0,394.97,10.029999999999973,False,NO_K1,0,0,,,False,,,NO_K1,,
60,01:00,5,2024-02-28,Wednesday,2024-02-27 18:00:00+00:00,2024-02-27 23:00:00+00:00,2024-02-27 23:00:00+00:00,2024-02-28 03:00:00+00:00,396.4,392.01,4.389999999999986,False,BREAK_BEFORE_K1,0,0,,,False,,,BREAK_BEFORE_K1,2024-02-28 02:25:00+00:00,
60,01:00,5,2024-02-29,Thursday,2024-02-28 18:00:00+00:00,2024-02-28 23:00:00+00:00,2024-02-28 23:00:00+00:00,2024-02-29 03:00:00+00:00,413.47,399.65,13.82000000000005,False,BREAK_BEFORE_K1,0,0,,,False,,,BREAK_BEFORE_K1,2024-02-28 23:10:00+00:00,
60,01:00,5,2024-03-01,Friday,2024-02-29 18:00:00+00:00,2024-02-29 23:00:00+00:00,2024-02-29 23:00:00+00:00,2024-03-01 03:00:00+00:00,407.53,390.93,16.599999999999966,False,NO_K1,0,0,,,False,,,NO_K1,,
60,01:00,5,2024-03-02,Saturday,2024-03-01 18:00:00+00:00,2024-03-01 23:00:00+00:00,2024-03-01 23:00:00+00:00,2024-03-02 03:00:00+00:00,408.33,405.32,3.009999999999991,False,BREAK_BEFORE_K1,0,0,,,False,,,BREAK_BEFORE_K1,2024-03-01 23:10:00+00:00,
60,01:00,5,2024-03-03,Sunday,2024-03-02 18:00:00+00:00,2024-03-02 23:00:00+00:00,2024-03-02 23:00:00+00:00,2024-03-03 03:00:00+00:00,410.24,407.44,2.8000000000000114,False,BREAK_BEFORE_K1,0,0,,,False,,,BREAK_BEFORE_K1,2024-03-02 23:05:00+00:00,
60,01:00,5,2024-03-04,Monday,2024-03-03 18:00:00+00:00,2024-03-03 23:00:00+00:00,2024-03-03 23:00:00+00:00,2024-03-04 03:00:00+00:00,417.19,413.23,3.9599999999999795,False,BREAK_BEFORE_K1,0,0,,,False,,,BREAK_BEFORE_K1,2024-03-04 00:30:00+00:00,
60,01:00,5,2024-03-05,Tuesday,2024-03-04 18:00:00+00:00,2024-03-04 23:00:00+00:00,2024-03-04 23:00:00+00:00,2024-03-05 03:00:00+00:00,420.2,410.77,9.430000000000007,False,BREAK_BEFORE_K1,0,0,,,False,,,BREAK_BEFORE_K1,2024-03-04 23:05:00+00:00,
60,01:00,5,2024-03-06,Wednesday,2024-03-05 18:00:00+00:00,2024-03-05 23:00:00+00:00,2024-03-05 23:00:00+00:00,2024-03-06 03:00:00+00:00,408.12,352.01,56.110000000000014,False,NO_K1,0,0,,,False,,,NO_K1,,
60,01:00,5,2024-03-07,Thursday,2024-03-06 18:00:00+00:00,2024-03-06 23:00:00+00:00,2024-03-06 23:00:00+00:00,2024-03-07 03:00:00+00:00,429.72,422.0,7.720000000000027,True,,1,0,2024-03-06 23:55:00+00:00,2024-03-07 00:00:00+00:00,False,,,BREAK_DURING_K1,2024-03-07 00:00:00+00:00,
60,01:00,5,2024-03-08,Friday,2024-03-07 18:00:00+00:00,2024-03-07 23:00:00+00:00,2024-03-07 23:00:00+00:00,2024-03-08 03:00:00+00:00,473.99,455.86,18.129999999999995,False,BREAK_BEFORE_K1,0,0,,,False,,,BREAK_BEFORE_K1,2024-03-07 23:10:00+00:00,
60,01:00,5,2024-03-09,Saturday,2024-03-08 18:00:00+00:00,2024-03-08 23:00:00+00:00,2024-03-08 23:00:00+00:00,2024-03-09 03:00:00+00:00,486.99,477.87,9.120000000000005,True,,1,0,2024-03-08 23:55:00+00:00,2024-03-09 00:00:00+00:00,False,,,BREAK_DURING_K1,2024-03-09 00:00:00+00:00,
60,01:00,5,2024-03-10,Sunday,2024-03-09 18:00:00+00:00,2024-03-09 23:00:00+00:00,2024-03-09 23:00:00+00:00,2024-03-10 03:00:00+00:00,488.03,481.13,6.899999999999977,False,BREAK_BEFORE_K1,0,0,,,False,,,BREAK_BEFORE_K1,2024-03-09 23:05:00+00:00,
60,01:00,5,2024-03-11,Monday,2024-03-10 18:00:00+00:00,2024-03-10 23:00:00+00:00,2024-03-10 23:00:00+00:00,2024-03-11 03:00:00+00:00,532.4,516.71,15.68999999999994,False,BREAK_BEFORE_K1,0,0,,,False,,,BREAK_BEFORE_K1,2024-03-11 00:50:00+00:00,
60,01:00,5,2024-03-12,Tuesday,2024-03-11 18:00:00+00:00,2024-03-11 23:00:00+00:00,2024-03-11 23:00:00+00:00,2024-03-12 03:00:00+00:00,523.33,517.24,6.090000000000032,False,BREAK_BEFORE_K1,0,0,,,False,,,BREAK_BEFORE_K1,2024-03-11 23:35:00+00:00,
60,01:00,5,2024-03-13,Wednesday,2024-03-12 18:00:00+00:00,2024-03-12 23:00:00+00:00,2024-03-12 23:00:00+00:00,2024-03-13 03:00:00+00:00,546.32,532.65,13.670000000000073,False,OPPOSITE_VISIT_BEFORE_K1,0,1,,,False,,,OPPOSITE_VISIT_BEFORE_K1,2024-03-13 01:00:00+00:00,
60,01:00,5,2024-03-14,Thursday,2024-03-13 18:00:00+00:00,2024-03-13 23:00:00+00:00,2024-03-13 23:00:00+00:00,2024-03-14 03:00:00+00:00,618.86,589.55,29.31000000000006,False,BREAK_BEFORE_K1,0,0,,,False,,,BREAK_BEFORE_K1,2024-03-13 23:05:00+00:00,
60,01:00,5,2024-03-15,Friday,2024-03-14 18:00:00+00:00,2024-03-14 23:00:00+00:00,2024-03-14 23:00:00+00:00,2024-03-15 03:00:00+00:00,609.72,565.55,44.17000000000007,True,,1,0,2024-03-15 00:20:00+00:00,2024-03-15 00:25:00+00:00,False,,,BREAK_DURING_K1,2024-03-15 00:30:00+00:00,
60,01:00,5,2024-03-16,Saturday,2024-03-15 18:00:00+00:00,2024-03-15 23:00:00+00:00,2024-03-15 23:00:00+00:00,2024-03-16 03:00:00+00:00,614.93,582.1,32.82999999999993,False,BREAK_BEFORE_K1,0,0,,,False,,,BREAK_BEFORE_K1,2024-03-15 23:20:00+00:00,
60,01:00,5,2024-03-17,Sunday,2024-03-16 18:00:00+00:00,2024-03-16 23:00:00+00:00,2024-03-16 23:00:00+00:00,2024-03-17 03:00:00+00:00,592.24,579.12,13.120000000000005,False,BREAK_BEFORE_K1,0,0,,,False,,,BREAK_BEFORE_K1,2024-03-16 23:10:00+00:00,
60,01:00,5,2024-03-18,Monday,2024-03-17 18:00:00+00:00,2024-03-17 23:00:00+00:00,2024-03-17 23:00:00+00:00,2024-03-18 03:00:00+00:00,585.25,572.59,12.659999999999968,False,BREAK_BEFORE_K1,0,0,,,False,,,BREAK_BEFORE_K1,2024-03-17 23:05:00+00:00,
60,01:00,5,2024-03-19,Tuesday,2024-03-18 18:00:00+00:00,2024-03-18 23:00:00+00:00,2024-03-18 23:00:00+00:00,2024-03-19 03:00:00+00:00,557.99,545.39,12.600000000000023,False,BREAK_BEFORE_K1,0,0,,,False,,,BREAK_BEFORE_K1,2024-03-18 23:20:00+00:00,
60,01:00,5,2024-03-20,Wednesday,2024-03-19 18:00:00+00:00,2024-03-19 23:00:00+00:00,2024-03-19 23:00:00+00:00,2024-03-20 03:00:00+00:00,536.78,507.04,29.739999999999952,False,BREAK_BEFORE_K1,0,0,,,False,,,BREAK_BEFORE_K1,2024-03-19 23:00:00+00:00,
60,01:00,5,2024-03-21,Thursday,2024-03-20 18:00:00+00:00,2024-03-20 23:00:00+00:00,2024-03-20 23:00:00+00:00,2024-03-21 03:00:00+00:00,559.47,524.96,34.50999999999999,False,BREAK_BEFORE_K1,0,0,,,False,,,BREAK_BEFORE_K1,2024-03-21 02:40:00+00:00,
60,01:00,5,2024-03-22,Friday,2024-03-21 18:00:00+00:00,2024-03-21 23:00:00+00:00,2024-03-21 23:00:00+00:00,2024-03-22 03:00:00+00:00,558.75,544.51,14.240000000000009,False,BREAK_BEFORE_K1,0,0,,,False,,,BREAK_BEFORE_K1,2024-03-22 00:15:00+00:00,
60,01:00,5,2024-03-23,Saturday,2024-03-22 18:00:00+00:00,2024-03-22 23:00:00+00:00,2024-03-22 23:00:00+00:00,2024-03-23 03:00:00+00:00,552.8,534.5,18.299999999999955,False,BREAK_BEFORE_K1,0,0,,,False,,,BREAK_BEFORE_K1,2024-03-22 23:55:00+00:00,
60,01:00,5,2024-03-24,Sunday,2024-03-23 18:00:00+00:00,2024-03-23 23:00:00+00:00,2024-03-23 23:00:00+00:00,2024-03-24 03:00:00+00:00,563.55,558.17,5.3799999999999955,False,OPPOSITE_VISIT_BEFORE_K1,0,1,,,False,,,OPPOSITE_VISIT_BEFORE_K1,2024-03-23 23:00:00+00:00,
60,01:00,5,2024-03-25,Monday,2024-03-24 18:00:00+00:00,2024-03-24 23:00:00+00:00,2024-03-24 23:00:00+00:00,2024-03-25 03:00:00+00:00,571.49,560.35,11.139999999999986,False,BREAK_BEFORE_K1,0,0,,,False,,,BREAK_BEFORE_K1,2024-03-24 23:05:00+00:00,
60,01:00,5,2024-03-26,Tuesday,2024-03-25 18:00:00+00:00,2024-03-25 23:00:00+00:00,2024-03-25 23:00:00+00:00,2024-03-26 03:00:00+00:00,596.41,585.06,11.350000000000023,False,NO_K1,0,0,,,False,,,NO_K1,,
60,01:00,5,2024-03-27,Wednesday,2024-03-26 18:00:00+00:00,2024-03-26 23:00:00+00:00,2024-03-26 23:00:00+00:00,2024-03-27 03:00:00+00:00,581.16,573.54,7.6200000000000045,False,BREAK_BEFORE_K1,0,0,,,False,,,BREAK_BEFORE_K1,2024-03-26 23:05:00+00:00,
60,01:00,5,2024-03-28,Thursday,2024-03-27 18:00:00+00:00,2024-03-27 23:00:00+00:00,2024-03-27 23:00:00+00:00,2024-03-28 03:00:00+00:00,576.57,566.2,10.370000000000005,False,BREAK_BEFORE_K1,0,0,,,False,,,BREAK_BEFORE_K1,2024-03-28 00:05:00+00:00,
60,01:00,5,2024-03-29,Friday,2024-03-28 18:00:00+00:00,2024-03-28 23:00:00+00:00,2024-03-28 23:00:00+00:00,2024-03-29 03:00:00+00:00,585.91,580.03,5.8799999999999955,True,,1,0,2024-03-28 23:00:00+00:00,2024-03-28 23:05:00+00:00,False,,,BREAK_DURING_K1,2024-03-28 23:10:00+00:00,
60,01:00,5,2024-03-30,Saturday,2024-03-29 18:00:00+00:00,2024-03-29 23:00:00+00:00,2024-03-29 23:00:00+00:00,2024-03-30 03:00:00+00:00,618.41,609.39,9.019999999999982,False,OPPOSITE_VISIT_BEFORE_K1,0,1,,,False,,,OPPOSITE_VISIT_BEFORE_K1,2024-03-30 00:00:00+00:00,
60,01:00,5,2024-03-31,Sunday,2024-03-30 18:00:00+00:00,2024-03-30 23:00:00+00:00,2024-03-30 23:00:00+00:00,2024-03-31 03:00:00+00:00,609.07,601.58,7.490000000000009,False,BREAK_BEFORE_K1,0,0,,,False,,,BREAK_BEFORE_K1,2024-03-30 23:25:00+00:00,
60,01:00,5,2024-04-01,Monday,2024-03-31 18:00:00+00:00,2024-03-31 23:00:00+00:00,2024-03-31 23:00:00+00:00,2024-04-01 03:00:00+00:00,608.12,602.53,5.590000000000032,False,BREAK_BEFORE_K1,0,0,,,False,,,BREAK_BEFORE_K1,2024-04-01 02:05:00+00:00,
60,01:00,5,2024-04-02,Tuesday,2024-04-01 18:00:00+00:00,2024-04-01 23:00:00+00:00,2024-04-01 23:00:00+00:00,2024-04-02 03:00:00+00:00,581.79,569.76,12.029999999999973,False,BREAK_BEFORE_K1,0,0,,,False,,,BREAK_BEFORE_K1,2024-04-02 02:30:00+00:00,
60,01:00,5,2024-04-03,Wednesday,2024-04-02 18:00:00+00:00,2024-04-02 23:00:00+00:00,2024-04-02 23:00:00+00:00,2024-04-03 03:00:00+00:00,560.42,553.72,6.699999999999932,False,BREAK_BEFORE_K1,0,0,,,False,,,BREAK_BEFORE_K1,2024-04-02 23:30:00+00:00,
60,01:00,5,2024-04-04,Thursday,2024-04-03 18:00:00+00:00,2024-04-03 23:00:00+00:00,2024-04-03 23:00:00+00:00,2024-04-04 03:00:00+00:00,564.46,551.12,13.340000000000032,False,BREAK_BEFORE_K1,0,0,,,False,,,BREAK_BEFORE_K1,2024-04-03 23:00:00+00:00,
60,01:00,5,2024-04-05,Friday,2024-04-04 18:00:00+00:00,2024-04-04 23:00:00+00:00,2024-04-04 23:00:00+00:00,2024-04-05 03:00:00+00:00,597.19,578.9,18.290000000000077,False,BREAK_BEFORE_K1,0,0,,,False,,,BREAK_BEFORE_K1,2024-04-05 02:20:00+00:00,
60,01:00,5,2024-04-06,Saturday,2024-04-05 18:00:00+00:00,2024-04-05 23:00:00+00:00,2024-04-05 23:00:00+00:00,2024-04-06 03:00:00+00:00,583.78,576.65,7.1299999999999955,False,BREAK_BEFORE_K1,0,0,,,False,,,BREAK_BEFORE_K1,2024-04-06 00:00:00+00:00,
60,01:00,5,2024-04-07,Sunday,2024-04-06 18:00:00+00:00,2024-04-06 23:00:00+00:00,2024-04-06 23:00:00+00:00,2024-04-07 03:00:00+00:00,587.95,582.32,5.6299999999999955,False,BREAK_BEFORE_K1,0,0,,,False,,,BREAK_BEFORE_K1,2024-04-06 23:00:00+00:00,
60,01:00,5,2024-04-08,Monday,2024-04-07 18:00:00+00:00,2024-04-07 23:00:00+00:00,2024-04-07 23:00:00+00:00,2024-04-08 03:00:00+00:00,582.84,577.44,5.399999999999977,False,BREAK_BEFORE_K1,0,0,,,False,,,BREAK_BEFORE_K1,2024-04-07 23:10:00+00:00,
60,01:00,5,2024-04-09,Tuesday,2024-04-08 18:00:00+00:00,2024-04-08 23:00:00+00:00,2024-04-08 23:00:00+00:00,2024-04-09 03:00:00+00:00,591.32,587.8,3.5200000000000955,False,OPPOSITE_VISIT_BEFORE_K1,0,1,,,False,,,OPPOSITE_VISIT_BEFORE_K1,2024-04-08 23:40:00+00:00,
60,01:00,5,2024-04-10,Wednesday,2024-04-09 18:00:00+00:00,2024-04-09 23:00:00+00:00,2024-04-09 23:00:00+00:00,2024-04-10 03:00:00+00:00,583.83,577.96,5.8700000000000045,False,BREAK_BEFORE_K1,0,0,,,False,,,BREAK_BEFORE_K1,2024-04-10 01:20:00+00:00,
60,01:00,5,2024-04-11,Thursday,2024-04-10 18:00:00+00:00,2024-04-10 23:00:00+00:00,2024-04-10 23:00:00+00:00,2024-04-11 03:00:00+00:00,610.0,599.62,10.379999999999995,True,,1,0,2024-04-10 23:30:00+00:00,2024-04-10 23:35:00+00:00,False,,,BREAK_DURING_K1,2024-04-10 23:35:00+00:00,
60,01:00,5,2024-04-12,Friday,2024-04-11 18:00:00+00:00,2024-04-11 23:00:00+00:00,2024-04-11 23:00:00+00:00,2024-04-12 03:00:00+00:00,607.73,602.11,5.6200000000000045,False,BREAK_BEFORE_K1,0,0,,,False,,,BREAK_BEFORE_K1,2024-04-12 00:40:00+00:00,
60,01:00,5,2024-04-13,Saturday,2024-04-12 18:00:00+00:00,2024-04-12 23:00:00+00:00,2024-04-12 23:00:00+00:00,2024-04-13 03:00:00+00:00,604.06,563.33,40.729999999999905,False,NO_K1,0,0,,,False,,,NO_K1,,
60,01:00,5,2024-04-14,Sunday,2024-04-13 18:00:00+00:00,2024-04-13 23:00:00+00:00,2024-04-13 23:00:00+00:00,2024-04-14 03:00:00+00:00,582.66,489.0,93.65999999999997,False,NO_K1,0,0,,,False,,,NO_K1,,
60,01:00,5,2024-04-15,Monday,2024-04-14 18:00:00+00:00,2024-04-14 23:00:00+00:00,2024-04-14 23:00:00+00:00,2024-04-15 03:00:00+00:00,566.76,544.23,22.529999999999973,True,,1,0,2024-04-14 23:00:00+00:00,2024-04-14 23:05:00+00:00,True,2024-04-14 23:05:00+00:00,2024-04-14 23:10:00+00:00,H2_ARRIVAL,2024-04-14 23:10:00+00:00,5.0
60,01:00,5,2024-04-16,Tuesday,2024-04-15 18:00:00+00:00,2024-04-15 23:00:00+00:00,2024-04-15 23:00:00+00:00,2024-04-16 03:00:00+00:00,560.72,543.62,17.100000000000023,False,BREAK_BEFORE_K1,0,0,,,False,,,BREAK_BEFORE_K1,2024-04-16 02:10:00+00:00,
60,01:00,5,2024-04-17,Wednesday,2024-04-16 18:00:00+00:00,2024-04-16 23:00:00+00:00,2024-04-16 23:00:00+00:00,2024-04-17 03:00:00+00:00,544.0,531.35,12.649999999999977,False,NO_K1,0,0,,,False,,,NO_K1,,
60,01:00,5,2024-04-18,Thursday,2024-04-17 18:00:00+00:00,2024-04-17 23:00:00+00:00,2024-04-17 23:00:00+00:00,2024-04-18 03:00:00+00:00,540.42,529.46,10.959999999999923,False,BREAK_BEFORE_K1,0,0,,,False,,,BREAK_BEFORE_K1,2024-04-18 00:20:00+00:00,
60,01:00,5,2024-04-19,Friday,2024-04-18 18:00:00+00:00,2024-04-18 23:00:00+00:00,2024-04-18 23:00:00+00:00,2024-04-19 03:00:00+00:00,553.01,545.41,7.600000000000023,False,BREAK_BEFORE_K1,0,0,,,False,,,BREAK_BEFORE_K1,2024-04-19 01:00:00+00:00,
60,01:00,5,2024-04-20,Saturday,2024-04-19 18:00:00+00:00,2024-04-19 23:00:00+00:00,2024-04-19 23:00:00+00:00,2024-04-20 03:00:00+00:00,561.75,556.01,5.740000000000009,False,BREAK_BEFORE_K1,0,0,,,False,,,BREAK_BEFORE_K1,2024-04-19 23:00:00+00:00,
60,01:00,5,2024-04-21,Sunday,2024-04-20 18:00:00+00:00,2024-04-20 23:00:00+00:00,2024-04-20 23:00:00+00:00,2024-04-21 03:00:00+00:00,574.0,568.07,5.92999999999995,False,OPPOSITE_VISIT_BEFORE_K1,0,1,,,False,,,OPPOSITE_VISIT_BEFORE_K1,2024-04-20 23:00:00+00:00,
60,01:00,5,2024-04-22,Monday,2024-04-21 18:00:00+00:00,2024-04-21 23:00:00+00:00,2024-04-21 23:00:00+00:00,2024-04-22 03:00:00+00:00,581.51,571.26,10.25,False,BREAK_BEFORE_K1,0,0,,,False,,,BREAK_BEFORE_K1,2024-04-22 00:05:00+00:00,
60,01:00,5,2024-04-23,Tuesday,2024-04-22 18:00:00+00:00,2024-04-22 23:00:00+00:00,2024-04-22 23:00:00+00:00,2024-04-23 03:00:00+00:00,606.18,593.64,12.539999999999964,True,,1,0,2024-04-22 23:05:00+00:00,2024-04-22 23:10:00+00:00,True,2024-04-22 23:10:00+00:00,2024-04-22 23:15:00+00:00,H2_ARRIVAL,2024-04-23 00:05:00+00:00,55.0
60,01:00,5,2024-04-24,Wednesday,2024-04-23 18:00:00+00:00,2024-04-23 23:00:00+00:00,2024-04-23 23:00:00+00:00,2024-04-24 03:00:00+00:00,610.23,604.48,5.75,False,BREAK_BEFORE_K1,0,0,,,False,,,BREAK_BEFORE_K1,2024-04-24 00:15:00+00:00,
60,01:00,5,2024-04-25,Thursday,2024-04-24 18:00:00+00:00,2024-04-24 23:00:00+00:00,2024-04-24 23:00:00+00:00,2024-04-25 03:00:00+00:00,612.7,592.29,20.410000000000082,False,NO_K1,0,0,,,False,,,NO_K1,,
60,01:00,5,2024-04-26,Friday,2024-04-25 18:00:00+00:00,2024-04-25 23:00:00+00:00,2024-04-25 23:00:00+00:00,2024-04-26 03:00:00+00:00,617.31,611.99,5.319999999999936,False,OPPOSITE_VISIT_BEFORE_K1,0,1,,,False,,,OPPOSITE_VISIT_BEFORE_K1,2024-04-26 00:15:00+00:00,
60,01:00,5,2024-04-27,Saturday,2024-04-26 18:00:00+00:00,2024-04-26 23:00:00+00:00,2024-04-26 23:00:00+00:00,2024-04-27 03:00:00+00:00,604.24,596.12,8.120000000000005,False,BREAK_BEFORE_K1,0,0,,,False,,,BREAK_BEFORE_K1,2024-04-27 00:25:00+00:00,
60,01:00,5,2024-04-28,Sunday,2024-04-27 18:00:00+00:00,2024-04-27 23:00:00+00:00,2024-04-27 23:00:00+00:00,2024-04-28 03:00:00+00:00,597.16,589.2,7.959999999999923,False,BREAK_BEFORE_K1,0,0,,,False,,,BREAK_BEFORE_K1,2024-04-28 00:25:00+00:00,
60,01:00,5,2024-04-29,Monday,2024-04-28 18:00:00+00:00,2024-04-28 23:00:00+00:00,2024-04-28 23:00:00+00:00,2024-04-29 03:00:00+00:00,606.59,598.85,7.740000000000009,False,BREAK_BEFORE_K1,0,0,,,False,,,BREAK_BEFORE_K1,2024-04-28 23:00:00+00:00,
60,01:00,5,2024-04-30,Tuesday,2024-04-29 18:00:00+00:00,2024-04-29 23:00:00+00:00,2024-04-29 23:00:00+00:00,2024-04-30 03:00:00+00:00,596.46,588.31,8.150000000000091,False,BREAK_BEFORE_K1,0,0,,,False,,,BREAK_BEFORE_K1,2024-04-30 00:25:00+00:00,
60,01:00,5,2024-05-01,Wednesday,2024-04-30 18:00:00+00:00,2024-04-30 23:00:00+00:00,2024-04-30 23:00:00+00:00,2024-05-01 03:00:00+00:00,581.57,562.16,19.410000000000082,False,NO_K1,0,0,,,False,,,NO_K1,,
60,01:00,5,2024-05-02,Thursday,2024-05-01 18:00:00+00:00,2024-05-01 23:00:00+00:00,2024-05-01 23:00:00+00:00,2024-05-02 03:00:00+00:00,565.9,547.34,18.559999999999945,False,BREAK_BEFORE_K1,0,0,,,False,,,BREAK_BEFORE_K1,2024-05-02 01:50:00+00:00,
60,01:00,5,2024-05-03,Friday,2024-05-02 18:00:00+00:00,2024-05-02 23:00:00+00:00,2024-05-02 23:00:00+00:00,2024-05-03 03:00:00+00:00,564.86,557.91,6.9500000000000455,True,,1,0,2024-05-03 01:20:00+00:00,2024-05-03 01:25:00+00:00,True,2024-05-03 01:25:00+00:00,2024-05-03 01:30:00+00:00,H2_ARRIVAL,2024-05-03 01:30:00+00:00,5.0
60,01:00,5,2024-05-04,Saturday,2024-05-03 18:00:00+00:00,2024-05-03 23:00:00+00:00,2024-05-03 23:00:00+00:00,2024-05-04 03:00:00+00:00,589.83,577.46,12.370000000000005,False,NO_K1,0,0,,,False,,,NO_K1,,
60,01:00,5,2024-05-05,Sunday,2024-05-04 18:00:00+00:00,2024-05-04 23:00:00+00:00,2024-05-04 23:00:00+00:00,2024-05-05 03:00:00+00:00,591.37,582.71,8.659999999999968,False,OPPOSITE_VISIT_BEFORE_K1,0,1,,,False,,,OPPOSITE_VISIT_BEFORE_K1,2024-05-05 00:35:00+00:00,
60,01:00,5,2024-05-06,Monday,2024-05-05 18:00:00+00:00,2024-05-05 23:00:00+00:00,2024-05-05 23:00:00+00:00,2024-05-06 03:00:00+00:00,593.76,588.01,5.75,False,BREAK_BEFORE_K1,0,0,,,False,,,BREAK_BEFORE_K1,2024-05-06 00:55:00+00:00,
60,01:00,5,2024-05-07,Tuesday,2024-05-06 18:00:00+00:00,2024-05-06 23:00:00+00:00,2024-05-06 23:00:00+00:00,2024-05-07 03:00:00+00:00,593.3,585.21,8.089999999999918,False,BREAK_BEFORE_K1,0,0,,,False,,,BREAK_BEFORE_K1,2024-05-07 02:25:00+00:00,
60,01:00,5,2024-05-08,Wednesday,2024-05-07 18:00:00+00:00,2024-05-07 23:00:00+00:00,2024-05-07 23:00:00+00:00,2024-05-08 03:00:00+00:00,591.91,578.1,13.809999999999945,False,BREAK_BEFORE_K1,0,0,,,False,,,BREAK_BEFORE_K1,2024-05-07 23:00:00+00:00,
60,01:00,5,2024-05-09,Thursday,2024-05-08 18:00:00+00:00,2024-05-08 23:00:00+00:00,2024-05-08 23:00:00+00:00,2024-05-09 03:00:00+00:00,589.88,579.06,10.82000000000005,False,BREAK_BEFORE_K1,0,0,,,False,,,BREAK_BEFORE_K1,2024-05-09 00:05:00+00:00,
60,01:00,5,2024-05-10,Friday,2024-05-09 18:00:00+00:00,2024-05-09 23:00:00+00:00,2024-05-09 23:00:00+00:00,2024-05-10 03:00:00+00:00,599.62,592.14,7.480000000000018,False,BREAK_BEFORE_K1,0,0,,,False,,,BREAK_BEFORE_K1,2024-05-10 02:50:00+00:00,
60,01:00,5,2024-05-11,Saturday,2024-05-10 18:00:00+00:00,2024-05-10 23:00:00+00:00,2024-05-10 23:00:00+00:00,2024-05-11 03:00:00+00:00,587.74,583.14,4.600000000000023,False,BREAK_BEFORE_K1,0,0,,,False,,,BREAK_BEFORE_K1,2024-05-11 01:05:00+00:00,
60,01:00,5,2024-05-12,Sunday,2024-05-11 18:00:00+00:00,2024-05-11 23:00:00+00:00,2024-05-11 23:00:00+00:00,2024-05-12 03:00:00+00:00,594.43,590.3,4.1299999999999955,False,BREAK_BEFORE_K1,0,0,,,False,,,BREAK_BEFORE_K1,2024-05-12 01:50:00+00:00,
60,01:00,5,2024-05-13,Monday,2024-05-12 18:00:00+00:00,2024-05-12 23:00:00+00:00,2024-05-12 23:00:00+00:00,2024-05-13 03:00:00+00:00,598.67,592.8,5.8700000000000045,False,OPPOSITE_VISIT_BEFORE_K1,0,1,,,False,,,OPPOSITE_VISIT_BEFORE_K1,2024-05-12 23:25:00+00:00,
60,01:00,5,2024-05-14,Tuesday,2024-05-13 18:00:00+00:00,2024-05-13 23:00:00+00:00,2024-05-13 23:00:00+00:00,2024-05-14 03:00:00+00:00,595.2,591.16,4.040000000000077,False,BREAK_BEFORE_K1,0,0,,,False,,,BREAK_BEFORE_K1,2024-05-13 23:45:00+00:00,
60,01:00,5,2024-05-15,Wednesday,2024-05-14 18:00:00+00:00,2024-05-14 23:00:00+00:00,2024-05-14 23:00:00+00:00,2024-05-15 03:00:00+00:00,568.85,563.32,5.529999999999973,False,BREAK_BEFORE_K1,0,0,,,False,,,BREAK_BEFORE_K1,2024-05-15 00:40:00+00:00,
60,01:00,5,2024-05-16,Thursday,2024-05-15 18:00:00+00:00,2024-05-15 23:00:00+00:00,2024-05-15 23:00:00+00:00,2024-05-16 03:00:00+00:00,586.4,580.2,6.199999999999932,False,OPPOSITE_VISIT_BEFORE_K1,0,1,,,False,,,OPPOSITE_VISIT_BEFORE_K1,2024-05-15 23:55:00+00:00,
60,01:00,5,2024-05-17,Friday,2024-05-16 18:00:00+00:00,2024-05-16 23:00:00+00:00,2024-05-16 23:00:00+00:00,2024-05-17 03:00:00+00:00,569.79,566.05,3.740000000000009,False,BREAK_BEFORE_K1,0,0,,,False,,,BREAK_BEFORE_K1,2024-05-17 00:15:00+00:00,
60,01:00,5,2024-05-18,Saturday,2024-05-17 18:00:00+00:00,2024-05-17 23:00:00+00:00,2024-05-17 23:00:00+00:00,2024-05-18 03:00:00+00:00,580.3,577.04,3.259999999999991,True,,1,0,2024-05-17 23:00:00+00:00,2024-05-17 23:05:00+00:00,True,2024-05-17 23:05:00+00:00,2024-05-17 23:10:00+00:00,H2_ARRIVAL,2024-05-17 23:10:00+00:00,5.0
60,01:00,5,2024-05-19,Sunday,2024-05-18 18:00:00+00:00,2024-05-18 23:00:00+00:00,2024-05-18 23:00:00+00:00,2024-05-19 03:00:00+00:00,578.6,576.5,2.1000000000000227,True,,1,0,2024-05-18 23:15:00+00:00,2024-05-18 23:20:00+00:00,True,2024-05-18 23:20:00+00:00,2024-05-18 23:25:00+00:00,H2_ARRIVAL,2024-05-18 23:30:00+00:00,10.0
60,01:00,5,2024-05-20,Monday,2024-05-19 18:00:00+00:00,2024-05-19 23:00:00+00:00,2024-05-19 23:00:00+00:00,2024-05-20 03:00:00+00:00,576.0,571.0,5.0,False,OPPOSITE_VISIT_BEFORE_K1,0,1,,,False,,,OPPOSITE_VISIT_BEFORE_K1,2024-05-20 01:30:00+00:00,
60,01:00,5,2024-05-21,Tuesday,2024-05-20 18:00:00+00:00,2024-05-20 23:00:00+00:00,2024-05-20 23:00:00+00:00,2024-05-21 03:00:00+00:00,594.82,577.27,17.550000000000068,False,BREAK_BEFORE_K1,0,0,,,False,,,BREAK_BEFORE_K1,2024-05-20 23:15:00+00:00,
60,01:00,5,2024-05-22,Wednesday,2024-05-21 18:00:00+00:00,2024-05-21 23:00:00+00:00,2024-05-21 23:00:00+00:00,2024-05-22 03:00:00+00:00,619.34,608.01,11.330000000000041,True,,1,0,2024-05-21 23:05:00+00:00,2024-05-21 23:10:00+00:00,True,2024-05-21 23:10:00+00:00,2024-05-21 23:15:00+00:00,H2_ARRIVAL,2024-05-21 23:15:00+00:00,5.0
60,01:00,5,2024-05-23,Thursday,2024-05-22 18:00:00+00:00,2024-05-22 23:00:00+00:00,2024-05-22 23:00:00+00:00,2024-05-23 03:00:00+00:00,617.24,610.27,6.970000000000027,False,BREAK_BEFORE_K1,0,0,,,False,,,BREAK_BEFORE_K1,2024-05-23 00:35:00+00:00,
60,01:00,5,2024-05-24,Friday,2024-05-23 18:00:00+00:00,2024-05-23 23:00:00+00:00,2024-05-23 23:00:00+00:00,2024-05-24 03:00:00+00:00,601.62,577.73,23.889999999999986,True,,1,0,2024-05-24 00:35:00+00:00,2024-05-24 00:40:00+00:00,False,,,BREAK_DURING_K1,2024-05-24 00:40:00+00:00,
60,01:00,5,2024-05-25,Saturday,2024-05-24 18:00:00+00:00,2024-05-24 23:00:00+00:00,2024-05-24 23:00:00+00:00,2024-05-25 03:00:00+00:00,603.4,600.15,3.25,False,OPPOSITE_VISIT_BEFORE_K1,0,1,,,False,,,OPPOSITE_VISIT_BEFORE_K1,2024-05-25 00:00:00+00:00,
60,01:00,5,2024-05-26,Sunday,2024-05-25 18:00:00+00:00,2024-05-25 23:00:00+00:00,2024-05-25 23:00:00+00:00,2024-05-26 03:00:00+00:00,603.18,600.7,2.4799999999999045,False,BREAK_BEFORE_K1,0,0,,,False,,,BREAK_BEFORE_K1,2024-05-26 02:20:00+00:00,
60,01:00,5,2024-05-27,Monday,2024-05-26 18:00:00+00:00,2024-05-26 23:00:00+00:00,2024-05-26 23:00:00+00:00,2024-05-27 03:00:00+00:00,602.11,598.2,3.909999999999968,False,BREAK_BEFORE_K1,0,0,,,False,,,BREAK_BEFORE_K1,2024-05-27 01:35:00+00:00,
60,01:00,5,2024-05-28,Tuesday,2024-05-27 18:00:00+00:00,2024-05-27 23:00:00+00:00,2024-05-27 23:00:00+00:00,2024-05-28 03:00:00+00:00,611.86,600.77,11.090000000000032,False,OPPOSITE_VISIT_BEFORE_K1,0,1,,,False,,,OPPOSITE_VISIT_BEFORE_K1,2024-05-28 01:50:00+00:00,
60,01:00,5,2024-05-29,Wednesday,2024-05-28 18:00:00+00:00,2024-05-28 23:00:00+00:00,2024-05-28 23:00:00+00:00,2024-05-29 03:00:00+00:00,603.39,595.73,7.659999999999968,True,,1,0,2024-05-28 23:00:00+00:00,2024-05-28 23:05:00+00:00,True,2024-05-28 23:05:00+00:00,2024-05-28 23:10:00+00:00,H2_ARRIVAL,2024-05-29 01:45:00+00:00,160.0
60,01:00,5,2024-05-30,Thursday,2024-05-29 18:00:00+00:00,2024-05-29 23:00:00+00:00,2024-05-29 23:00:00+00:00,2024-05-30 03:00:00+00:00,597.62,593.86,3.759999999999991,True,,1,0,2024-05-30 02:15:00+00:00,2024-05-30 02:20:00+00:00,False,,,BREAK_DURING_K1,2024-05-30 02:20:00+00:00,
60,01:00,5,2024-05-31,Friday,2024-05-30 18:00:00+00:00,2024-05-30 23:00:00+00:00,2024-05-30 23:00:00+00:00,2024-05-31 03:00:00+00:00,602.89,591.51,11.379999999999995,False,NO_K1,0,0,,,False,,,NO_K1,,
60,01:00,5,2024-06-01,Saturday,2024-05-31 18:00:00+00:00,2024-05-31 23:00:00+00:00,2024-05-31 23:00:00+00:00,2024-06-01 03:00:00+00:00,596.34,592.7,3.6399999999999864,False,NO_K1,0,0,,,False,,,NO_K1,,
60,01:00,5,2024-06-02,Sunday,2024-06-01 18:00:00+00:00,2024-06-01 23:00:00+00:00,2024-06-01 23:00:00+00:00,2024-06-02 03:00:00+00:00,609.0,596.68,12.32000000000005,False,NO_K1,0,0,,,False,,,NO_K1,,
60,01:00,5,2024-06-03,Monday,2024-06-02 18:00:00+00:00,2024-06-02 23:00:00+00:00,2024-06-02 23:00:00+00:00,2024-06-03 03:00:00+00:00,603.24,596.31,6.930000000000064,True,,1,0,2024-06-02 23:05:00+00:00,2024-06-02 23:10:00+00:00,False,,,BREAK_DURING_K1,2024-06-02 23:10:00+00:00,
60,01:00,5,2024-06-04,Tuesday,2024-06-03 18:00:00+00:00,2024-06-03 23:00:00+00:00,2024-06-03 23:00:00+00:00,2024-06-04 03:00:00+00:00,628.88,621.99,6.889999999999986,True,,1,0,2024-06-03 23:00:00+00:00,2024-06-03 23:05:00+00:00,True,2024-06-03 23:10:00+00:00,2024-06-03 23:15:00+00:00,H2_ARRIVAL,2024-06-03 23:15:00+00:00,5.0
60,01:00,5,2024-06-05,Wednesday,2024-06-04 18:00:00+00:00,2024-06-04 23:00:00+00:00,2024-06-04 23:00:00+00:00,2024-06-05 03:00:00+00:00,689.75,665.03,24.720000000000027,True,,1,0,2024-06-05 00:00:00+00:00,2024-06-05 00:05:00+00:00,True,2024-06-05 00:05:00+00:00,2024-06-05 00:10:00+00:00,H2_ARRIVAL,2024-06-05 00:15:00+00:00,10.0
60,01:00,5,2024-06-06,Thursday,2024-06-05 18:00:00+00:00,2024-06-05 23:00:00+00:00,2024-06-05 23:00:00+00:00,2024-06-06 03:00:00+00:00,702.79,688.35,14.43999999999994,False,NO_K1,0,0,,,False,,,NO_K1,,
60,01:00,5,2024-06-07,Friday,2024-06-06 18:00:00+00:00,2024-06-06 23:00:00+00:00,2024-06-06 23:00:00+00:00,2024-06-07 03:00:00+00:00,712.14,700.37,11.769999999999982,True,,1,0,2024-06-07 00:00:00+00:00,2024-06-07 00:05:00+00:00,True,2024-06-07 00:05:00+00:00,2024-06-07 00:10:00+00:00,NO_H2_BY_END,,
60,01:00,5,2024-06-08,Saturday,2024-06-07 18:00:00+00:00,2024-06-07 23:00:00+00:00,2024-06-07 23:00:00+00:00,2024-06-08 03:00:00+00:00,687.77,657.42,30.350000000000023,False,NO_K1,0,0,,,False,,,NO_K1,,
60,01:00,5,2024-06-09,Sunday,2024-06-08 18:00:00+00:00,2024-06-08 23:00:00+00:00,2024-06-08 23:00:00+00:00,2024-06-09 03:00:00+00:00,687.6,681.97,5.6299999999999955,False,OPPOSITE_VISIT_BEFORE_K1,0,1,,,False,,,OPPOSITE_VISIT_BEFORE_K1,2024-06-08 23:00:00+00:00,
60,01:00,5,2024-06-10,Monday,2024-06-09 18:00:00+00:00,2024-06-09 23:00:00+00:00,2024-06-09 23:00:00+00:00,2024-06-10 03:00:00+00:00,678.77,670.15,8.620000000000005,False,NO_K1,0,0,,,False,,,NO_K1,,
60,01:00,5,2024-06-11,Tuesday,2024-06-10 18:00:00+00:00,2024-06-10 23:00:00+00:00,2024-06-10 23:00:00+00:00,2024-06-11 03:00:00+00:00,653.28,613.48,39.799999999999955,False,NO_K1,0,0,,,False,,,NO_K1,,
60,01:00,5,2024-06-12,Wednesday,2024-06-11 18:00:00+00:00,2024-06-11 23:00:00+00:00,2024-06-11 23:00:00+00:00,2024-06-12 03:00:00+00:00,610.0,602.56,7.440000000000055,False,BREAK_BEFORE_K1,0,0,,,False,,,BREAK_BEFORE_K1,2024-06-11 23:10:00+00:00,
60,01:00,5,2024-06-13,Thursday,2024-06-12 18:00:00+00:00,2024-06-12 23:00:00+00:00,2024-06-12 23:00:00+00:00,2024-06-13 03:00:00+00:00,632.93,609.5,23.42999999999995,False,BREAK_BEFORE_K1,0,0,,,False,,,BREAK_BEFORE_K1,2024-06-13 02:05:00+00:00,
60,01:00,5,2024-06-14,Friday,2024-06-13 18:00:00+00:00,2024-06-13 23:00:00+00:00,2024-06-13 23:00:00+00:00,2024-06-14 03:00:00+00:00,605.72,597.0,8.720000000000027,False,OPPOSITE_VISIT_BEFORE_K1,0,1,,,False,,,OPPOSITE_VISIT_BEFORE_K1,2024-06-14 00:20:00+00:00,
60,01:00,5,2024-06-15,Saturday,2024-06-14 18:00:00+00:00,2024-06-14 23:00:00+00:00,2024-06-14 23:00:00+00:00,2024-06-15 03:00:00+00:00,604.99,590.0,14.990000000000009,False,BREAK_BEFORE_K1,0,0,,,False,,,BREAK_BEFORE_K1,2024-06-15 00:40:00+00:00,
60,01:00,5,2024-06-16,Sunday,2024-06-15 18:00:00+00:00,2024-06-15 23:00:00+00:00,2024-06-15 23:00:00+00:00,2024-06-16 03:00:00+00:00,608.45,604.02,4.430000000000064,True,,1,0,2024-06-15 23:00:00+00:00,2024-06-15 23:05:00+00:00,False,,,BREAK_DURING_K1,2024-06-15 23:05:00+00:00,
60,01:00,5,2024-06-17,Monday,2024-06-16 18:00:00+00:00,2024-06-16 23:00:00+00:00,2024-06-16 23:00:00+00:00,2024-06-17 03:00:00+00:00,611.6,607.55,4.050000000000068,False,BREAK_BEFORE_K1,0,0,,,False,,,BREAK_BEFORE_K1,2024-06-16 23:00:00+00:00,
60,01:00,5,2024-06-18,Tuesday,2024-06-17 18:00:00+00:00,2024-06-17 23:00:00+00:00,2024-06-17 23:00:00+00:00,2024-06-18 03:00:00+00:00,610.24,604.08,6.159999999999968,False,OPPOSITE_VISIT_BEFORE_K1,0,1,,,False,,,OPPOSITE_VISIT_BEFORE_K1,2024-06-17 23:40:00+00:00,
60,01:00,5,2024-06-19,Wednesday,2024-06-18 18:00:00+00:00,2024-06-18 23:00:00+00:00,2024-06-18 23:00:00+00:00,2024-06-19 03:00:00+00:00,589.49,575.67,13.82000000000005,True,,1,0,2024-06-18 23:00:00+00:00,2024-06-18 23:05:00+00:00,True,2024-06-18 23:10:00+00:00,2024-06-18 23:15:00+00:00,H2_ARRIVAL,2024-06-19 00:05:00+00:00,55.0
60,01:00,5,2024-06-20,Thursday,2024-06-19 18:00:00+00:00,2024-06-19 23:00:00+00:00,2024-06-19 23:00:00+00:00,2024-06-20 03:00:00+00:00,602.4,597.22,5.17999999999995,False,OPPOSITE_VISIT_BEFORE_K1,0,1,,,False,,,OPPOSITE_VISIT_BEFORE_K1,2024-06-19 23:40:00+00:00,
60,01:00,5,2024-06-21,Friday,2024-06-20 18:00:00+00:00,2024-06-20 23:00:00+00:00,2024-06-20 23:00:00+00:00,2024-06-21 03:00:00+00:00,595.24,590.31,4.930000000000064,False,BREAK_BEFORE_K1,0,0,,,False,,,BREAK_BEFORE_K1,2024-06-20 23:05:00+00:00,
60,01:00,5,2024-06-22,Saturday,2024-06-21 18:00:00+00:00,2024-06-21 23:00:00+00:00,2024-06-21 23:00:00+00:00,2024-06-22 03:00:00+00:00,587.68,581.67,6.009999999999991,False,BREAK_BEFORE_K1,0,0,,,False,,,BREAK_BEFORE_K1,2024-06-22 00:40:00+00:00,
60,01:00,5,2024-06-23,Sunday,2024-06-22 18:00:00+00:00,2024-06-22 23:00:00+00:00,2024-06-22 23:00:00+00:00,2024-06-23 03:00:00+00:00,590.73,585.69,5.039999999999964,False,BREAK_BEFORE_K1,0,0,,,False,,,BREAK_BEFORE_K1,2024-06-22 23:00:00+00:00,
60,01:00,5,2024-06-24,Monday,2024-06-23 18:00:00+00:00,2024-06-23 23:00:00+00:00,2024-06-23 23:00:00+00:00,2024-06-24 03:00:00+00:00,585.78,578.49,7.289999999999964,False,OPPOSITE_VISIT_BEFORE_K1,0,1,,,False,,,OPPOSITE_VISIT_BEFORE_K1,2024-06-23 23:05:00+00:00,
60,01:00,5,2024-06-25,Tuesday,2024-06-24 18:00:00+00:00,2024-06-24 23:00:00+00:00,2024-06-24 23:00:00+00:00,2024-06-25 03:00:00+00:00,566.67,550.55,16.120000000000005,True,,1,0,2024-06-24 23:25:00+00:00,2024-06-24 23:30:00+00:00,True,2024-06-24 23:30:00+00:00,2024-06-24 23:35:00+00:00,H2_ARRIVAL,2024-06-24 23:35:00+00:00,5.0
60,01:00,5,2024-06-26,Wednesday,2024-06-25 18:00:00+00:00,2024-06-25 23:00:00+00:00,2024-06-25 23:00:00+00:00,2024-06-26 03:00:00+00:00,579.93,573.67,6.259999999999991,False,BREAK_BEFORE_K1,0,0,,,False,,,BREAK_BEFORE_K1,2024-06-26 01:40:00+00:00,
60,01:00,5,2024-06-27,Thursday,2024-06-26 18:00:00+00:00,2024-06-26 23:00:00+00:00,2024-06-26 23:00:00+00:00,2024-06-27 03:00:00+00:00,576.0,569.21,6.789999999999964,False,NO_K1,0,0,,,False,,,NO_K1,,
60,01:00,5,2024-06-28,Friday,2024-06-27 18:00:00+00:00,2024-06-27 23:00:00+00:00,2024-06-27 23:00:00+00:00,2024-06-28 03:00:00+00:00,582.47,579.13,3.340000000000032,False,OPPOSITE_VISIT_BEFORE_K1,0,1,,,False,,,OPPOSITE_VISIT_BEFORE_K1,2024-06-28 00:30:00+00:00,
60,01:00,5,2024-06-29,Saturday,2024-06-28 18:00:00+00:00,2024-06-28 23:00:00+00:00,2024-06-28 23:00:00+00:00,2024-06-29 03:00:00+00:00,572.69,566.01,6.680000000000064,True,,1,0,2024-06-29 02:00:00+00:00,2024-06-29 02:05:00+00:00,True,2024-06-29 02:05:00+00:00,2024-06-29 02:10:00+00:00,H2_ARRIVAL,2024-06-29 02:15:00+00:00,10.0
60,01:00,5,2024-06-30,Sunday,2024-06-29 18:00:00+00:00,2024-06-29 23:00:00+00:00,2024-06-29 23:00:00+00:00,2024-06-30 03:00:00+00:00,572.79,568.71,4.079999999999927,False,BREAK_BEFORE_K1,0,0,,,False,,,BREAK_BEFORE_K1,2024-06-30 00:35:00+00:00,
60,01:00,5,2024-07-01,Monday,2024-06-30 18:00:00+00:00,2024-06-30 23:00:00+00:00,2024-06-30 23:00:00+00:00,2024-07-01 03:00:00+00:00,584.98,577.14,7.840000000000032,True,,1,0,2024-06-30 23:00:00+00:00,2024-06-30 23:05:00+00:00,True,2024-06-30 23:05:00+00:00,2024-06-30 23:10:00+00:00,H2_ARRIVAL,2024-06-30 23:15:00+00:00,10.0
60,01:00,5,2024-07-02,Tuesday,2024-07-01 18:00:00+00:00,2024-07-01 23:00:00+00:00,2024-07-01 23:00:00+00:00,2024-07-02 03:00:00+00:00,583.49,577.39,6.100000000000023,False,OPPOSITE_VISIT_BEFORE_K1,0,1,,,False,,,OPPOSITE_VISIT_BEFORE_K1,2024-07-01 23:35:00+00:00,
60,01:00,5,2024-07-03,Wednesday,2024-07-02 18:00:00+00:00,2024-07-02 23:00:00+00:00,2024-07-02 23:00:00+00:00,2024-07-03 03:00:00+00:00,581.71,577.47,4.240000000000009,False,BREAK_BEFORE_K1,0,0,,,False,,,BREAK_BEFORE_K1,2024-07-03 01:55:00+00:00,
60,01:00,5,2024-07-04,Thursday,2024-07-03 18:00:00+00:00,2024-07-03 23:00:00+00:00,2024-07-03 23:00:00+00:00,2024-07-04 03:00:00+00:00,559.18,550.05,9.129999999999995,False,OPPOSITE_VISIT_BEFORE_K1,0,1,,,False,,,OPPOSITE_VISIT_BEFORE_K1,2024-07-04 01:15:00+00:00,
60,01:00,5,2024-07-05,Friday,2024-07-04 18:00:00+00:00,2024-07-04 23:00:00+00:00,2024-07-04 23:00:00+00:00,2024-07-05 03:00:00+00:00,529.53,522.2,7.329999999999927,False,OPPOSITE_VISIT_BEFORE_K1,0,1,,,False,,,OPPOSITE_VISIT_BEFORE_K1,2024-07-04 23:05:00+00:00,
60,01:00,5,2024-07-06,Saturday,2024-07-05 18:00:00+00:00,2024-07-05 23:00:00+00:00,2024-07-05 23:00:00+00:00,2024-07-06 03:00:00+00:00,498.91,492.16,6.75,True,,1,0,2024-07-05 23:20:00+00:00,2024-07-05 23:25:00+00:00,False,,,BREAK_DURING_K1,2024-07-05 23:30:00+00:00,
60,01:00,5,2024-07-07,Sunday,2024-07-06 18:00:00+00:00,2024-07-06 23:00:00+00:00,2024-07-06 23:00:00+00:00,2024-07-07 03:00:00+00:00,529.3,523.6,5.699999999999932,False,BREAK_BEFORE_K1,0,0,,,False,,,BREAK_BEFORE_K1,2024-07-06 23:15:00+00:00,
60,01:00,5,2024-07-08,Monday,2024-07-07 18:00:00+00:00,2024-07-07 23:00:00+00:00,2024-07-07 23:00:00+00:00,2024-07-08 03:00:00+00:00,503.87,491.26,12.610000000000014,False,BREAK_BEFORE_K1,0,0,,,False,,,BREAK_BEFORE_K1,2024-07-07 23:40:00+00:00,
60,01:00,5,2024-07-09,Tuesday,2024-07-08 18:00:00+00:00,2024-07-08 23:00:00+00:00,2024-07-08 23:00:00+00:00,2024-07-09 03:00:00+00:00,512.8,504.23,8.569999999999936,False,BREAK_BEFORE_K1,0,0,,,False,,,BREAK_BEFORE_K1,2024-07-09 01:10:00+00:00,
60,01:00,5,2024-07-10,Wednesday,2024-07-09 18:00:00+00:00,2024-07-09 23:00:00+00:00,2024-07-09 23:00:00+00:00,2024-07-10 03:00:00+00:00,521.16,514.48,6.67999999999995,False,OPPOSITE_VISIT_BEFORE_K1,0,1,,,False,,,OPPOSITE_VISIT_BEFORE_K1,2024-07-10 00:15:00+00:00,
60,01:00,5,2024-07-11,Thursday,2024-07-10 18:00:00+00:00,2024-07-10 23:00:00+00:00,2024-07-10 23:00:00+00:00,2024-07-11 03:00:00+00:00,524.49,520.85,3.6399999999999864,False,BREAK_BEFORE_K1,0,0,,,False,,,BREAK_BEFORE_K1,2024-07-10 23:35:00+00:00,
60,01:00,5,2024-07-12,Friday,2024-07-11 18:00:00+00:00,2024-07-11 23:00:00+00:00,2024-07-11 23:00:00+00:00,2024-07-12 03:00:00+00:00,530.97,523.16,7.810000000000059,False,OPPOSITE_VISIT_BEFORE_K1,0,1,,,False,,,OPPOSITE_VISIT_BEFORE_K1,2024-07-11 23:20:00+00:00,
60,01:00,5,2024-07-13,Saturday,2024-07-12 18:00:00+00:00,2024-07-12 23:00:00+00:00,2024-07-12 23:00:00+00:00,2024-07-13 03:00:00+00:00,537.6,527.19,10.409999999999968,False,NO_K1,0,0,,,False,,,NO_K1,,
60,01:00,5,2024-07-14,Sunday,2024-07-13 18:00:00+00:00,2024-07-13 23:00:00+00:00,2024-07-13 23:00:00+00:00,2024-07-14 03:00:00+00:00,534.18,527.27,6.909999999999968,False,BREAK_BEFORE_K1,0,0,,,False,,,BREAK_BEFORE_K1,2024-07-13 23:10:00+00:00,
60,01:00,5,2024-07-15,Monday,2024-07-14 18:00:00+00:00,2024-07-14 23:00:00+00:00,2024-07-14 23:00:00+00:00,2024-07-15 03:00:00+00:00,547.0,535.03,11.970000000000027,False,BREAK_BEFORE_K1,0,0,,,False,,,BREAK_BEFORE_K1,2024-07-14 23:20:00+00:00,
60,01:00,5,2024-07-16,Tuesday,2024-07-15 18:00:00+00:00,2024-07-15 23:00:00+00:00,2024-07-15 23:00:00+00:00,2024-07-16 03:00:00+00:00,585.0,574.65,10.350000000000023,False,BREAK_BEFORE_K1,0,0,,,False,,,BREAK_BEFORE_K1,2024-07-15 23:35:00+00:00,
60,01:00,5,2024-07-17,Wednesday,2024-07-16 18:00:00+00:00,2024-07-16 23:00:00+00:00,2024-07-16 23:00:00+00:00,2024-07-17 03:00:00+00:00,578.88,569.59,9.289999999999964,False,BREAK_BEFORE_K1,0,0,,,False,,,BREAK_BEFORE_K1,2024-07-17 00:40:00+00:00,
60,01:00,5,2024-07-18,Thursday,2024-07-17 18:00:00+00:00,2024-07-17 23:00:00+00:00,2024-07-17 23:00:00+00:00,2024-07-18 03:00:00+00:00,573.72,567.77,5.9500000000000455,False,BREAK_BEFORE_K1,0,0,,,False,,,BREAK_BEFORE_K1,2024-07-18 00:50:00+00:00,
60,01:00,5,2024-07-19,Friday,2024-07-18 18:00:00+00:00,2024-07-18 23:00:00+00:00,2024-07-18 23:00:00+00:00,2024-07-19 03:00:00+00:00,572.93,565.1,7.829999999999927,False,BREAK_BEFORE_K1,0,0,,,False,,,BREAK_BEFORE_K1,2024-07-18 23:15:00+00:00,
60,01:00,5,2024-07-20,Saturday,2024-07-19 18:00:00+00:00,2024-07-19 23:00:00+00:00,2024-07-19 23:00:00+00:00,2024-07-20 03:00:00+00:00,597.49,588.59,8.899999999999977,False,BREAK_BEFORE_K1,0,0,,,False,,,BREAK_BEFORE_K1,2024-07-20 00:55:00+00:00,
60,01:00,5,2024-07-21,Sunday,2024-07-20 18:00:00+00:00,2024-07-20 23:00:00+00:00,2024-07-20 23:00:00+00:00,2024-07-21 03:00:00+00:00,598.22,592.7,5.519999999999982,False,NO_K1,0,0,,,False,,,NO_K1,,
60,01:00,5,2024-07-22,Monday,2024-07-21 18:00:00+00:00,2024-07-21 23:00:00+00:00,2024-07-21 23:00:00+00:00,2024-07-22 03:00:00+00:00,603.97,580.79,23.180000000000064,True,,1,0,2024-07-22 00:00:00+00:00,2024-07-22 00:05:00+00:00,True,2024-07-22 00:20:00+00:00,2024-07-22 00:25:00+00:00,H2_ARRIVAL,2024-07-22 00:30:00+00:00,10.0
60,01:00,5,2024-07-23,Tuesday,2024-07-22 18:00:00+00:00,2024-07-22 23:00:00+00:00,2024-07-22 23:00:00+00:00,2024-07-23 03:00:00+00:00,596.72,589.27,7.4500000000000455,False,BREAK_BEFORE_K1,0,0,,,False,,,BREAK_BEFORE_K1,2024-07-22 23:05:00+00:00,
60,01:00,5,2024-07-24,Wednesday,2024-07-23 18:00:00+00:00,2024-07-23 23:00:00+00:00,2024-07-23 23:00:00+00:00,2024-07-24 03:00:00+00:00,584.97,580.25,4.720000000000027,True,,1,0,2024-07-24 01:05:00+00:00,2024-07-24 01:10:00+00:00,True,2024-07-24 01:15:00+00:00,2024-07-24 01:20:00+00:00,H2_ARRIVAL,2024-07-24 01:20:00+00:00,5.0
60,01:00,5,2024-07-25,Thursday,2024-07-24 18:00:00+00:00,2024-07-24 23:00:00+00:00,2024-07-24 23:00:00+00:00,2024-07-25 03:00:00+00:00,585.2,570.0,15.200000000000045,False,BREAK_BEFORE_K1,0,0,,,False,,,BREAK_BEFORE_K1,2024-07-25 01:05:00+00:00,
60,01:00,5,2024-07-26,Friday,2024-07-25 18:00:00+00:00,2024-07-25 23:00:00+00:00,2024-07-25 23:00:00+00:00,2024-07-26 03:00:00+00:00,573.42,560.89,12.529999999999973,True,,1,0,2024-07-26 00:20:00+00:00,2024-07-26 00:25:00+00:00,True,2024-07-26 00:25:00+00:00,2024-07-26 00:30:00+00:00,H2_ARRIVAL,2024-07-26 00:45:00+00:00,20.0
60,01:00,5,2024-07-27,Saturday,2024-07-26 18:00:00+00:00,2024-07-26 23:00:00+00:00,2024-07-26 23:00:00+00:00,2024-07-27 03:00:00+00:00,583.1,577.7,5.399999999999977,False,NO_K1,0,0,,,False,,,NO_K1,,
60,01:00,5,2024-07-28,Sunday,2024-07-27 18:00:00+00:00,2024-07-27 23:00:00+00:00,2024-07-27 23:00:00+00:00,2024-07-28 03:00:00+00:00,585.83,573.04,12.790000000000077,False,NO_K1,0,0,,,False,,,NO_K1,,
60,01:00,5,2024-07-29,Monday,2024-07-28 18:00:00+00:00,2024-07-28 23:00:00+00:00,2024-07-28 23:00:00+00:00,2024-07-29 03:00:00+00:00,584.95,580.87,4.080000000000041,True,,1,0,2024-07-28 23:20:00+00:00,2024-07-28 23:25:00+00:00,False,,,BREAK_DURING_K1,2024-07-28 23:25:00+00:00,
60,01:00,5,2024-07-30,Tuesday,2024-07-29 18:00:00+00:00,2024-07-29 23:00:00+00:00,2024-07-29 23:00:00+00:00,2024-07-30 03:00:00+00:00,580.66,575.73,4.92999999999995,False,BREAK_BEFORE_K1,0,0,,,False,,,BREAK_BEFORE_K1,2024-07-29 23:10:00+00:00,
60,01:00,5,2024-07-31,Wednesday,2024-07-30 18:00:00+00:00,2024-07-30 23:00:00+00:00,2024-07-30 23:00:00+00:00,2024-07-31 03:00:00+00:00,582.58,570.08,12.5,False,BREAK_BEFORE_K1,0,0,,,False,,,BREAK_BEFORE_K1,2024-07-30 23:00:00+00:00,
60,01:00,5,2024-08-01,Thursday,2024-07-31 18:00:00+00:00,2024-07-31 23:00:00+00:00,2024-07-31 23:00:00+00:00,2024-08-01 03:00:00+00:00,591.47,575.17,16.300000000000068,False,BREAK_BEFORE_K1,0,0,,,False,,,BREAK_BEFORE_K1,2024-08-01 00:45:00+00:00,
60,01:00,5,2024-08-02,Friday,2024-08-01 18:00:00+00:00,2024-08-01 23:00:00+00:00,2024-08-01 23:00:00+00:00,2024-08-02 03:00:00+00:00,577.9,553.74,24.159999999999968,True,,1,0,2024-08-02 00:15:00+00:00,2024-08-02 00:20:00+00:00,True,2024-08-02 00:20:00+00:00,2024-08-02 00:25:00+00:00,NO_H2_BY_END,,
60,01:00,5,2024-08-03,Saturday,2024-08-02 18:00:00+00:00,2024-08-02 23:00:00+00:00,2024-08-02 23:00:00+00:00,2024-08-03 03:00:00+00:00,558.92,540.71,18.209999999999923,False,BREAK_BEFORE_K1,0,0,,,False,,,BREAK_BEFORE_K1,2024-08-03 00:30:00+00:00,
60,01:00,5,2024-08-04,Sunday,2024-08-03 18:00:00+00:00,2024-08-03 23:00:00+00:00,2024-08-03 23:00:00+00:00,2024-08-04 03:00:00+00:00,529.77,521.36,8.409999999999968,False,BREAK_BEFORE_K1,0,0,,,False,,,BREAK_BEFORE_K1,2024-08-03 23:20:00+00:00,
60,01:00,5,2024-08-05,Monday,2024-08-04 18:00:00+00:00,2024-08-04 23:00:00+00:00,2024-08-04 23:00:00+00:00,2024-08-05 03:00:00+00:00,511.65,493.0,18.649999999999977,False,BREAK_BEFORE_K1,0,0,,,False,,,BREAK_BEFORE_K1,2024-08-05 00:10:00+00:00,
60,01:00,5,2024-08-06,Tuesday,2024-08-05 18:00:00+00:00,2024-08-05 23:00:00+00:00,2024-08-05 23:00:00+00:00,2024-08-06 03:00:00+00:00,470.18,450.74,19.439999999999998,True,,1,0,2024-08-05 23:05:00+00:00,2024-08-05 23:10:00+00:00,True,2024-08-05 23:20:00+00:00,2024-08-05 23:25:00+00:00,H2_ARRIVAL,2024-08-06 00:05:00+00:00,45.0
60,01:00,5,2024-08-07,Wednesday,2024-08-06 18:00:00+00:00,2024-08-06 23:00:00+00:00,2024-08-06 23:00:00+00:00,2024-08-07 03:00:00+00:00,492.54,483.75,8.79000000000002,False,OPPOSITE_VISIT_BEFORE_K1,0,1,,,False,,,OPPOSITE_VISIT_BEFORE_K1,2024-08-06 23:40:00+00:00,
60,01:00,5,2024-08-08,Thursday,2024-08-07 18:00:00+00:00,2024-08-07 23:00:00+00:00,2024-08-07 23:00:00+00:00,2024-08-08 03:00:00+00:00,478.08,468.06,10.019999999999982,False,BREAK_BEFORE_K1,0,0,,,False,,,BREAK_BEFORE_K1,2024-08-08 00:35:00+00:00,
60,01:00,5,2024-08-09,Friday,2024-08-08 18:00:00+00:00,2024-08-08 23:00:00+00:00,2024-08-08 23:00:00+00:00,2024-08-09 03:00:00+00:00,520.42,501.63,18.789999999999964,True,,1,0,2024-08-08 23:00:00+00:00,2024-08-08 23:05:00+00:00,False,,,BREAK_DURING_K1,2024-08-08 23:10:00+00:00,
60,01:00,5,2024-08-10,Saturday,2024-08-09 18:00:00+00:00,2024-08-09 23:00:00+00:00,2024-08-09 23:00:00+00:00,2024-08-10 03:00:00+00:00,509.75,503.42,6.329999999999984,True,,1,0,2024-08-09 23:00:00+00:00,2024-08-09 23:05:00+00:00,True,2024-08-09 23:05:00+00:00,2024-08-09 23:10:00+00:00,H2_ARRIVAL,2024-08-10 00:10:00+00:00,65.0
60,01:00,5,2024-08-11,Sunday,2024-08-10 18:00:00+00:00,2024-08-10 23:00:00+00:00,2024-08-10 23:00:00+00:00,2024-08-11 03:00:00+00:00,525.71,517.61,8.100000000000023,False,BREAK_BEFORE_K1,0,0,,,False,,,BREAK_BEFORE_K1,2024-08-11 00:20:00+00:00,
60,01:00,5,2024-08-12,Monday,2024-08-11 18:00:00+00:00,2024-08-11 23:00:00+00:00,2024-08-11 23:00:00+00:00,2024-08-12 03:00:00+00:00,522.11,502.3,19.810000000000002,False,OPPOSITE_VISIT_BEFORE_K1,0,1,,,False,,,OPPOSITE_VISIT_BEFORE_K1,2024-08-12 00:30:00+00:00,
60,01:00,5,2024-08-13,Tuesday,2024-08-12 18:00:00+00:00,2024-08-12 23:00:00+00:00,2024-08-12 23:00:00+00:00,2024-08-13 03:00:00+00:00,517.01,507.4,9.610000000000014,False,BREAK_BEFORE_K1,0,0,,,False,,,BREAK_BEFORE_K1,2024-08-12 23:10:00+00:00,
60,01:00,5,2024-08-14,Wednesday,2024-08-13 18:00:00+00:00,2024-08-13 23:00:00+00:00,2024-08-13 23:00:00+00:00,2024-08-14 03:00:00+00:00,526.0,518.8,7.2000000000000455,False,BREAK_BEFORE_K1,0,0,,,False,,,BREAK_BEFORE_K1,2024-08-14 00:55:00+00:00,
60,01:00,5,2024-08-15,Thursday,2024-08-14 18:00:00+00:00,2024-08-14 23:00:00+00:00,2024-08-14 23:00:00+00:00,2024-08-15 03:00:00+00:00,525.85,519.45,6.399999999999977,False,BREAK_BEFORE_K1,0,0,,,False,,,BREAK_BEFORE_K1,2024-08-15 00:35:00+00:00,
60,01:00,5,2024-08-16,Friday,2024-08-15 18:00:00+00:00,2024-08-15 23:00:00+00:00,2024-08-15 23:00:00+00:00,2024-08-16 03:00:00+00:00,526.88,509.88,17.0,False,NO_K1,0,0,,,False,,,NO_K1,,
60,01:00,5,2024-08-17,Saturday,2024-08-16 18:00:00+00:00,2024-08-16 23:00:00+00:00,2024-08-16 23:00:00+00:00,2024-08-17 03:00:00+00:00,522.96,517.22,5.740000000000009,False,NO_K1,0,0,,,False,,,NO_K1,,
60,01:00,5,2024-08-18,Sunday,2024-08-17 18:00:00+00:00,2024-08-17 23:00:00+00:00,2024-08-17 23:00:00+00:00,2024-08-18 03:00:00+00:00,547.9,535.1,12.799999999999955,False,NO_K1,0,0,,,False,,,NO_K1,,
60,01:00,5,2024-08-19,Monday,2024-08-18 18:00:00+00:00,2024-08-18 23:00:00+00:00,2024-08-18 23:00:00+00:00,2024-08-19 03:00:00+00:00,538.4,535.02,3.3799999999999955,False,BREAK_BEFORE_K1,0,0,,,False,,,BREAK_BEFORE_K1,2024-08-18 23:20:00+00:00,
60,01:00,5,2024-08-20,Tuesday,2024-08-19 18:00:00+00:00,2024-08-19 23:00:00+00:00,2024-08-19 23:00:00+00:00,2024-08-20 03:00:00+00:00,559.28,550.46,8.819999999999936,True,,1,0,2024-08-19 23:00:00+00:00,2024-08-19 23:05:00+00:00,True,2024-08-19 23:05:00+00:00,2024-08-19 23:10:00+00:00,H2_ARRIVAL,2024-08-19 23:25:00+00:00,20.0
60,01:00,5,2024-08-21,Wednesday,2024-08-20 18:00:00+00:00,2024-08-20 23:00:00+00:00,2024-08-20 23:00:00+00:00,2024-08-21 03:00:00+00:00,574.33,565.09,9.240000000000009,False,BREAK_BEFORE_K1,0,0,,,False,,,BREAK_BEFORE_K1,2024-08-20 23:05:00+00:00,
60,01:00,5,2024-08-22,Thursday,2024-08-21 18:00:00+00:00,2024-08-21 23:00:00+00:00,2024-08-21 23:00:00+00:00,2024-08-22 03:00:00+00:00,574.76,556.18,18.58000000000004,False,NO_K1,0,0,,,False,,,NO_K1,,
60,01:00,5,2024-08-23,Friday,2024-08-22 18:00:00+00:00,2024-08-22 23:00:00+00:00,2024-08-22 23:00:00+00:00,2024-08-23 03:00:00+00:00,586.63,574.68,11.950000000000045,True,,1,0,2024-08-23 01:50:00+00:00,2024-08-23 01:55:00+00:00,True,2024-08-23 01:55:00+00:00,2024-08-23 02:00:00+00:00,H2_ARRIVAL,2024-08-23 02:05:00+00:00,10.0
60,01:00,5,2024-08-24,Saturday,2024-08-23 18:00:00+00:00,2024-08-23 23:00:00+00:00,2024-08-23 23:00:00+00:00,2024-08-24 03:00:00+00:00,597.87,581.72,16.149999999999977,False,NO_K1,0,0,,,False,,,NO_K1,,
60,01:00,5,2024-08-25,Sunday,2024-08-24 18:00:00+00:00,2024-08-24 23:00:00+00:00,2024-08-24 23:00:00+00:00,2024-08-25 03:00:00+00:00,591.57,575.33,16.24000000000001,False,OPPOSITE_VISIT_BEFORE_K1,0,1,,,False,,,OPPOSITE_VISIT_BEFORE_K1,2024-08-25 01:45:00+00:00,
60,01:00,5,2024-08-26,Monday,2024-08-25 18:00:00+00:00,2024-08-25 23:00:00+00:00,2024-08-25 23:00:00+00:00,2024-08-26 03:00:00+00:00,578.33,574.0,4.330000000000041,True,,1,0,2024-08-25 23:05:00+00:00,2024-08-25 23:10:00+00:00,False,,,BREAK_DURING_K1,2024-08-25 23:10:00+00:00,
60,01:00,5,2024-08-27,Tuesday,2024-08-26 18:00:00+00:00,2024-08-26 23:00:00+00:00,2024-08-26 23:00:00+00:00,2024-08-27 03:00:00+00:00,558.59,546.41,12.180000000000064,False,NO_K1,0,0,,,False,,,NO_K1,,
60,01:00,5,2024-08-28,Wednesday,2024-08-27 18:00:00+00:00,2024-08-27 23:00:00+00:00,2024-08-27 23:00:00+00:00,2024-08-28 03:00:00+00:00,551.2,520.52,30.680000000000064,False,NO_K1,0,0,,,False,,,NO_K1,,
60,01:00,5,2024-08-29,Thursday,2024-08-28 18:00:00+00:00,2024-08-28 23:00:00+00:00,2024-08-28 23:00:00+00:00,2024-08-29 03:00:00+00:00,540.4,528.09,12.309999999999945,True,,1,0,2024-08-29 00:20:00+00:00,2024-08-29 00:25:00+00:00,True,2024-08-29 00:25:00+00:00,2024-08-29 00:30:00+00:00,H2_ARRIVAL,2024-08-29 01:00:00+00:00,35.0
60,01:00,5,2024-08-30,Friday,2024-08-29 18:00:00+00:00,2024-08-29 23:00:00+00:00,2024-08-29 23:00:00+00:00,2024-08-30 03:00:00+00:00,540.08,530.42,9.660000000000082,False,NO_K1,0,0,,,False,,,NO_K1,,
60,01:00,5,2024-08-31,Saturday,2024-08-30 18:00:00+00:00,2024-08-30 23:00:00+00:00,2024-08-30 23:00:00+00:00,2024-08-31 03:00:00+00:00,536.96,529.01,7.9500000000000455,False,BREAK_BEFORE_K1,0,0,,,False,,,BREAK_BEFORE_K1,2024-08-31 00:30:00+00:00,
60,01:00,5,2024-09-01,Sunday,2024-08-31 18:00:00+00:00,2024-08-31 23:00:00+00:00,2024-08-31 23:00:00+00:00,2024-09-01 03:00:00+00:00,534.78,531.08,3.699999999999932,False,BREAK_BEFORE_K1,0,0,,,False,,,BREAK_BEFORE_K1,2024-09-01 00:30:00+00:00,
60,01:00,5,2024-09-02,Monday,2024-09-01 18:00:00+00:00,2024-09-01 23:00:00+00:00,2024-09-01 23:00:00+00:00,2024-09-02 03:00:00+00:00,523.96,507.0,16.960000000000036,False,NO_K1,0,0,,,False,,,NO_K1,,
60,01:00,5,2024-09-03,Tuesday,2024-09-02 18:00:00+00:00,2024-09-02 23:00:00+00:00,2024-09-02 23:00:00+00:00,2024-09-03 03:00:00+00:00,530.6,520.0,10.600000000000023,False,BREAK_BEFORE_K1,0,0,,,False,,,BREAK_BEFORE_K1,2024-09-03 01:05:00+00:00,
60,01:00,5,2024-09-04,Wednesday,2024-09-03 18:00:00+00:00,2024-09-03 23:00:00+00:00,2024-09-03 23:00:00+00:00,2024-09-04 03:00:00+00:00,526.24,519.74,6.5,False,BREAK_BEFORE_K1,0,0,,,False,,,BREAK_BEFORE_K1,2024-09-03 23:50:00+00:00,
60,01:00,5,2024-09-05,Thursday,2024-09-04 18:00:00+00:00,2024-09-04 23:00:00+00:00,2024-09-04 23:00:00+00:00,2024-09-05 03:00:00+00:00,513.5,505.3,8.199999999999989,False,NO_K1,0,0,,,False,,,NO_K1,,
60,01:00,5,2024-09-06,Friday,2024-09-05 18:00:00+00:00,2024-09-05 23:00:00+00:00,2024-09-05 23:00:00+00:00,2024-09-06 03:00:00+00:00,503.76,497.62,6.139999999999986,True,,1,0,2024-09-06 00:10:00+00:00,2024-09-06 00:15:00+00:00,False,,,BREAK_DURING_K1,2024-09-06 00:15:00+00:00,
60,01:00,5,2024-09-07,Saturday,2024-09-06 18:00:00+00:00,2024-09-06 23:00:00+00:00,2024-09-06 23:00:00+00:00,2024-09-07 03:00:00+00:00,488.63,471.0,17.629999999999995,False,BREAK_BEFORE_K1,0,0,,,False,,,BREAK_BEFORE_K1,2024-09-07 00:35:00+00:00,
60,01:00,5,2024-09-08,Sunday,2024-09-07 18:00:00+00:00,2024-09-07 23:00:00+00:00,2024-09-07 23:00:00+00:00,2024-09-08 03:00:00+00:00,496.72,491.2,5.520000000000039,False,BREAK_BEFORE_K1,0,0,,,False,,,BREAK_BEFORE_K1,2024-09-07 23:00:00+00:00,
60,01:00,5,2024-09-09,Monday,2024-09-08 18:00:00+00:00,2024-09-08 23:00:00+00:00,2024-09-08 23:00:00+00:00,2024-09-09 03:00:00+00:00,507.0,494.72,12.279999999999973,False,BREAK_BEFORE_K1,0,0,,,False,,,BREAK_BEFORE_K1,2024-09-09 00:55:00+00:00,
60,01:00,5,2024-09-10,Tuesday,2024-09-09 18:00:00+00:00,2024-09-09 23:00:00+00:00,2024-09-09 23:00:00+00:00,2024-09-10 03:00:00+00:00,527.61,515.24,12.370000000000005,False,BREAK_BEFORE_K1,0,0,,,False,,,BREAK_BEFORE_K1,2024-09-10 00:25:00+00:00,
60,01:00,5,2024-09-11,Wednesday,2024-09-10 18:00:00+00:00,2024-09-10 23:00:00+00:00,2024-09-10 23:00:00+00:00,2024-09-11 03:00:00+00:00,524.46,517.74,6.720000000000027,False,OPPOSITE_VISIT_BEFORE_K1,0,1,,,False,,,OPPOSITE_VISIT_BEFORE_K1,2024-09-10 23:35:00+00:00,
60,01:00,5,2024-09-12,Thursday,2024-09-11 18:00:00+00:00,2024-09-11 23:00:00+00:00,2024-09-11 23:00:00+00:00,2024-09-12 03:00:00+00:00,534.94,528.06,6.880000000000109,False,BREAK_BEFORE_K1,0,0,,,False,,,BREAK_BEFORE_K1,2024-09-12 00:20:00+00:00,
60,01:00,5,2024-09-13,Friday,2024-09-12 18:00:00+00:00,2024-09-12 23:00:00+00:00,2024-09-12 23:00:00+00:00,2024-09-13 03:00:00+00:00,543.92,538.55,5.3700000000000045,True,,1,0,2024-09-12 23:30:00+00:00,2024-09-12 23:35:00+00:00,False,,,BREAK_DURING_K1,2024-09-12 23:35:00+00:00,
60,01:00,5,2024-09-14,Saturday,2024-09-13 18:00:00+00:00,2024-09-13 23:00:00+00:00,2024-09-13 23:00:00+00:00,2024-09-14 03:00:00+00:00,559.61,551.9,7.710000000000036,False,NO_K1,0,0,,,False,,,NO_K1,,
60,01:00,5,2024-09-15,Sunday,2024-09-14 18:00:00+00:00,2024-09-14 23:00:00+00:00,2024-09-14 23:00:00+00:00,2024-09-15 03:00:00+00:00,553.3,547.13,6.169999999999959,True,,1,0,2024-09-14 23:00:00+00:00,2024-09-14 23:05:00+00:00,False,,,BREAK_DURING_K1,2024-09-14 23:05:00+00:00,
60,01:00,5,2024-09-16,Monday,2024-09-15 18:00:00+00:00,2024-09-15 23:00:00+00:00,2024-09-15 23:00:00+00:00,2024-09-16 03:00:00+00:00,560.74,555.21,5.529999999999973,False,OPPOSITE_VISIT_BEFORE_K1,0,1,,,False,,,OPPOSITE_VISIT_BEFORE_K1,2024-09-15 23:10:00+00:00,
60,01:00,5,2024-09-17,Tuesday,2024-09-16 18:00:00+00:00,2024-09-16 23:00:00+00:00,2024-09-16 23:00:00+00:00,2024-09-17 03:00:00+00:00,536.17,526.5,9.669999999999959,False,NO_K1,0,0,,,False,,,NO_K1,,
60,01:00,5,2024-09-18,Wednesday,2024-09-17 18:00:00+00:00,2024-09-17 23:00:00+00:00,2024-09-17 23:00:00+00:00,2024-09-18 03:00:00+00:00,549.62,541.38,8.240000000000009,False,NO_K1,0,0,,,False,,,NO_K1,,
60,01:00,5,2024-09-19,Thursday,2024-09-18 18:00:00+00:00,2024-09-18 23:00:00+00:00,2024-09-18 23:00:00+00:00,2024-09-19 03:00:00+00:00,552.49,540.86,11.629999999999995,False,BREAK_BEFORE_K1,0,0,,,False,,,BREAK_BEFORE_K1,2024-09-18 23:00:00+00:00,
60,01:00,5,2024-09-20,Friday,2024-09-19 18:00:00+00:00,2024-09-19 23:00:00+00:00,2024-09-19 23:00:00+00:00,2024-09-20 03:00:00+00:00,570.34,561.5,8.840000000000032,False,OPPOSITE_VISIT_BEFORE_K1,0,1,,,False,,,OPPOSITE_VISIT_BEFORE_K1,2024-09-20 00:25:00+00:00,
60,01:00,5,2024-09-21,Saturday,2024-09-20 18:00:00+00:00,2024-09-20 23:00:00+00:00,2024-09-20 23:00:00+00:00,2024-09-21 03:00:00+00:00,570.24,564.15,6.090000000000032,False,BREAK_BEFORE_K1,0,0,,,False,,,BREAK_BEFORE_K1,2024-09-21 00:20:00+00:00,
60,01:00,5,2024-09-22,Sunday,2024-09-21 18:00:00+00:00,2024-09-21 23:00:00+00:00,2024-09-21 23:00:00+00:00,2024-09-22 03:00:00+00:00,588.37,583.67,4.7000000000000455,False,BREAK_BEFORE_K1,0,0,,,False,,,BREAK_BEFORE_K1,2024-09-21 23:10:00+00:00,
60,01:00,5,2024-09-23,Monday,2024-09-22 18:00:00+00:00,2024-09-22 23:00:00+00:00,2024-09-22 23:00:00+00:00,2024-09-23 03:00:00+00:00,595.08,576.07,19.00999999999999,True,,1,0,2024-09-23 01:35:00+00:00,2024-09-23 01:40:00+00:00,False,,,BREAK_DURING_K1,2024-09-23 01:55:00+00:00,
60,01:00,5,2024-09-24,Tuesday,2024-09-23 18:00:00+00:00,2024-09-23 23:00:00+00:00,2024-09-23 23:00:00+00:00,2024-09-24 03:00:00+00:00,616.69,606.63,10.06000000000006,False,OPPOSITE_VISIT_BEFORE_K1,0,1,,,False,,,OPPOSITE_VISIT_BEFORE_K1,2024-09-23 23:00:00+00:00,
60,01:00,5,2024-09-25,Wednesday,2024-09-24 18:00:00+00:00,2024-09-24 23:00:00+00:00,2024-09-24 23:00:00+00:00,2024-09-25 03:00:00+00:00,613.9,604.74,9.159999999999968,False,BREAK_BEFORE_K1,0,0,,,False,,,BREAK_BEFORE_K1,2024-09-25 00:15:00+00:00,
60,01:00,5,2024-09-26,Thursday,2024-09-25 18:00:00+00:00,2024-09-25 23:00:00+00:00,2024-09-25 23:00:00+00:00,2024-09-26 03:00:00+00:00,591.71,583.98,7.730000000000018,False,BREAK_BEFORE_K1,0,0,,,False,,,BREAK_BEFORE_K1,2024-09-26 00:45:00+00:00,
60,01:00,5,2024-09-27,Friday,2024-09-26 18:00:00+00:00,2024-09-26 23:00:00+00:00,2024-09-26 23:00:00+00:00,2024-09-27 03:00:00+00:00,599.74,591.33,8.409999999999968,True,,1,0,2024-09-27 01:05:00+00:00,2024-09-27 01:10:00+00:00,True,2024-09-27 01:10:00+00:00,2024-09-27 01:15:00+00:00,H2_ARRIVAL,2024-09-27 02:00:00+00:00,50.0
60,01:00,5,2024-09-28,Saturday,2024-09-27 18:00:00+00:00,2024-09-27 23:00:00+00:00,2024-09-27 23:00:00+00:00,2024-09-28 03:00:00+00:00,611.9,604.31,7.590000000000032,True,,1,0,2024-09-28 02:50:00+00:00,2024-09-28 02:55:00+00:00,False,,,BREAK_DURING_K1,2024-09-28 02:55:00+00:00,
60,01:00,5,2024-09-29,Sunday,2024-09-28 18:00:00+00:00,2024-09-28 23:00:00+00:00,2024-09-28 23:00:00+00:00,2024-09-29 03:00:00+00:00,602.04,595.76,6.279999999999973,True,,1,0,2024-09-28 23:50:00+00:00,2024-09-28 23:55:00+00:00,True,2024-09-28 23:55:00+00:00,2024-09-29 00:00:00+00:00,H2_ARRIVAL,2024-09-29 00:15:00+00:00,20.0
60,01:00,5,2024-09-30,Monday,2024-09-29 18:00:00+00:00,2024-09-29 23:00:00+00:00,2024-09-29 23:00:00+00:00,2024-09-30 03:00:00+00:00,601.67,596.73,4.939999999999941,False,BREAK_BEFORE_K1,0,0,,,False,,,BREAK_BEFORE_K1,2024-09-29 23:05:00+00:00,
60,01:00,5,2024-10-01,Tuesday,2024-09-30 18:00:00+00:00,2024-09-30 23:00:00+00:00,2024-09-30 23:00:00+00:00,2024-10-01 03:00:00+00:00,575.82,568.0,7.82000000000005,False,BREAK_BEFORE_K1,0,0,,,False,,,BREAK_BEFORE_K1,2024-09-30 23:30:00+00:00,
60,01:00,5,2024-10-02,Wednesday,2024-10-01 18:00:00+00:00,2024-10-01 23:00:00+00:00,2024-10-01 23:00:00+00:00,2024-10-02 03:00:00+00:00,556.61,536.11,20.5,False,NO_K1,0,0,,,False,,,NO_K1,,
60,01:00,5,2024-10-03,Thursday,2024-10-02 18:00:00+00:00,2024-10-02 23:00:00+00:00,2024-10-02 23:00:00+00:00,2024-10-03 03:00:00+00:00,547.38,534.4,12.980000000000018,False,BREAK_BEFORE_K1,0,0,,,False,,,BREAK_BEFORE_K1,2024-10-03 01:20:00+00:00,
60,01:00,5,2024-10-04,Friday,2024-10-03 18:00:00+00:00,2024-10-03 23:00:00+00:00,2024-10-03 23:00:00+00:00,2024-10-04 03:00:00+00:00,546.45,540.99,5.460000000000036,False,BREAK_BEFORE_K1,0,0,,,False,,,BREAK_BEFORE_K1,2024-10-04 01:20:00+00:00,
60,01:00,5,2024-10-05,Saturday,2024-10-04 18:00:00+00:00,2024-10-04 23:00:00+00:00,2024-10-04 23:00:00+00:00,2024-10-05 03:00:00+00:00,557.97,552.34,5.6299999999999955,False,NO_K1,0,0,,,False,,,NO_K1,,
60,01:00,5,2024-10-06,Sunday,2024-10-05 18:00:00+00:00,2024-10-05 23:00:00+00:00,2024-10-05 23:00:00+00:00,2024-10-06 03:00:00+00:00,564.12,558.0,6.1200000000000045,False,BREAK_BEFORE_K1,0,0,,,False,,,BREAK_BEFORE_K1,2024-10-06 01:20:00+00:00,
60,01:00,5,2024-10-07,Monday,2024-10-06 18:00:00+00:00,2024-10-06 23:00:00+00:00,2024-10-06 23:00:00+00:00,2024-10-07 03:00:00+00:00,567.95,563.25,4.7000000000000455,False,BREAK_BEFORE_K1,0,0,,,False,,,BREAK_BEFORE_K1,2024-10-06 23:00:00+00:00,
60,01:00,5,2024-10-08,Tuesday,2024-10-07 18:00:00+00:00,2024-10-07 23:00:00+00:00,2024-10-07 23:00:00+00:00,2024-10-08 03:00:00+00:00,576.6,566.5,10.100000000000023,False,BREAK_BEFORE_K1,0,0,,,False,,,BREAK_BEFORE_K1,2024-10-07 23:00:00+00:00,
60,01:00,5,2024-10-09,Wednesday,2024-10-08 18:00:00+00:00,2024-10-08 23:00:00+00:00,2024-10-08 23:00:00+00:00,2024-10-09 03:00:00+00:00,586.8,577.55,9.25,False,BREAK_BEFORE_K1,0,0,,,False,,,BREAK_BEFORE_K1,2024-10-09 00:35:00+00:00,
60,01:00,5,2024-10-10,Thursday,2024-10-09 18:00:00+00:00,2024-10-09 23:00:00+00:00,2024-10-09 23:00:00+00:00,2024-10-10 03:00:00+00:00,578.15,565.85,12.299999999999955,False,NO_K1,0,0,,,False,,,NO_K1,,
60,01:00,5,2024-10-11,Friday,2024-10-10 18:00:00+00:00,2024-10-10 23:00:00+00:00,2024-10-10 23:00:00+00:00,2024-10-11 03:00:00+00:00,562.0,551.27,10.730000000000018,False,BREAK_BEFORE_K1,0,0,,,False,,,BREAK_BEFORE_K1,2024-10-10 23:30:00+00:00,
60,01:00,5,2024-10-12,Saturday,2024-10-11 18:00:00+00:00,2024-10-11 23:00:00+00:00,2024-10-11 23:00:00+00:00,2024-10-12 03:00:00+00:00,577.48,572.23,5.25,False,NO_K1,0,0,,,False,,,NO_K1,,
60,01:00,5,2024-10-13,Sunday,2024-10-12 18:00:00+00:00,2024-10-12 23:00:00+00:00,2024-10-12 23:00:00+00:00,2024-10-13 03:00:00+00:00,578.16,575.72,2.439999999999941,True,,1,0,2024-10-12 23:05:00+00:00,2024-10-12 23:10:00+00:00,True,2024-10-12 23:15:00+00:00,2024-10-12 23:20:00+00:00,H2_ARRIVAL,2024-10-13 00:30:00+00:00,75.0
60,01:00,5,2024-10-14,Monday,2024-10-13 18:00:00+00:00,2024-10-13 23:00:00+00:00,2024-10-13 23:00:00+00:00,2024-10-14 03:00:00+00:00,573.13,566.63,6.5,False,NO_K1,0,0,,,False,,,NO_K1,,
60,01:00,5,2024-10-15,Tuesday,2024-10-14 18:00:00+00:00,2024-10-14 23:00:00+00:00,2024-10-14 23:00:00+00:00,2024-10-15 03:00:00+00:00,591.82,587.44,4.3799999999999955,True,,1,0,2024-10-14 23:00:00+00:00,2024-10-14 23:05:00+00:00,True,2024-10-14 23:05:00+00:00,2024-10-14 23:10:00+00:00,H2_ARRIVAL,2024-10-15 00:25:00+00:00,80.0
60,01:00,5,2024-10-16,Wednesday,2024-10-15 18:00:00+00:00,2024-10-15 23:00:00+00:00,2024-10-15 23:00:00+00:00,2024-10-16 03:00:00+00:00,595.85,587.32,8.529999999999973,False,BREAK_BEFORE_K1,0,0,,,False,,,BREAK_BEFORE_K1,2024-10-16 01:20:00+00:00,
60,01:00,5,2024-10-17,Thursday,2024-10-16 18:00:00+00:00,2024-10-16 23:00:00+00:00,2024-10-16 23:00:00+00:00,2024-10-17 03:00:00+00:00,605.84,596.09,9.75,False,BREAK_BEFORE_K1,0,0,,,False,,,BREAK_BEFORE_K1,2024-10-17 01:15:00+00:00,
60,01:00,5,2024-10-18,Friday,2024-10-17 18:00:00+00:00,2024-10-17 23:00:00+00:00,2024-10-17 23:00:00+00:00,2024-10-18 03:00:00+00:00,592.26,584.56,7.7000000000000455,True,,1,0,2024-10-17 23:00:00+00:00,2024-10-17 23:05:00+00:00,True,2024-10-17 23:05:00+00:00,2024-10-17 23:10:00+00:00,H2_ARRIVAL,2024-10-17 23:15:00+00:00,10.0
60,01:00,5,2024-10-19,Saturday,2024-10-18 18:00:00+00:00,2024-10-18 23:00:00+00:00,2024-10-18 23:00:00+00:00,2024-10-19 03:00:00+00:00,602.54,597.75,4.789999999999964,False,NO_K1,0,0,,,False,,,NO_K1,,
60,01:00,5,2024-10-20,Sunday,2024-10-19 18:00:00+00:00,2024-10-19 23:00:00+00:00,2024-10-19 23:00:00+00:00,2024-10-20 03:00:00+00:00,597.96,595.75,2.2100000000000364,True,,1,0,2024-10-19 23:10:00+00:00,2024-10-19 23:15:00+00:00,False,,,BREAK_DURING_K1,2024-10-19 23:20:00+00:00,
60,01:00,5,2024-10-21,Monday,2024-10-20 18:00:00+00:00,2024-10-20 23:00:00+00:00,2024-10-20 23:00:00+00:00,2024-10-21 03:00:00+00:00,606.66,597.9,8.759999999999991,True,,1,0,2024-10-20 23:20:00+00:00,2024-10-20 23:25:00+00:00,True,2024-10-20 23:25:00+00:00,2024-10-20 23:30:00+00:00,H2_ARRIVAL,2024-10-20 23:30:00+00:00,5.0
60,01:00,5,2024-10-22,Tuesday,2024-10-21 18:00:00+00:00,2024-10-21 23:00:00+00:00,2024-10-21 23:00:00+00:00,2024-10-22 03:00:00+00:00,601.54,596.69,4.849999999999909,False,BREAK_BEFORE_K1,0,0,,,False,,,BREAK_BEFORE_K1,2024-10-22 00:30:00+00:00,
60,01:00,5,2024-10-23,Wednesday,2024-10-22 18:00:00+00:00,2024-10-22 23:00:00+00:00,2024-10-22 23:00:00+00:00,2024-10-23 03:00:00+00:00,596.64,593.05,3.590000000000032,False,BREAK_BEFORE_K1,0,0,,,False,,,BREAK_BEFORE_K1,2024-10-23 00:10:00+00:00,
60,01:00,5,2024-10-24,Thursday,2024-10-23 18:00:00+00:00,2024-10-23 23:00:00+00:00,2024-10-23 23:00:00+00:00,2024-10-24 03:00:00+00:00,584.53,572.82,11.709999999999923,True,,1,0,2024-10-23 23:05:00+00:00,2024-10-23 23:10:00+00:00,False,,,BREAK_DURING_K1,2024-10-23 23:10:00+00:00,
60,01:00,5,2024-10-25,Friday,2024-10-24 18:00:00+00:00,2024-10-24 23:00:00+00:00,2024-10-24 23:00:00+00:00,2024-10-25 03:00:00+00:00,598.23,591.57,6.659999999999968,False,NO_K1,0,0,,,False,,,NO_K1,,
60,01:00,5,2024-10-26,Saturday,2024-10-25 18:00:00+00:00,2024-10-25 23:00:00+00:00,2024-10-25 23:00:00+00:00,2024-10-26 03:00:00+00:00,589.16,578.23,10.92999999999995,False,BREAK_BEFORE_K1,0,0,,,False,,,BREAK_BEFORE_K1,2024-10-25 23:05:00+00:00,
60,01:00,5,2024-10-27,Sunday,2024-10-26 18:00:00+00:00,2024-10-26 23:00:00+00:00,2024-10-26 23:00:00+00:00,2024-10-27 03:00:00+00:00,587.1,583.32,3.7799999999999727,False,BREAK_BEFORE_K1,0,0,,,False,,,BREAK_BEFORE_K1,2024-10-26 23:10:00+00:00,
60,01:00,5,2024-10-28,Monday,2024-10-27 18:00:00+00:00,2024-10-27 23:00:00+00:00,2024-10-27 23:00:00+00:00,2024-10-28 03:00:00+00:00,590.82,585.5,5.32000000000005,False,BREAK_BEFORE_K1,0,0,,,False,,,BREAK_BEFORE_K1,2024-10-27 23:05:00+00:00,
60,01:00,5,2024-10-29,Tuesday,2024-10-28 18:00:00+00:00,2024-10-28 23:00:00+00:00,2024-10-28 23:00:00+00:00,2024-10-29 03:00:00+00:00,605.0,590.41,14.590000000000032,False,BREAK_BEFORE_K1,0,0,,,False,,,BREAK_BEFORE_K1,2024-10-29 02:05:00+00:00,
60,01:00,5,2024-10-30,Wednesday,2024-10-29 18:00:00+00:00,2024-10-29 23:00:00+00:00,2024-10-29 23:00:00+00:00,2024-10-30 03:00:00+00:00,612.0,600.69,11.309999999999945,False,OPPOSITE_VISIT_BEFORE_K1,0,1,,,False,,,OPPOSITE_VISIT_BEFORE_K1,2024-10-30 01:00:00+00:00,
60,01:00,5,2024-10-31,Thursday,2024-10-30 18:00:00+00:00,2024-10-30 23:00:00+00:00,2024-10-30 23:00:00+00:00,2024-10-31 03:00:00+00:00,600.84,595.02,5.82000000000005,False,BREAK_BEFORE_K1,0,0,,,False,,,BREAK_BEFORE_K1,2024-10-31 00:50:00+00:00,
60,01:00,5,2024-11-01,Friday,2024-10-31 18:00:00+00:00,2024-10-31 23:00:00+00:00,2024-10-31 23:00:00+00:00,2024-11-01 03:00:00+00:00,577.43,571.14,6.289999999999964,False,BREAK_BEFORE_K1,0,0,,,False,,,BREAK_BEFORE_K1,2024-10-31 23:15:00+00:00,
60,01:00,5,2024-11-02,Saturday,2024-11-01 18:00:00+00:00,2024-11-01 23:00:00+00:00,2024-11-01 23:00:00+00:00,2024-11-02 03:00:00+00:00,574.32,567.52,6.800000000000068,True,,1,0,2024-11-02 00:30:00+00:00,2024-11-02 00:35:00+00:00,False,,,BREAK_DURING_K1,2024-11-02 00:35:00+00:00,
60,01:00,5,2024-11-03,Sunday,2024-11-02 18:00:00+00:00,2024-11-02 23:00:00+00:00,2024-11-02 23:00:00+00:00,2024-11-03 03:00:00+00:00,570.64,566.76,3.8799999999999955,False,OPPOSITE_VISIT_BEFORE_K1,0,1,,,False,,,OPPOSITE_VISIT_BEFORE_K1,2024-11-02 23:30:00+00:00,
60,01:00,5,2024-11-04,Monday,2024-11-03 18:00:00+00:00,2024-11-03 23:00:00+00:00,2024-11-03 23:00:00+00:00,2024-11-04 03:00:00+00:00,560.22,548.43,11.790000000000077,True,,1,0,2024-11-04 01:20:00+00:00,2024-11-04 01:25:00+00:00,True,2024-11-04 01:25:00+00:00,2024-11-04 01:30:00+00:00,H2_ARRIVAL,2024-11-04 01:30:00+00:00,5.0
60,01:00,5,2024-11-05,Tuesday,2024-11-04 18:00:00+00:00,2024-11-04 23:00:00+00:00,2024-11-04 23:00:00+00:00,2024-11-05 03:00:00+00:00,554.83,543.22,11.610000000000014,False,BREAK_BEFORE_K1,0,0,,,False,,,BREAK_BEFORE_K1,2024-11-05 00:45:00+00:00,
60,01:00,5,2024-11-06,Wednesday,2024-11-05 18:00:00+00:00,2024-11-05 23:00:00+00:00,2024-11-05 23:00:00+00:00,2024-11-06 03:00:00+00:00,570.54,559.03,11.509999999999991,True,,1,0,2024-11-06 00:35:00+00:00,2024-11-06 00:40:00+00:00,False,,,BREAK_DURING_K1,2024-11-06 00:40:00+00:00,
60,01:00,5,2024-11-07,Thursday,2024-11-06 18:00:00+00:00,2024-11-06 23:00:00+00:00,2024-11-06 23:00:00+00:00,2024-11-07 03:00:00+00:00,595.35,582.17,13.180000000000064,False,BREAK_BEFORE_K1,0,0,,,False,,,BREAK_BEFORE_K1,2024-11-07 00:20:00+00:00,
60,01:00,5,2024-11-08,Friday,2024-11-07 18:00:00+00:00,2024-11-07 23:00:00+00:00,2024-11-07 23:00:00+00:00,2024-11-08 03:00:00+00:00,603.17,596.03,7.139999999999986,True,,1,0,2024-11-08 00:10:00+00:00,2024-11-08 00:15:00+00:00,False,,,BREAK_DURING_K1,2024-11-08 00:15:00+00:00,
60,01:00,5,2024-11-09,Saturday,2024-11-08 18:00:00+00:00,2024-11-08 23:00:00+00:00,2024-11-08 23:00:00+00:00,2024-11-09 03:00:00+00:00,599.29,592.18,7.110000000000014,False,BREAK_BEFORE_K1,0,0,,,False,,,BREAK_BEFORE_K1,2024-11-09 00:10:00+00:00,
60,01:00,5,2024-11-10,Sunday,2024-11-09 18:00:00+00:00,2024-11-09 23:00:00+00:00,2024-11-09 23:00:00+00:00,2024-11-10 03:00:00+00:00,625.0,614.19,10.809999999999945,False,BREAK_BEFORE_K1,0,0,,,False,,,BREAK_BEFORE_K1,2024-11-09 23:05:00+00:00,
60,01:00,5,2024-11-11,Monday,2024-11-10 18:00:00+00:00,2024-11-10 23:00:00+00:00,2024-11-10 23:00:00+00:00,2024-11-11 03:00:00+00:00,643.7,612.02,31.680000000000064,False,NO_K1,0,0,,,False,,,NO_K1,,
60,01:00,5,2024-11-12,Tuesday,2024-11-11 18:00:00+00:00,2024-11-11 23:00:00+00:00,2024-11-11 23:00:00+00:00,2024-11-12 03:00:00+00:00,643.4,628.51,14.889999999999986,True,,1,0,2024-11-11 23:05:00+00:00,2024-11-11 23:10:00+00:00,False,,,BREAK_DURING_K1,2024-11-11 23:10:00+00:00,
60,01:00,5,2024-11-13,Wednesday,2024-11-12 18:00:00+00:00,2024-11-12 23:00:00+00:00,2024-11-12 23:00:00+00:00,2024-11-13 03:00:00+00:00,635.56,622.5,13.059999999999945,False,OPPOSITE_VISIT_BEFORE_K1,0,1,,,False,,,OPPOSITE_VISIT_BEFORE_K1,2024-11-13 00:20:00+00:00,
60,01:00,5,2024-11-14,Thursday,2024-11-13 18:00:00+00:00,2024-11-13 23:00:00+00:00,2024-11-13 23:00:00+00:00,2024-11-14 03:00:00+00:00,633.48,605.0,28.480000000000018,False,NO_K1,0,0,,,False,,,NO_K1,,
60,01:00,5,2024-11-15,Friday,2024-11-14 18:00:00+00:00,2024-11-14 23:00:00+00:00,2024-11-14 23:00:00+00:00,2024-11-15 03:00:00+00:00,639.26,627.39,11.870000000000005,False,BREAK_BEFORE_K1,0,0,,,False,,,BREAK_BEFORE_K1,2024-11-14 23:05:00+00:00,
60,01:00,5,2024-11-16,Saturday,2024-11-15 18:00:00+00:00,2024-11-15 23:00:00+00:00,2024-11-15 23:00:00+00:00,2024-11-16 03:00:00+00:00,620.31,609.17,11.139999999999986,True,,1,0,2024-11-16 00:45:00+00:00,2024-11-16 00:50:00+00:00,True,2024-11-16 00:55:00+00:00,2024-11-16 01:00:00+00:00,H2_ARRIVAL,2024-11-16 01:00:00+00:00,5.0
60,01:00,5,2024-11-17,Sunday,2024-11-16 18:00:00+00:00,2024-11-16 23:00:00+00:00,2024-11-16 23:00:00+00:00,2024-11-17 03:00:00+00:00,631.26,620.6,10.659999999999968,False,OPPOSITE_VISIT_BEFORE_K1,0,1,,,False,,,OPPOSITE_VISIT_BEFORE_K1,2024-11-17 01:30:00+00:00,
60,01:00,5,2024-11-18,Monday,2024-11-17 18:00:00+00:00,2024-11-17 23:00:00+00:00,2024-11-17 23:00:00+00:00,2024-11-18 03:00:00+00:00,624.05,611.33,12.719999999999914,True,,1,0,2024-11-18 01:15:00+00:00,2024-11-18 01:20:00+00:00,False,,,BREAK_DURING_K1,2024-11-18 01:25:00+00:00,
60,01:00,5,2024-11-19,Tuesday,2024-11-18 18:00:00+00:00,2024-11-18 23:00:00+00:00,2024-11-18 23:00:00+00:00,2024-11-19 03:00:00+00:00,635.0,612.83,22.16999999999996,False,NO_K1,0,0,,,False,,,NO_K1,,
60,01:00,5,2024-11-20,Wednesday,2024-11-19 18:00:00+00:00,2024-11-19 23:00:00+00:00,2024-11-19 23:00:00+00:00,2024-11-20 03:00:00+00:00,619.81,605.47,14.339999999999918,False,NO_K1,0,0,,,False,,,NO_K1,,
60,01:00,5,2024-11-21,Thursday,2024-11-20 18:00:00+00:00,2024-11-20 23:00:00+00:00,2024-11-20 23:00:00+00:00,2024-11-21 03:00:00+00:00,613.17,600.25,12.919999999999959,False,BREAK_BEFORE_K1,0,0,,,False,,,BREAK_BEFORE_K1,2024-11-21 02:25:00+00:00,
60,01:00,5,2024-11-22,Friday,2024-11-21 18:00:00+00:00,2024-11-21 23:00:00+00:00,2024-11-21 23:00:00+00:00,2024-11-22 03:00:00+00:00,626.08,618.58,7.5,False,BREAK_BEFORE_K1,0,0,,,False,,,BREAK_BEFORE_K1,2024-11-22 00:20:00+00:00,
60,01:00,5,2024-11-23,Saturday,2024-11-22 18:00:00+00:00,2024-11-22 23:00:00+00:00,2024-11-22 23:00:00+00:00,2024-11-23 03:00:00+00:00,630.43,618.76,11.669999999999959,True,,1,0,2024-11-22 23:10:00+00:00,2024-11-22 23:15:00+00:00,True,2024-11-22 23:15:00+00:00,2024-11-22 23:20:00+00:00,H2_ARRIVAL,2024-11-22 23:30:00+00:00,15.0
60,01:00,5,2024-11-24,Sunday,2024-11-23 18:00:00+00:00,2024-11-23 23:00:00+00:00,2024-11-23 23:00:00+00:00,2024-11-24 03:00:00+00:00,659.38,642.65,16.730000000000018,False,BREAK_BEFORE_K1,0,0,,,False,,,BREAK_BEFORE_K1,2024-11-24 00:45:00+00:00,
60,01:00,5,2024-11-25,Monday,2024-11-24 18:00:00+00:00,2024-11-24 23:00:00+00:00,2024-11-24 23:00:00+00:00,2024-11-25 03:00:00+00:00,662.34,646.89,15.450000000000045,False,BREAK_BEFORE_K1,0,0,,,False,,,BREAK_BEFORE_K1,2024-11-24 23:00:00+00:00,
60,01:00,5,2024-11-26,Tuesday,2024-11-25 18:00:00+00:00,2024-11-25 23:00:00+00:00,2024-11-25 23:00:00+00:00,2024-11-26 03:00:00+00:00,647.57,627.0,20.57000000000005,False,NO_K1,0,0,,,False,,,NO_K1,,
60,01:00,5,2024-11-27,Wednesday,2024-11-26 18:00:00+00:00,2024-11-26 23:00:00+00:00,2024-11-26 23:00:00+00:00,2024-11-27 03:00:00+00:00,618.33,599.92,18.410000000000082,True,,1,0,2024-11-27 02:50:00+00:00,2024-11-27 02:55:00+00:00,False,,,BREAK_DURING_K1,2024-11-27 02:55:00+00:00,
60,01:00,5,2024-11-28,Thursday,2024-11-27 18:00:00+00:00,2024-11-27 23:00:00+00:00,2024-11-27 23:00:00+00:00,2024-11-28 03:00:00+00:00,647.14,636.0,11.139999999999986,True,,1,0,2024-11-28 00:45:00+00:00,2024-11-28 00:50:00+00:00,False,,,BREAK_DURING_K1,2024-11-28 00:50:00+00:00,
60,01:00,5,2024-11-29,Friday,2024-11-28 18:00:00+00:00,2024-11-28 23:00:00+00:00,2024-11-28 23:00:00+00:00,2024-11-29 03:00:00+00:00,660.0,648.0,12.0,True,,1,0,2024-11-28 23:00:00+00:00,2024-11-28 23:05:00+00:00,True,2024-11-28 23:05:00+00:00,2024-11-28 23:10:00+00:00,H2_ARRIVAL,2024-11-29 02:30:00+00:00,205.0
60,01:00,5,2024-11-30,Saturday,2024-11-29 18:00:00+00:00,2024-11-29 23:00:00+00:00,2024-11-29 23:00:00+00:00,2024-11-30 03:00:00+00:00,661.5,650.39,11.110000000000014,False,OPPOSITE_VISIT_BEFORE_K1,0,1,,,False,,,OPPOSITE_VISIT_BEFORE_K1,2024-11-30 00:40:00+00:00,
60,01:00,5,2024-12-01,Sunday,2024-11-30 18:00:00+00:00,2024-11-30 23:00:00+00:00,2024-11-30 23:00:00+00:00,2024-12-01 03:00:00+00:00,658.76,653.03,5.730000000000018,False,BREAK_BEFORE_K1,0,0,,,False,,,BREAK_BEFORE_K1,2024-12-01 00:40:00+00:00,
60,01:00,5,2024-12-02,Monday,2024-12-01 18:00:00+00:00,2024-12-01 23:00:00+00:00,2024-12-01 23:00:00+00:00,2024-12-02 03:00:00+00:00,660.54,651.91,8.629999999999995,False,BREAK_BEFORE_K1,0,0,,,False,,,BREAK_BEFORE_K1,2024-12-02 01:20:00+00:00,
60,01:00,5,2024-12-03,Tuesday,2024-12-02 18:00:00+00:00,2024-12-02 23:00:00+00:00,2024-12-02 23:00:00+00:00,2024-12-03 03:00:00+00:00,643.94,629.98,13.960000000000036,False,BREAK_BEFORE_K1,0,0,,,False,,,BREAK_BEFORE_K1,2024-12-02 23:00:00+00:00,
60,01:00,5,2024-12-04,Wednesday,2024-12-03 18:00:00+00:00,2024-12-03 23:00:00+00:00,2024-12-03 23:00:00+00:00,2024-12-04 03:00:00+00:00,740.99,659.19,81.79999999999995,False,BREAK_BEFORE_K1,0,0,,,False,,,BREAK_BEFORE_K1,2024-12-03 23:00:00+00:00,
60,01:00,5,2024-12-05,Thursday,2024-12-04 18:00:00+00:00,2024-12-04 23:00:00+00:00,2024-12-04 23:00:00+00:00,2024-12-05 03:00:00+00:00,747.46,726.82,20.639999999999986,False,OPPOSITE_VISIT_BEFORE_K1,0,1,,,False,,,OPPOSITE_VISIT_BEFORE_K1,2024-12-05 00:45:00+00:00,
60,01:00,5,2024-12-06,Friday,2024-12-05 18:00:00+00:00,2024-12-05 23:00:00+00:00,2024-12-05 23:00:00+00:00,2024-12-06 03:00:00+00:00,734.71,694.48,40.23000000000002,False,NO_K1,0,0,,,False,,,NO_K1,,
60,01:00,5,2024-12-07,Saturday,2024-12-06 18:00:00+00:00,2024-12-06 23:00:00+00:00,2024-12-06 23:00:00+00:00,2024-12-07 03:00:00+00:00,744.66,731.96,12.699999999999932,False,OPPOSITE_VISIT_BEFORE_K1,0,1,,,False,,,OPPOSITE_VISIT_BEFORE_K1,2024-12-06 23:15:00+00:00,
60,01:00,5,2024-12-08,Sunday,2024-12-07 18:00:00+00:00,2024-12-07 23:00:00+00:00,2024-12-07 23:00:00+00:00,2024-12-08 03:00:00+00:00,761.69,749.23,12.460000000000036,False,OPPOSITE_VISIT_BEFORE_K1,0,1,,,False,,,OPPOSITE_VISIT_BEFORE_K1,2024-12-07 23:00:00+00:00,
60,01:00,5,2024-12-09,Monday,2024-12-08 18:00:00+00:00,2024-12-08 23:00:00+00:00,2024-12-08 23:00:00+00:00,2024-12-09 03:00:00+00:00,744.25,735.23,9.019999999999982,True,,1,0,2024-12-08 23:55:00+00:00,2024-12-09 00:00:00+00:00,True,2024-12-09 00:00:00+00:00,2024-12-09 00:05:00+00:00,OPPOSITE_BREAK_BEFORE_H2,2024-12-09 00:30:00+00:00,
60,01:00,5,2024-12-10,Tuesday,2024-12-09 18:00:00+00:00,2024-12-09 23:00:00+00:00,2024-12-09 23:00:00+00:00,2024-12-10 03:00:00+00:00,722.56,633.0,89.55999999999995,False,NO_K1,0,0,,,False,,,NO_K1,,
60,01:00,5,2024-12-11,Wednesday,2024-12-10 18:00:00+00:00,2024-12-10 23:00:00+00:00,2024-12-10 23:00:00+00:00,2024-12-11 03:00:00+00:00,680.68,649.47,31.209999999999923,False,NO_K1,0,0,,,False,,,NO_K1,,
60,01:00,5,2024-12-12,Thursday,2024-12-11 18:00:00+00:00,2024-12-11 23:00:00+00:00,2024-12-11 23:00:00+00:00,2024-12-12 03:00:00+00:00,712.22,699.8,12.420000000000073,True,,1,0,2024-12-11 23:15:00+00:00,2024-12-11 23:20:00+00:00,True,2024-12-11 23:25:00+00:00,2024-12-11 23:30:00+00:00,H2_ARRIVAL,2024-12-11 23:55:00+00:00,30.0
60,01:00,5,2024-12-13,Friday,2024-12-12 18:00:00+00:00,2024-12-12 23:00:00+00:00,2024-12-12 23:00:00+00:00,2024-12-13 03:00:00+00:00,722.9,699.68,23.220000000000027,False,OPPOSITE_VISIT_BEFORE_K1,0,1,,,False,,,OPPOSITE_VISIT_BEFORE_K1,2024-12-13 01:15:00+00:00,
60,01:00,5,2024-12-14,Saturday,2024-12-13 18:00:00+00:00,2024-12-13 23:00:00+00:00,2024-12-13 23:00:00+00:00,2024-12-14 03:00:00+00:00,730.24,716.61,13.629999999999995,False,BREAK_BEFORE_K1,0,0,,,False,,,BREAK_BEFORE_K1,2024-12-14 01:20:00+00:00,
60,01:00,5,2024-12-15,Sunday,2024-12-14 18:00:00+00:00,2024-12-14 23:00:00+00:00,2024-12-14 23:00:00+00:00,2024-12-15 03:00:00+00:00,714.89,704.65,10.240000000000009,True,,1,0,2024-12-14 23:00:00+00:00,2024-12-14 23:05:00+00:00,True,2024-12-14 23:05:00+00:00,2024-12-14 23:10:00+00:00,H2_ARRIVAL,2024-12-14 23:10:00+00:00,5.0
60,01:00,5,2024-12-16,Monday,2024-12-15 18:00:00+00:00,2024-12-15 23:00:00+00:00,2024-12-15 23:00:00+00:00,2024-12-16 03:00:00+00:00,720.5,706.15,14.350000000000023,False,BREAK_BEFORE_K1,0,0,,,False,,,BREAK_BEFORE_K1,2024-12-15 23:20:00+00:00,
60,01:00,5,2024-12-17,Tuesday,2024-12-16 18:00:00+00:00,2024-12-16 23:00:00+00:00,2024-12-16 23:00:00+00:00,2024-12-17 03:00:00+00:00,731.0,723.24,7.759999999999991,False,BREAK_BEFORE_K1,0,0,,,False,,,BREAK_BEFORE_K1,2024-12-16 23:05:00+00:00,
60,01:00,5,2024-12-18,Wednesday,2024-12-17 18:00:00+00:00,2024-12-17 23:00:00+00:00,2024-12-17 23:00:00+00:00,2024-12-18 03:00:00+00:00,737.22,720.35,16.870000000000005,False,BREAK_BEFORE_K1,0,0,,,False,,,BREAK_BEFORE_K1,2024-12-17 23:00:00+00:00,
60,01:00,5,2024-12-19,Thursday,2024-12-18 18:00:00+00:00,2024-12-18 23:00:00+00:00,2024-12-18 23:00:00+00:00,2024-12-19 03:00:00+00:00,721.1,680.0,41.10000000000002,False,BREAK_BEFORE_K1,0,0,,,False,,,BREAK_BEFORE_K1,2024-12-19 02:05:00+00:00,
60,01:00,5,2024-12-20,Friday,2024-12-19 18:00:00+00:00,2024-12-19 23:00:00+00:00,2024-12-19 23:00:00+00:00,2024-12-20 03:00:00+00:00,676.0,647.59,28.409999999999968,False,BREAK_BEFORE_K1,0,0,,,False,,,BREAK_BEFORE_K1,2024-12-20 02:30:00+00:00,
60,01:00,5,2024-12-21,Saturday,2024-12-20 18:00:00+00:00,2024-12-20 23:00:00+00:00,2024-12-20 23:00:00+00:00,2024-12-21 03:00:00+00:00,678.48,664.48,14.0,False,BREAK_BEFORE_K1,0,0,,,False,,,BREAK_BEFORE_K1,2024-12-20 23:05:00+00:00,
60,01:00,5,2024-12-22,Sunday,2024-12-21 18:00:00+00:00,2024-12-21 23:00:00+00:00,2024-12-21 23:00:00+00:00,2024-12-22 03:00:00+00:00,670.45,649.64,20.81000000000006,False,NO_K1,0,0,,,False,,,NO_K1,,
60,01:00,5,2024-12-23,Monday,2024-12-22 18:00:00+00:00,2024-12-22 23:00:00+00:00,2024-12-22 23:00:00+00:00,2024-12-23 03:00:00+00:00,660.6,639.2,21.399999999999977,False,BREAK_BEFORE_K1,0,0,,,False,,,BREAK_BEFORE_K1,2024-12-23 01:15:00+00:00,
60,01:00,5,2024-12-24,Tuesday,2024-12-23 18:00:00+00:00,2024-12-23 23:00:00+00:00,2024-12-23 23:00:00+00:00,2024-12-24 03:00:00+00:00,697.92,679.02,18.899999999999977,True,,1,0,2024-12-23 23:00:00+00:00,2024-12-23 23:05:00+00:00,True,2024-12-23 23:05:00+00:00,2024-12-23 23:10:00+00:00,NO_H2_BY_END,,
60,01:00,5,2024-12-25,Wednesday,2024-12-24 18:00:00+00:00,2024-12-24 23:00:00+00:00,2024-12-24 23:00:00+00:00,2024-12-25 03:00:00+00:00,699.27,686.09,13.17999999999995,True,,1,0,2024-12-25 00:45:00+00:00,2024-12-25 00:50:00+00:00,True,2024-12-25 00:50:00+00:00,2024-12-25 00:55:00+00:00,H2_ARRIVAL,2024-12-25 01:00:00+00:00,10.0
60,01:00,5,2024-12-26,Thursday,2024-12-25 18:00:00+00:00,2024-12-25 23:00:00+00:00,2024-12-25 23:00:00+00:00,2024-12-26 03:00:00+00:00,704.85,695.51,9.340000000000032,True,,1,0,2024-12-26 01:35:00+00:00,2024-12-26 01:40:00+00:00,True,2024-12-26 01:40:00+00:00,2024-12-26 01:45:00+00:00,H2_ARRIVAL,2024-12-26 01:55:00+00:00,15.0
60,01:00,5,2024-12-27,Friday,2024-12-26 18:00:00+00:00,2024-12-26 23:00:00+00:00,2024-12-26 23:00:00+00:00,2024-12-27 03:00:00+00:00,694.45,685.04,9.410000000000082,False,NO_K1,0,0,,,False,,,NO_K1,,
60,01:00,5,2024-12-28,Saturday,2024-12-27 18:00:00+00:00,2024-12-27 23:00:00+00:00,2024-12-27 23:00:00+00:00,2024-12-28 03:00:00+00:00,696.57,686.93,9.6400000000001,False,BREAK_BEFORE_K1,0,0,,,False,,,BREAK_BEFORE_K1,2024-12-28 01:40:00+00:00,
60,01:00,5,2024-12-29,Sunday,2024-12-28 18:00:00+00:00,2024-12-28 23:00:00+00:00,2024-12-28 23:00:00+00:00,2024-12-29 03:00:00+00:00,731.25,722.83,8.419999999999959,False,OPPOSITE_VISIT_BEFORE_K1,0,1,,,False,,,OPPOSITE_VISIT_BEFORE_K1,2024-12-28 23:00:00+00:00,
60,01:00,5,2024-12-30,Monday,2024-12-29 18:00:00+00:00,2024-12-29 23:00:00+00:00,2024-12-29 23:00:00+00:00,2024-12-30 03:00:00+00:00,703.23,689.67,13.56000000000006,False,NO_K1,0,0,,,False,,,NO_K1,,
60,01:00,5,2024-12-31,Tuesday,2024-12-30 18:00:00+00:00,2024-12-30 23:00:00+00:00,2024-12-30 23:00:00+00:00,2024-12-31 03:00:00+00:00,712.16,695.04,17.120000000000005,False,NO_K1,0,0,,,False,,,NO_K1,,
90,01:30,5,2022-01-02,Sunday,2022-01-01 18:30:00+00:00,2022-01-01 23:30:00+00:00,2022-01-01 23:30:00+00:00,2022-01-02 03:30:00+00:00,527.39,522.41,4.980000000000018,True,,1,0,2022-01-01 23:50:00+00:00,2022-01-01 23:55:00+00:00,False,,,BREAK_DURING_K1,2022-01-02 00:00:00+00:00,
90,01:30,5,2022-01-03,Monday,2022-01-02 18:30:00+00:00,2022-01-02 23:30:00+00:00,2022-01-02 23:30:00+00:00,2022-01-03 03:30:00+00:00,532.4,523.29,9.110000000000014,False,NO_K1,0,0,,,False,,,NO_K1,,
90,01:30,5,2022-01-04,Tuesday,2022-01-03 18:30:00+00:00,2022-01-03 23:30:00+00:00,2022-01-03 23:30:00+00:00,2022-01-04 03:30:00+00:00,519.01,510.41,8.599999999999966,False,BREAK_BEFORE_K1,0,0,,,False,,,BREAK_BEFORE_K1,2022-01-04 00:20:00+00:00,
90,01:30,5,2022-01-05,Wednesday,2022-01-04 18:30:00+00:00,2022-01-04 23:30:00+00:00,2022-01-04 23:30:00+00:00,2022-01-05 03:30:00+00:00,513.04,505.52,7.519999999999982,False,OPPOSITE_VISIT_BEFORE_K1,0,1,,,False,,,OPPOSITE_VISIT_BEFORE_K1,2022-01-05 00:00:00+00:00,
90,01:30,5,2022-01-06,Thursday,2022-01-05 18:30:00+00:00,2022-01-05 23:30:00+00:00,2022-01-05 23:30:00+00:00,2022-01-06 03:30:00+00:00,509.68,456.2,53.48000000000002,False,NO_K1,0,0,,,False,,,NO_K1,,
90,01:30,5,2022-01-07,Friday,2022-01-06 18:30:00+00:00,2022-01-06 23:30:00+00:00,2022-01-06 23:30:00+00:00,2022-01-07 03:30:00+00:00,480.96,473.51,7.449999999999989,False,BREAK_BEFORE_K1,0,0,,,False,,,BREAK_BEFORE_K1,2022-01-06 23:45:00+00:00,
90,01:30,5,2022-01-08,Saturday,2022-01-07 18:30:00+00:00,2022-01-07 23:30:00+00:00,2022-01-07 23:30:00+00:00,2022-01-08 03:30:00+00:00,452.88,445.27,7.610000000000014,False,BREAK_BEFORE_K1,0,0,,,False,,,BREAK_BEFORE_K1,2022-01-08 00:55:00+00:00,
90,01:30,5,2022-01-09,Sunday,2022-01-08 18:30:00+00:00,2022-01-08 23:30:00+00:00,2022-01-08 23:30:00+00:00,2022-01-09 03:30:00+00:00,437.07,415.46,21.610000000000014,False,NO_K1,0,0,,,False,,,NO_K1,,
90,01:30,5,2022-01-10,Monday,2022-01-09 18:30:00+00:00,2022-01-09 23:30:00+00:00,2022-01-09 23:30:00+00:00,2022-01-10 03:30:00+00:00,444.14,436.75,7.389999999999986,False,OPPOSITE_VISIT_BEFORE_K1,0,1,,,False,,,OPPOSITE_VISIT_BEFORE_K1,2022-01-09 23:30:00+00:00,
90,01:30,5,2022-01-11,Tuesday,2022-01-10 18:30:00+00:00,2022-01-10 23:30:00+00:00,2022-01-10 23:30:00+00:00,2022-01-11 03:30:00+00:00,425.6,416.3,9.300000000000011,True,,1,0,2022-01-11 02:00:00+00:00,2022-01-11 02:05:00+00:00,False,,,BREAK_DURING_K1,2022-01-11 02:05:00+00:00,
90,01:30,5,2022-01-12,Wednesday,2022-01-11 18:30:00+00:00,2022-01-11 23:30:00+00:00,2022-01-11 23:30:00+00:00,2022-01-12 03:30:00+00:00,462.29,455.64,6.650000000000034,True,,1,0,2022-01-11 23:30:00+00:00,2022-01-11 23:35:00+00:00,False,,,BREAK_DURING_K1,2022-01-11 23:35:00+00:00,
90,01:30,5,2022-01-13,Thursday,2022-01-12 18:30:00+00:00,2022-01-12 23:30:00+00:00,2022-01-12 23:30:00+00:00,2022-01-13 03:30:00+00:00,488.41,482.27,6.140000000000043,True,,1,0,2022-01-13 00:05:00+00:00,2022-01-13 00:10:00+00:00,True,2022-01-13 00:10:00+00:00,2022-01-13 00:15:00+00:00,OPPOSITE_BREAK_BEFORE_H2,2022-01-13 00:55:00+00:00,
90,01:30,5,2022-01-14,Friday,2022-01-13 18:30:00+00:00,2022-01-13 23:30:00+00:00,2022-01-13 23:30:00+00:00,2022-01-14 03:30:00+00:00,479.31,468.62,10.689999999999998,True,,1,0,2022-01-14 00:45:00+00:00,2022-01-14 00:50:00+00:00,False,,,BREAK_DURING_K1,2022-01-14 00:50:00+00:00,
90,01:30,5,2022-01-15,Saturday,2022-01-14 18:30:00+00:00,2022-01-14 23:30:00+00:00,2022-01-14 23:30:00+00:00,2022-01-15 03:30:00+00:00,492.28,480.63,11.649999999999977,True,,1,0,2022-01-15 00:00:00+00:00,2022-01-15 00:05:00+00:00,True,2022-01-15 00:05:00+00:00,2022-01-15 00:10:00+00:00,NO_H2_BY_END,,
90,01:30,5,2022-01-16,Sunday,2022-01-15 18:30:00+00:00,2022-01-15 23:30:00+00:00,2022-01-15 23:30:00+00:00,2022-01-16 03:30:00+00:00,499.45,493.0,6.449999999999989,False,BREAK_BEFORE_K1,0,0,,,False,,,BREAK_BEFORE_K1,2022-01-16 00:00:00+00:00,
90,01:30,5,2022-01-17,Monday,2022-01-16 18:30:00+00:00,2022-01-16 23:30:00+00:00,2022-01-16 23:30:00+00:00,2022-01-17 03:30:00+00:00,500.53,496.6,3.92999999999995,False,OPPOSITE_VISIT_BEFORE_K1,0,1,,,False,,,OPPOSITE_VISIT_BEFORE_K1,2022-01-17 00:00:00+00:00,
90,01:30,5,2022-01-18,Tuesday,2022-01-17 18:30:00+00:00,2022-01-17 23:30:00+00:00,2022-01-17 23:30:00+00:00,2022-01-18 03:30:00+00:00,477.89,466.47,11.419999999999959,False,BREAK_BEFORE_K1,0,0,,,False,,,BREAK_BEFORE_K1,2022-01-18 01:10:00+00:00,
90,01:30,5,2022-01-19,Wednesday,2022-01-18 18:30:00+00:00,2022-01-18 23:30:00+00:00,2022-01-18 23:30:00+00:00,2022-01-19 03:30:00+00:00,473.59,457.3,16.289999999999964,False,NO_K1,0,0,,,False,,,NO_K1,,
90,01:30,5,2022-01-20,Thursday,2022-01-19 18:30:00+00:00,2022-01-19 23:30:00+00:00,2022-01-19 23:30:00+00:00,2022-01-20 03:30:00+00:00,471.92,464.67,7.25,False,BREAK_BEFORE_K1,0,0,,,False,,,BREAK_BEFORE_K1,2022-01-19 23:45:00+00:00,
90,01:30,5,2022-01-21,Friday,2022-01-20 18:30:00+00:00,2022-01-20 23:30:00+00:00,2022-01-20 23:30:00+00:00,2022-01-21 03:30:00+00:00,467.91,440.11,27.80000000000001,False,BREAK_BEFORE_K1,0,0,,,False,,,BREAK_BEFORE_K1,2022-01-20 23:45:00+00:00,
90,01:30,5,2022-01-22,Saturday,2022-01-21 18:30:00+00:00,2022-01-21 23:30:00+00:00,2022-01-21 23:30:00+00:00,2022-01-22 03:30:00+00:00,420.3,373.11,47.19,False,NO_K1,0,0,,,False,,,NO_K1,,
90,01:30,5,2022-01-23,Sunday,2022-01-22 18:30:00+00:00,2022-01-22 23:30:00+00:00,2022-01-22 23:30:00+00:00,2022-01-23 03:30:00+00:00,366.46,346.0,20.45999999999998,False,BREAK_BEFORE_K1,0,0,,,False,,,BREAK_BEFORE_K1,2022-01-23 00:50:00+00:00,
90,01:30,5,2022-01-24,Monday,2022-01-23 18:30:00+00:00,2022-01-23 23:30:00+00:00,2022-01-23 23:30:00+00:00,2022-01-24 03:30:00+00:00,386.27,363.12,23.149999999999977,False,NO_K1,0,0,,,False,,,NO_K1,,
90,01:30,5,2022-01-25,Tuesday,2022-01-24 18:30:00+00:00,2022-01-24 23:30:00+00:00,2022-01-24 23:30:00+00:00,2022-01-25 03:30:00+00:00,376.33,359.78,16.55000000000001,False,NO_K1,0,0,,,False,,,NO_K1,,
90,01:30,5,2022-01-26,Wednesday,2022-01-25 18:30:00+00:00,2022-01-25 23:30:00+00:00,2022-01-25 23:30:00+00:00,2022-01-26 03:30:00+00:00,387.9,376.73,11.169999999999959,False,NO_K1,0,0,,,False,,,NO_K1,,
90,01:30,5,2022-01-27,Thursday,2022-01-26 18:30:00+00:00,2022-01-26 23:30:00+00:00,2022-01-26 23:30:00+00:00,2022-01-27 03:30:00+00:00,402.42,366.0,36.420000000000016,False,BREAK_BEFORE_K1,0,0,,,False,,,BREAK_BEFORE_K1,2022-01-27 02:05:00+00:00,
90,01:30,5,2022-01-28,Friday,2022-01-27 18:30:00+00:00,2022-01-27 23:30:00+00:00,2022-01-27 23:30:00+00:00,2022-01-28 03:30:00+00:00,392.88,359.63,33.25,True,,1,0,2022-01-28 00:05:00+00:00,2022-01-28 00:10:00+00:00,True,2022-01-28 00:10:00+00:00,2022-01-28 00:15:00+00:00,NO_H2_BY_END,,
90,01:30,5,2022-01-29,Saturday,2022-01-28 18:30:00+00:00,2022-01-28 23:30:00+00:00,2022-01-28 23:30:00+00:00,2022-01-29 03:30:00+00:00,392.0,381.58,10.420000000000016,False,NO_K1,0,0,,,False,,,NO_K1,,
90,01:30,5,2022-01-30,Sunday,2022-01-29 18:30:00+00:00,2022-01-29 23:30:00+00:00,2022-01-29 23:30:00+00:00,2022-01-30 03:30:00+00:00,392.57,383.61,8.95999999999998,False,OPPOSITE_VISIT_BEFORE_K1,0,1,,,False,,,OPPOSITE_VISIT_BEFORE_K1,2022-01-30 00:40:00+00:00,
90,01:30,5,2022-01-31,Monday,2022-01-30 18:30:00+00:00,2022-01-30 23:30:00+00:00,2022-01-30 23:30:00+00:00,2022-01-31 03:30:00+00:00,380.24,372.13,8.110000000000014,False,BREAK_BEFORE_K1,0,0,,,False,,,BREAK_BEFORE_K1,2022-01-31 00:40:00+00:00,
90,01:30,5,2022-02-01,Tuesday,2022-01-31 18:30:00+00:00,2022-01-31 23:30:00+00:00,2022-01-31 23:30:00+00:00,2022-02-01 03:30:00+00:00,385.01,373.54,11.46999999999997,False,NO_K1,0,0,,,False,,,NO_K1,,
90,01:30,5,2022-02-02,Wednesday,2022-02-01 18:30:00+00:00,2022-02-01 23:30:00+00:00,2022-02-01 23:30:00+00:00,2022-02-02 03:30:00+00:00,387.34,382.28,5.060000000000002,False,BREAK_BEFORE_K1,0,0,,,False,,,BREAK_BEFORE_K1,2022-02-02 00:30:00+00:00,
90,01:30,5,2022-02-03,Thursday,2022-02-02 18:30:00+00:00,2022-02-02 23:30:00+00:00,2022-02-02 23:30:00+00:00,2022-02-03 03:30:00+00:00,376.99,366.1,10.889999999999986,False,OPPOSITE_VISIT_BEFORE_K1,0,1,,,False,,,OPPOSITE_VISIT_BEFORE_K1,2022-02-02 23:50:00+00:00,
90,01:30,5,2022-02-04,Friday,2022-02-03 18:30:00+00:00,2022-02-03 23:30:00+00:00,2022-02-03 23:30:00+00:00,2022-02-04 03:30:00+00:00,370.62,361.56,9.060000000000002,False,BREAK_BEFORE_K1,0,0,,,False,,,BREAK_BEFORE_K1,2022-02-03 23:55:00+00:00,
90,01:30,5,2022-02-05,Saturday,2022-02-04 18:30:00+00:00,2022-02-04 23:30:00+00:00,2022-02-04 23:30:00+00:00,2022-02-05 03:30:00+00:00,398.19,391.22,6.96999999999997,False,BREAK_BEFORE_K1,0,0,,,False,,,BREAK_BEFORE_K1,2022-02-04 23:45:00+00:00,
90,01:30,5,2022-02-06,Sunday,2022-02-05 18:30:00+00:00,2022-02-05 23:30:00+00:00,2022-02-05 23:30:00+00:00,2022-02-06 03:30:00+00:00,416.41,409.85,6.560000000000002,False,BREAK_BEFORE_K1,0,0,,,False,,,BREAK_BEFORE_K1,2022-02-06 00:55:00+00:00,
90,01:30,5,2022-02-07,Monday,2022-02-06 18:30:00+00:00,2022-02-06 23:30:00+00:00,2022-02-06 23:30:00+00:00,2022-02-07 03:30:00+00:00,417.97,410.17,7.800000000000011,False,BREAK_BEFORE_K1,0,0,,,False,,,BREAK_BEFORE_K1,2022-02-06 23:40:00+00:00,
90,01:30,5,2022-02-08,Tuesday,2022-02-07 18:30:00+00:00,2022-02-07 23:30:00+00:00,2022-02-07 23:30:00+00:00,2022-02-08 03:30:00+00:00,437.7,432.1,5.599999999999966,False,OPPOSITE_VISIT_BEFORE_K1,0,1,,,False,,,OPPOSITE_VISIT_BEFORE_K1,2022-02-07 23:30:00+00:00,
90,01:30,5,2022-02-09,Wednesday,2022-02-08 18:30:00+00:00,2022-02-08 23:30:00+00:00,2022-02-08 23:30:00+00:00,2022-02-09 03:30:00+00:00,417.42,406.26,11.160000000000025,False,NO_K1,0,0,,,False,,,NO_K1,,
90,01:30,5,2022-02-10,Thursday,2022-02-09 18:30:00+00:00,2022-02-09 23:30:00+00:00,2022-02-09 23:30:00+00:00,2022-02-10 03:30:00+00:00,427.49,419.75,7.740000000000009,False,OPPOSITE_VISIT_BEFORE_K1,0,1,,,False,,,OPPOSITE_VISIT_BEFORE_K1,2022-02-10 00:15:00+00:00,
90,01:30,5,2022-02-11,Friday,2022-02-10 18:30:00+00:00,2022-02-10 23:30:00+00:00,2022-02-10 23:30:00+00:00,2022-02-11 03:30:00+00:00,427.0,414.77,12.230000000000018,False,OPPOSITE_VISIT_BEFORE_K1,0,1,,,False,,,OPPOSITE_VISIT_BEFORE_K1,2022-02-10 23:30:00+00:00,
90,01:30,5,2022-02-12,Saturday,2022-02-11 18:30:00+00:00,2022-02-11 23:30:00+00:00,2022-02-11 23:30:00+00:00,2022-02-12 03:30:00+00:00,412.75,392.5,20.25,False,NO_K1,0,0,,,False,,,NO_K1,,
90,01:30,5,2022-02-13,Sunday,2022-02-12 18:30:00+00:00,2022-02-12 23:30:00+00:00,2022-02-12 23:30:00+00:00,2022-02-13 03:30:00+00:00,405.92,397.5,8.420000000000016,False,BREAK_BEFORE_K1,0,0,,,False,,,BREAK_BEFORE_K1,2022-02-13 00:35:00+00:00,
90,01:30,5,2022-02-14,Monday,2022-02-13 18:30:00+00:00,2022-02-13 23:30:00+00:00,2022-02-13 23:30:00+00:00,2022-02-14 03:30:00+00:00,400.67,394.38,6.2900000000000205,False,BREAK_BEFORE_K1,0,0,,,False,,,BREAK_BEFORE_K1,2022-02-14 01:25:00+00:00,
90,01:30,5,2022-02-15,Tuesday,2022-02-14 18:30:00+00:00,2022-02-14 23:30:00+00:00,2022-02-14 23:30:00+00:00,2022-02-15 03:30:00+00:00,403.93,395.62,8.310000000000002,False,BREAK_BEFORE_K1,0,0,,,False,,,BREAK_BEFORE_K1,2022-02-15 00:00:00+00:00,
90,01:30,5,2022-02-16,Wednesday,2022-02-15 18:30:00+00:00,2022-02-15 23:30:00+00:00,2022-02-15 23:30:00+00:00,2022-02-16 03:30:00+00:00,432.77,426.1,6.669999999999959,False,BREAK_BEFORE_K1,0,0,,,False,,,BREAK_BEFORE_K1,2022-02-15 23:35:00+00:00,
90,01:30,5,2022-02-17,Thursday,2022-02-16 18:30:00+00:00,2022-02-16 23:30:00+00:00,2022-02-16 23:30:00+00:00,2022-02-17 03:30:00+00:00,432.0,423.35,8.649999999999977,False,NO_K1,0,0,,,False,,,NO_K1,,
90,01:30,5,2022-02-18,Friday,2022-02-17 18:30:00+00:00,2022-02-17 23:30:00+00:00,2022-02-17 23:30:00+00:00,2022-02-18 03:30:00+00:00,408.64,399.52,9.120000000000005,False,OPPOSITE_VISIT_BEFORE_K1,0,1,,,False,,,OPPOSITE_VISIT_BEFORE_K1,2022-02-18 00:00:00+00:00,
90,01:30,5,2022-02-19,Saturday,2022-02-18 18:30:00+00:00,2022-02-18 23:30:00+00:00,2022-02-18 23:30:00+00:00,2022-02-19 03:30:00+00:00,399.91,394.73,5.180000000000007,True,,1,0,2022-02-18 23:45:00+00:00,2022-02-18 23:50:00+00:00,True,2022-02-18 23:55:00+00:00,2022-02-19 00:00:00+00:00,H2_ARRIVAL,2022-02-19 00:20:00+00:00,25.0
90,01:30,5,2022-02-20,Sunday,2022-02-19 18:30:00+00:00,2022-02-19 23:30:00+00:00,2022-02-19 23:30:00+00:00,2022-02-20 03:30:00+00:00,401.48,395.56,5.920000000000016,False,OPPOSITE_VISIT_BEFORE_K1,0,1,,,False,,,OPPOSITE_VISIT_BEFORE_K1,2022-02-20 00:50:00+00:00,
90,01:30,5,2022-02-21,Monday,2022-02-20 18:30:00+00:00,2022-02-20 23:30:00+00:00,2022-02-20 23:30:00+00:00,2022-02-21 03:30:00+00:00,386.0,377.37,8.629999999999995,False,BREAK_BEFORE_K1,0,0,,,False,,,BREAK_BEFORE_K1,2022-02-21 01:05:00+00:00,
90,01:30,5,2022-02-22,Tuesday,2022-02-21 18:30:00+00:00,2022-02-21 23:30:00+00:00,2022-02-21 23:30:00+00:00,2022-02-22 03:30:00+00:00,374.74,357.7,17.04000000000002,False,OPPOSITE_VISIT_BEFORE_K1,0,1,,,False,,,OPPOSITE_VISIT_BEFORE_K1,2022-02-21 23:30:00+00:00,
90,01:30,5,2022-02-23,Wednesday,2022-02-22 18:30:00+00:00,2022-02-22 23:30:00+00:00,2022-02-22 23:30:00+00:00,2022-02-23 03:30:00+00:00,373.52,364.06,9.45999999999998,False,BREAK_BEFORE_K1,0,0,,,False,,,BREAK_BEFORE_K1,2022-02-22 23:40:00+00:00,
90,01:30,5,2022-02-24,Thursday,2022-02-23 18:30:00+00:00,2022-02-23 23:30:00+00:00,2022-02-23 23:30:00+00:00,2022-02-24 03:30:00+00:00,375.33,365.21,10.120000000000005,False,OPPOSITE_VISIT_BEFORE_K1,0,1,,,False,,,OPPOSITE_VISIT_BEFORE_K1,2022-02-23 23:55:00+00:00,
90,01:30,5,2022-02-25,Friday,2022-02-24 18:30:00+00:00,2022-02-24 23:30:00+00:00,2022-02-24 23:30:00+00:00,2022-02-25 03:30:00+00:00,370.77,343.26,27.50999999999999,False,NO_K1,0,0,,,False,,,NO_K1,,
90,01:30,5,2022-02-26,Saturday,2022-02-25 18:30:00+00:00,2022-02-25 23:30:00+00:00,2022-02-25 23:30:00+00:00,2022-02-26 03:30:00+00:00,376.54,362.78,13.760000000000048,False,BREAK_BEFORE_K1,0,0,,,False,,,BREAK_BEFORE_K1,2022-02-25 23:30:00+00:00,
90,01:30,5,2022-02-27,Sunday,2022-02-26 18:30:00+00:00,2022-02-26 23:30:00+00:00,2022-02-26 23:30:00+00:00,2022-02-27 03:30:00+00:00,378.23,371.0,7.230000000000018,False,OPPOSITE_VISIT_BEFORE_K1,0,1,,,False,,,OPPOSITE_VISIT_BEFORE_K1,2022-02-26 23:30:00+00:00,
90,01:30,5,2022-02-28,Monday,2022-02-27 18:30:00+00:00,2022-02-27 23:30:00+00:00,2022-02-27 23:30:00+00:00,2022-02-28 03:30:00+00:00,371.48,357.87,13.610000000000014,False,BREAK_BEFORE_K1,0,0,,,False,,,BREAK_BEFORE_K1,2022-02-28 00:20:00+00:00,
90,01:30,5,2022-03-01,Tuesday,2022-02-28 18:30:00+00:00,2022-02-28 23:30:00+00:00,2022-02-28 23:30:00+00:00,2022-03-01 03:30:00+00:00,397.37,381.77,15.600000000000023,False,BREAK_BEFORE_K1,0,0,,,False,,,BREAK_BEFORE_K1,2022-03-01 00:00:00+00:00,
90,01:30,5,2022-03-02,Wednesday,2022-03-01 18:30:00+00:00,2022-03-01 23:30:00+00:00,2022-03-01 23:30:00+00:00,2022-03-02 03:30:00+00:00,409.63,403.26,6.3700000000000045,True,,1,0,2022-03-02 00:00:00+00:00,2022-03-02 00:05:00+00:00,True,2022-03-02 00:10:00+00:00,2022-03-02 00:15:00+00:00,H2_ARRIVAL,2022-03-02 01:00:00+00:00,50.0
90,01:30,5,2022-03-03,Thursday,2022-03-02 18:30:00+00:00,2022-03-02 23:30:00+00:00,2022-03-02 23:30:00+00:00,2022-03-03 03:30:00+00:00,410.56,404.73,5.829999999999984,False,BREAK_BEFORE_K1,0,0,,,False,,,BREAK_BEFORE_K1,2022-03-03 01:00:00+00:00,
90,01:30,5,2022-03-04,Friday,2022-03-03 18:30:00+00:00,2022-03-03 23:30:00+00:00,2022-03-03 23:30:00+00:00,2022-03-04 03:30:00+00:00,403.85,397.34,6.510000000000048,False,BREAK_BEFORE_K1,0,0,,,False,,,BREAK_BEFORE_K1,2022-03-04 00:45:00+00:00,
90,01:30,5,2022-03-05,Saturday,2022-03-04 18:30:00+00:00,2022-03-04 23:30:00+00:00,2022-03-04 23:30:00+00:00,2022-03-05 03:30:00+00:00,389.65,371.5,18.149999999999977,False,BREAK_BEFORE_K1,0,0,,,False,,,BREAK_BEFORE_K1,2022-03-05 00:05:00+00:00,
90,01:30,5,2022-03-06,Sunday,2022-03-05 18:30:00+00:00,2022-03-05 23:30:00+00:00,2022-03-05 23:30:00+00:00,2022-03-06 03:30:00+00:00,387.22,378.34,8.880000000000052,False,NO_K1,0,0,,,False,,,NO_K1,,
90,01:30,5,2022-03-07,Monday,2022-03-06 18:30:00+00:00,2022-03-06 23:30:00+00:00,2022-03-06 23:30:00+00:00,2022-03-07 03:30:00+00:00,381.9,372.38,9.519999999999982,False,BREAK_BEFORE_K1,0,0,,,False,,,BREAK_BEFORE_K1,2022-03-07 00:15:00+00:00,
90,01:30,5,2022-03-08,Tuesday,2022-03-07 18:30:00+00:00,2022-03-07 23:30:00+00:00,2022-03-07 23:30:00+00:00,2022-03-08 03:30:00+00:00,385.62,362.36,23.25999999999999,False,NO_K1,0,0,,,False,,,NO_K1,,
90,01:30,5,2022-03-09,Wednesday,2022-03-08 18:30:00+00:00,2022-03-08 23:30:00+00:00,2022-03-08 23:30:00+00:00,2022-03-09 03:30:00+00:00,385.38,378.68,6.699999999999989,False,BREAK_BEFORE_K1,0,0,,,False,,,BREAK_BEFORE_K1,2022-03-09 01:30:00+00:00,
90,01:30,5,2022-03-10,Thursday,2022-03-09 18:30:00+00:00,2022-03-09 23:30:00+00:00,2022-03-09 23:30:00+00:00,2022-03-10 03:30:00+00:00,394.68,390.17,4.509999999999991,False,BREAK_BEFORE_K1,0,0,,,False,,,BREAK_BEFORE_K1,2022-03-10 01:40:00+00:00,
90,01:30,5,2022-03-11,Friday,2022-03-10 18:30:00+00:00,2022-03-10 23:30:00+00:00,2022-03-10 23:30:00+00:00,2022-03-11 03:30:00+00:00,372.78,366.55,6.229999999999961,False,OPPOSITE_VISIT_BEFORE_K1,0,1,,,False,,,OPPOSITE_VISIT_BEFORE_K1,2022-03-11 01:25:00+00:00,
90,01:30,5,2022-03-12,Saturday,2022-03-11 18:30:00+00:00,2022-03-11 23:30:00+00:00,2022-03-11 23:30:00+00:00,2022-03-12 03:30:00+00:00,374.77,368.25,6.519999999999982,False,BREAK_BEFORE_K1,0,0,,,False,,,BREAK_BEFORE_K1,2022-03-12 00:25:00+00:00,
90,01:30,5,2022-03-13,Sunday,2022-03-12 18:30:00+00:00,2022-03-12 23:30:00+00:00,2022-03-12 23:30:00+00:00,2022-03-13 03:30:00+00:00,376.9,374.0,2.8999999999999773,False,OPPOSITE_VISIT_BEFORE_K1,0,1,,,False,,,OPPOSITE_VISIT_BEFORE_K1,2022-03-12 23:30:00+00:00,
90,01:30,5,2022-03-14,Monday,2022-03-13 18:30:00+00:00,2022-03-13 23:30:00+00:00,2022-03-13 23:30:00+00:00,2022-03-14 03:30:00+00:00,373.42,359.53,13.890000000000043,False,OPPOSITE_VISIT_BEFORE_K1,0,1,,,False,,,OPPOSITE_VISIT_BEFORE_K1,2022-03-14 00:10:00+00:00,
90,01:30,5,2022-03-15,Tuesday,2022-03-14 18:30:00+00:00,2022-03-14 23:30:00+00:00,2022-03-14 23:30:00+00:00,2022-03-15 03:30:00+00:00,373.99,363.42,10.569999999999993,True,,1,0,2022-03-14 23:55:00+00:00,2022-03-15 00:00:00+00:00,True,2022-03-15 00:10:00+00:00,2022-03-15 00:15:00+00:00,NO_H2_BY_END,,
90,01:30,5,2022-03-16,Wednesday,2022-03-15 18:30:00+00:00,2022-03-15 23:30:00+00:00,2022-03-15 23:30:00+00:00,2022-03-16 03:30:00+00:00,374.46,369.91,4.5499999999999545,True,,1,0,2022-03-16 01:45:00+00:00,2022-03-16 01:50:00+00:00,True,2022-03-16 01:55:00+00:00,2022-03-16 02:00:00+00:00,H2_ARRIVAL,2022-03-16 02:00:00+00:00,5.0
90,01:30,5,2022-03-17,Thursday,2022-03-16 18:30:00+00:00,2022-03-16 23:30:00+00:00,2022-03-16 23:30:00+00:00,2022-03-17 03:30:00+00:00,386.6,371.45,15.150000000000034,False,NO_K1,0,0,,,False,,,NO_K1,,
90,01:30,5,2022-03-18,Friday,2022-03-17 18:30:00+00:00,2022-03-17 23:30:00+00:00,2022-03-17 23:30:00+00:00,2022-03-18 03:30:00+00:00,391.85,386.98,4.8700000000000045,True,,1,0,2022-03-17 23:55:00+00:00,2022-03-18 00:00:00+00:00,False,,,BREAK_DURING_K1,2022-03-18 00:00:00+00:00,
90,01:30,5,2022-03-19,Saturday,2022-03-18 18:30:00+00:00,2022-03-18 23:30:00+00:00,2022-03-18 23:30:00+00:00,2022-03-19 03:30:00+00:00,400.3,395.23,5.069999999999993,True,,1,0,2022-03-19 01:55:00+00:00,2022-03-19 02:00:00+00:00,True,2022-03-19 02:00:00+00:00,2022-03-19 02:05:00+00:00,NO_H2_BY_END,,
90,01:30,5,2022-03-20,Sunday,2022-03-19 18:30:00+00:00,2022-03-19 23:30:00+00:00,2022-03-19 23:30:00+00:00,2022-03-20 03:30:00+00:00,402.54,395.6,6.939999999999998,False,BREAK_BEFORE_K1,0,0,,,False,,,BREAK_BEFORE_K1,2022-03-20 01:15:00+00:00,
90,01:30,5,2022-03-21,Monday,2022-03-20 18:30:00+00:00,2022-03-20 23:30:00+00:00,2022-03-20 23:30:00+00:00,2022-03-21 03:30:00+00:00,394.23,387.34,6.890000000000043,False,BREAK_BEFORE_K1,0,0,,,False,,,BREAK_BEFORE_K1,2022-03-21 02:30:00+00:00,
90,01:30,5,2022-03-22,Tuesday,2022-03-21 18:30:00+00:00,2022-03-21 23:30:00+00:00,2022-03-21 23:30:00+00:00,2022-03-22 03:30:00+00:00,397.92,395.08,2.840000000000032,False,OPPOSITE_VISIT_BEFORE_K1,0,1,,,False,,,OPPOSITE_VISIT_BEFORE_K1,2022-03-21 23:30:00+00:00,
90,01:30,5,2022-03-23,Wednesday,2022-03-22 18:30:00+00:00,2022-03-22 23:30:00+00:00,2022-03-22 23:30:00+00:00,2022-03-23 03:30:00+00:00,407.0,402.0,5.0,False,OPPOSITE_VISIT_BEFORE_K1,0,1,,,False,,,OPPOSITE_VISIT_BEFORE_K1,2022-03-23 01:00:00+00:00,
90,01:30,5,2022-03-24,Thursday,2022-03-23 18:30:00+00:00,2022-03-23 23:30:00+00:00,2022-03-23 23:30:00+00:00,2022-03-24 03:30:00+00:00,407.44,402.01,5.430000000000007,True,,1,0,2022-03-23 23:30:00+00:00,2022-03-23 23:35:00+00:00,True,2022-03-23 23:35:00+00:00,2022-03-23 23:40:00+00:00,H2_ARRIVAL,2022-03-23 23:40:00+00:00,5.0
90,01:30,5,2022-03-25,Friday,2022-03-24 18:30:00+00:00,2022-03-24 23:30:00+00:00,2022-03-24 23:30:00+00:00,2022-03-25 03:30:00+00:00,415.57,412.61,2.9599999999999795,False,BREAK_BEFORE_K1,0,0,,,False,,,BREAK_BEFORE_K1,2022-03-25 00:15:00+00:00,
90,01:30,5,2022-03-26,Saturday,2022-03-25 18:30:00+00:00,2022-03-25 23:30:00+00:00,2022-03-25 23:30:00+00:00,2022-03-26 03:30:00+00:00,412.86,408.2,4.660000000000025,False,OPPOSITE_VISIT_BEFORE_K1,0,1,,,False,,,OPPOSITE_VISIT_BEFORE_K1,2022-03-26 01:00:00+00:00,
90,01:30,5,2022-03-27,Sunday,2022-03-26 18:30:00+00:00,2022-03-26 23:30:00+00:00,2022-03-26 23:30:00+00:00,2022-03-27 03:30:00+00:00,416.29,412.82,3.4700000000000273,True,,1,0,2022-03-27 00:20:00+00:00,2022-03-27 00:25:00+00:00,True,2022-03-27 00:25:00+00:00,2022-03-27 00:30:00+00:00,H2_ARRIVAL,2022-03-27 00:30:00+00:00,5.0
90,01:30,5,2022-03-28,Monday,2022-03-27 18:30:00+00:00,2022-03-27 23:30:00+00:00,2022-03-27 23:30:00+00:00,2022-03-28 03:30:00+00:00,431.72,416.0,15.720000000000027,False,BREAK_BEFORE_K1,0,0,,,False,,,BREAK_BEFORE_K1,2022-03-28 00:30:00+00:00,
90,01:30,5,2022-03-29,Tuesday,2022-03-28 18:30:00+00:00,2022-03-28 23:30:00+00:00,2022-03-28 23:30:00+00:00,2022-03-29 03:30:00+00:00,440.72,430.44,10.28000000000003,False,BREAK_BEFORE_K1,0,0,,,False,,,BREAK_BEFORE_K1,2022-03-28 23:50:00+00:00,
90,01:30,5,2022-03-30,Wednesday,2022-03-29 18:30:00+00:00,2022-03-29 23:30:00+00:00,2022-03-29 23:30:00+00:00,2022-03-30 03:30:00+00:00,437.85,429.49,8.360000000000014,False,BREAK_BEFORE_K1,0,0,,,False,,,BREAK_BEFORE_K1,2022-03-30 01:40:00+00:00,
90,01:30,5,2022-03-31,Thursday,2022-03-30 18:30:00+00:00,2022-03-30 23:30:00+00:00,2022-03-30 23:30:00+00:00,2022-03-31 03:30:00+00:00,448.0,441.19,6.810000000000002,False,BREAK_BEFORE_K1,0,0,,,False,,,BREAK_BEFORE_K1,2022-03-31 00:00:00+00:00,
90,01:30,5,2022-04-01,Friday,2022-03-31 18:30:00+00:00,2022-03-31 23:30:00+00:00,2022-03-31 23:30:00+00:00,2022-04-01 03:30:00+00:00,431.83,426.02,5.810000000000002,False,OPPOSITE_VISIT_BEFORE_K1,0,1,,,False,,,OPPOSITE_VISIT_BEFORE_K1,2022-03-31 23:45:00+00:00,
90,01:30,5,2022-04-02,Saturday,2022-04-01 18:30:00+00:00,2022-04-01 23:30:00+00:00,2022-04-01 23:30:00+00:00,2022-04-02 03:30:00+00:00,447.08,442.43,4.649999999999977,False,BREAK_BEFORE_K1,0,0,,,False,,,BREAK_BEFORE_K1,2022-04-01 23:55:00+00:00,
90,01:30,5,2022-04-03,Sunday,2022-04-02 18:30:00+00:00,2022-04-02 23:30:00+00:00,2022-04-02 23:30:00+00:00,2022-04-03 03:30:00+00:00,444.12,438.32,5.800000000000011,False,BREAK_BEFORE_K1,0,0,,,False,,,BREAK_BEFORE_K1,2022-04-02 23:30:00+00:00,
90,01:30,5,2022-04-04,Monday,2022-04-03 18:30:00+00:00,2022-04-03 23:30:00+00:00,2022-04-03 23:30:00+00:00,2022-04-04 03:30:00+00:00,455.9,446.32,9.579999999999984,False,BREAK_BEFORE_K1,0,0,,,False,,,BREAK_BEFORE_K1,2022-04-04 00:15:00+00:00,
90,01:30,5,2022-04-05,Tuesday,2022-04-04 18:30:00+00:00,2022-04-04 23:30:00+00:00,2022-04-04 23:30:00+00:00,2022-04-05 03:30:00+00:00,449.73,435.37,14.360000000000014,False,BREAK_BEFORE_K1,0,0,,,False,,,BREAK_BEFORE_K1,2022-04-05 01:45:00+00:00,
90,01:30,5,2022-04-06,Wednesday,2022-04-05 18:30:00+00:00,2022-04-05 23:30:00+00:00,2022-04-05 23:30:00+00:00,2022-04-06 03:30:00+00:00,451.44,446.0,5.439999999999998,False,BREAK_BEFORE_K1,0,0,,,False,,,BREAK_BEFORE_K1,2022-04-05 23:45:00+00:00,
90,01:30,5,2022-04-07,Thursday,2022-04-06 18:30:00+00:00,2022-04-06 23:30:00+00:00,2022-04-06 23:30:00+00:00,2022-04-07 03:30:00+00:00,427.91,420.06,7.850000000000023,False,BREAK_BEFORE_K1,0,0,,,False,,,BREAK_BEFORE_K1,2022-04-06 23:50:00+00:00,
90,01:30,5,2022-04-08,Friday,2022-04-07 18:30:00+00:00,2022-04-07 23:30:00+00:00,2022-04-07 23:30:00+00:00,2022-04-08 03:30:00+00:00,438.42,433.72,4.699999999999989,True,,1,0,2022-04-08 00:10:00+00:00,2022-04-08 00:15:00+00:00,True,2022-04-08 00:20:00+00:00,2022-04-08 00:25:00+00:00,H2_ARRIVAL,2022-04-08 01:30:00+00:00,70.0
90,01:30,5,2022-04-09,Saturday,2022-04-08 18:30:00+00:00,2022-04-08 23:30:00+00:00,2022-04-08 23:30:00+00:00,2022-04-09 03:30:00+00:00,430.67,418.1,12.569999999999993,False,NO_K1,0,0,,,False,,,NO_K1,,
90,01:30,5,2022-04-10,Sunday,2022-04-09 18:30:00+00:00,2022-04-09 23:30:00+00:00,2022-04-09 23:30:00+00:00,2022-04-10 03:30:00+00:00,424.0,420.37,3.6299999999999955,False,BREAK_BEFORE_K1,0,0,,,False,,,BREAK_BEFORE_K1,2022-04-09 23:30:00+00:00,
90,01:30,5,2022-04-11,Monday,2022-04-10 18:30:00+00:00,2022-04-10 23:30:00+00:00,2022-04-10 23:30:00+00:00,2022-04-11 03:30:00+00:00,429.54,418.0,11.54000000000002,False,BREAK_BEFORE_K1,0,0,,,False,,,BREAK_BEFORE_K1,2022-04-10 23:55:00+00:00,
90,01:30,5,2022-04-12,Tuesday,2022-04-11 18:30:00+00:00,2022-04-11 23:30:00+00:00,2022-04-11 23:30:00+00:00,2022-04-12 03:30:00+00:00,403.49,391.0,12.490000000000009,False,NO_K1,0,0,,,False,,,NO_K1,,
90,01:30,5,2022-04-13,Wednesday,2022-04-12 18:30:00+00:00,2022-04-12 23:30:00+00:00,2022-04-12 23:30:00+00:00,2022-04-13 03:30:00+00:00,415.0,406.4,8.600000000000023,True,,1,0,2022-04-13 00:25:00+00:00,2022-04-13 00:30:00+00:00,True,2022-04-13 00:30:00+00:00,2022-04-13 00:35:00+00:00,H2_ARRIVAL,2022-04-13 02:05:00+00:00,95.0
90,01:30,5,2022-04-14,Thursday,2022-04-13 18:30:00+00:00,2022-04-13 23:30:00+00:00,2022-04-13 23:30:00+00:00,2022-04-14 03:30:00+00:00,424.49,418.34,6.150000000000034,True,,1,0,2022-04-14 00:30:00+00:00,2022-04-14 00:35:00+00:00,True,2022-04-14 00:35:00+00:00,2022-04-14 00:40:00+00:00,H2_ARRIVAL,2022-04-14 01:10:00+00:00,35.0
90,01:30,5,2022-04-15,Friday,2022-04-14 18:30:00+00:00,2022-04-14 23:30:00+00:00,2022-04-14 23:30:00+00:00,2022-04-15 03:30:00+00:00,416.27,411.53,4.740000000000009,True,,1,0,2022-04-15 00:20:00+00:00,2022-04-15 00:25:00+00:00,False,,,BREAK_DURING_K1,2022-04-15 00:25:00+00:00,
90,01:30,5,2022-04-16,Saturday,2022-04-15 18:30:00+00:00,2022-04-15 23:30:00+00:00,2022-04-15 23:30:00+00:00,2022-04-16 03:30:00+00:00,418.78,414.98,3.7999999999999545,False,NO_K1,0,0,,,False,,,NO_K1,,
90,01:30,5,2022-04-17,Sunday,2022-04-16 18:30:00+00:00,2022-04-16 23:30:00+00:00,2022-04-16 23:30:00+00:00,2022-04-17 03:30:00+00:00,418.89,412.97,5.919999999999959,False,NO_K1,0,0,,,False,,,NO_K1,,
90,01:30,5,2022-04-18,Monday,2022-04-17 18:30:00+00:00,2022-04-17 23:30:00+00:00,2022-04-17 23:30:00+00:00,2022-04-18 03:30:00+00:00,416.16,406.0,10.160000000000025,False,OPPOSITE_VISIT_BEFORE_K1,0,1,,,False,,,OPPOSITE_VISIT_BEFORE_K1,2022-04-17 23:30:00+00:00,
90,01:30,5,2022-04-19,Tuesday,2022-04-18 18:30:00+00:00,2022-04-18 23:30:00+00:00,2022-04-18 23:30:00+00:00,2022-04-19 03:30:00+00:00,417.85,413.46,4.390000000000043,True,,1,0,2022-04-19 00:00:00+00:00,2022-04-19 00:05:00+00:00,False,,,BREAK_DURING_K1,2022-04-19 00:10:00+00:00,
90,01:30,5,2022-04-20,Wednesday,2022-04-19 18:30:00+00:00,2022-04-19 23:30:00+00:00,2022-04-19 23:30:00+00:00,2022-04-20 03:30:00+00:00,421.81,417.6,4.2099999999999795,False,BREAK_BEFORE_K1,0,0,,,False,,,BREAK_BEFORE_K1,2022-04-19 23:30:00+00:00,
90,01:30,5,2022-04-21,Thursday,2022-04-20 18:30:00+00:00,2022-04-20 23:30:00+00:00,2022-04-20 23:30:00+00:00,2022-04-21 03:30:00+00:00,420.4,414.56,5.839999999999975,True,,1,0,2022-04-21 00:45:00+00:00,2022-04-21 00:50:00+00:00,False,,,BREAK_DURING_K1,2022-04-21 00:55:00+00:00,
90,01:30,5,2022-04-22,Friday,2022-04-21 18:30:00+00:00,2022-04-21 23:30:00+00:00,2022-04-21 23:30:00+00:00,2022-04-22 03:30:00+00:00,417.77,400.72,17.049999999999955,False,NO_K1,0,0,,,False,,,NO_K1,,
90,01:30,5,2022-04-23,Saturday,2022-04-22 18:30:00+00:00,2022-04-22 23:30:00+00:00,2022-04-22 23:30:00+00:00,2022-04-23 03:30:00+00:00,409.75,404.8,4.949999999999989,False,OPPOSITE_VISIT_BEFORE_K1,0,1,,,False,,,OPPOSITE_VISIT_BEFORE_K1,2022-04-23 00:55:00+00:00,
90,01:30,5,2022-04-24,Sunday,2022-04-23 18:30:00+00:00,2022-04-23 23:30:00+00:00,2022-04-23 23:30:00+00:00,2022-04-24 03:30:00+00:00,407.37,403.26,4.110000000000014,False,BREAK_BEFORE_K1,0,0,,,False,,,BREAK_BEFORE_K1,2022-04-23 23:30:00+00:00,
90,01:30,5,2022-04-25,Monday,2022-04-24 18:30:00+00:00,2022-04-24 23:30:00+00:00,2022-04-24 23:30:00+00:00,2022-04-25 03:30:00+00:00,403.27,399.47,3.7999999999999545,False,OPPOSITE_VISIT_BEFORE_K1,0,1,,,False,,,OPPOSITE_VISIT_BEFORE_K1,2022-04-24 23:35:00+00:00,
90,01:30,5,2022-04-26,Tuesday,2022-04-25 18:30:00+00:00,2022-04-25 23:30:00+00:00,2022-04-25 23:30:00+00:00,2022-04-26 03:30:00+00:00,404.5,398.45,6.050000000000011,False,BREAK_BEFORE_K1,0,0,,,False,,,BREAK_BEFORE_K1,2022-04-25 23:30:00+00:00,
90,01:30,5,2022-04-27,Wednesday,2022-04-26 18:30:00+00:00,2022-04-26 23:30:00+00:00,2022-04-26 23:30:00+00:00,2022-04-27 03:30:00+00:00,389.91,380.45,9.460000000000036,False,NO_K1,0,0,,,False,,,NO_K1,,
90,01:30,5,2022-04-28,Thursday,2022-04-27 18:30:00+00:00,2022-04-27 23:30:00+00:00,2022-04-27 23:30:00+00:00,2022-04-28 03:30:00+00:00,391.22,386.6,4.6200000000000045,True,,1,0,2022-04-27 23:30:00+00:00,2022-04-27 23:35:00+00:00,False,,,BREAK_DURING_K1,2022-04-27 23:35:00+00:00,
90,01:30,5,2022-04-29,Friday,2022-04-28 18:30:00+00:00,2022-04-28 23:30:00+00:00,2022-04-28 23:30:00+00:00,2022-04-29 03:30:00+00:00,408.43,402.88,5.550000000000011,False,BREAK_BEFORE_K1,0,0,,,False,,,BREAK_BEFORE_K1,2022-04-29 01:00:00+00:00,
90,01:30,5,2022-04-30,Saturday,2022-04-29 18:30:00+00:00,2022-04-29 23:30:00+00:00,2022-04-29 23:30:00+00:00,2022-04-30 03:30:00+00:00,395.13,389.46,5.670000000000016,True,,1,0,2022-04-30 00:25:00+00:00,2022-04-30 00:30:00+00:00,True,2022-04-30 00:30:00+00:00,2022-04-30 00:35:00+00:00,H2_ARRIVAL,2022-04-30 01:00:00+00:00,30.0
90,01:30,5,2022-05-01,Sunday,2022-04-30 18:30:00+00:00,2022-04-30 23:30:00+00:00,2022-04-30 23:30:00+00:00,2022-05-01 03:30:00+00:00,391.78,376.09,15.689999999999998,False,OPPOSITE_VISIT_BEFORE_K1,0,1,,,False,,,OPPOSITE_VISIT_BEFORE_K1,2022-04-30 23:50:00+00:00,
90,01:30,5,2022-05-02,Monday,2022-05-01 18:30:00+00:00,2022-05-01 23:30:00+00:00,2022-05-01 23:30:00+00:00,2022-05-02 03:30:00+00:00,391.28,382.42,8.859999999999957,True,,1,0,2022-05-02 00:15:00+00:00,2022-05-02 00:20:00+00:00,False,,,BREAK_DURING_K1,2022-05-02 00:20:00+00:00,
90,01:30,5,2022-05-03,Tuesday,2022-05-02 18:30:00+00:00,2022-05-02 23:30:00+00:00,2022-05-02 23:30:00+00:00,2022-05-03 03:30:00+00:00,390.61,382.28,8.330000000000041,True,,1,0,2022-05-03 01:40:00+00:00,2022-05-03 01:45:00+00:00,False,,,BREAK_DURING_K1,2022-05-03 01:45:00+00:00,
90,01:30,5,2022-05-04,Wednesday,2022-05-03 18:30:00+00:00,2022-05-03 23:30:00+00:00,2022-05-03 23:30:00+00:00,2022-05-04 03:30:00+00:00,383.92,379.5,4.420000000000016,False,BREAK_BEFORE_K1,0,0,,,False,,,BREAK_BEFORE_K1,2022-05-04 00:05:00+00:00,
90,01:30,5,2022-05-05,Thursday,2022-05-04 18:30:00+00:00,2022-05-04 23:30:00+00:00,2022-05-04 23:30:00+00:00,2022-05-05 03:30:00+00:00,402.93,390.43,12.5,False,BREAK_BEFORE_K1,0,0,,,False,,,BREAK_BEFORE_K1,2022-05-05 00:00:00+00:00,
90,01:30,5,2022-05-06,Friday,2022-05-05 18:30:00+00:00,2022-05-05 23:30:00+00:00,2022-05-05 23:30:00+00:00,2022-05-06 03:30:00+00:00,378.91,370.0,8.910000000000025,True,,1,0,2022-05-06 00:05:00+00:00,2022-05-06 00:10:00+00:00,True,2022-05-06 00:10:00+00:00,2022-05-06 00:15:00+00:00,NO_H2_BY_END,,
90,01:30,5,2022-05-07,Saturday,2022-05-06 18:30:00+00:00,2022-05-06 23:30:00+00:00,2022-05-06 23:30:00+00:00,2022-05-07 03:30:00+00:00,382.38,378.09,4.2900000000000205,False,OPPOSITE_VISIT_BEFORE_K1,0,1,,,False,,,OPPOSITE_VISIT_BEFORE_K1,2022-05-07 01:45:00+00:00,
90,01:30,5,2022-05-08,Sunday,2022-05-07 18:30:00+00:00,2022-05-07 23:30:00+00:00,2022-05-07 23:30:00+00:00,2022-05-08 03:30:00+00:00,377.98,359.75,18.230000000000018,False,OPPOSITE_VISIT_BEFORE_K1,0,1,,,False,,,OPPOSITE_VISIT_BEFORE_K1,2022-05-08 02:05:00+00:00,
90,01:30,5,2022-05-09,Monday,2022-05-08 18:30:00+00:00,2022-05-08 23:30:00+00:00,2022-05-08 23:30:00+00:00,2022-05-09 03:30:00+00:00,359.51,355.18,4.329999999999984,False,BREAK_BEFORE_K1,0,0,,,False,,,BREAK_BEFORE_K1,2022-05-08 23:30:00+00:00,
90,01:30,5,2022-05-10,Tuesday,2022-05-09 18:30:00+00:00,2022-05-09 23:30:00+00:00,2022-05-09 23:30:00+00:00,2022-05-10 03:30:00+00:00,316.41,300.61,15.800000000000011,False,BREAK_BEFORE_K1,0,0,,,False,,,BREAK_BEFORE_K1,2022-05-09 23:40:00+00:00,
90,01:30,5,2022-05-11,Wednesday,2022-05-10 18:30:00+00:00,2022-05-10 23:30:00+00:00,2022-05-10 23:30:00+00:00,2022-05-11 03:30:00+00:00,326.36,307.84,18.52000000000004,False,NO_K1,0,0,,,False,,,NO_K1,,
90,01:30,5,2022-05-12,Thursday,2022-05-11 18:30:00+00:00,2022-05-11 23:30:00+00:00,2022-05-11 23:30:00+00:00,2022-05-12 03:30:00+00:00,280.18,260.04,20.139999999999986,True,,1,0,2022-05-12 00:40:00+00:00,2022-05-12 00:45:00+00:00,True,2022-05-12 00:45:00+00:00,2022-05-12 00:50:00+00:00,OPPOSITE_BREAK_BEFORE_H2,2022-05-12 03:15:00+00:00,
90,01:30,5,2022-05-13,Friday,2022-05-12 18:30:00+00:00,2022-05-12 23:30:00+00:00,2022-05-12 23:30:00+00:00,2022-05-13 03:30:00+00:00,272.21,262.0,10.20999999999998,False,BREAK_BEFORE_K1,0,0,,,False,,,BREAK_BEFORE_K1,2022-05-13 00:35:00+00:00,
90,01:30,5,2022-05-14,Saturday,2022-05-13 18:30:00+00:00,2022-05-13 23:30:00+00:00,2022-05-13 23:30:00+00:00,2022-05-14 03:30:00+00:00,300.0,290.94,9.060000000000002,False,OPPOSITE_VISIT_BEFORE_K1,0,1,,,False,,,OPPOSITE_VISIT_BEFORE_K1,2022-05-13 23:35:00+00:00,
90,01:30,5,2022-05-15,Sunday,2022-05-14 18:30:00+00:00,2022-05-14 23:30:00+00:00,2022-05-14 23:30:00+00:00,2022-05-15 03:30:00+00:00,295.91,284.76,11.150000000000034,False,BREAK_BEFORE_K1,0,0,,,False,,,BREAK_BEFORE_K1,2022-05-14 23:40:00+00:00,
90,01:30,5,2022-05-16,Monday,2022-05-15 18:30:00+00:00,2022-05-15 23:30:00+00:00,2022-05-15 23:30:00+00:00,2022-05-16 03:30:00+00:00,311.34,300.58,10.759999999999991,False,BREAK_BEFORE_K1,0,0,,,False,,,BREAK_BEFORE_K1,2022-05-15 23:40:00+00:00,
90,01:30,5,2022-05-17,Tuesday,2022-05-16 18:30:00+00:00,2022-05-16 23:30:00+00:00,2022-05-16 23:30:00+00:00,2022-05-17 03:30:00+00:00,301.77,294.0,7.769999999999982,False,BREAK_BEFORE_K1,0,0,,,False,,,BREAK_BEFORE_K1,2022-05-17 00:50:00+00:00,
90,01:30,5,2022-05-18,Wednesday,2022-05-17 18:30:00+00:00,2022-05-17 23:30:00+00:00,2022-05-17 23:30:00+00:00,2022-05-18 03:30:00+00:00,307.89,295.83,12.060000000000002,True,,1,0,2022-05-18 00:10:00+00:00,2022-05-18 00:15:00+00:00,False,,,BREAK_DURING_K1,2022-05-18 00:15:00+00:00,
90,01:30,5,2022-05-19,Thursday,2022-05-18 18:30:00+00:00,2022-05-18 23:30:00+00:00,2022-05-18 23:30:00+00:00,2022-05-19 03:30:00+00:00,297.5,288.87,8.629999999999995,False,BREAK_BEFORE_K1,0,0,,,False,,,BREAK_BEFORE_K1,2022-05-18 23:35:00+00:00,
90,01:30,5,2022-05-20,Friday,2022-05-19 18:30:00+00:00,2022-05-19 23:30:00+00:00,2022-05-19 23:30:00+00:00,2022-05-20 03:30:00+00:00,306.82,302.62,4.199999999999989,False,BREAK_BEFORE_K1,0,0,,,False,,,BREAK_BEFORE_K1,2022-05-19 23:30:00+00:00,
90,01:30,5,2022-05-21,Saturday,2022-05-20 18:30:00+00:00,2022-05-20 23:30:00+00:00,2022-05-20 23:30:00+00:00,2022-05-21 03:30:00+00:00,304.94,296.01,8.930000000000007,False,NO_K1,0,0,,,False,,,NO_K1,,
90,01:30,5,2022-05-22,Sunday,2022-05-21 18:30:00+00:00,2022-05-21 23:30:00+00:00,2022-05-21 23:30:00+00:00,2022-05-22 03:30:00+00:00,313.98,310.82,3.160000000000025,False,BREAK_BEFORE_K1,0,0,,,False,,,BREAK_BEFORE_K1,2022-05-22 01:15:00+00:00,
90,01:30,5,2022-05-23,Monday,2022-05-22 18:30:00+00:00,2022-05-22 23:30:00+00:00,2022-05-22 23:30:00+00:00,2022-05-23 03:30:00+00:00,320.65,315.97,4.67999999999995,False,BREAK_BEFORE_K1,0,0,,,False,,,BREAK_BEFORE_K1,2022-05-23 00:15:00+00:00,
90,01:30,5,2022-05-24,Tuesday,2022-05-23 18:30:00+00:00,2022-05-23 23:30:00+00:00,2022-05-23 23:30:00+00:00,2022-05-24 03:30:00+00:00,334.11,315.0,19.110000000000014,False,NO_K1,0,0,,,False,,,NO_K1,,
90,01:30,5,2022-05-25,Wednesday,2022-05-24 18:30:00+00:00,2022-05-24 23:30:00+00:00,2022-05-24 23:30:00+00:00,2022-05-25 03:30:00+00:00,330.45,319.06,11.389999999999986,False,BREAK_BEFORE_K1,0,0,,,False,,,BREAK_BEFORE_K1,2022-05-25 01:05:00+00:00,
90,01:30,5,2022-05-26,Thursday,2022-05-25 18:30:00+00:00,2022-05-25 23:30:00+00:00,2022-05-25 23:30:00+00:00,2022-05-26 03:30:00+00:00,329.57,325.24,4.329999999999984,False,OPPOSITE_VISIT_BEFORE_K1,0,1,,,False,,,OPPOSITE_VISIT_BEFORE_K1,2022-05-25 23:50:00+00:00,
90,01:30,5,2022-05-27,Friday,2022-05-26 18:30:00+00:00,2022-05-26 23:30:00+00:00,2022-05-26 23:30:00+00:00,2022-05-27 03:30:00+00:00,313.72,307.46,6.260000000000048,False,BREAK_BEFORE_K1,0,0,,,False,,,BREAK_BEFORE_K1,2022-05-26 23:45:00+00:00,
90,01:30,5,2022-05-28,Saturday,2022-05-27 18:30:00+00:00,2022-05-27 23:30:00+00:00,2022-05-27 23:30:00+00:00,2022-05-28 03:30:00+00:00,304.92,295.42,9.5,True,,1,0,2022-05-28 01:00:00+00:00,2022-05-28 01:05:00+00:00,True,2022-05-28 01:10:00+00:00,2022-05-28 01:15:00+00:00,NO_H2_BY_END,,
90,01:30,5,2022-05-29,Sunday,2022-05-28 18:30:00+00:00,2022-05-28 23:30:00+00:00,2022-05-28 23:30:00+00:00,2022-05-29 03:30:00+00:00,309.57,306.12,3.4499999999999886,True,,1,0,2022-05-28 23:40:00+00:00,2022-05-28 23:45:00+00:00,True,2022-05-28 23:50:00+00:00,2022-05-28 23:55:00+00:00,OPPOSITE_BREAK_BEFORE_H2,2022-05-29 00:30:00+00:00,
90,01:30,5,2022-05-30,Monday,2022-05-29 18:30:00+00:00,2022-05-29 23:30:00+00:00,2022-05-29 23:30:00+00:00,2022-05-30 03:30:00+00:00,307.79,301.47,6.319999999999993,True,,1,0,2022-05-30 01:25:00+00:00,2022-05-30 01:30:00+00:00,False,,,BREAK_DURING_K1,2022-05-30 01:30:00+00:00,
90,01:30,5,2022-05-31,Tuesday,2022-05-30 18:30:00+00:00,2022-05-30 23:30:00+00:00,2022-05-30 23:30:00+00:00,2022-05-31 03:30:00+00:00,323.97,311.78,12.190000000000055,False,BREAK_BEFORE_K1,0,0,,,False,,,BREAK_BEFORE_K1,2022-05-31 00:05:00+00:00,
90,01:30,5,2022-06-01,Wednesday,2022-05-31 18:30:00+00:00,2022-05-31 23:30:00+00:00,2022-05-31 23:30:00+00:00,2022-06-01 03:30:00+00:00,322.84,318.08,4.759999999999991,True,,1,0,2022-06-01 00:15:00+00:00,2022-06-01 00:20:00+00:00,True,2022-06-01 00:25:00+00:00,2022-06-01 00:30:00+00:00,H2_ARRIVAL,2022-06-01 00:35:00+00:00,10.0
90,01:30,5,2022-06-02,Thursday,2022-06-01 18:30:00+00:00,2022-06-01 23:30:00+00:00,2022-06-01 23:30:00+00:00,2022-06-02 03:30:00+00:00,304.5,297.15,7.350000000000023,False,NO_K1,0,0,,,False,,,NO_K1,,
90,01:30,5,2022-06-03,Friday,2022-06-02 18:30:00+00:00,2022-06-02 23:30:00+00:00,2022-06-02 23:30:00+00:00,2022-06-03 03:30:00+00:00,309.12,302.72,6.399999999999977,True,,1,0,2022-06-03 01:40:00+00:00,2022-06-03 01:45:00+00:00,True,2022-06-03 01:45:00+00:00,2022-06-03 01:50:00+00:00,H2_ARRIVAL,2022-06-03 01:50:00+00:00,5.0
90,01:30,5,2022-06-04,Saturday,2022-06-03 18:30:00+00:00,2022-06-03 23:30:00+00:00,2022-06-03 23:30:00+00:00,2022-06-04 03:30:00+00:00,299.48,295.74,3.740000000000009,False,BREAK_BEFORE_K1,0,0,,,False,,,BREAK_BEFORE_K1,2022-06-04 01:55:00+00:00,
90,01:30,5,2022-06-05,Sunday,2022-06-04 18:30:00+00:00,2022-06-04 23:30:00+00:00,2022-06-04 23:30:00+00:00,2022-06-05 03:30:00+00:00,303.0,299.08,3.920000000000016,False,OPPOSITE_VISIT_BEFORE_K1,0,1,,,False,,,OPPOSITE_VISIT_BEFORE_K1,2022-06-05 00:30:00+00:00,
90,01:30,5,2022-06-06,Monday,2022-06-05 18:30:00+00:00,2022-06-05 23:30:00+00:00,2022-06-05 23:30:00+00:00,2022-06-06 03:30:00+00:00,302.43,298.25,4.180000000000007,False,OPPOSITE_VISIT_BEFORE_K1,0,1,,,False,,,OPPOSITE_VISIT_BEFORE_K1,2022-06-05 23:35:00+00:00,
90,01:30,5,2022-06-07,Tuesday,2022-06-06 18:30:00+00:00,2022-06-06 23:30:00+00:00,2022-06-06 23:30:00+00:00,2022-06-07 03:30:00+00:00,302.13,286.8,15.329999999999984,False,BREAK_BEFORE_K1,0,0,,,False,,,BREAK_BEFORE_K1,2022-06-07 00:35:00+00:00,
90,01:30,5,2022-06-08,Wednesday,2022-06-07 18:30:00+00:00,2022-06-07 23:30:00+00:00,2022-06-07 23:30:00+00:00,2022-06-08 03:30:00+00:00,295.98,283.56,12.420000000000016,False,NO_K1,0,0,,,False,,,NO_K1,,
90,01:30,5,2022-06-09,Thursday,2022-06-08 18:30:00+00:00,2022-06-08 23:30:00+00:00,2022-06-08 23:30:00+00:00,2022-06-09 03:30:00+00:00,290.72,285.96,4.760000000000048,False,NO_K1,0,0,,,False,,,NO_K1,,
90,01:30,5,2022-06-10,Friday,2022-06-09 18:30:00+00:00,2022-06-09 23:30:00+00:00,2022-06-09 23:30:00+00:00,2022-06-10 03:30:00+00:00,290.77,286.5,4.269999999999982,False,BREAK_BEFORE_K1,0,0,,,False,,,BREAK_BEFORE_K1,2022-06-10 00:15:00+00:00,
90,01:30,5,2022-06-11,Saturday,2022-06-10 18:30:00+00:00,2022-06-10 23:30:00+00:00,2022-06-10 23:30:00+00:00,2022-06-11 03:30:00+00:00,288.23,282.91,5.319999999999993,True,,1,0,2022-06-11 00:20:00+00:00,2022-06-11 00:25:00+00:00,False,,,BREAK_DURING_K1,2022-06-11 00:35:00+00:00,
90,01:30,5,2022-06-12,Sunday,2022-06-11 18:30:00+00:00,2022-06-11 23:30:00+00:00,2022-06-11 23:30:00+00:00,2022-06-12 03:30:00+00:00,273.9,268.29,5.609999999999957,False,OPPOSITE_VISIT_BEFORE_K1,0,1,,,False,,,OPPOSITE_VISIT_BEFORE_K1,2022-06-11 23:40:00+00:00,
90,01:30,5,2022-06-13,Monday,2022-06-12 18:30:00+00:00,2022-06-12 23:30:00+00:00,2022-06-12 23:30:00+00:00,2022-06-13 03:30:00+00:00,265.88,257.13,8.75,False,OPPOSITE_VISIT_BEFORE_K1,0,1,,,False,,,OPPOSITE_VISIT_BEFORE_K1,2022-06-12 23:35:00+00:00,
90,01:30,5,2022-06-14,Tuesday,2022-06-13 18:30:00+00:00,2022-06-13 23:30:00+00:00,2022-06-13 23:30:00+00:00,2022-06-14 03:30:00+00:00,231.98,218.08,13.899999999999977,False,OPPOSITE_VISIT_BEFORE_K1,0,1,,,False,,,OPPOSITE_VISIT_BEFORE_K1,2022-06-13 23:30:00+00:00,
90,01:30,5,2022-06-15,Wednesday,2022-06-14 18:30:00+00:00,2022-06-14 23:30:00+00:00,2022-06-14 23:30:00+00:00,2022-06-15 03:30:00+00:00,223.83,214.28,9.550000000000011,True,,1,0,2022-06-14 23:35:00+00:00,2022-06-14 23:40:00+00:00,True,2022-06-14 23:40:00+00:00,2022-06-14 23:45:00+00:00,H2_ARRIVAL,2022-06-14 23:50:00+00:00,10.0
90,01:30,5,2022-06-16,Thursday,2022-06-15 18:30:00+00:00,2022-06-15 23:30:00+00:00,2022-06-15 23:30:00+00:00,2022-06-16 03:30:00+00:00,234.56,206.12,28.439999999999998,False,BREAK_BEFORE_K1,0,0,,,False,,,BREAK_BEFORE_K1,2022-06-16 00:00:00+00:00,
90,01:30,5,2022-06-17,Friday,2022-06-16 18:30:00+00:00,2022-06-16 23:30:00+00:00,2022-06-16 23:30:00+00:00,2022-06-17 03:30:00+00:00,217.16,207.51,9.650000000000006,True,,1,0,2022-06-17 02:00:00+00:00,2022-06-17 02:05:00+00:00,True,2022-06-17 02:05:00+00:00,2022-06-17 02:10:00+00:00,NO_H2_BY_END,,
90,01:30,5,2022-06-18,Saturday,2022-06-17 18:30:00+00:00,2022-06-17 23:30:00+00:00,2022-06-17 23:30:00+00:00,2022-06-18 03:30:00+00:00,217.28,213.65,3.6299999999999955,False,BREAK_BEFORE_K1,0,0,,,False,,,BREAK_BEFORE_K1,2022-06-18 00:10:00+00:00,
90,01:30,5,2022-06-19,Sunday,2022-06-18 18:30:00+00:00,2022-06-18 23:30:00+00:00,2022-06-18 23:30:00+00:00,2022-06-19 03:30:00+00:00,200.78,182.97,17.810000000000002,False,NO_K1,0,0,,,False,,,NO_K1,,
90,01:30,5,2022-06-20,Monday,2022-06-19 18:30:00+00:00,2022-06-19 23:30:00+00:00,2022-06-19 23:30:00+00:00,2022-06-20 03:30:00+00:00,216.8,207.16,9.640000000000015,False,BREAK_BEFORE_K1,0,0,,,False,,,BREAK_BEFORE_K1,2022-06-20 01:40:00+00:00,
90,01:30,5,2022-06-21,Tuesday,2022-06-20 18:30:00+00:00,2022-06-20 23:30:00+00:00,2022-06-20 23:30:00+00:00,2022-06-21 03:30:00+00:00,216.62,211.7,4.920000000000016,False,BREAK_BEFORE_K1,0,0,,,False,,,BREAK_BEFORE_K1,2022-06-20 23:30:00+00:00,
90,01:30,5,2022-06-22,Wednesday,2022-06-21 18:30:00+00:00,2022-06-21 23:30:00+00:00,2022-06-21 23:30:00+00:00,2022-06-22 03:30:00+00:00,224.8,216.88,7.920000000000016,False,OPPOSITE_VISIT_BEFORE_K1,0,1,,,False,,,OPPOSITE_VISIT_BEFORE_K1,2022-06-22 00:10:00+00:00,
90,01:30,5,2022-06-23,Thursday,2022-06-22 18:30:00+00:00,2022-06-22 23:30:00+00:00,2022-06-22 23:30:00+00:00,2022-06-23 03:30:00+00:00,217.94,212.72,5.219999999999999,True,,1,0,2022-06-23 00:15:00+00:00,2022-06-23 00:20:00+00:00,False,,,BREAK_DURING_K1,2022-06-23 00:20:00+00:00,
90,01:30,5,2022-06-24,Friday,2022-06-23 18:30:00+00:00,2022-06-23 23:30:00+00:00,2022-06-23 23:30:00+00:00,2022-06-24 03:30:00+00:00,230.67,222.42,8.25,True,,1,0,2022-06-24 00:15:00+00:00,2022-06-24 00:20:00+00:00,True,2022-06-24 00:25:00+00:00,2022-06-24 00:30:00+00:00,H2_ARRIVAL,2022-06-24 01:15:00+00:00,50.0
90,01:30,5,2022-06-25,Saturday,2022-06-24 18:30:00+00:00,2022-06-24 23:30:00+00:00,2022-06-24 23:30:00+00:00,2022-06-25 03:30:00+00:00,243.4,235.42,7.980000000000018,False,OPPOSITE_VISIT_BEFORE_K1,0,1,,,False,,,OPPOSITE_VISIT_BEFORE_K1,2022-06-25 02:30:00+00:00,
90,01:30,5,2022-06-26,Sunday,2022-06-25 18:30:00+00:00,2022-06-25 23:30:00+00:00,2022-06-25 23:30:00+00:00,2022-06-26 03:30:00+00:00,240.27,233.24,7.030000000000001,True,,1,0,2022-06-25 23:55:00+00:00,2022-06-26 00:00:00+00:00,True,2022-06-26 00:00:00+00:00,2022-06-26 00:05:00+00:00,H2_ARRIVAL,2022-06-26 00:05:00+00:00,5.0
90,01:30,5,2022-06-27,Monday,2022-06-26 18:30:00+00:00,2022-06-26 23:30:00+00:00,2022-06-26 23:30:00+00:00,2022-06-27 03:30:00+00:00,240.0,233.71,6.289999999999992,False,BREAK_BEFORE_K1,0,0,,,False,,,BREAK_BEFORE_K1,2022-06-26 23:40:00+00:00,
90,01:30,5,2022-06-28,Tuesday,2022-06-27 18:30:00+00:00,2022-06-27 23:30:00+00:00,2022-06-27 23:30:00+00:00,2022-06-28 03:30:00+00:00,236.76,232.94,3.819999999999993,False,OPPOSITE_VISIT_BEFORE_K1,0,1,,,False,,,OPPOSITE_VISIT_BEFORE_K1,2022-06-27 23:45:00+00:00,
90,01:30,5,2022-06-29,Wednesday,2022-06-28 18:30:00+00:00,2022-06-28 23:30:00+00:00,2022-06-28 23:30:00+00:00,2022-06-29 03:30:00+00:00,234.13,225.72,8.409999999999997,False,OPPOSITE_VISIT_BEFORE_K1,0,1,,,False,,,OPPOSITE_VISIT_BEFORE_K1,2022-06-28 23:50:00+00:00,
90,01:30,5,2022-06-30,Thursday,2022-06-29 18:30:00+00:00,2022-06-29 23:30:00+00:00,2022-06-29 23:30:00+00:00,2022-06-30 03:30:00+00:00,222.44,217.92,4.52000000000001,False,OPPOSITE_VISIT_BEFORE_K1,0,1,,,False,,,OPPOSITE_VISIT_BEFORE_K1,2022-06-30 00:35:00+00:00,
90,01:30,5,2022-07-01,Friday,2022-06-30 18:30:00+00:00,2022-06-30 23:30:00+00:00,2022-06-30 23:30:00+00:00,2022-07-01 03:30:00+00:00,214.62,209.62,5.0,False,BREAK_BEFORE_K1,0,0,,,False,,,BREAK_BEFORE_K1,2022-06-30 23:45:00+00:00,
90,01:30,5,2022-07-02,Saturday,2022-07-01 18:30:00+00:00,2022-07-01 23:30:00+00:00,2022-07-01 23:30:00+00:00,2022-07-02 03:30:00+00:00,220.77,216.18,4.590000000000003,False,BREAK_BEFORE_K1,0,0,,,False,,,BREAK_BEFORE_K1,2022-07-01 23:50:00+00:00,
90,01:30,5,2022-07-03,Sunday,2022-07-02 18:30:00+00:00,2022-07-02 23:30:00+00:00,2022-07-02 23:30:00+00:00,2022-07-03 03:30:00+00:00,219.68,217.1,2.5800000000000125,False,OPPOSITE_VISIT_BEFORE_K1,0,1,,,False,,,OPPOSITE_VISIT_BEFORE_K1,2022-07-03 00:20:00+00:00,
90,01:30,5,2022-07-04,Monday,2022-07-03 18:30:00+00:00,2022-07-03 23:30:00+00:00,2022-07-03 23:30:00+00:00,2022-07-04 03:30:00+00:00,220.2,215.97,4.22999999999999,False,BREAK_BEFORE_K1,0,0,,,False,,,BREAK_BEFORE_K1,2022-07-04 02:45:00+00:00,
90,01:30,5,2022-07-05,Tuesday,2022-07-04 18:30:00+00:00,2022-07-04 23:30:00+00:00,2022-07-04 23:30:00+00:00,2022-07-05 03:30:00+00:00,231.6,226.59,5.009999999999991,False,BREAK_BEFORE_K1,0,0,,,False,,,BREAK_BEFORE_K1,2022-07-04 23:35:00+00:00,
90,01:30,5,2022-07-06,Wednesday,2022-07-05 18:30:00+00:00,2022-07-05 23:30:00+00:00,2022-07-05 23:30:00+00:00,2022-07-06 03:30:00+00:00,233.69,226.31,7.3799999999999955,False,BREAK_BEFORE_K1,0,0,,,False,,,BREAK_BEFORE_K1,2022-07-06 00:45:00+00:00,
90,01:30,5,2022-07-07,Thursday,2022-07-06 18:30:00+00:00,2022-07-06 23:30:00+00:00,2022-07-06 23:30:00+00:00,2022-07-07 03:30:00+00:00,239.98,236.91,3.069999999999993,False,OPPOSITE_VISIT_BEFORE_K1,0,1,,,False,,,OPPOSITE_VISIT_BEFORE_K1,2022-07-07 02:15:00+00:00,
90,01:30,5,2022-07-08,Friday,2022-07-07 18:30:00+00:00,2022-07-07 23:30:00+00:00,2022-07-07 23:30:00+00:00,2022-07-08 03:30:00+00:00,243.71,240.2,3.5100000000000193,False,OPPOSITE_VISIT_BEFORE_K1,0,1,,,False,,,OPPOSITE_VISIT_BEFORE_K1,2022-07-08 00:30:00+00:00,
90,01:30,5,2022-07-09,Saturday,2022-07-08 18:30:00+00:00,2022-07-08 23:30:00+00:00,2022-07-08 23:30:00+00:00,2022-07-09 03:30:00+00:00,243.66,240.74,2.9199999999999875,False,BREAK_BEFORE_K1,0,0,,,False,,,BREAK_BEFORE_K1,2022-07-08 23:55:00+00:00,
90,01:30,5,2022-07-10,Sunday,2022-07-09 18:30:00+00:00,2022-07-09 23:30:00+00:00,2022-07-09 23:30:00+00:00,2022-07-10 03:30:00+00:00,244.92,241.87,3.049999999999983,False,BREAK_BEFORE_K1,0,0,,,False,,,BREAK_BEFORE_K1,2022-07-10 00:45:00+00:00,
90,01:30,5,2022-07-11,Monday,2022-07-10 18:30:00+00:00,2022-07-10 23:30:00+00:00,2022-07-10 23:30:00+00:00,2022-07-11 03:30:00+00:00,235.65,232.48,3.170000000000016,False,BREAK_BEFORE_K1,0,0,,,False,,,BREAK_BEFORE_K1,2022-07-11 01:20:00+00:00,
90,01:30,5,2022-07-12,Tuesday,2022-07-11 18:30:00+00:00,2022-07-11 23:30:00+00:00,2022-07-11 23:30:00+00:00,2022-07-12 03:30:00+00:00,233.7,224.81,8.889999999999986,False,BREAK_BEFORE_K1,0,0,,,False,,,BREAK_BEFORE_K1,2022-07-12 00:00:00+00:00,
90,01:30,5,2022-07-13,Wednesday,2022-07-12 18:30:00+00:00,2022-07-12 23:30:00+00:00,2022-07-12 23:30:00+00:00,2022-07-13 03:30:00+00:00,226.67,221.15,5.519999999999982,False,BREAK_BEFORE_K1,0,0,,,False,,,BREAK_BEFORE_K1,2022-07-12 23:50:00+00:00,
90,01:30,5,2022-07-14,Thursday,2022-07-13 18:30:00+00:00,2022-07-13 23:30:00+00:00,2022-07-13 23:30:00+00:00,2022-07-14 03:30:00+00:00,230.43,224.14,6.2900000000000205,False,BREAK_BEFORE_K1,0,0,,,False,,,BREAK_BEFORE_K1,2022-07-13 23:40:00+00:00,
90,01:30,5,2022-07-15,Friday,2022-07-14 18:30:00+00:00,2022-07-14 23:30:00+00:00,2022-07-14 23:30:00+00:00,2022-07-15 03:30:00+00:00,239.94,236.76,3.180000000000007,False,BREAK_BEFORE_K1,0,0,,,False,,,BREAK_BEFORE_K1,2022-07-15 00:05:00+00:00,
90,01:30,5,2022-07-16,Saturday,2022-07-15 18:30:00+00:00,2022-07-15 23:30:00+00:00,2022-07-15 23:30:00+00:00,2022-07-16 03:30:00+00:00,242.6,237.6,5.0,False,OPPOSITE_VISIT_BEFORE_K1,0,1,,,False,,,OPPOSITE_VISIT_BEFORE_K1,2022-07-16 00:00:00+00:00,
90,01:30,5,2022-07-17,Sunday,2022-07-16 18:30:00+00:00,2022-07-16 23:30:00+00:00,2022-07-16 23:30:00+00:00,2022-07-17 03:30:00+00:00,251.57,246.46,5.109999999999985,True,,1,0,2022-07-17 00:05:00+00:00,2022-07-17 00:10:00+00:00,True,2022-07-17 00:15:00+00:00,2022-07-17 00:20:00+00:00,NO_H2_BY_END,,
90,01:30,5,2022-07-18,Monday,2022-07-17 18:30:00+00:00,2022-07-17 23:30:00+00:00,2022-07-17 23:30:00+00:00,2022-07-18 03:30:00+00:00,251.18,247.57,3.6100000000000136,False,OPPOSITE_VISIT_BEFORE_K1,0,1,,,False,,,OPPOSITE_VISIT_BEFORE_K1,2022-07-17 23:50:00+00:00,
90,01:30,5,2022-07-19,Tuesday,2022-07-18 18:30:00+00:00,2022-07-18 23:30:00+00:00,2022-07-18 23:30:00+00:00,2022-07-19 03:30:00+00:00,263.75,254.68,9.069999999999993,True,,1,0,2022-07-18 23:30:00+00:00,2022-07-18 23:35:00+00:00,False,,,BREAK_DURING_K1,2022-07-18 23:50:00+00:00,
90,01:30,5,2022-07-20,Wednesday,2022-07-19 18:30:00+00:00,2022-07-19 23:30:00+00:00,2022-07-19 23:30:00+00:00,2022-07-20 03:30:00+00:00,274.77,268.86,5.909999999999968,False,OPPOSITE_VISIT_BEFORE_K1,0,1,,,False,,,OPPOSITE_VISIT_BEFORE_K1,2022-07-19 23:30:00+00:00,
90,01:30,5,2022-07-21,Thursday,2022-07-20 18:30:00+00:00,2022-07-20 23:30:00+00:00,2022-07-20 23:30:00+00:00,2022-07-21 03:30:00+00:00,267.09,256.28,10.810000000000002,False,BREAK_BEFORE_K1,0,0,,,False,,,BREAK_BEFORE_K1,2022-07-21 02:20:00+00:00,
90,01:30,5,2022-07-22,Friday,2022-07-21 18:30:00+00:00,2022-07-21 23:30:00+00:00,2022-07-21 23:30:00+00:00,2022-07-22 03:30:00+00:00,265.88,260.86,5.019999999999982,False,BREAK_BEFORE_K1,0,0,,,False,,,BREAK_BEFORE_K1,2022-07-22 00:10:00+00:00,
90,01:30,5,2022-07-23,Saturday,2022-07-22 18:30:00+00:00,2022-07-22 23:30:00+00:00,2022-07-22 23:30:00+00:00,2022-07-23 03:30:00+00:00,266.99,261.07,5.920000000000016,False,OPPOSITE_VISIT_BEFORE_K1,0,1,,,False,,,OPPOSITE_VISIT_BEFORE_K1,2022-07-23 00:05:00+00:00,
90,01:30,5,2022-07-24,Sunday,2022-07-23 18:30:00+00:00,2022-07-23 23:30:00+00:00,2022-07-23 23:30:00+00:00,2022-07-24 03:30:00+00:00,260.27,252.56,7.7099999999999795,False,BREAK_BEFORE_K1,0,0,,,False,,,BREAK_BEFORE_K1,2022-07-24 00:00:00+00:00,
90,01:30,5,2022-07-25,Monday,2022-07-24 18:30:00+00:00,2022-07-24 23:30:00+00:00,2022-07-24 23:30:00+00:00,2022-07-25 03:30:00+00:00,266.22,260.07,6.150000000000034,False,BREAK_BEFORE_K1,0,0,,,False,,,BREAK_BEFORE_K1,2022-07-25 00:25:00+00:00,
90,01:30,5,2022-07-26,Tuesday,2022-07-25 18:30:00+00:00,2022-07-25 23:30:00+00:00,2022-07-25 23:30:00+00:00,2022-07-26 03:30:00+00:00,256.05,249.11,6.939999999999998,False,OPPOSITE_VISIT_BEFORE_K1,0,1,,,False,,,OPPOSITE_VISIT_BEFORE_K1,2022-07-25 23:40:00+00:00,
90,01:30,5,2022-07-27,Wednesday,2022-07-26 18:30:00+00:00,2022-07-26 23:30:00+00:00,2022-07-26 23:30:00+00:00,2022-07-27 03:30:00+00:00,247.9,241.39,6.510000000000019,True,,1,0,2022-07-26 23:35:00+00:00,2022-07-26 23:40:00+00:00,False,,,BREAK_DURING_K1,2022-07-26 23:45:00+00:00,
90,01:30,5,2022-07-28,Thursday,2022-07-27 18:30:00+00:00,2022-07-27 23:30:00+00:00,2022-07-27 23:30:00+00:00,2022-07-28 03:30:00+00:00,270.59,262.11,8.479999999999961,True,,1,0,2022-07-27 23:45:00+00:00,2022-07-27 23:50:00+00:00,False,,,BREAK_DURING_K1,2022-07-27 23:50:00+00:00,
90,01:30,5,2022-07-29,Friday,2022-07-28 18:30:00+00:00,2022-07-28 23:30:00+00:00,2022-07-28 23:30:00+00:00,2022-07-29 03:30:00+00:00,280.93,274.54,6.389999999999986,False,NO_K1,0,0,,,False,,,NO_K1,,
90,01:30,5,2022-07-30,Saturday,2022-07-29 18:30:00+00:00,2022-07-29 23:30:00+00:00,2022-07-29 23:30:00+00:00,2022-07-30 03:30:00+00:00,299.23,293.7,5.53000000000003,False,BREAK_BEFORE_K1,0,0,,,False,,,BREAK_BEFORE_K1,2022-07-29 23:50:00+00:00,
90,01:30,5,2022-07-31,Sunday,2022-07-30 18:30:00+00:00,2022-07-30 23:30:00+00:00,2022-07-30 23:30:00+00:00,2022-07-31 03:30:00+00:00,297.11,284.92,12.189999999999998,False,NO_K1,0,0,,,False,,,NO_K1,,
90,01:30,5,2022-08-01,Monday,2022-07-31 18:30:00+00:00,2022-07-31 23:30:00+00:00,2022-07-31 23:30:00+00:00,2022-08-01 03:30:00+00:00,292.74,282.03,10.710000000000036,False,NO_K1,0,0,,,False,,,NO_K1,,
90,01:30,5,2022-08-02,Tuesday,2022-08-01 18:30:00+00:00,2022-08-01 23:30:00+00:00,2022-08-01 23:30:00+00:00,2022-08-02 03:30:00+00:00,284.19,277.89,6.300000000000011,True,,1,0,2022-08-01 23:35:00+00:00,2022-08-01 23:40:00+00:00,True,2022-08-01 23:40:00+00:00,2022-08-01 23:45:00+00:00,H2_ARRIVAL,2022-08-02 00:10:00+00:00,30.0
90,01:30,5,2022-08-03,Wednesday,2022-08-02 18:30:00+00:00,2022-08-02 23:30:00+00:00,2022-08-02 23:30:00+00:00,2022-08-03 03:30:00+00:00,288.45,282.88,5.569999999999993,False,BREAK_BEFORE_K1,0,0,,,False,,,BREAK_BEFORE_K1,2022-08-03 00:10:00+00:00,
90,01:30,5,2022-08-04,Thursday,2022-08-03 18:30:00+00:00,2022-08-03 23:30:00+00:00,2022-08-03 23:30:00+00:00,2022-08-04 03:30:00+00:00,305.9,295.62,10.279999999999973,False,NO_K1,0,0,,,False,,,NO_K1,,
90,01:30,5,2022-08-05,Friday,2022-08-04 18:30:00+00:00,2022-08-04 23:30:00+00:00,2022-08-04 23:30:00+00:00,2022-08-05 03:30:00+00:00,313.67,303.24,10.430000000000007,False,BREAK_BEFORE_K1,0,0,,,False,,,BREAK_BEFORE_K1,2022-08-05 01:50:00+00:00,
90,01:30,5,2022-08-06,Saturday,2022-08-05 18:30:00+00:00,2022-08-05 23:30:00+00:00,2022-08-05 23:30:00+00:00,2022-08-06 03:30:00+00:00,316.9,311.67,5.229999999999961,False,BREAK_BEFORE_K1,0,0,,,False,,,BREAK_BEFORE_K1,2022-08-06 00:30:00+00:00,
90,01:30,5,2022-08-07,Sunday,2022-08-06 18:30:00+00:00,2022-08-06 23:30:00+00:00,2022-08-06 23:30:00+00:00,2022-08-07 03:30:00+00:00,321.99,314.1,7.889999999999986,False,BREAK_BEFORE_K1,0,0,,,False,,,BREAK_BEFORE_K1,2022-08-07 00:50:00+00:00,
90,01:30,5,2022-08-08,Monday,2022-08-07 18:30:00+00:00,2022-08-07 23:30:00+00:00,2022-08-07 23:30:00+00:00,2022-08-08 03:30:00+00:00,325.93,321.44,4.490000000000009,False,BREAK_BEFORE_K1,0,0,,,False,,,BREAK_BEFORE_K1,2022-08-08 00:15:00+00:00,
90,01:30,5,2022-08-09,Tuesday,2022-08-08 18:30:00+00:00,2022-08-08 23:30:00+00:00,2022-08-08 23:30:00+00:00,2022-08-09 03:30:00+00:00,329.64,321.0,8.639999999999986,False,NO_K1,0,0,,,False,,,NO_K1,,
90,01:30,5,2022-08-10,Wednesday,2022-08-09 18:30:00+00:00,2022-08-09 23:30:00+00:00,2022-08-09 23:30:00+00:00,2022-08-10 03:30:00+00:00,328.5,318.68,9.819999999999993,False,OPPOSITE_VISIT_BEFORE_K1,0,1,,,False,,,OPPOSITE_VISIT_BEFORE_K1,2022-08-10 00:40:00+00:00,
90,01:30,5,2022-08-11,Thursday,2022-08-10 18:30:00+00:00,2022-08-10 23:30:00+00:00,2022-08-10 23:30:00+00:00,2022-08-11 03:30:00+00:00,330.49,325.79,4.699999999999989,True,,1,0,2022-08-11 00:20:00+00:00,2022-08-11 00:25:00+00:00,True,2022-08-11 00:25:00+00:00,2022-08-11 00:30:00+00:00,H2_ARRIVAL,2022-08-11 00:35:00+00:00,10.0
90,01:30,5,2022-08-12,Friday,2022-08-11 18:30:00+00:00,2022-08-11 23:30:00+00:00,2022-08-11 23:30:00+00:00,2022-08-12 03:30:00+00:00,327.42,321.65,5.770000000000039,False,BREAK_BEFORE_K1,0,0,,,False,,,BREAK_BEFORE_K1,2022-08-12 00:10:00+00:00,
90,01:30,5,2022-08-13,Saturday,2022-08-12 18:30:00+00:00,2022-08-12 23:30:00+00:00,2022-08-12 23:30:00+00:00,2022-08-13 03:30:00+00:00,327.47,322.87,4.600000000000023,True,,1,0,2022-08-12 23:50:00+00:00,2022-08-12 23:55:00+00:00,False,,,BREAK_DURING_K1,2022-08-12 23:55:00+00:00,
90,01:30,5,2022-08-14,Sunday,2022-08-13 18:30:00+00:00,2022-08-13 23:30:00+00:00,2022-08-13 23:30:00+00:00,2022-08-14 03:30:00+00:00,326.85,323.0,3.8500000000000227,False,OPPOSITE_VISIT_BEFORE_K1,0,1,,,False,,,OPPOSITE_VISIT_BEFORE_K1,2022-08-13 23:40:00+00:00,
90,01:30,5,2022-08-15,Monday,2022-08-14 18:30:00+00:00,2022-08-14 23:30:00+00:00,2022-08-14 23:30:00+00:00,2022-08-15 03:30:00+00:00,320.48,316.32,4.160000000000025,False,BREAK_BEFORE_K1,0,0,,,False,,,BREAK_BEFORE_K1,2022-08-15 00:05:00+00:00,
90,01:30,5,2022-08-16,Tuesday,2022-08-15 18:30:00+00:00,2022-08-15 23:30:00+00:00,2022-08-15 23:30:00+00:00,2022-08-16 03:30:00+00:00,320.18,315.53,4.650000000000034,True,,1,0,2022-08-15 23:50:00+00:00,2022-08-15 23:55:00+00:00,True,2022-08-15 23:55:00+00:00,2022-08-16 00:00:00+00:00,H2_ARRIVAL,2022-08-16 00:05:00+00:00,10.0
90,01:30,5,2022-08-17,Wednesday,2022-08-16 18:30:00+00:00,2022-08-16 23:30:00+00:00,2022-08-16 23:30:00+00:00,2022-08-17 03:30:00+00:00,317.58,311.69,5.889999999999986,False,BREAK_BEFORE_K1,0,0,,,False,,,BREAK_BEFORE_K1,2022-08-17 00:35:00+00:00,
90,01:30,5,2022-08-18,Thursday,2022-08-17 18:30:00+00:00,2022-08-17 23:30:00+00:00,2022-08-17 23:30:00+00:00,2022-08-18 03:30:00+00:00,311.45,303.5,7.949999999999989,False,BREAK_BEFORE_K1,0,0,,,False,,,BREAK_BEFORE_K1,2022-08-18 00:25:00+00:00,
90,01:30,5,2022-08-19,Friday,2022-08-18 18:30:00+00:00,2022-08-18 23:30:00+00:00,2022-08-18 23:30:00+00:00,2022-08-19 03:30:00+00:00,304.8,295.22,9.579999999999984,False,BREAK_BEFORE_K1,0,0,,,False,,,BREAK_BEFORE_K1,2022-08-19 00:20:00+00:00,
90,01:30,5,2022-08-20,Saturday,2022-08-19 18:30:00+00:00,2022-08-19 23:30:00+00:00,2022-08-19 23:30:00+00:00,2022-08-20 03:30:00+00:00,287.83,277.3,10.529999999999973,False,NO_K1,0,0,,,False,,,NO_K1,,
90,01:30,5,2022-08-21,Sunday,2022-08-20 18:30:00+00:00,2022-08-20 23:30:00+00:00,2022-08-20 23:30:00+00:00,2022-08-21 03:30:00+00:00,284.63,276.55,8.079999999999984,True,,1,0,2022-08-21 00:10:00+00:00,2022-08-21 00:15:00+00:00,False,,,BREAK_DURING_K1,2022-08-21 00:15:00+00:00,
90,01:30,5,2022-08-22,Monday,2022-08-21 18:30:00+00:00,2022-08-21 23:30:00+00:00,2022-08-21 23:30:00+00:00,2022-08-22 03:30:00+00:00,304.31,296.43,7.8799999999999955,True,,1,0,2022-08-22 00:20:00+00:00,2022-08-22 00:25:00+00:00,True,2022-08-22 00:25:00+00:00,2022-08-22 00:30:00+00:00,NO_H2_BY_END,,
90,01:30,5,2022-08-23,Tuesday,2022-08-22 18:30:00+00:00,2022-08-22 23:30:00+00:00,2022-08-22 23:30:00+00:00,2022-08-23 03:30:00+00:00,301.68,292.84,8.840000000000032,True,,1,0,2022-08-23 00:25:00+00:00,2022-08-23 00:30:00+00:00,True,2022-08-23 00:35:00+00:00,2022-08-23 00:40:00+00:00,NO_H2_BY_END,,
90,01:30,5,2022-08-24,Wednesday,2022-08-23 18:30:00+00:00,2022-08-23 23:30:00+00:00,2022-08-23 23:30:00+00:00,2022-08-24 03:30:00+00:00,301.19,297.01,4.180000000000007,False,BREAK_BEFORE_K1,0,0,,,False,,,BREAK_BEFORE_K1,2022-08-24 00:35:00+00:00,
90,01:30,5,2022-08-25,Thursday,2022-08-24 18:30:00+00:00,2022-08-24 23:30:00+00:00,2022-08-24 23:30:00+00:00,2022-08-25 03:30:00+00:00,300.17,295.75,4.420000000000016,False,BREAK_BEFORE_K1,0,0,,,False,,,BREAK_BEFORE_K1,2022-08-24 23:30:00+00:00,
90,01:30,5,2022-08-26,Friday,2022-08-25 18:30:00+00:00,2022-08-25 23:30:00+00:00,2022-08-25 23:30:00+00:00,2022-08-26 03:30:00+00:00,303.78,300.18,3.599999999999966,False,BREAK_BEFORE_K1,0,0,,,False,,,BREAK_BEFORE_K1,2022-08-26 00:05:00+00:00,
90,01:30,5,2022-08-27,Saturday,2022-08-26 18:30:00+00:00,2022-08-26 23:30:00+00:00,2022-08-26 23:30:00+00:00,2022-08-27 03:30:00+00:00,286.23,278.0,8.230000000000018,False,OPPOSITE_VISIT_BEFORE_K1,0,1,,,False,,,OPPOSITE_VISIT_BEFORE_K1,2022-08-26 23:30:00+00:00,
90,01:30,5,2022-08-28,Sunday,2022-08-27 18:30:00+00:00,2022-08-27 23:30:00+00:00,2022-08-27 23:30:00+00:00,2022-08-28 03:30:00+00:00,278.31,272.8,5.509999999999991,False,BREAK_BEFORE_K1,0,0,,,False,,,BREAK_BEFORE_K1,2022-08-28 01:20:00+00:00,
90,01:30,5,2022-08-29,Monday,2022-08-28 18:30:00+00:00,2022-08-28 23:30:00+00:00,2022-08-28 23:30:00+00:00,2022-08-29 03:30:00+00:00,282.94,276.09,6.850000000000023,False,OPPOSITE_VISIT_BEFORE_K1,0,1,,,False,,,OPPOSITE_VISIT_BEFORE_K1,2022-08-28 23:55:00+00:00,
90,01:30,5,2022-08-30,Tuesday,2022-08-29 18:30:00+00:00,2022-08-29 23:30:00+00:00,2022-08-29 23:30:00+00:00,2022-08-30 03:30:00+00:00,286.5,279.85,6.649999999999977,True,,1,0,2022-08-29 23:45:00+00:00,2022-08-29 23:50:00+00:00,True,2022-08-29 23:50:00+00:00,2022-08-29 23:55:00+00:00,H2_ARRIVAL,2022-08-30 00:35:00+00:00,45.0
90,01:30,5,2022-08-31,Wednesday,2022-08-30 18:30:00+00:00,2022-08-30 23:30:00+00:00,2022-08-30 23:30:00+00:00,2022-08-31 03:30:00+00:00,284.58,277.9,6.680000000000007,True,,1,0,2022-08-31 00:25:00+00:00,2022-08-31 00:30:00+00:00,True,2022-08-31 00:35:00+00:00,2022-08-31 00:40:00+00:00,H2_ARRIVAL,2022-08-31 01:35:00+00:00,60.0
90,01:30,5,2022-09-01,Thursday,2022-08-31 18:30:00+00:00,2022-08-31 23:30:00+00:00,2022-08-31 23:30:00+00:00,2022-09-01 03:30:00+00:00,283.3,278.01,5.2900000000000205,False,BREAK_BEFORE_K1,0,0,,,False,,,BREAK_BEFORE_K1,2022-08-31 23:30:00+00:00,
90,01:30,5,2022-09-02,Friday,2022-09-01 18:30:00+00:00,2022-09-01 23:30:00+00:00,2022-09-01 23:30:00+00:00,2022-09-02 03:30:00+00:00,278.5,273.99,4.509999999999991,True,,1,0,2022-09-01 23:35:00+00:00,2022-09-01 23:40:00+00:00,True,2022-09-01 23:40:00+00:00,2022-09-01 23:45:00+00:00,H2_ARRIVAL,2022-09-02 03:00:00+00:00,200.0
90,01:30,5,2022-09-03,Saturday,2022-09-02 18:30:00+00:00,2022-09-02 23:30:00+00:00,2022-09-02 23:30:00+00:00,2022-09-03 03:30:00+00:00,277.8,273.33,4.470000000000027,True,,1,0,2022-09-03 00:20:00+00:00,2022-09-03 00:25:00+00:00,True,2022-09-03 00:30:00+00:00,2022-09-03 00:35:00+00:00,H2_ARRIVAL,2022-09-03 00:35:00+00:00,5.0
90,01:30,5,2022-09-04,Sunday,2022-09-03 18:30:00+00:00,2022-09-03 23:30:00+00:00,2022-09-03 23:30:00+00:00,2022-09-04 03:30:00+00:00,277.99,275.28,2.7100000000000364,False,BREAK_BEFORE_K1,0,0,,,False,,,BREAK_BEFORE_K1,2022-09-04 00:25:00+00:00,
90,01:30,5,2022-09-05,Monday,2022-09-04 18:30:00+00:00,2022-09-04 23:30:00+00:00,2022-09-04 23:30:00+00:00,2022-09-05 03:30:00+00:00,279.22,276.9,2.32000000000005,False,BREAK_BEFORE_K1,0,0,,,False,,,BREAK_BEFORE_K1,2022-09-05 00:00:00+00:00,
90,01:30,5,2022-09-06,Tuesday,2022-09-05 18:30:00+00:00,2022-09-05 23:30:00+00:00,2022-09-05 23:30:00+00:00,2022-09-06 03:30:00+00:00,276.12,273.42,2.6999999999999886,False,BREAK_BEFORE_K1,0,0,,,False,,,BREAK_BEFORE_K1,2022-09-05 23:35:00+00:00,
90,01:30,5,2022-09-07,Wednesday,2022-09-06 18:30:00+00:00,2022-09-06 23:30:00+00:00,2022-09-06 23:30:00+00:00,2022-09-07 03:30:00+00:00,267.09,260.44,6.649999999999977,False,OPPOSITE_VISIT_BEFORE_K1,0,1,,,False,,,OPPOSITE_VISIT_BEFORE_K1,2022-09-06 23:55:00+00:00,
90,01:30,5,2022-09-08,Thursday,2022-09-07 18:30:00+00:00,2022-09-07 23:30:00+00:00,2022-09-07 23:30:00+00:00,2022-09-08 03:30:00+00:00,280.68,268.57,12.110000000000014,True,,1,0,2022-09-08 02:30:00+00:00,2022-09-08 02:35:00+00:00,True,2022-09-08 02:35:00+00:00,2022-09-08 02:40:00+00:00,NO_H2_BY_END,,
90,01:30,5,2022-09-09,Friday,2022-09-08 18:30:00+00:00,2022-09-08 23:30:00+00:00,2022-09-08 23:30:00+00:00,2022-09-09 03:30:00+00:00,281.94,279.2,2.740000000000009,True,,1,0,2022-09-09 01:15:00+00:00,2022-09-09 01:20:00+00:00,True,2022-09-09 01:20:00+00:00,2022-09-09 01:25:00+00:00,H2_ARRIVAL,2022-09-09 02:25:00+00:00,65.0
90,01:30,5,2022-09-10,Saturday,2022-09-09 18:30:00+00:00,2022-09-09 23:30:00+00:00,2022-09-09 23:30:00+00:00,2022-09-10 03:30:00+00:00,295.11,289.45,5.660000000000025,False,NO_K1,0,0,,,False,,,NO_K1,,
90,01:30,5,2022-09-11,Sunday,2022-09-10 18:30:00+00:00,2022-09-10 23:30:00+00:00,2022-09-10 23:30:00+00:00,2022-09-11 03:30:00+00:00,298.45,292.55,5.899999999999977,True,,1,0,2022-09-10 23:30:00+00:00,2022-09-10 23:35:00+00:00,True,2022-09-10 23:35:00+00:00,2022-09-10 23:40:00+00:00,NO_H2_BY_END,,
90,01:30,5,2022-09-12,Monday,2022-09-11 18:30:00+00:00,2022-09-11 23:30:00+00:00,2022-09-11 23:30:00+00:00,2022-09-12 03:30:00+00:00,295.33,289.35,5.979999999999961,True,,1,0,2022-09-11 23:45:00+00:00,2022-09-11 23:50:00+00:00,True,2022-09-11 23:50:00+00:00,2022-09-11 23:55:00+00:00,H2_ARRIVAL,2022-09-12 00:05:00+00:00,15.0
90,01:30,5,2022-09-13,Tuesday,2022-09-12 18:30:00+00:00,2022-09-12 23:30:00+00:00,2022-09-12 23:30:00+00:00,2022-09-13 03:30:00+00:00,294.77,291.2,3.569999999999993,False,OPPOSITE_VISIT_BEFORE_K1,0,1,,,False,,,OPPOSITE_VISIT_BEFORE_K1,2022-09-13 00:15:00+00:00,
90,01:30,5,2022-09-14,Wednesday,2022-09-13 18:30:00+00:00,2022-09-13 23:30:00+00:00,2022-09-13 23:30:00+00:00,2022-09-14 03:30:00+00:00,282.6,275.16,7.439999999999998,False,NO_K1,0,0,,,False,,,NO_K1,,
90,01:30,5,2022-09-15,Thursday,2022-09-14 18:30:00+00:00,2022-09-14 23:30:00+00:00,2022-09-14 23:30:00+00:00,2022-09-15 03:30:00+00:00,280.18,275.39,4.7900000000000205,True,,1,0,2022-09-15 00:20:00+00:00,2022-09-15 00:25:00+00:00,True,2022-09-15 00:25:00+00:00,2022-09-15 00:30:00+00:00,OPPOSITE_BREAK_BEFORE_H2,2022-09-15 02:25:00+00:00,
90,01:30,5,2022-09-16,Friday,2022-09-15 18:30:00+00:00,2022-09-15 23:30:00+00:00,2022-09-15 23:30:00+00:00,2022-09-16 03:30:00+00:00,272.57,268.42,4.149999999999977,False,OPPOSITE_VISIT_BEFORE_K1,0,1,,,False,,,OPPOSITE_VISIT_BEFORE_K1,2022-09-16 00:15:00+00:00,
90,01:30,5,2022-09-17,Saturday,2022-09-16 18:30:00+00:00,2022-09-16 23:30:00+00:00,2022-09-16 23:30:00+00:00,2022-09-17 03:30:00+00:00,274.48,272.04,2.4399999999999977,False,BREAK_BEFORE_K1,0,0,,,False,,,BREAK_BEFORE_K1,2022-09-16 23:50:00+00:00,
90,01:30,5,2022-09-18,Sunday,2022-09-17 18:30:00+00:00,2022-09-17 23:30:00+00:00,2022-09-17 23:30:00+00:00,2022-09-18 03:30:00+00:00,279.38,277.35,2.0299999999999727,True,,1,0,2022-09-17 23:35:00+00:00,2022-09-17 23:40:00+00:00,True,2022-09-17 23:50:00+00:00,2022-09-17 23:55:00+00:00,OPPOSITE_BREAK_BEFORE_H2,2022-09-18 00:15:00+00:00,
90,01:30,5,2022-09-19,Monday,2022-09-18 18:30:00+00:00,2022-09-18 23:30:00+00:00,2022-09-18 23:30:00+00:00,2022-09-19 03:30:00+00:00,273.38,262.13,11.25,False,OPPOSITE_VISIT_BEFORE_K1,0,1,,,False,,,OPPOSITE_VISIT_BEFORE_K1,2022-09-19 02:15:00+00:00,
90,01:30,5,2022-09-20,Tuesday,2022-09-19 18:30:00+00:00,2022-09-19 23:30:00+00:00,2022-09-19 23:30:00+00:00,2022-09-20 03:30:00+00:00,273.09,265.21,7.8799999999999955,True,,1,0,2022-09-20 00:00:00+00:00,2022-09-20 00:05:00+00:00,False,,,BREAK_DURING_K1,2022-09-20 00:05:00+00:00,
90,01:30,5,2022-09-21,Wednesday,2022-09-20 18:30:00+00:00,2022-09-20 23:30:00+00:00,2022-09-20 23:30:00+00:00,2022-09-21 03:30:00+00:00,268.87,265.14,3.730000000000018,False,NO_K1,0,0,,,False,,,NO_K1,,
90,01:30,5,2022-09-22,Thursday,2022-09-21 18:30:00+00:00,2022-09-21 23:30:00+00:00,2022-09-21 23:30:00+00:00,2022-09-22 03:30:00+00:00,276.47,260.0,16.470000000000027,False,NO_K1,0,0,,,False,,,NO_K1,,
90,01:30,5,2022-09-23,Friday,2022-09-22 18:30:00+00:00,2022-09-22 23:30:00+00:00,2022-09-22 23:30:00+00:00,2022-09-23 03:30:00+00:00,276.45,270.06,6.389999999999986,False,NO_K1,0,0,,,False,,,NO_K1,,
90,01:30,5,2022-09-24,Saturday,2022-09-23 18:30:00+00:00,2022-09-23 23:30:00+00:00,2022-09-23 23:30:00+00:00,2022-09-24 03:30:00+00:00,276.86,268.1,8.759999999999991,True,,1,0,2022-09-23 23:30:00+00:00,2022-09-23 23:35:00+00:00,True,2022-09-23 23:55:00+00:00,2022-09-24 00:00:00+00:00,H2_ARRIVAL,2022-09-24 00:00:00+00:00,5.0
90,01:30,5,2022-09-25,Sunday,2022-09-24 18:30:00+00:00,2022-09-24 23:30:00+00:00,2022-09-24 23:30:00+00:00,2022-09-25 03:30:00+00:00,278.36,275.0,3.3600000000000136,False,BREAK_BEFORE_K1,0,0,,,False,,,BREAK_BEFORE_K1,2022-09-24 23:30:00+00:00,
90,01:30,5,2022-09-26,Monday,2022-09-25 18:30:00+00:00,2022-09-25 23:30:00+00:00,2022-09-25 23:30:00+00:00,2022-09-26 03:30:00+00:00,275.96,270.9,5.060000000000002,False,BREAK_BEFORE_K1,0,0,,,False,,,BREAK_BEFORE_K1,2022-09-26 00:10:00+00:00,
90,01:30,5,2022-09-27,Tuesday,2022-09-26 18:30:00+00:00,2022-09-26 23:30:00+00:00,2022-09-26 23:30:00+00:00,2022-09-27 03:30:00+00:00,275.76,273.55,2.2099999999999795,True,,1,0,2022-09-26 23:35:00+00:00,2022-09-26 23:40:00+00:00,True,2022-09-26 23:40:00+00:00,2022-09-26 23:45:00+00:00,H2_ARRIVAL,2022-09-26 23:50:00+00:00,10.0
90,01:30,5,2022-09-28,Wednesday,2022-09-27 18:30:00+00:00,2022-09-27 23:30:00+00:00,2022-09-27 23:30:00+00:00,2022-09-28 03:30:00+00:00,272.9,270.14,2.759999999999991,False,BREAK_BEFORE_K1,0,0,,,False,,,BREAK_BEFORE_K1,2022-09-28 00:10:00+00:00,
90,01:30,5,2022-09-29,Thursday,2022-09-28 18:30:00+00:00,2022-09-28 23:30:00+00:00,2022-09-28 23:30:00+00:00,2022-09-29 03:30:00+00:00,283.68,278.41,5.269999999999982,False,BREAK_BEFORE_K1,0,0,,,False,,,BREAK_BEFORE_K1,2022-09-29 01:30:00+00:00,
90,01:30,5,2022-09-30,Friday,2022-09-29 18:30:00+00:00,2022-09-29 23:30:00+00:00,2022-09-29 23:30:00+00:00,2022-09-30 03:30:00+00:00,283.8,281.39,2.410000000000025,True,,1,0,2022-09-29 23:40:00+00:00,2022-09-29 23:45:00+00:00,False,,,BREAK_DURING_K1,2022-09-29 23:50:00+00:00,
90,01:30,5,2022-10-01,Saturday,2022-09-30 18:30:00+00:00,2022-09-30 23:30:00+00:00,2022-09-30 23:30:00+00:00,2022-10-01 03:30:00+00:00,286.75,280.38,6.3700000000000045,False,NO_K1,0,0,,,False,,,NO_K1,,
90,01:30,5,2022-10-02,Sunday,2022-10-01 18:30:00+00:00,2022-10-01 23:30:00+00:00,2022-10-01 23:30:00+00:00,2022-10-02 03:30:00+00:00,284.37,278.07,6.300000000000011,False,NO_K1,0,0,,,False,,,NO_K1,,
90,01:30,5,2022-10-03,Monday,2022-10-02 18:30:00+00:00,2022-10-02 23:30:00+00:00,2022-10-02 23:30:00+00:00,2022-10-03 03:30:00+00:00,287.99,283.33,4.660000000000025,False,BREAK_BEFORE_K1,0,0,,,False,,,BREAK_BEFORE_K1,2022-10-02 23:30:00+00:00,
90,01:30,5,2022-10-04,Tuesday,2022-10-03 18:30:00+00:00,2022-10-03 23:30:00+00:00,2022-10-03 23:30:00+00:00,2022-10-04 03:30:00+00:00,287.92,285.25,2.670000000000016,False,NO_K1,0,0,,,False,,,NO_K1,,
90,01:30,5,2022-10-05,Wednesday,2022-10-04 18:30:00+00:00,2022-10-04 23:30:00+00:00,2022-10-04 23:30:00+00:00,2022-10-05 03:30:00+00:00,298.35,294.2,4.150000000000034,False,OPPOSITE_VISIT_BEFORE_K1,0,1,,,False,,,OPPOSITE_VISIT_BEFORE_K1,2022-10-05 02:05:00+00:00,
90,01:30,5,2022-10-06,Thursday,2022-10-05 18:30:00+00:00,2022-10-05 23:30:00+00:00,2022-10-05 23:30:00+00:00,2022-10-06 03:30:00+00:00,294.77,292.06,2.7099999999999795,True,,1,0,2022-10-06 00:10:00+00:00,2022-10-06 00:15:00+00:00,True,2022-10-06 00:20:00+00:00,2022-10-06 00:25:00+00:00,H2_ARRIVAL,2022-10-06 00:30:00+00:00,10.0
90,01:30,5,2022-10-07,Friday,2022-10-06 18:30:00+00:00,2022-10-06 23:30:00+00:00,2022-10-06 23:30:00+00:00,2022-10-07 03:30:00+00:00,293.25,278.0,15.25,False,NO_K1,0,0,,,False,,,NO_K1,,
90,01:30,5,2022-10-08,Saturday,2022-10-07 18:30:00+00:00,2022-10-07 23:30:00+00:00,2022-10-07 23:30:00+00:00,2022-10-08 03:30:00+00:00,283.61,280.8,2.8100000000000023,False,BREAK_BEFORE_K1,0,0,,,False,,,BREAK_BEFORE_K1,2022-10-08 02:45:00+00:00,
90,01:30,5,2022-10-09,Sunday,2022-10-08 18:30:00+00:00,2022-10-08 23:30:00+00:00,2022-10-08 23:30:00+00:00,2022-10-09 03:30:00+00:00,281.76,275.27,6.490000000000009,False,NO_K1,0,0,,,False,,,NO_K1,,
90,01:30,5,2022-10-10,Monday,2022-10-09 18:30:00+00:00,2022-10-09 23:30:00+00:00,2022-10-09 23:30:00+00:00,2022-10-10 03:30:00+00:00,278.76,276.59,2.170000000000016,False,BREAK_BEFORE_K1,0,0,,,False,,,BREAK_BEFORE_K1,2022-10-10 01:00:00+00:00,
90,01:30,5,2022-10-11,Tuesday,2022-10-10 18:30:00+00:00,2022-10-10 23:30:00+00:00,2022-10-10 23:30:00+00:00,2022-10-11 03:30:00+00:00,275.44,271.6,3.839999999999975,False,OPPOSITE_VISIT_BEFORE_K1,0,1,,,False,,,OPPOSITE_VISIT_BEFORE_K1,2022-10-10 23:45:00+00:00,
90,01:30,5,2022-10-12,Wednesday,2022-10-11 18:30:00+00:00,2022-10-11 23:30:00+00:00,2022-10-11 23:30:00+00:00,2022-10-12 03:30:00+00:00,272.34,269.1,3.2399999999999523,True,,1,0,2022-10-12 00:15:00+00:00,2022-10-12 00:20:00+00:00,True,2022-10-12 00:20:00+00:00,2022-10-12 00:25:00+00:00,H2_ARRIVAL,2022-10-12 00:40:00+00:00,20.0
90,01:30,5,2022-10-13,Thursday,2022-10-12 18:30:00+00:00,2022-10-12 23:30:00+00:00,2022-10-12 23:30:00+00:00,2022-10-13 03:30:00+00:00,271.88,270.49,1.3899999999999864,False,BREAK_BEFORE_K1,0,0,,,False,,,BREAK_BEFORE_K1,2022-10-13 01:00:00+00:00,
90,01:30,5,2022-10-14,Friday,2022-10-13 18:30:00+00:00,2022-10-13 23:30:00+00:00,2022-10-13 23:30:00+00:00,2022-10-14 03:30:00+00:00,273.66,269.58,4.080000000000041,True,,1,0,2022-10-14 01:20:00+00:00,2022-10-14 01:25:00+00:00,False,,,BREAK_DURING_K1,2022-10-14 01:25:00+00:00,
90,01:30,5,2022-10-15,Saturday,2022-10-14 18:30:00+00:00,2022-10-14 23:30:00+00:00,2022-10-14 23:30:00+00:00,2022-10-15 03:30:00+00:00,270.41,267.39,3.0200000000000387,False,NO_K1,0,0,,,False,,,NO_K1,,
90,01:30,5,2022-10-16,Sunday,2022-10-15 18:30:00+00:00,2022-10-15 23:30:00+00:00,2022-10-15 23:30:00+00:00,2022-10-16 03:30:00+00:00,270.04,267.18,2.8600000000000136,False,NO_K1,0,0,,,False,,,NO_K1,,
90,01:30,5,2022-10-17,Monday,2022-10-16 18:30:00+00:00,2022-10-16 23:30:00+00:00,2022-10-16 23:30:00+00:00,2022-10-17 03:30:00+00:00,273.74,269.88,3.8600000000000136,False,NO_K1,0,0,,,False,,,NO_K1,,
90,01:30,5,2022-10-18,Tuesday,2022-10-17 18:30:00+00:00,2022-10-17 23:30:00+00:00,2022-10-17 23:30:00+00:00,2022-10-18 03:30:00+00:00,275.82,274.36,1.4599999999999795,True,,1,0,2022-10-18 00:00:00+00:00,2022-10-18 00:05:00+00:00,True,2022-10-18 00:05:00+00:00,2022-10-18 00:10:00+00:00,OPPOSITE_BREAK_BEFORE_H2,2022-10-18 01:30:00+00:00,
90,01:30,5,2022-10-19,Wednesday,2022-10-18 18:30:00+00:00,2022-10-18 23:30:00+00:00,2022-10-18 23:30:00+00:00,2022-10-19 03:30:00+00:00,273.98,270.12,3.8600000000000136,False,NO_K1,0,0,,,False,,,NO_K1,,
90,01:30,5,2022-10-20,Thursday,2022-10-19 18:30:00+00:00,2022-10-19 23:30:00+00:00,2022-10-19 23:30:00+00:00,2022-10-20 03:30:00+00:00,273.87,271.0,2.8700000000000045,False,OPPOSITE_VISIT_BEFORE_K1,0,1,,,False,,,OPPOSITE_VISIT_BEFORE_K1,2022-10-19 23:45:00+00:00,
90,01:30,5,2022-10-21,Friday,2022-10-20 18:30:00+00:00,2022-10-20 23:30:00+00:00,2022-10-20 23:30:00+00:00,2022-10-21 03:30:00+00:00,269.42,267.1,2.319999999999993,False,BREAK_BEFORE_K1,0,0,,,False,,,BREAK_BEFORE_K1,2022-10-21 00:20:00+00:00,
90,01:30,5,2022-10-22,Saturday,2022-10-21 18:30:00+00:00,2022-10-21 23:30:00+00:00,2022-10-21 23:30:00+00:00,2022-10-22 03:30:00+00:00,271.0,268.77,2.230000000000018,False,BREAK_BEFORE_K1,0,0,,,False,,,BREAK_BEFORE_K1,2022-10-22 01:20:00+00:00,
90,01:30,5,2022-10-23,Sunday,2022-10-22 18:30:00+00:00,2022-10-22 23:30:00+00:00,2022-10-22 23:30:00+00:00,2022-10-23 03:30:00+00:00,271.06,269.51,1.5500000000000114,False,OPPOSITE_VISIT_BEFORE_K1,0,1,,,False,,,OPPOSITE_VISIT_BEFORE_K1,2022-10-23 01:40:00+00:00,
90,01:30,5,2022-10-24,Monday,2022-10-23 18:30:00+00:00,2022-10-23 23:30:00+00:00,2022-10-23 23:30:00+00:00,2022-10-24 03:30:00+00:00,276.64,272.65,3.990000000000009,False,BREAK_BEFORE_K1,0,0,,,False,,,BREAK_BEFORE_K1,2022-10-24 00:30:00+00:00,
90,01:30,5,2022-10-25,Tuesday,2022-10-24 18:30:00+00:00,2022-10-24 23:30:00+00:00,2022-10-24 23:30:00+00:00,2022-10-25 03:30:00+00:00,274.23,272.53,1.7000000000000455,True,,1,0,2022-10-25 00:00:00+00:00,2022-10-25 00:05:00+00:00,False,,,BREAK_DURING_K1,2022-10-25 00:10:00+00:00,
90,01:30,5,2022-10-26,Wednesday,2022-10-25 18:30:00+00:00,2022-10-25 23:30:00+00:00,2022-10-25 23:30:00+00:00,2022-10-26 03:30:00+00:00,289.75,284.57,5.180000000000007,False,BREAK_BEFORE_K1,0,0,,,False,,,BREAK_BEFORE_K1,2022-10-25 23:50:00+00:00,
90,01:30,5,2022-10-27,Thursday,2022-10-26 18:30:00+00:00,2022-10-26 23:30:00+00:00,2022-10-26 23:30:00+00:00,2022-10-27 03:30:00+00:00,291.95,288.71,3.240000000000009,False,BREAK_BEFORE_K1,0,0,,,False,,,BREAK_BEFORE_K1,2022-10-27 02:55:00+00:00,
90,01:30,5,2022-10-28,Friday,2022-10-27 18:30:00+00:00,2022-10-27 23:30:00+00:00,2022-10-27 23:30:00+00:00,2022-10-28 03:30:00+00:00,289.02,284.42,4.599999999999966,False,NO_K1,0,0,,,False,,,NO_K1,,
90,01:30,5,2022-10-29,Saturday,2022-10-28 18:30:00+00:00,2022-10-28 23:30:00+00:00,2022-10-28 23:30:00+00:00,2022-10-29 03:30:00+00:00,301.08,297.07,4.009999999999991,False,BREAK_BEFORE_K1,0,0,,,False,,,BREAK_BEFORE_K1,2022-10-29 00:20:00+00:00,
90,01:30,5,2022-10-30,Sunday,2022-10-29 18:30:00+00:00,2022-10-29 23:30:00+00:00,2022-10-29 23:30:00+00:00,2022-10-30 03:30:00+00:00,305.89,301.51,4.3799999999999955,False,NO_K1,0,0,,,False,,,NO_K1,,
90,01:30,5,2022-10-31,Monday,2022-10-30 18:30:00+00:00,2022-10-30 23:30:00+00:00,2022-10-30 23:30:00+00:00,2022-10-31 03:30:00+00:00,317.64,309.93,7.7099999999999795,False,OPPOSITE_VISIT_BEFORE_K1,0,1,,,False,,,OPPOSITE_VISIT_BEFORE_K1,2022-10-31 01:40:00+00:00,
90,01:30,5,2022-11-01,Tuesday,2022-10-31 18:30:00+00:00,2022-10-31 23:30:00+00:00,2022-10-31 23:30:00+00:00,2022-11-01 03:30:00+00:00,329.94,325.21,4.730000000000018,False,OPPOSITE_VISIT_BEFORE_K1,0,1,,,False,,,OPPOSITE_VISIT_BEFORE_K1,2022-11-01 00:00:00+00:00,
90,01:30,5,2022-11-02,Wednesday,2022-11-01 18:30:00+00:00,2022-11-01 23:30:00+00:00,2022-11-01 23:30:00+00:00,2022-11-02 03:30:00+00:00,326.26,321.97,4.289999999999964,False,BREAK_BEFORE_K1,0,0,,,False,,,BREAK_BEFORE_K1,2022-11-02 03:25:00+00:00,
90,01:30,5,2022-11-03,Thursday,2022-11-02 18:30:00+00:00,2022-11-02 23:30:00+00:00,2022-11-02 23:30:00+00:00,2022-11-03 03:30:00+00:00,328.75,315.31,13.439999999999998,False,NO_K1,0,0,,,False,,,NO_K1,,
90,01:30,5,2022-11-04,Friday,2022-11-03 18:30:00+00:00,2022-11-03 23:30:00+00:00,2022-11-03 23:30:00+00:00,2022-11-04 03:30:00+00:00,334.78,327.33,7.449999999999989,False,OPPOSITE_VISIT_BEFORE_K1,0,1,,,False,,,OPPOSITE_VISIT_BEFORE_K1,2022-11-03 23:30:00+00:00,
90,01:30,5,2022-11-05,Saturday,2022-11-04 18:30:00+00:00,2022-11-04 23:30:00+00:00,2022-11-04 23:30:00+00:00,2022-11-05 03:30:00+00:00,354.86,351.24,3.6200000000000045,True,,1,0,2022-11-05 00:00:00+00:00,2022-11-05 00:05:00+00:00,True,2022-11-05 00:05:00+00:00,2022-11-05 00:10:00+00:00,H2_ARRIVAL,2022-11-05 00:35:00+00:00,30.0
90,01:30,5,2022-11-06,Sunday,2022-11-05 18:30:00+00:00,2022-11-05 23:30:00+00:00,2022-11-05 23:30:00+00:00,2022-11-06 03:30:00+00:00,351.52,345.83,5.689999999999998,False,NO_K1,0,0,,,False,,,NO_K1,,
90,01:30,5,2022-11-07,Monday,2022-11-06 18:30:00+00:00,2022-11-06 23:30:00+00:00,2022-11-06 23:30:00+00:00,2022-11-07 03:30:00+00:00,353.48,342.25,11.230000000000018,False,OPPOSITE_VISIT_BEFORE_K1,0,1,,,False,,,OPPOSITE_VISIT_BEFORE_K1,2022-11-06 23:35:00+00:00,
90,01:30,5,2022-11-08,Tuesday,2022-11-07 18:30:00+00:00,2022-11-07 23:30:00+00:00,2022-11-07 23:30:00+00:00,2022-11-08 03:30:00+00:00,344.19,328.35,15.839999999999975,True,,1,0,2022-11-08 02:35:00+00:00,2022-11-08 02:40:00+00:00,False,,,BREAK_DURING_K1,2022-11-08 02:40:00+00:00,
90,01:30,5,2022-11-09,Wednesday,2022-11-08 18:30:00+00:00,2022-11-08 23:30:00+00:00,2022-11-08 23:30:00+00:00,2022-11-09 03:30:00+00:00,343.23,298.17,45.06,False,NO_K1,0,0,,,False,,,NO_K1,,
90,01:30,5,2022-11-10,Thursday,2022-11-09 18:30:00+00:00,2022-11-09 23:30:00+00:00,2022-11-09 23:30:00+00:00,2022-11-10 03:30:00+00:00,287.06,260.0,27.060000000000002,False,NO_K1,0,0,,,False,,,NO_K1,,
90,01:30,5,2022-11-11,Friday,2022-11-10 18:30:00+00:00,2022-11-10 23:30:00+00:00,2022-11-10 23:30:00+00:00,2022-11-11 03:30:00+00:00,308.55,297.02,11.53000000000003,False,BREAK_BEFORE_K1,0,0,,,False,,,BREAK_BEFORE_K1,2022-11-11 01:50:00+00:00,
90,01:30,5,2022-11-12,Saturday,2022-11-11 18:30:00+00:00,2022-11-11 23:30:00+00:00,2022-11-11 23:30:00+00:00,2022-11-12 03:30:00+00:00,289.75,284.7,5.050000000000011,False,BREAK_BEFORE_K1,0,0,,,False,,,BREAK_BEFORE_K1,2022-11-11 23:35:00+00:00,
90,01:30,5,2022-11-13,Sunday,2022-11-12 18:30:00+00:00,2022-11-12 23:30:00+00:00,2022-11-12 23:30:00+00:00,2022-11-13 03:30:00+00:00,283.36,280.52,2.840000000000032,True,,1,0,2022-11-13 00:20:00+00:00,2022-11-13 00:25:00+00:00,False,,,BREAK_DURING_K1,2022-11-13 00:25:00+00:00,
90,01:30,5,2022-11-14,Monday,2022-11-13 18:30:00+00:00,2022-11-13 23:30:00+00:00,2022-11-13 23:30:00+00:00,2022-11-14 03:30:00+00:00,279.18,273.0,6.180000000000007,False,BREAK_BEFORE_K1,0,0,,,False,,,BREAK_BEFORE_K1,2022-11-14 00:20:00+00:00,
90,01:30,5,2022-11-15,Tuesday,2022-11-14 18:30:00+00:00,2022-11-14 23:30:00+00:00,2022-11-14 23:30:00+00:00,2022-11-15 03:30:00+00:00,278.76,271.74,7.019999999999982,False,BREAK_BEFORE_K1,0,0,,,False,,,BREAK_BEFORE_K1,2022-11-14 23:30:00+00:00,
90,01:30,5,2022-11-16,Wednesday,2022-11-15 18:30:00+00:00,2022-11-15 23:30:00+00:00,2022-11-15 23:30:00+00:00,2022-11-16 03:30:00+00:00,277.81,272.9,4.910000000000025,True,,1,0,2022-11-16 01:05:00+00:00,2022-11-16 01:10:00+00:00,True,2022-11-16 01:10:00+00:00,2022-11-16 01:15:00+00:00,H2_ARRIVAL,2022-11-16 01:25:00+00:00,15.0
90,01:30,5,2022-11-17,Thursday,2022-11-16 18:30:00+00:00,2022-11-16 23:30:00+00:00,2022-11-16 23:30:00+00:00,2022-11-17 03:30:00+00:00,272.99,269.48,3.509999999999991,True,,1,0,2022-11-17 00:45:00+00:00,2022-11-17 00:50:00+00:00,True,2022-11-17 00:55:00+00:00,2022-11-17 01:00:00+00:00,H2_ARRIVAL,2022-11-17 01:05:00+00:00,10.0
90,01:30,5,2022-11-18,Friday,2022-11-17 18:30:00+00:00,2022-11-17 23:30:00+00:00,2022-11-17 23:30:00+00:00,2022-11-18 03:30:00+00:00,268.86,267.08,1.7800000000000296,False,OPPOSITE_VISIT_BEFORE_K1,0,1,,,False,,,OPPOSITE_VISIT_BEFORE_K1,2022-11-17 23:35:00+00:00,
90,01:30,5,2022-11-19,Saturday,2022-11-18 18:30:00+00:00,2022-11-18 23:30:00+00:00,2022-11-18 23:30:00+00:00,2022-11-19 03:30:00+00:00,274.78,270.65,4.1299999999999955,False,NO_K1,0,0,,,False,,,NO_K1,,
90,01:30,5,2022-11-20,Sunday,2022-11-19 18:30:00+00:00,2022-11-19 23:30:00+00:00,2022-11-19 23:30:00+00:00,2022-11-20 03:30:00+00:00,273.88,271.06,2.819999999999993,False,NO_K1,0,0,,,False,,,NO_K1,,
90,01:30,5,2022-11-21,Monday,2022-11-20 18:30:00+00:00,2022-11-20 23:30:00+00:00,2022-11-20 23:30:00+00:00,2022-11-21 03:30:00+00:00,269.84,261.36,8.479999999999961,False,OPPOSITE_VISIT_BEFORE_K1,0,1,,,False,,,OPPOSITE_VISIT_BEFORE_K1,2022-11-21 00:05:00+00:00,
90,01:30,5,2022-11-22,Tuesday,2022-11-21 18:30:00+00:00,2022-11-21 23:30:00+00:00,2022-11-21 23:30:00+00:00,2022-11-22 03:30:00+00:00,256.08,249.12,6.9599999999999795,False,BREAK_BEFORE_K1,0,0,,,False,,,BREAK_BEFORE_K1,2022-11-22 00:20:00+00:00,
90,01:30,5,2022-11-23,Wednesday,2022-11-22 18:30:00+00:00,2022-11-22 23:30:00+00:00,2022-11-22 23:30:00+00:00,2022-11-23 03:30:00+00:00,267.79,262.2,5.590000000000032,False,BREAK_BEFORE_K1,0,0,,,False,,,BREAK_BEFORE_K1,2022-11-23 02:20:00+00:00,
90,01:30,5,2022-11-24,Thursday,2022-11-23 18:30:00+00:00,2022-11-23 23:30:00+00:00,2022-11-23 23:30:00+00:00,2022-11-24 03:30:00+00:00,302.16,293.43,8.730000000000018,True,,1,0,2022-11-24 01:35:00+00:00,2022-11-24 01:40:00+00:00,False,,,BREAK_DURING_K1,2022-11-24 01:40:00+00:00,
90,01:30,5,2022-11-25,Friday,2022-11-24 18:30:00+00:00,2022-11-24 23:30:00+00:00,2022-11-24 23:30:00+00:00,2022-11-25 03:30:00+00:00,301.56,297.34,4.220000000000027,False,BREAK_BEFORE_K1,0,0,,,False,,,BREAK_BEFORE_K1,2022-11-25 02:00:00+00:00,
90,01:30,5,2022-11-26,Saturday,2022-11-25 18:30:00+00:00,2022-11-25 23:30:00+00:00,2022-11-25 23:30:00+00:00,2022-11-26 03:30:00+00:00,302.5,299.12,3.3799999999999955,True,,1,0,2022-11-26 00:55:00+00:00,2022-11-26 01:00:00+00:00,False,,,BREAK_DURING_K1,2022-11-26 01:05:00+00:00,
90,01:30,5,2022-11-27,Sunday,2022-11-26 18:30:00+00:00,2022-11-26 23:30:00+00:00,2022-11-26 23:30:00+00:00,2022-11-27 03:30:00+00:00,313.51,307.15,6.360000000000014,True,,1,0,2022-11-27 00:45:00+00:00,2022-11-27 00:50:00+00:00,True,2022-11-27 00:55:00+00:00,2022-11-27 01:00:00+00:00,H2_ARRIVAL,2022-11-27 01:00:00+00:00,5.0
90,01:30,5,2022-11-28,Monday,2022-11-27 18:30:00+00:00,2022-11-27 23:30:00+00:00,2022-11-27 23:30:00+00:00,2022-11-28 03:30:00+00:00,314.4,305.94,8.45999999999998,False,BREAK_BEFORE_K1,0,0,,,False,,,BREAK_BEFORE_K1,2022-11-28 01:05:00+00:00,
90,01:30,5,2022-11-29,Tuesday,2022-11-28 18:30:00+00:00,2022-11-28 23:30:00+00:00,2022-11-28 23:30:00+00:00,2022-11-29 03:30:00+00:00,294.16,291.1,3.0600000000000023,False,BREAK_BEFORE_K1,0,0,,,False,,,BREAK_BEFORE_K1,2022-11-29 00:10:00+00:00,
90,01:30,5,2022-11-30,Wednesday,2022-11-29 18:30:00+00:00,2022-11-29 23:30:00+00:00,2022-11-29 23:30:00+00:00,2022-11-30 03:30:00+00:00,297.3,295.02,2.2800000000000296,False,OPPOSITE_VISIT_BEFORE_K1,0,1,,,False,,,OPPOSITE_VISIT_BEFORE_K1,2022-11-29 23:50:00+00:00,
90,01:30,5,2022-12-01,Thursday,2022-11-30 18:30:00+00:00,2022-11-30 23:30:00+00:00,2022-11-30 23:30:00+00:00,2022-12-01 03:30:00+00:00,301.36,293.15,8.210000000000036,True,,1,0,2022-11-30 23:35:00+00:00,2022-11-30 23:40:00+00:00,False,,,BREAK_DURING_K1,2022-11-30 23:40:00+00:00,
90,01:30,5,2022-12-02,Friday,2022-12-01 18:30:00+00:00,2022-12-01 23:30:00+00:00,2022-12-01 23:30:00+00:00,2022-12-02 03:30:00+00:00,293.58,290.86,2.7199999999999704,True,,1,0,2022-12-02 00:40:00+00:00,2022-12-02 00:45:00+00:00,True,2022-12-02 00:50:00+00:00,2022-12-02 00:55:00+00:00,OPPOSITE_BREAK_BEFORE_H2,2022-12-02 01:40:00+00:00,
90,01:30,5,2022-12-03,Saturday,2022-12-02 18:30:00+00:00,2022-12-02 23:30:00+00:00,2022-12-02 23:30:00+00:00,2022-12-03 03:30:00+00:00,293.0,289.42,3.579999999999984,False,BREAK_BEFORE_K1,0,0,,,False,,,BREAK_BEFORE_K1,2022-12-02 23:30:00+00:00,
90,01:30,5,2022-12-04,Sunday,2022-12-03 18:30:00+00:00,2022-12-03 23:30:00+00:00,2022-12-03 23:30:00+00:00,2022-12-04 03:30:00+00:00,292.57,289.8,2.769999999999982,True,,1,0,2022-12-04 01:25:00+00:00,2022-12-04 01:30:00+00:00,True,2022-12-04 01:30:00+00:00,2022-12-04 01:35:00+00:00,NO_H2_BY_END,,
90,01:30,5,2022-12-05,Monday,2022-12-04 18:30:00+00:00,2022-12-04 23:30:00+00:00,2022-12-04 23:30:00+00:00,2022-12-05 03:30:00+00:00,291.97,290.36,1.6100000000000136,False,BREAK_BEFORE_K1,0,0,,,False,,,BREAK_BEFORE_K1,2022-12-04 23:30:00+00:00,
90,01:30,5,2022-12-06,Tuesday,2022-12-05 18:30:00+00:00,2022-12-05 23:30:00+00:00,2022-12-05 23:30:00+00:00,2022-12-06 03:30:00+00:00,290.19,286.01,4.180000000000007,True,,1,0,2022-12-06 02:00:00+00:00,2022-12-06 02:05:00+00:00,False,,,BREAK_DURING_K1,2022-12-06 02:05:00+00:00,
90,01:30,5,2022-12-07,Wednesday,2022-12-06 18:30:00+00:00,2022-12-06 23:30:00+00:00,2022-12-06 23:30:00+00:00,2022-12-07 03:30:00+00:00,290.79,286.78,4.010000000000048,True,,1,0,2022-12-06 23:40:00+00:00,2022-12-06 23:45:00+00:00,True,2022-12-06 23:45:00+00:00,2022-12-06 23:50:00+00:00,H2_ARRIVAL,2022-12-07 00:40:00+00:00,55.0
90,01:30,5,2022-12-08,Thursday,2022-12-07 18:30:00+00:00,2022-12-07 23:30:00+00:00,2022-12-07 23:30:00+00:00,2022-12-08 03:30:00+00:00,284.89,282.23,2.659999999999968,False,NO_K1,0,0,,,False,,,NO_K1,,
90,01:30,5,2022-12-09,Friday,2022-12-08 18:30:00+00:00,2022-12-08 23:30:00+00:00,2022-12-08 23:30:00+00:00,2022-12-09 03:30:00+00:00,291.99,288.04,3.9499999999999886,False,NO_K1,0,0,,,False,,,NO_K1,,
90,01:30,5,2022-12-10,Saturday,2022-12-09 18:30:00+00:00,2022-12-09 23:30:00+00:00,2022-12-09 23:30:00+00:00,2022-12-10 03:30:00+00:00,288.72,284.5,4.220000000000027,False,NO_K1,0,0,,,False,,,NO_K1,,
90,01:30,5,2022-12-11,Sunday,2022-12-10 18:30:00+00:00,2022-12-10 23:30:00+00:00,2022-12-10 23:30:00+00:00,2022-12-11 03:30:00+00:00,288.55,287.52,1.0300000000000296,False,OPPOSITE_VISIT_BEFORE_K1,0,1,,,False,,,OPPOSITE_VISIT_BEFORE_K1,2022-12-10 23:40:00+00:00,
90,01:30,5,2022-12-12,Monday,2022-12-11 18:30:00+00:00,2022-12-11 23:30:00+00:00,2022-12-11 23:30:00+00:00,2022-12-12 03:30:00+00:00,291.49,284.0,7.490000000000009,False,OPPOSITE_VISIT_BEFORE_K1,0,1,,,False,,,OPPOSITE_VISIT_BEFORE_K1,2022-12-11 23:35:00+00:00,
90,01:30,5,2022-12-13,Tuesday,2022-12-12 18:30:00+00:00,2022-12-12 23:30:00+00:00,2022-12-12 23:30:00+00:00,2022-12-13 03:30:00+00:00,277.4,272.95,4.449999999999989,True,,1,0,2022-12-12 23:40:00+00:00,2022-12-12 23:45:00+00:00,True,2022-12-12 23:50:00+00:00,2022-12-12 23:55:00+00:00,OPPOSITE_BREAK_BEFORE_H2,2022-12-13 02:00:00+00:00,
90,01:30,5,2022-12-14,Wednesday,2022-12-13 18:30:00+00:00,2022-12-13 23:30:00+00:00,2022-12-13 23:30:00+00:00,2022-12-14 03:30:00+00:00,273.99,268.07,5.920000000000016,True,,1,0,2022-12-14 00:00:00+00:00,2022-12-14 00:05:00+00:00,True,2022-12-14 00:05:00+00:00,2022-12-14 00:10:00+00:00,H2_ARRIVAL,2022-12-14 00:40:00+00:00,35.0
90,01:30,5,2022-12-15,Thursday,2022-12-14 18:30:00+00:00,2022-12-14 23:30:00+00:00,2022-12-14 23:30:00+00:00,2022-12-15 03:30:00+00:00,274.09,265.0,9.089999999999975,False,BREAK_BEFORE_K1,0,0,,,False,,,BREAK_BEFORE_K1,2022-12-15 01:35:00+00:00,
90,01:30,5,2022-12-16,Friday,2022-12-15 18:30:00+00:00,2022-12-15 23:30:00+00:00,2022-12-15 23:30:00+00:00,2022-12-16 03:30:00+00:00,261.72,256.5,5.220000000000027,True,,1,0,2022-12-16 00:50:00+00:00,2022-12-16 00:55:00+00:00,False,,,BREAK_DURING_K1,2022-12-16 00:55:00+00:00,
90,01:30,5,2022-12-17,Saturday,2022-12-16 18:30:00+00:00,2022-12-16 23:30:00+00:00,2022-12-16 23:30:00+00:00,2022-12-17 03:30:00+00:00,246.62,222.96,23.659999999999997,False,BREAK_BEFORE_K1,0,0,,,False,,,BREAK_BEFORE_K1,2022-12-17 02:00:00+00:00,
90,01:30,5,2022-12-18,Sunday,2022-12-17 18:30:00+00:00,2022-12-17 23:30:00+00:00,2022-12-17 23:30:00+00:00,2022-12-18 03:30:00+00:00,241.85,234.65,7.199999999999989,False,BREAK_BEFORE_K1,0,0,,,False,,,BREAK_BEFORE_K1,2022-12-17 23:45:00+00:00,
90,01:30,5,2022-12-19,Monday,2022-12-18 18:30:00+00:00,2022-12-18 23:30:00+00:00,2022-12-18 23:30:00+00:00,2022-12-19 03:30:00+00:00,254.2,246.39,7.810000000000002,False,NO_K1,0,0,,,False,,,NO_K1,,
90,01:30,5,2022-12-20,Tuesday,2022-12-19 18:30:00+00:00,2022-12-19 23:30:00+00:00,2022-12-19 23:30:00+00:00,2022-12-20 03:30:00+00:00,244.8,236.46,8.340000000000003,False,BREAK_BEFORE_K1,0,0,,,False,,,BREAK_BEFORE_K1,2022-12-20 01:30:00+00:00,
90,01:30,5,2022-12-21,Wednesday,2022-12-20 18:30:00+00:00,2022-12-20 23:30:00+00:00,2022-12-20 23:30:00+00:00,2022-12-21 03:30:00+00:00,252.43,248.65,3.780000000000001,True,,1,0,2022-12-20 23:30:00+00:00,2022-12-20 23:35:00+00:00,True,2022-12-20 23:35:00+00:00,2022-12-20 23:40:00+00:00,OPPOSITE_BREAK_BEFORE_H2,2022-12-21 03:15:00+00:00,
90,01:30,5,2022-12-22,Thursday,2022-12-21 18:30:00+00:00,2022-12-21 23:30:00+00:00,2022-12-21 23:30:00+00:00,2022-12-22 03:30:00+00:00,247.91,245.0,2.9099999999999966,False,BREAK_BEFORE_K1,0,0,,,False,,,BREAK_BEFORE_K1,2022-12-22 00:55:00+00:00,
90,01:30,5,2022-12-23,Friday,2022-12-22 18:30:00+00:00,2022-12-22 23:30:00+00:00,2022-12-22 23:30:00+00:00,2022-12-23 03:30:00+00:00,247.0,241.06,5.939999999999998,False,BREAK_BEFORE_K1,0,0,,,False,,,BREAK_BEFORE_K1,2022-12-23 02:55:00+00:00,
90,01:30,5,2022-12-24,Saturday,2022-12-23 18:30:00+00:00,2022-12-23 23:30:00+00:00,2022-12-23 23:30:00+00:00,2022-12-24 03:30:00+00:00,246.34,245.38,0.960000000000008,False,OPPOSITE_VISIT_BEFORE_K1,0,1,,,False,,,OPPOSITE_VISIT_BEFORE_K1,2022-12-24 00:45:00+00:00,
90,01:30,5,2022-12-25,Sunday,2022-12-24 18:30:00+00:00,2022-12-24 23:30:00+00:00,2022-12-24 23:30:00+00:00,2022-12-25 03:30:00+00:00,244.85,243.81,1.039999999999992,True,,1,0,2022-12-25 00:25:00+00:00,2022-12-25 00:30:00+00:00,False,,,BREAK_DURING_K1,2022-12-25 00:30:00+00:00,
90,01:30,5,2022-12-26,Monday,2022-12-25 18:30:00+00:00,2022-12-25 23:30:00+00:00,2022-12-25 23:30:00+00:00,2022-12-26 03:30:00+00:00,243.76,241.2,2.5600000000000023,False,BREAK_BEFORE_K1,0,0,,,False,,,BREAK_BEFORE_K1,2022-12-26 01:45:00+00:00,
90,01:30,5,2022-12-27,Tuesday,2022-12-26 18:30:00+00:00,2022-12-26 23:30:00+00:00,2022-12-26 23:30:00+00:00,2022-12-27 03:30:00+00:00,243.13,242.1,1.0300000000000011,True,,1,0,2022-12-26 23:30:00+00:00,2022-12-26 23:35:00+00:00,False,,,BREAK_DURING_K1,2022-12-26 23:35:00+00:00,
90,01:30,5,2022-12-28,Wednesday,2022-12-27 18:30:00+00:00,2022-12-27 23:30:00+00:00,2022-12-27 23:30:00+00:00,2022-12-28 03:30:00+00:00,246.57,244.34,2.2299999999999898,True,,1,0,2022-12-27 23:30:00+00:00,2022-12-27 23:35:00+00:00,True,2022-12-27 23:35:00+00:00,2022-12-27 23:40:00+00:00,H2_ARRIVAL,2022-12-27 23:50:00+00:00,15.0
90,01:30,5,2022-12-29,Thursday,2022-12-28 18:30:00+00:00,2022-12-28 23:30:00+00:00,2022-12-28 23:30:00+00:00,2022-12-29 03:30:00+00:00,244.44,241.89,2.5500000000000114,True,,1,0,2022-12-28 23:55:00+00:00,2022-12-29 00:00:00+00:00,False,,,BREAK_DURING_K1,2022-12-29 00:00:00+00:00,
90,01:30,5,2022-12-30,Friday,2022-12-29 18:30:00+00:00,2022-12-29 23:30:00+00:00,2022-12-29 23:30:00+00:00,2022-12-30 03:30:00+00:00,246.31,244.46,1.8499999999999943,False,BREAK_BEFORE_K1,0,0,,,False,,,BREAK_BEFORE_K1,2022-12-29 23:30:00+00:00,
90,01:30,5,2022-12-31,Saturday,2022-12-30 18:30:00+00:00,2022-12-30 23:30:00+00:00,2022-12-30 23:30:00+00:00,2022-12-31 03:30:00+00:00,246.21,244.52,1.6899999999999977,False,NO_K1,0,0,,,False,,,NO_K1,,
90,01:30,5,2023-01-01,Sunday,2022-12-31 18:30:00+00:00,2022-12-31 23:30:00+00:00,2022-12-31 23:30:00+00:00,2023-01-01 03:30:00+00:00,247.35,245.56,1.789999999999992,False,OPPOSITE_VISIT_BEFORE_K1,0,1,,,False,,,OPPOSITE_VISIT_BEFORE_K1,2023-01-01 00:45:00+00:00,
90,01:30,5,2023-01-02,Monday,2023-01-01 18:30:00+00:00,2023-01-01 23:30:00+00:00,2023-01-01 23:30:00+00:00,2023-01-02 03:30:00+00:00,245.81,243.68,2.1299999999999955,False,OPPOSITE_VISIT_BEFORE_K1,0,1,,,False,,,OPPOSITE_VISIT_BEFORE_K1,2023-01-01 23:35:00+00:00,
90,01:30,5,2023-01-03,Tuesday,2023-01-02 18:30:00+00:00,2023-01-02 23:30:00+00:00,2023-01-02 23:30:00+00:00,2023-01-03 03:30:00+00:00,247.73,245.35,2.3799999999999955,False,BREAK_BEFORE_K1,0,0,,,False,,,BREAK_BEFORE_K1,2023-01-02 23:45:00+00:00,
90,01:30,5,2023-01-04,Wednesday,2023-01-03 18:30:00+00:00,2023-01-03 23:30:00+00:00,2023-01-03 23:30:00+00:00,2023-01-04 03:30:00+00:00,246.18,244.71,1.4699999999999989,False,BREAK_BEFORE_K1,0,0,,,False,,,BREAK_BEFORE_K1,2023-01-03 23:45:00+00:00,
90,01:30,5,2023-01-05,Thursday,2023-01-04 18:30:00+00:00,2023-01-04 23:30:00+00:00,2023-01-04 23:30:00+00:00,2023-01-05 03:30:00+00:00,260.3,254.7,5.600000000000023,False,NO_K1,0,0,,,False,,,NO_K1,,
90,01:30,5,2023-01-06,Friday,2023-01-05 18:30:00+00:00,2023-01-05 23:30:00+00:00,2023-01-05 23:30:00+00:00,2023-01-06 03:30:00+00:00,258.22,255.59,2.630000000000024,True,,1,0,2023-01-06 02:25:00+00:00,2023-01-06 02:30:00+00:00,True,2023-01-06 02:30:00+00:00,2023-01-06 02:35:00+00:00,H2_ARRIVAL,2023-01-06 02:50:00+00:00,20.0
90,01:30,5,2023-01-07,Saturday,2023-01-06 18:30:00+00:00,2023-01-06 23:30:00+00:00,2023-01-06 23:30:00+00:00,2023-01-07 03:30:00+00:00,260.5,258.21,2.2900000000000205,False,BREAK_BEFORE_K1,0,0,,,False,,,BREAK_BEFORE_K1,2023-01-07 00:55:00+00:00,
90,01:30,5,2023-01-08,Sunday,2023-01-07 18:30:00+00:00,2023-01-07 23:30:00+00:00,2023-01-07 23:30:00+00:00,2023-01-08 03:30:00+00:00,261.62,260.41,1.2099999999999795,False,BREAK_BEFORE_K1,0,0,,,False,,,BREAK_BEFORE_K1,2023-01-08 00:05:00+00:00,
90,01:30,5,2023-01-09,Monday,2023-01-08 18:30:00+00:00,2023-01-08 23:30:00+00:00,2023-01-08 23:30:00+00:00,2023-01-09 03:30:00+00:00,276.0,265.09,10.910000000000025,True,,1,0,2023-01-08 23:55:00+00:00,2023-01-09 00:00:00+00:00,True,2023-01-09 00:00:00+00:00,2023-01-09 00:05:00+00:00,H2_ARRIVAL,2023-01-09 00:10:00+00:00,10.0
90,01:30,5,2023-01-10,Tuesday,2023-01-09 18:30:00+00:00,2023-01-09 23:30:00+00:00,2023-01-09 23:30:00+00:00,2023-01-10 03:30:00+00:00,281.13,271.27,9.860000000000014,False,OPPOSITE_VISIT_BEFORE_K1,0,1,,,False,,,OPPOSITE_VISIT_BEFORE_K1,2023-01-10 02:35:00+00:00,
90,01:30,5,2023-01-11,Wednesday,2023-01-10 18:30:00+00:00,2023-01-10 23:30:00+00:00,2023-01-10 23:30:00+00:00,2023-01-11 03:30:00+00:00,278.65,275.33,3.319999999999993,False,OPPOSITE_VISIT_BEFORE_K1,0,1,,,False,,,OPPOSITE_VISIT_BEFORE_K1,2023-01-11 02:20:00+00:00,
90,01:30,5,2023-01-12,Thursday,2023-01-11 18:30:00+00:00,2023-01-11 23:30:00+00:00,2023-01-11 23:30:00+00:00,2023-01-12 03:30:00+00:00,283.0,277.86,5.139999999999986,False,BREAK_BEFORE_K1,0,0,,,False,,,BREAK_BEFORE_K1,2023-01-11 23:30:00+00:00,
90,01:30,5,2023-01-13,Friday,2023-01-12 18:30:00+00:00,2023-01-12 23:30:00+00:00,2023-01-12 23:30:00+00:00,2023-01-13 03:30:00+00:00,288.67,284.53,4.140000000000043,False,BREAK_BEFORE_K1,0,0,,,False,,,BREAK_BEFORE_K1,2023-01-13 03:05:00+00:00,
90,01:30,5,2023-01-14,Saturday,2023-01-13 18:30:00+00:00,2023-01-13 23:30:00+00:00,2023-01-13 23:30:00+00:00,2023-01-14 03:30:00+00:00,296.25,286.7,9.550000000000011,False,BREAK_BEFORE_K1,0,0,,,False,,,BREAK_BEFORE_K1,2023-01-14 00:20:00+00:00,
90,01:30,5,2023-01-15,Sunday,2023-01-14 18:30:00+00:00,2023-01-14 23:30:00+00:00,2023-01-14 23:30:00+00:00,2023-01-15 03:30:00+00:00,306.63,302.53,4.100000000000023,False,BREAK_BEFORE_K1,0,0,,,False,,,BREAK_BEFORE_K1,2023-01-15 00:30:00+00:00,
90,01:30,5,2023-01-16,Monday,2023-01-15 18:30:00+00:00,2023-01-15 23:30:00+00:00,2023-01-15 23:30:00+00:00,2023-01-16 03:30:00+00:00,303.27,300.23,3.0399999999999636,True,,1,0,2023-01-16 00:05:00+00:00,2023-01-16 00:10:00+00:00,True,2023-01-16 00:10:00+00:00,2023-01-16 00:15:00+00:00,H2_ARRIVAL,2023-01-16 00:50:00+00:00,40.0
90,01:30,5,2023-01-17,Tuesday,2023-01-16 18:30:00+00:00,2023-01-16 23:30:00+00:00,2023-01-16 23:30:00+00:00,2023-01-17 03:30:00+00:00,302.55,298.2,4.350000000000023,False,BREAK_BEFORE_K1,0,0,,,False,,,BREAK_BEFORE_K1,2023-01-17 00:00:00+00:00,
90,01:30,5,2023-01-18,Wednesday,2023-01-17 18:30:00+00:00,2023-01-17 23:30:00+00:00,2023-01-17 23:30:00+00:00,2023-01-18 03:30:00+00:00,303.63,300.21,3.420000000000016,False,BREAK_BEFORE_K1,0,0,,,False,,,BREAK_BEFORE_K1,2023-01-17 23:35:00+00:00,
90,01:30,5,2023-01-19,Thursday,2023-01-18 18:30:00+00:00,2023-01-18 23:30:00+00:00,2023-01-18 23:30:00+00:00,2023-01-19 03:30:00+00:00,296.36,287.44,8.920000000000016,False,BREAK_BEFORE_K1,0,0,,,False,,,BREAK_BEFORE_K1,2023-01-18 23:35:00+00:00,
90,01:30,5,2023-01-20,Friday,2023-01-19 18:30:00+00:00,2023-01-19 23:30:00+00:00,2023-01-19 23:30:00+00:00,2023-01-20 03:30:00+00:00,295.4,290.66,4.739999999999952,True,,1,0,2023-01-20 00:05:00+00:00,2023-01-20 00:10:00+00:00,True,2023-01-20 00:10:00+00:00,2023-01-20 00:15:00+00:00,H2_ARRIVAL,2023-01-20 02:15:00+00:00,125.0
90,01:30,5,2023-01-21,Saturday,2023-01-20 18:30:00+00:00,2023-01-20 23:30:00+00:00,2023-01-20 23:30:00+00:00,2023-01-21 03:30:00+00:00,305.65,291.97,13.67999999999995,True,,1,0,2023-01-20 23:55:00+00:00,2023-01-21 00:00:00+00:00,True,2023-01-21 00:10:00+00:00,2023-01-21 00:15:00+00:00,H2_ARRIVAL,2023-01-21 01:05:00+00:00,55.0
90,01:30,5,2023-01-22,Sunday,2023-01-21 18:30:00+00:00,2023-01-21 23:30:00+00:00,2023-01-21 23:30:00+00:00,2023-01-22 03:30:00+00:00,305.19,298.16,7.029999999999973,False,NO_K1,0,0,,,False,,,NO_K1,,
90,01:30,5,2023-01-23,Monday,2023-01-22 18:30:00+00:00,2023-01-22 23:30:00+00:00,2023-01-22 23:30:00+00:00,2023-01-23 03:30:00+00:00,308.26,298.5,9.759999999999991,False,NO_K1,0,0,,,False,,,NO_K1,,
90,01:30,5,2023-01-24,Tuesday,2023-01-23 18:30:00+00:00,2023-01-23 23:30:00+00:00,2023-01-23 23:30:00+00:00,2023-01-24 03:30:00+00:00,306.88,303.5,3.3799999999999955,False,OPPOSITE_VISIT_BEFORE_K1,0,1,,,False,,,OPPOSITE_VISIT_BEFORE_K1,2023-01-24 00:05:00+00:00,
90,01:30,5,2023-01-25,Wednesday,2023-01-24 18:30:00+00:00,2023-01-24 23:30:00+00:00,2023-01-24 23:30:00+00:00,2023-01-25 03:30:00+00:00,311.36,299.1,12.259999999999991,False,BREAK_BEFORE_K1,0,0,,,False,,,BREAK_BEFORE_K1,2023-01-25 00:20:00+00:00,
90,01:30,5,2023-01-26,Thursday,2023-01-25 18:30:00+00:00,2023-01-25 23:30:00+00:00,2023-01-25 23:30:00+00:00,2023-01-26 03:30:00+00:00,314.05,300.07,13.980000000000018,False,NO_K1,0,0,,,False,,,NO_K1,,
90,01:30,5,2023-01-27,Friday,2023-01-26 18:30:00+00:00,2023-01-26 23:30:00+00:00,2023-01-26 23:30:00+00:00,2023-01-27 03:30:00+00:00,307.1,303.57,3.5300000000000296,False,BREAK_BEFORE_K1,0,0,,,False,,,BREAK_BEFORE_K1,2023-01-27 00:15:00+00:00,
90,01:30,5,2023-01-28,Saturday,2023-01-27 18:30:00+00:00,2023-01-27 23:30:00+00:00,2023-01-27 23:30:00+00:00,2023-01-28 03:30:00+00:00,310.73,305.29,5.439999999999998,False,NO_K1,0,0,,,False,,,NO_K1,,
90,01:30,5,2023-01-29,Sunday,2023-01-28 18:30:00+00:00,2023-01-28 23:30:00+00:00,2023-01-28 23:30:00+00:00,2023-01-29 03:30:00+00:00,306.89,304.08,2.8100000000000023,True,,1,0,2023-01-29 00:30:00+00:00,2023-01-29 00:35:00+00:00,False,,,BREAK_DURING_K1,2023-01-29 00:35:00+00:00,
90,01:30,5,2023-01-30,Monday,2023-01-29 18:30:00+00:00,2023-01-29 23:30:00+00:00,2023-01-29 23:30:00+00:00,2023-01-30 03:30:00+00:00,320.71,315.0,5.7099999999999795,False,BREAK_BEFORE_K1,0,0,,,False,,,BREAK_BEFORE_K1,2023-01-30 00:45:00+00:00,
90,01:30,5,2023-01-31,Tuesday,2023-01-30 18:30:00+00:00,2023-01-30 23:30:00+00:00,2023-01-30 23:30:00+00:00,2023-01-31 03:30:00+00:00,309.0,300.88,8.120000000000005,False,BREAK_BEFORE_K1,0,0,,,False,,,BREAK_BEFORE_K1,2023-01-31 01:10:00+00:00,
90,01:30,5,2023-02-01,Wednesday,2023-01-31 18:30:00+00:00,2023-01-31 23:30:00+00:00,2023-01-31 23:30:00+00:00,2023-02-01 03:30:00+00:00,314.12,308.68,5.439999999999998,False,BREAK_BEFORE_K1,0,0,,,False,,,BREAK_BEFORE_K1,2023-02-01 00:40:00+00:00,
90,01:30,5,2023-02-02,Thursday,2023-02-01 18:30:00+00:00,2023-02-01 23:30:00+00:00,2023-02-01 23:30:00+00:00,2023-02-02 03:30:00+00:00,319.58,306.77,12.810000000000002,False,BREAK_BEFORE_K1,0,0,,,False,,,BREAK_BEFORE_K1,2023-02-02 00:40:00+00:00,
90,01:30,5,2023-02-03,Friday,2023-02-02 18:30:00+00:00,2023-02-02 23:30:00+00:00,2023-02-02 23:30:00+00:00,2023-02-03 03:30:00+00:00,332.98,321.36,11.620000000000005,False,OPPOSITE_VISIT_BEFORE_K1,0,1,,,False,,,OPPOSITE_VISIT_BEFORE_K1,2023-02-03 02:35:00+00:00,
90,01:30,5,2023-02-04,Saturday,2023-02-03 18:30:00+00:00,2023-02-03 23:30:00+00:00,2023-02-03 23:30:00+00:00,2023-02-04 03:30:00+00:00,332.93,328.32,4.610000000000014,True,,1,0,2023-02-04 00:00:00+00:00,2023-02-04 00:05:00+00:00,True,2023-02-04 00:10:00+00:00,2023-02-04 00:15:00+00:00,H2_ARRIVAL,2023-02-04 00:20:00+00:00,10.0
90,01:30,5,2023-02-05,Sunday,2023-02-04 18:30:00+00:00,2023-02-04 23:30:00+00:00,2023-02-04 23:30:00+00:00,2023-02-05 03:30:00+00:00,332.11,329.55,2.5600000000000023,False,OPPOSITE_VISIT_BEFORE_K1,0,1,,,False,,,OPPOSITE_VISIT_BEFORE_K1,2023-02-04 23:40:00+00:00,
90,01:30,5,2023-02-06,Monday,2023-02-05 18:30:00+00:00,2023-02-05 23:30:00+00:00,2023-02-05 23:30:00+00:00,2023-02-06 03:30:00+00:00,328.64,324.41,4.229999999999961,False,BREAK_BEFORE_K1,0,0,,,False,,,BREAK_BEFORE_K1,2023-02-06 00:00:00+00:00,
90,01:30,5,2023-02-07,Tuesday,2023-02-06 18:30:00+00:00,2023-02-06 23:30:00+00:00,2023-02-06 23:30:00+00:00,2023-02-07 03:30:00+00:00,330.0,324.0,6.0,False,OPPOSITE_VISIT_BEFORE_K1,0,1,,,False,,,OPPOSITE_VISIT_BEFORE_K1,2023-02-07 00:00:00+00:00,
90,01:30,5,2023-02-08,Wednesday,2023-02-07 18:30:00+00:00,2023-02-07 23:30:00+00:00,2023-02-07 23:30:00+00:00,2023-02-08 03:30:00+00:00,333.94,326.07,7.8700000000000045,False,BREAK_BEFORE_K1,0,0,,,False,,,BREAK_BEFORE_K1,2023-02-08 00:35:00+00:00,
90,01:30,5,2023-02-09,Thursday,2023-02-08 18:30:00+00:00,2023-02-08 23:30:00+00:00,2023-02-08 23:30:00+00:00,2023-02-09 03:30:00+00:00,328.22,325.01,3.2100000000000364,True,,1,0,2023-02-08 23:35:00+00:00,2023-02-08 23:40:00+00:00,False,,,BREAK_DURING_K1,2023-02-08 23:40:00+00:00,
90,01:30,5,2023-02-10,Friday,2023-02-09 18:30:00+00:00,2023-02-09 23:30:00+00:00,2023-02-09 23:30:00+00:00,2023-02-10 03:30:00+00:00,317.85,301.41,16.439999999999998,False,NO_K1,0,0,,,False,,,NO_K1,,
90,01:30,5,2023-02-11,Saturday,2023-02-10 18:30:00+00:00,2023-02-10 23:30:00+00:00,2023-02-10 23:30:00+00:00,2023-02-11 03:30:00+00:00,308.56,304.14,4.420000000000016,False,NO_K1,0,0,,,False,,,NO_K1,,
90,01:30,5,2023-02-12,Sunday,2023-02-11 18:30:00+00:00,2023-02-11 23:30:00+00:00,2023-02-11 23:30:00+00:00,2023-02-12 03:30:00+00:00,311.13,306.7,4.430000000000007,False,NO_K1,0,0,,,False,,,NO_K1,,
90,01:30,5,2023-02-13,Monday,2023-02-12 18:30:00+00:00,2023-02-12 23:30:00+00:00,2023-02-12 23:30:00+00:00,2023-02-13 03:30:00+00:00,320.18,311.78,8.400000000000034,False,OPPOSITE_VISIT_BEFORE_K1,0,1,,,False,,,OPPOSITE_VISIT_BEFORE_K1,2023-02-12 23:30:00+00:00,
90,01:30,5,2023-02-14,Tuesday,2023-02-13 18:30:00+00:00,2023-02-13 23:30:00+00:00,2023-02-13 23:30:00+00:00,2023-02-14 03:30:00+00:00,292.99,287.07,5.920000000000016,False,BREAK_BEFORE_K1,0,0,,,False,,,BREAK_BEFORE_K1,2023-02-13 23:30:00+00:00,
90,01:30,5,2023-02-15,Wednesday,2023-02-14 18:30:00+00:00,2023-02-14 23:30:00+00:00,2023-02-14 23:30:00+00:00,2023-02-15 03:30:00+00:00,298.4,295.47,2.92999999999995,False,OPPOSITE_VISIT_BEFORE_K1,0,1,,,False,,,OPPOSITE_VISIT_BEFORE_K1,2023-02-15 00:05:00+00:00,
90,01:30,5,2023-02-16,Thursday,2023-02-15 18:30:00+00:00,2023-02-15 23:30:00+00:00,2023-02-15 23:30:00+00:00,2023-02-16 03:30:00+00:00,317.63,302.56,15.069999999999993,True,,1,0,2023-02-15 23:50:00+00:00,2023-02-15 23:55:00+00:00,True,2023-02-15 23:55:00+00:00,2023-02-16 00:00:00+00:00,H2_ARRIVAL,2023-02-16 00:00:00+00:00,5.0
90,01:30,5,2023-02-17,Friday,2023-02-16 18:30:00+00:00,2023-02-16 23:30:00+00:00,2023-02-16 23:30:00+00:00,2023-02-17 03:30:00+00:00,322.61,306.15,16.460000000000036,False,BREAK_BEFORE_K1,0,0,,,False,,,BREAK_BEFORE_K1,2023-02-16 23:30:00+00:00,
90,01:30,5,2023-02-18,Saturday,2023-02-17 18:30:00+00:00,2023-02-17 23:30:00+00:00,2023-02-17 23:30:00+00:00,2023-02-18 03:30:00+00:00,317.0,309.17,7.829999999999984,False,NO_K1,0,0,,,False,,,NO_K1,,
90,01:30,5,2023-02-19,Sunday,2023-02-18 18:30:00+00:00,2023-02-18 23:30:00+00:00,2023-02-18 23:30:00+00:00,2023-02-19 03:30:00+00:00,316.99,313.73,3.259999999999991,True,,1,0,2023-02-19 00:00:00+00:00,2023-02-19 00:05:00+00:00,True,2023-02-19 00:05:00+00:00,2023-02-19 00:10:00+00:00,H2_ARRIVAL,2023-02-19 00:45:00+00:00,40.0
90,01:30,5,2023-02-20,Monday,2023-02-19 18:30:00+00:00,2023-02-19 23:30:00+00:00,2023-02-19 23:30:00+00:00,2023-02-20 03:30:00+00:00,313.64,310.0,3.6399999999999864,False,BREAK_BEFORE_K1,0,0,,,False,,,BREAK_BEFORE_K1,2023-02-20 00:30:00+00:00,
90,01:30,5,2023-02-21,Tuesday,2023-02-20 18:30:00+00:00,2023-02-20 23:30:00+00:00,2023-02-20 23:30:00+00:00,2023-02-21 03:30:00+00:00,315.23,312.93,2.3000000000000114,False,BREAK_BEFORE_K1,0,0,,,False,,,BREAK_BEFORE_K1,2023-02-20 23:55:00+00:00,
90,01:30,5,2023-02-22,Wednesday,2023-02-21 18:30:00+00:00,2023-02-21 23:30:00+00:00,2023-02-21 23:30:00+00:00,2023-02-22 03:30:00+00:00,314.02,309.03,4.990000000000009,False,OPPOSITE_VISIT_BEFORE_K1,0,1,,,False,,,OPPOSITE_VISIT_BEFORE_K1,2023-02-22 00:45:00+00:00,
90,01:30,5,2023-02-23,Thursday,2023-02-22 18:30:00+00:00,2023-02-22 23:30:00+00:00,2023-02-22 23:30:00+00:00,2023-02-23 03:30:00+00:00,312.84,305.4,7.439999999999998,True,,1,0,2023-02-22 23:30:00+00:00,2023-02-22 23:35:00+00:00,True,2023-02-22 23:35:00+00:00,2023-02-22 23:40:00+00:00,H2_ARRIVAL,2023-02-23 02:35:00+00:00,180.0
90,01:30,5,2023-02-24,Friday,2023-02-23 18:30:00+00:00,2023-02-23 23:30:00+00:00,2023-02-23 23:30:00+00:00,2023-02-24 03:30:00+00:00,309.88,306.36,3.519999999999982,False,BREAK_BEFORE_K1,0,0,,,False,,,BREAK_BEFORE_K1,2023-02-24 01:10:00+00:00,
90,01:30,5,2023-02-25,Saturday,2023-02-24 18:30:00+00:00,2023-02-24 23:30:00+00:00,2023-02-24 23:30:00+00:00,2023-02-25 03:30:00+00:00,303.9,298.19,5.7099999999999795,False,NO_K1,0,0,,,False,,,NO_K1,,
90,01:30,5,2023-02-26,Sunday,2023-02-25 18:30:00+00:00,2023-02-25 23:30:00+00:00,2023-02-25 23:30:00+00:00,2023-02-26 03:30:00+00:00,302.34,295.07,7.269999999999982,False,BREAK_BEFORE_K1,0,0,,,False,,,BREAK_BEFORE_K1,2023-02-26 02:40:00+00:00,
90,01:30,5,2023-02-27,Monday,2023-02-26 18:30:00+00:00,2023-02-26 23:30:00+00:00,2023-02-26 23:30:00+00:00,2023-02-27 03:30:00+00:00,309.8,305.28,4.520000000000039,False,NO_K1,0,0,,,False,,,NO_K1,,
90,01:30,5,2023-02-28,Tuesday,2023-02-27 18:30:00+00:00,2023-02-27 23:30:00+00:00,2023-02-27 23:30:00+00:00,2023-02-28 03:30:00+00:00,304.82,300.52,4.300000000000011,False,BREAK_BEFORE_K1,0,0,,,False,,,BREAK_BEFORE_K1,2023-02-28 03:10:00+00:00,
90,01:30,5,2023-03-01,Wednesday,2023-02-28 18:30:00+00:00,2023-02-28 23:30:00+00:00,2023-02-28 23:30:00+00:00,2023-03-01 03:30:00+00:00,303.5,299.52,3.980000000000018,True,,1,0,2023-03-01 03:15:00+00:00,2023-03-01 03:20:00+00:00,False,,,BREAK_DURING_K1,2023-03-01 03:20:00+00:00,
90,01:30,5,2023-03-02,Thursday,2023-03-01 18:30:00+00:00,2023-03-01 23:30:00+00:00,2023-03-01 23:30:00+00:00,2023-03-02 03:30:00+00:00,302.64,300.44,2.1999999999999886,False,BREAK_BEFORE_K1,0,0,,,False,,,BREAK_BEFORE_K1,2023-03-01 23:45:00+00:00,
90,01:30,5,2023-03-03,Friday,2023-03-02 18:30:00+00:00,2023-03-02 23:30:00+00:00,2023-03-02 23:30:00+00:00,2023-03-03 03:30:00+00:00,300.68,297.22,3.4599999999999795,False,BREAK_BEFORE_K1,0,0,,,False,,,BREAK_BEFORE_K1,2023-03-03 01:15:00+00:00,
90,01:30,5,2023-03-04,Saturday,2023-03-03 18:30:00+00:00,2023-03-03 23:30:00+00:00,2023-03-03 23:30:00+00:00,2023-03-04 03:30:00+00:00,289.8,287.23,2.569999999999993,False,BREAK_BEFORE_K1,0,0,,,False,,,BREAK_BEFORE_K1,2023-03-03 23:40:00+00:00,
90,01:30,5,2023-03-05,Sunday,2023-03-04 18:30:00+00:00,2023-03-04 23:30:00+00:00,2023-03-04 23:30:00+00:00,2023-03-05 03:30:00+00:00,290.08,285.51,4.569999999999993,False,BREAK_BEFORE_K1,0,0,,,False,,,BREAK_BEFORE_K1,2023-03-05 01:15:00+00:00,
90,01:30,5,2023-03-06,Monday,2023-03-05 18:30:00+00:00,2023-03-05 23:30:00+00:00,2023-03-05 23:30:00+00:00,2023-03-06 03:30:00+00:00,290.51,287.13,3.3799999999999955,False,OPPOSITE_VISIT_BEFORE_K1,0,1,,,False,,,OPPOSITE_VISIT_BEFORE_K1,2023-03-06 00:15:00+00:00,
90,01:30,5,2023-03-07,Tuesday,2023-03-06 18:30:00+00:00,2023-03-06 23:30:00+00:00,2023-03-06 23:30:00+00:00,2023-03-07 03:30:00+00:00,288.86,286.37,2.490000000000009,False,BREAK_BEFORE_K1,0,0,,,False,,,BREAK_BEFORE_K1,2023-03-07 01:20:00+00:00,
90,01:30,5,2023-03-08,Wednesday,2023-03-07 18:30:00+00:00,2023-03-07 23:30:00+00:00,2023-03-07 23:30:00+00:00,2023-03-08 03:30:00+00:00,289.4,285.32,4.079999999999984,False,BREAK_BEFORE_K1,0,0,,,False,,,BREAK_BEFORE_K1,2023-03-08 00:00:00+00:00,
90,01:30,5,2023-03-09,Thursday,2023-03-08 18:30:00+00:00,2023-03-08 23:30:00+00:00,2023-03-08 23:30:00+00:00,2023-03-09 03:30:00+00:00,291.95,285.85,6.099999999999966,False,OPPOSITE_VISIT_BEFORE_K1,0,1,,,False,,,OPPOSITE_VISIT_BEFORE_K1,2023-03-09 00:10:00+00:00,
90,01:30,5,2023-03-10,Friday,2023-03-09 18:30:00+00:00,2023-03-09 23:30:00+00:00,2023-03-09 23:30:00+00:00,2023-03-10 03:30:00+00:00,286.78,270.82,15.95999999999998,False,NO_K1,0,0,,,False,,,NO_K1,,
90,01:30,5,2023-03-11,Saturday,2023-03-10 18:30:00+00:00,2023-03-10 23:30:00+00:00,2023-03-10 23:30:00+00:00,2023-03-11 03:30:00+00:00,277.97,274.17,3.8000000000000114,False,BREAK_BEFORE_K1,0,0,,,False,,,BREAK_BEFORE_K1,2023-03-11 00:25:00+00:00,
90,01:30,5,2023-03-12,Sunday,2023-03-11 18:30:00+00:00,2023-03-11 23:30:00+00:00,2023-03-11 23:30:00+00:00,2023-03-12 03:30:00+00:00,275.02,271.76,3.259999999999991,True,,1,0,2023-03-11 23:40:00+00:00,2023-03-11 23:45:00+00:00,False,,,BREAK_DURING_K1,2023-03-11 23:50:00+00:00,
90,01:30,5,2023-03-13,Monday,2023-03-12 18:30:00+00:00,2023-03-12 23:30:00+00:00,2023-03-12 23:30:00+00:00,2023-03-13 03:30:00+00:00,286.94,277.41,9.529999999999973,True,,1,0,2023-03-12 23:30:00+00:00,2023-03-12 23:35:00+00:00,False,,,BREAK_DURING_K1,2023-03-12 23:35:00+00:00,
90,01:30,5,2023-03-14,Tuesday,2023-03-13 18:30:00+00:00,2023-03-13 23:30:00+00:00,2023-03-13 23:30:00+00:00,2023-03-14 03:30:00+00:00,309.93,305.23,4.699999999999989,False,OPPOSITE_VISIT_BEFORE_K1,0,1,,,False,,,OPPOSITE_VISIT_BEFORE_K1,2023-03-14 03:05:00+00:00,
90,01:30,5,2023-03-15,Wednesday,2023-03-14 18:30:00+00:00,2023-03-14 23:30:00+00:00,2023-03-14 23:30:00+00:00,2023-03-15 03:30:00+00:00,316.46,304.49,11.96999999999997,False,NO_K1,0,0,,,False,,,NO_K1,,
90,01:30,5,2023-03-16,Thursday,2023-03-15 18:30:00+00:00,2023-03-15 23:30:00+00:00,2023-03-15 23:30:00+00:00,2023-03-16 03:30:00+00:00,308.03,304.09,3.9399999999999977,False,BREAK_BEFORE_K1,0,0,,,False,,,BREAK_BEFORE_K1,2023-03-16 00:40:00+00:00,
90,01:30,5,2023-03-17,Friday,2023-03-16 18:30:00+00:00,2023-03-16 23:30:00+00:00,2023-03-16 23:30:00+00:00,2023-03-17 03:30:00+00:00,332.32,325.84,6.480000000000018,False,BREAK_BEFORE_K1,0,0,,,False,,,BREAK_BEFORE_K1,2023-03-17 00:35:00+00:00,
90,01:30,5,2023-03-18,Saturday,2023-03-17 18:30:00+00:00,2023-03-17 23:30:00+00:00,2023-03-17 23:30:00+00:00,2023-03-18 03:30:00+00:00,339.68,329.91,9.769999999999982,True,,1,0,2023-03-17 23:35:00+00:00,2023-03-17 23:40:00+00:00,True,2023-03-17 23:40:00+00:00,2023-03-17 23:45:00+00:00,H2_ARRIVAL,2023-03-18 00:20:00+00:00,40.0
90,01:30,5,2023-03-19,Sunday,2023-03-18 18:30:00+00:00,2023-03-18 23:30:00+00:00,2023-03-18 23:30:00+00:00,2023-03-19 03:30:00+00:00,337.33,330.23,7.099999999999966,False,OPPOSITE_VISIT_BEFORE_K1,0,1,,,False,,,OPPOSITE_VISIT_BEFORE_K1,2023-03-18 23:30:00+00:00,
90,01:30,5,2023-03-20,Monday,2023-03-19 18:30:00+00:00,2023-03-19 23:30:00+00:00,2023-03-19 23:30:00+00:00,2023-03-20 03:30:00+00:00,340.21,334.0,6.2099999999999795,False,OPPOSITE_VISIT_BEFORE_K1,0,1,,,False,,,OPPOSITE_VISIT_BEFORE_K1,2023-03-20 00:05:00+00:00,
90,01:30,5,2023-03-21,Tuesday,2023-03-20 18:30:00+00:00,2023-03-20 23:30:00+00:00,2023-03-20 23:30:00+00:00,2023-03-21 03:30:00+00:00,338.69,331.91,6.779999999999973,False,BREAK_BEFORE_K1,0,0,,,False,,,BREAK_BEFORE_K1,2023-03-20 23:40:00+00:00,
90,01:30,5,2023-03-22,Wednesday,2023-03-21 18:30:00+00:00,2023-03-21 23:30:00+00:00,2023-03-21 23:30:00+00:00,2023-03-22 03:30:00+00:00,337.62,334.01,3.6100000000000136,False,OPPOSITE_VISIT_BEFORE_K1,0,1,,,False,,,OPPOSITE_VISIT_BEFORE_K1,2023-03-22 00:00:00+00:00,
90,01:30,5,2023-03-23,Thursday,2023-03-22 18:30:00+00:00,2023-03-22 23:30:00+00:00,2023-03-22 23:30:00+00:00,2023-03-23 03:30:00+00:00,329.16,316.0,13.160000000000025,False,NO_K1,0,0,,,False,,,NO_K1,,
90,01:30,5,2023-03-24,Friday,2023-03-23 18:30:00+00:00,2023-03-23 23:30:00+00:00,2023-03-23 23:30:00+00:00,2023-03-24 03:30:00+00:00,329.99,325.26,4.730000000000018,False,NO_K1,0,0,,,False,,,NO_K1,,
90,01:30,5,2023-03-25,Saturday,2023-03-24 18:30:00+00:00,2023-03-24 23:30:00+00:00,2023-03-24 23:30:00+00:00,2023-03-25 03:30:00+00:00,322.78,318.3,4.479999999999961,True,,1,0,2023-03-25 00:45:00+00:00,2023-03-25 00:50:00+00:00,False,,,BREAK_DURING_K1,2023-03-25 00:55:00+00:00,
90,01:30,5,2023-03-26,Sunday,2023-03-25 18:30:00+00:00,2023-03-25 23:30:00+00:00,2023-03-25 23:30:00+00:00,2023-03-26 03:30:00+00:00,323.82,318.86,4.9599999999999795,True,,1,0,2023-03-26 02:15:00+00:00,2023-03-26 02:20:00+00:00,True,2023-03-26 02:20:00+00:00,2023-03-26 02:25:00+00:00,NO_H2_BY_END,,
90,01:30,5,2023-03-27,Monday,2023-03-26 18:30:00+00:00,2023-03-26 23:30:00+00:00,2023-03-26 23:30:00+00:00,2023-03-27 03:30:00+00:00,329.14,326.0,3.1399999999999864,False,NO_K1,0,0,,,False,,,NO_K1,,
90,01:30,5,2023-03-28,Tuesday,2023-03-27 18:30:00+00:00,2023-03-27 23:30:00+00:00,2023-03-27 23:30:00+00:00,2023-03-28 03:30:00+00:00,309.3,305.46,3.840000000000032,False,BREAK_BEFORE_K1,0,0,,,False,,,BREAK_BEFORE_K1,2023-03-27 23:30:00+00:00,
90,01:30,5,2023-03-29,Wednesday,2023-03-28 18:30:00+00:00,2023-03-28 23:30:00+00:00,2023-03-28 23:30:00+00:00,2023-03-29 03:30:00+00:00,315.85,310.04,5.810000000000002,False,NO_K1,0,0,,,False,,,NO_K1,,
90,01:30,5,2023-03-30,Thursday,2023-03-29 18:30:00+00:00,2023-03-29 23:30:00+00:00,2023-03-29 23:30:00+00:00,2023-03-30 03:30:00+00:00,316.45,312.63,3.819999999999993,False,BREAK_BEFORE_K1,0,0,,,False,,,BREAK_BEFORE_K1,2023-03-30 00:50:00+00:00,
90,01:30,5,2023-03-31,Friday,2023-03-30 18:30:00+00:00,2023-03-30 23:30:00+00:00,2023-03-30 23:30:00+00:00,2023-03-31 03:30:00+00:00,317.17,314.12,3.0500000000000114,True,,1,0,2023-03-31 00:25:00+00:00,2023-03-31 00:30:00+00:00,True,2023-03-31 00:30:00+00:00,2023-03-31 00:35:00+00:00,H2_ARRIVAL,2023-03-31 01:00:00+00:00,30.0
90,01:30,5,2023-04-01,Saturday,2023-03-31 18:30:00+00:00,2023-03-31 23:30:00+00:00,2023-03-31 23:30:00+00:00,2023-04-01 03:30:00+00:00,317.38,314.79,2.589999999999975,True,,1,0,2023-04-01 00:20:00+00:00,2023-04-01 00:25:00+00:00,True,2023-04-01 00:25:00+00:00,2023-04-01 00:30:00+00:00,H2_ARRIVAL,2023-04-01 02:00:00+00:00,95.0
90,01:30,5,2023-04-02,Sunday,2023-04-01 18:30:00+00:00,2023-04-01 23:30:00+00:00,2023-04-01 23:30:00+00:00,2023-04-02 03:30:00+00:00,315.53,313.86,1.669999999999959,False,BREAK_BEFORE_K1,0,0,,,False,,,BREAK_BEFORE_K1,2023-04-02 00:45:00+00:00,
90,01:30,5,2023-04-03,Monday,2023-04-02 18:30:00+00:00,2023-04-02 23:30:00+00:00,2023-04-02 23:30:00+00:00,2023-04-03 03:30:00+00:00,313.45,310.36,3.089999999999975,False,BREAK_BEFORE_K1,0,0,,,False,,,BREAK_BEFORE_K1,2023-04-02 23:30:00+00:00,
90,01:30,5,2023-04-04,Tuesday,2023-04-03 18:30:00+00:00,2023-04-03 23:30:00+00:00,2023-04-03 23:30:00+00:00,2023-04-04 03:30:00+00:00,312.0,297.43,14.569999999999993,False,NO_K1,0,0,,,False,,,NO_K1,,
90,01:30,5,2023-04-05,Wednesday,2023-04-04 18:30:00+00:00,2023-04-04 23:30:00+00:00,2023-04-04 23:30:00+00:00,2023-04-05 03:30:00+00:00,311.75,310.23,1.5199999999999818,False,OPPOSITE_VISIT_BEFORE_K1,0,1,,,False,,,OPPOSITE_VISIT_BEFORE_K1,2023-04-05 00:10:00+00:00,
90,01:30,5,2023-04-06,Thursday,2023-04-05 18:30:00+00:00,2023-04-05 23:30:00+00:00,2023-04-05 23:30:00+00:00,2023-04-06 03:30:00+00:00,314.75,311.53,3.2200000000000273,False,OPPOSITE_VISIT_BEFORE_K1,0,1,,,False,,,OPPOSITE_VISIT_BEFORE_K1,2023-04-06 01:20:00+00:00,
90,01:30,5,2023-04-07,Friday,2023-04-06 18:30:00+00:00,2023-04-06 23:30:00+00:00,2023-04-06 23:30:00+00:00,2023-04-07 03:30:00+00:00,312.95,311.73,1.2199999999999704,False,BREAK_BEFORE_K1,0,0,,,False,,,BREAK_BEFORE_K1,2023-04-07 00:05:00+00:00,
90,01:30,5,2023-04-08,Saturday,2023-04-07 18:30:00+00:00,2023-04-07 23:30:00+00:00,2023-04-07 23:30:00+00:00,2023-04-08 03:30:00+00:00,311.35,310.13,1.2200000000000273,False,BREAK_BEFORE_K1,0,0,,,False,,,BREAK_BEFORE_K1,2023-04-07 23:30:00+00:00,
90,01:30,5,2023-04-09,Sunday,2023-04-08 18:30:00+00:00,2023-04-08 23:30:00+00:00,2023-04-08 23:30:00+00:00,2023-04-09 03:30:00+00:00,311.45,310.0,1.4499999999999886,True,,1,0,2023-04-09 01:55:00+00:00,2023-04-09 02:00:00+00:00,False,,,BREAK_DURING_K1,2023-04-09 02:00:00+00:00,
90,01:30,5,2023-04-10,Monday,2023-04-09 18:30:00+00:00,2023-04-09 23:30:00+00:00,2023-04-09 23:30:00+00:00,2023-04-10 03:30:00+00:00,313.81,310.68,3.1299999999999955,False,NO_K1,0,0,,,False,,,NO_K1,,
90,01:30,5,2023-04-11,Tuesday,2023-04-10 18:30:00+00:00,2023-04-10 23:30:00+00:00,2023-04-10 23:30:00+00:00,2023-04-11 03:30:00+00:00,317.64,312.53,5.110000000000014,False,BREAK_BEFORE_K1,0,0,,,False,,,BREAK_BEFORE_K1,2023-04-10 23:30:00+00:00,
90,01:30,5,2023-04-12,Wednesday,2023-04-11 18:30:00+00:00,2023-04-11 23:30:00+00:00,2023-04-11 23:30:00+00:00,2023-04-12 03:30:00+00:00,327.48,323.06,4.420000000000016,False,BREAK_BEFORE_K1,0,0,,,False,,,BREAK_BEFORE_K1,2023-04-11 23:30:00+00:00,
90,01:30,5,2023-04-13,Thursday,2023-04-12 18:30:00+00:00,2023-04-12 23:30:00+00:00,2023-04-12 23:30:00+00:00,2023-04-13 03:30:00+00:00,320.75,318.0,2.75,False,NO_K1,0,0,,,False,,,NO_K1,,
90,01:30,5,2023-04-14,Friday,2023-04-13 18:30:00+00:00,2023-04-13 23:30:00+00:00,2023-04-13 23:30:00+00:00,2023-04-14 03:30:00+00:00,325.04,323.65,1.3900000000000432,False,BREAK_BEFORE_K1,0,0,,,False,,,BREAK_BEFORE_K1,2023-04-14 00:00:00+00:00,
90,01:30,5,2023-04-15,Saturday,2023-04-14 18:30:00+00:00,2023-04-14 23:30:00+00:00,2023-04-14 23:30:00+00:00,2023-04-15 03:30:00+00:00,330.42,326.94,3.480000000000018,False,NO_K1,0,0,,,False,,,NO_K1,,
90,01:30,5,2023-04-16,Sunday,2023-04-15 18:30:00+00:00,2023-04-15 23:30:00+00:00,2023-04-15 23:30:00+00:00,2023-04-16 03:30:00+00:00,335.17,331.29,3.8799999999999955,False,BREAK_BEFORE_K1,0,0,,,False,,,BREAK_BEFORE_K1,2023-04-16 01:10:00+00:00,
90,01:30,5,2023-04-17,Monday,2023-04-16 18:30:00+00:00,2023-04-16 23:30:00+00:00,2023-04-16 23:30:00+00:00,2023-04-17 03:30:00+00:00,350.39,346.43,3.9599999999999795,False,BREAK_BEFORE_K1,0,0,,,False,,,BREAK_BEFORE_K1,2023-04-17 00:25:00+00:00,
90,01:30,5,2023-04-18,Tuesday,2023-04-17 18:30:00+00:00,2023-04-17 23:30:00+00:00,2023-04-17 23:30:00+00:00,2023-04-18 03:30:00+00:00,343.16,339.79,3.3700000000000045,False,BREAK_BEFORE_K1,0,0,,,False,,,BREAK_BEFORE_K1,2023-04-17 23:35:00+00:00,
90,01:30,5,2023-04-19,Wednesday,2023-04-18 18:30:00+00:00,2023-04-18 23:30:00+00:00,2023-04-18 23:30:00+00:00,2023-04-19 03:30:00+00:00,343.27,340.82,2.4499999999999886,False,BREAK_BEFORE_K1,0,0,,,False,,,BREAK_BEFORE_K1,2023-04-18 23:30:00+00:00,
90,01:30,5,2023-04-20,Thursday,2023-04-19 18:30:00+00:00,2023-04-19 23:30:00+00:00,2023-04-19 23:30:00+00:00,2023-04-20 03:30:00+00:00,325.92,319.63,6.2900000000000205,True,,1,0,2023-04-20 01:35:00+00:00,2023-04-20 01:40:00+00:00,True,2023-04-20 01:40:00+00:00,2023-04-20 01:45:00+00:00,NO_H2_BY_END,,
90,01:30,5,2023-04-21,Friday,2023-04-20 18:30:00+00:00,2023-04-20 23:30:00+00:00,2023-04-20 23:30:00+00:00,2023-04-21 03:30:00+00:00,319.37,315.14,4.230000000000018,False,BREAK_BEFORE_K1,0,0,,,False,,,BREAK_BEFORE_K1,2023-04-21 00:45:00+00:00,
90,01:30,5,2023-04-22,Saturday,2023-04-21 18:30:00+00:00,2023-04-21 23:30:00+00:00,2023-04-21 23:30:00+00:00,2023-04-22 03:30:00+00:00,326.36,316.45,9.910000000000025,False,NO_K1,0,0,,,False,,,NO_K1,,
90,01:30,5,2023-04-23,Sunday,2023-04-22 18:30:00+00:00,2023-04-22 23:30:00+00:00,2023-04-22 23:30:00+00:00,2023-04-23 03:30:00+00:00,333.96,329.02,4.939999999999998,False,BREAK_BEFORE_K1,0,0,,,False,,,BREAK_BEFORE_K1,2023-04-23 00:30:00+00:00,
90,01:30,5,2023-04-24,Monday,2023-04-23 18:30:00+00:00,2023-04-23 23:30:00+00:00,2023-04-23 23:30:00+00:00,2023-04-24 03:30:00+00:00,330.46,326.8,3.659999999999968,True,,1,0,2023-04-23 23:50:00+00:00,2023-04-23 23:55:00+00:00,False,,,BREAK_DURING_K1,2023-04-24 00:00:00+00:00,
90,01:30,5,2023-04-25,Tuesday,2023-04-24 18:30:00+00:00,2023-04-24 23:30:00+00:00,2023-04-24 23:30:00+00:00,2023-04-25 03:30:00+00:00,332.32,330.2,2.1200000000000045,False,OPPOSITE_VISIT_BEFORE_K1,0,1,,,False,,,OPPOSITE_VISIT_BEFORE_K1,2023-04-25 00:50:00+00:00,
90,01:30,5,2023-04-26,Wednesday,2023-04-25 18:30:00+00:00,2023-04-25 23:30:00+00:00,2023-04-25 23:30:00+00:00,2023-04-26 03:30:00+00:00,340.64,331.72,8.919999999999959,False,NO_K1,0,0,,,False,,,NO_K1,,
90,01:30,5,2023-04-27,Thursday,2023-04-26 18:30:00+00:00,2023-04-26 23:30:00+00:00,2023-04-26 23:30:00+00:00,2023-04-27 03:30:00+00:00,340.97,321.63,19.340000000000032,False,NO_K1,0,0,,,False,,,NO_K1,,
90,01:30,5,2023-04-28,Friday,2023-04-27 18:30:00+00:00,2023-04-27 23:30:00+00:00,2023-04-27 23:30:00+00:00,2023-04-28 03:30:00+00:00,335.94,331.06,4.8799999999999955,False,BREAK_BEFORE_K1,0,0,,,False,,,BREAK_BEFORE_K1,2023-04-27 23:45:00+00:00,
90,01:30,5,2023-04-29,Saturday,2023-04-28 18:30:00+00:00,2023-04-28 23:30:00+00:00,2023-04-28 23:30:00+00:00,2023-04-29 03:30:00+00:00,324.68,321.78,2.900000000000034,False,BREAK_BEFORE_K1,0,0,,,False,,,BREAK_BEFORE_K1,2023-04-29 01:10:00+00:00,
90,01:30,5,2023-04-30,Sunday,2023-04-29 18:30:00+00:00,2023-04-29 23:30:00+00:00,2023-04-29 23:30:00+00:00,2023-04-30 03:30:00+00:00,322.87,321.32,1.5500000000000114,False,OPPOSITE_VISIT_BEFORE_K1,0,1,,,False,,,OPPOSITE_VISIT_BEFORE_K1,2023-04-30 00:05:00+00:00,
90,01:30,5,2023-05-01,Monday,2023-04-30 18:30:00+00:00,2023-04-30 23:30:00+00:00,2023-04-30 23:30:00+00:00,2023-05-01 03:30:00+00:00,337.78,332.16,5.619999999999948,True,,1,0,2023-05-01 00:25:00+00:00,2023-05-01 00:30:00+00:00,False,,,BREAK_DURING_K1,2023-05-01 00:35:00+00:00,
90,01:30,5,2023-05-02,Tuesday,2023-05-01 18:30:00+00:00,2023-05-01 23:30:00+00:00,2023-05-01 23:30:00+00:00,2023-05-02 03:30:00+00:00,329.06,325.34,3.7200000000000273,False,OPPOSITE_VISIT_BEFORE_K1,0,1,,,False,,,OPPOSITE_VISIT_BEFORE_K1,2023-05-02 02:50:00+00:00,
90,01:30,5,2023-05-03,Wednesday,2023-05-02 18:30:00+00:00,2023-05-02 23:30:00+00:00,2023-05-02 23:30:00+00:00,2023-05-03 03:30:00+00:00,325.59,320.6,4.989999999999952,False,NO_K1,0,0,,,False,,,NO_K1,,
90,01:30,5,2023-05-04,Thursday,2023-05-03 18:30:00+00:00,2023-05-03 23:30:00+00:00,2023-05-03 23:30:00+00:00,2023-05-04 03:30:00+00:00,327.36,322.65,4.710000000000036,False,NO_K1,0,0,,,False,,,NO_K1,,
90,01:30,5,2023-05-05,Friday,2023-05-04 18:30:00+00:00,2023-05-04 23:30:00+00:00,2023-05-04 23:30:00+00:00,2023-05-05 03:30:00+00:00,324.43,323.04,1.3899999999999864,True,,1,0,2023-05-05 00:40:00+00:00,2023-05-05 00:45:00+00:00,False,,,BREAK_DURING_K1,2023-05-05 00:50:00+00:00,
90,01:30,5,2023-05-06,Saturday,2023-05-05 18:30:00+00:00,2023-05-05 23:30:00+00:00,2023-05-05 23:30:00+00:00,2023-05-06 03:30:00+00:00,328.21,324.49,3.7199999999999704,True,,1,0,2023-05-06 00:35:00+00:00,2023-05-06 00:40:00+00:00,True,2023-05-06 00:40:00+00:00,2023-05-06 00:45:00+00:00,NO_H2_BY_END,,
90,01:30,5,2023-05-07,Sunday,2023-05-06 18:30:00+00:00,2023-05-06 23:30:00+00:00,2023-05-06 23:30:00+00:00,2023-05-07 03:30:00+00:00,323.67,321.47,2.1999999999999886,False,BREAK_BEFORE_K1,0,0,,,False,,,BREAK_BEFORE_K1,2023-05-07 00:25:00+00:00,
90,01:30,5,2023-05-08,Monday,2023-05-07 18:30:00+00:00,2023-05-07 23:30:00+00:00,2023-05-07 23:30:00+00:00,2023-05-08 03:30:00+00:00,323.93,322.02,1.910000000000025,False,OPPOSITE_VISIT_BEFORE_K1,0,1,,,False,,,OPPOSITE_VISIT_BEFORE_K1,2023-05-07 23:40:00+00:00,
90,01:30,5,2023-05-09,Tuesday,2023-05-08 18:30:00+00:00,2023-05-08 23:30:00+00:00,2023-05-08 23:30:00+00:00,2023-05-09 03:30:00+00:00,313.46,311.04,2.419999999999959,False,BREAK_BEFORE_K1,0,0,,,False,,,BREAK_BEFORE_K1,2023-05-08 23:50:00+00:00,
90,01:30,5,2023-05-10,Wednesday,2023-05-09 18:30:00+00:00,2023-05-09 23:30:00+00:00,2023-05-09 23:30:00+00:00,2023-05-10 03:30:00+00:00,313.05,311.0,2.0500000000000114,False,BREAK_BEFORE_K1,0,0,,,False,,,BREAK_BEFORE_K1,2023-05-10 00:25:00+00:00,
90,01:30,5,2023-05-11,Thursday,2023-05-10 18:30:00+00:00,2023-05-10 23:30:00+00:00,2023-05-10 23:30:00+00:00,2023-05-11 03:30:00+00:00,316.56,311.87,4.689999999999998,False,NO_K1,0,0,,,False,,,NO_K1,,
90,01:30,5,2023-05-12,Friday,2023-05-11 18:30:00+00:00,2023-05-11 23:30:00+00:00,2023-05-11 23:30:00+00:00,2023-05-12 03:30:00+00:00,307.54,304.63,2.910000000000025,False,BREAK_BEFORE_K1,0,0,,,False,,,BREAK_BEFORE_K1,2023-05-11 23:40:00+00:00,
90,01:30,5,2023-05-13,Saturday,2023-05-12 18:30:00+00:00,2023-05-12 23:30:00+00:00,2023-05-12 23:30:00+00:00,2023-05-13 03:30:00+00:00,308.55,301.2,7.350000000000023,True,,1,0,2023-05-13 00:00:00+00:00,2023-05-13 00:05:00+00:00,True,2023-05-13 00:05:00+00:00,2023-05-13 00:10:00+00:00,H2_ARRIVAL,2023-05-13 01:00:00+00:00,55.0
90,01:30,5,2023-05-14,Sunday,2023-05-13 18:30:00+00:00,2023-05-13 23:30:00+00:00,2023-05-13 23:30:00+00:00,2023-05-14 03:30:00+00:00,311.76,308.96,2.8000000000000114,False,NO_K1,0,0,,,False,,,NO_K1,,
90,01:30,5,2023-05-15,Monday,2023-05-14 18:30:00+00:00,2023-05-14 23:30:00+00:00,2023-05-14 23:30:00+00:00,2023-05-15 03:30:00+00:00,311.91,310.55,1.3600000000000136,False,BREAK_BEFORE_K1,0,0,,,False,,,BREAK_BEFORE_K1,2023-05-14 23:55:00+00:00,
90,01:30,5,2023-05-16,Tuesday,2023-05-15 18:30:00+00:00,2023-05-15 23:30:00+00:00,2023-05-15 23:30:00+00:00,2023-05-16 03:30:00+00:00,314.29,312.9,1.3900000000000432,False,BREAK_BEFORE_K1,0,0,,,False,,,BREAK_BEFORE_K1,2023-05-16 00:40:00+00:00,
90,01:30,5,2023-05-17,Wednesday,2023-05-16 18:30:00+00:00,2023-05-16 23:30:00+00:00,2023-05-16 23:30:00+00:00,2023-05-17 03:30:00+00:00,311.74,309.67,2.069999999999993,True,,1,0,2023-05-17 00:35:00+00:00,2023-05-17 00:40:00+00:00,True,2023-05-17 00:40:00+00:00,2023-05-17 00:45:00+00:00,H2_ARRIVAL,2023-05-17 00:50:00+00:00,10.0
90,01:30,5,2023-05-18,Thursday,2023-05-17 18:30:00+00:00,2023-05-17 23:30:00+00:00,2023-05-17 23:30:00+00:00,2023-05-18 03:30:00+00:00,314.41,311.55,2.8600000000000136,False,BREAK_BEFORE_K1,0,0,,,False,,,BREAK_BEFORE_K1,2023-05-18 03:15:00+00:00,
90,01:30,5,2023-05-19,Friday,2023-05-18 18:30:00+00:00,2023-05-18 23:30:00+00:00,2023-05-18 23:30:00+00:00,2023-05-19 03:30:00+00:00,310.59,306.72,3.8699999999999477,False,NO_K1,0,0,,,False,,,NO_K1,,
90,01:30,5,2023-05-20,Saturday,2023-05-19 18:30:00+00:00,2023-05-19 23:30:00+00:00,2023-05-19 23:30:00+00:00,2023-05-20 03:30:00+00:00,309.08,307.65,1.4300000000000068,False,NO_K1,0,0,,,False,,,NO_K1,,
90,01:30,5,2023-05-21,Sunday,2023-05-20 18:30:00+00:00,2023-05-20 23:30:00+00:00,2023-05-20 23:30:00+00:00,2023-05-21 03:30:00+00:00,311.85,310.0,1.8500000000000227,False,NO_K1,0,0,,,False,,,NO_K1,,
90,01:30,5,2023-05-22,Monday,2023-05-21 18:30:00+00:00,2023-05-21 23:30:00+00:00,2023-05-21 23:30:00+00:00,2023-05-22 03:30:00+00:00,309.1,305.55,3.5500000000000114,False,OPPOSITE_VISIT_BEFORE_K1,0,1,,,False,,,OPPOSITE_VISIT_BEFORE_K1,2023-05-22 00:30:00+00:00,
90,01:30,5,2023-05-23,Tuesday,2023-05-22 18:30:00+00:00,2023-05-22 23:30:00+00:00,2023-05-22 23:30:00+00:00,2023-05-23 03:30:00+00:00,310.77,309.27,1.5,False,OPPOSITE_VISIT_BEFORE_K1,0,1,,,False,,,OPPOSITE_VISIT_BEFORE_K1,2023-05-22 23:30:00+00:00,
90,01:30,5,2023-05-24,Wednesday,2023-05-23 18:30:00+00:00,2023-05-23 23:30:00+00:00,2023-05-23 23:30:00+00:00,2023-05-24 03:30:00+00:00,313.92,312.32,1.6000000000000227,False,BREAK_BEFORE_K1,0,0,,,False,,,BREAK_BEFORE_K1,2023-05-24 03:20:00+00:00,
90,01:30,5,2023-05-25,Thursday,2023-05-24 18:30:00+00:00,2023-05-24 23:30:00+00:00,2023-05-24 23:30:00+00:00,2023-05-25 03:30:00+00:00,306.62,304.91,1.7099999999999795,False,BREAK_BEFORE_K1,0,0,,,False,,,BREAK_BEFORE_K1,2023-05-25 00:40:00+00:00,
90,01:30,5,2023-05-26,Friday,2023-05-25 18:30:00+00:00,2023-05-25 23:30:00+00:00,2023-05-25 23:30:00+00:00,2023-05-26 03:30:00+00:00,305.94,304.0,1.9399999999999977,False,OPPOSITE_VISIT_BEFORE_K1,0,1,,,False,,,OPPOSITE_VISIT_BEFORE_K1,2023-05-26 00:45:00+00:00,
90,01:30,5,2023-05-27,Saturday,2023-05-26 18:30:00+00:00,2023-05-26 23:30:00+00:00,2023-05-26 23:30:00+00:00,2023-05-27 03:30:00+00:00,307.45,306.18,1.2699999999999818,False,NO_K1,0,0,,,False,,,NO_K1,,
90,01:30,5,2023-05-28,Sunday,2023-05-27 18:30:00+00:00,2023-05-27 23:30:00+00:00,2023-05-27 23:30:00+00:00,2023-05-28 03:30:00+00:00,307.32,304.57,2.75,False,BREAK_BEFORE_K1,0,0,,,False,,,BREAK_BEFORE_K1,2023-05-27 23:35:00+00:00,
90,01:30,5,2023-05-29,Monday,2023-05-28 18:30:00+00:00,2023-05-28 23:30:00+00:00,2023-05-28 23:30:00+00:00,2023-05-29 03:30:00+00:00,314.95,308.88,6.069999999999993,True,,1,0,2023-05-29 00:00:00+00:00,2023-05-29 00:05:00+00:00,False,,,BREAK_DURING_K1,2023-05-29 00:10:00+00:00,
90,01:30,5,2023-05-30,Tuesday,2023-05-29 18:30:00+00:00,2023-05-29 23:30:00+00:00,2023-05-29 23:30:00+00:00,2023-05-30 03:30:00+00:00,313.0,310.65,2.3500000000000227,False,BREAK_BEFORE_K1,0,0,,,False,,,BREAK_BEFORE_K1,2023-05-30 03:15:00+00:00,
90,01:30,5,2023-05-31,Wednesday,2023-05-30 18:30:00+00:00,2023-05-30 23:30:00+00:00,2023-05-30 23:30:00+00:00,2023-05-31 03:30:00+00:00,313.4,311.84,1.5600000000000023,False,BREAK_BEFORE_K1,0,0,,,False,,,BREAK_BEFORE_K1,2023-05-30 23:30:00+00:00,
90,01:30,5,2023-06-01,Thursday,2023-05-31 18:30:00+00:00,2023-05-31 23:30:00+00:00,2023-05-31 23:30:00+00:00,2023-06-01 03:30:00+00:00,306.74,305.35,1.3899999999999864,False,BREAK_BEFORE_K1,0,0,,,False,,,BREAK_BEFORE_K1,2023-05-31 23:40:00+00:00,
90,01:30,5,2023-06-02,Friday,2023-06-01 18:30:00+00:00,2023-06-01 23:30:00+00:00,2023-06-01 23:30:00+00:00,2023-06-02 03:30:00+00:00,306.03,303.52,2.509999999999991,False,OPPOSITE_VISIT_BEFORE_K1,0,1,,,False,,,OPPOSITE_VISIT_BEFORE_K1,2023-06-02 00:35:00+00:00,
90,01:30,5,2023-06-03,Saturday,2023-06-02 18:30:00+00:00,2023-06-02 23:30:00+00:00,2023-06-02 23:30:00+00:00,2023-06-03 03:30:00+00:00,308.5,306.72,1.7799999999999727,False,OPPOSITE_VISIT_BEFORE_K1,0,1,,,False,,,OPPOSITE_VISIT_BEFORE_K1,2023-06-03 00:45:00+00:00,
90,01:30,5,2023-06-04,Sunday,2023-06-03 18:30:00+00:00,2023-06-03 23:30:00+00:00,2023-06-03 23:30:00+00:00,2023-06-04 03:30:00+00:00,306.97,305.61,1.3600000000000136,False,BREAK_BEFORE_K1,0,0,,,False,,,BREAK_BEFORE_K1,2023-06-04 00:15:00+00:00,
90,01:30,5,2023-06-05,Monday,2023-06-04 18:30:00+00:00,2023-06-04 23:30:00+00:00,2023-06-04 23:30:00+00:00,2023-06-05 03:30:00+00:00,307.69,305.35,2.339999999999975,False,OPPOSITE_VISIT_BEFORE_K1,0,1,,,False,,,OPPOSITE_VISIT_BEFORE_K1,2023-06-04 23:30:00+00:00,
90,01:30,5,2023-06-06,Tuesday,2023-06-05 18:30:00+00:00,2023-06-05 23:30:00+00:00,2023-06-05 23:30:00+00:00,2023-06-06 03:30:00+00:00,277.39,271.88,5.509999999999991,False,BREAK_BEFORE_K1,0,0,,,False,,,BREAK_BEFORE_K1,2023-06-06 00:10:00+00:00,
90,01:30,5,2023-06-07,Wednesday,2023-06-06 18:30:00+00:00,2023-06-06 23:30:00+00:00,2023-06-06 23:30:00+00:00,2023-06-07 03:30:00+00:00,285.87,280.42,5.449999999999989,False,OPPOSITE_VISIT_BEFORE_K1,0,1,,,False,,,OPPOSITE_VISIT_BEFORE_K1,2023-06-07 00:10:00+00:00,
90,01:30,5,2023-06-08,Thursday,2023-06-07 18:30:00+00:00,2023-06-07 23:30:00+00:00,2023-06-07 23:30:00+00:00,2023-06-08 03:30:00+00:00,261.9,257.25,4.649999999999977,False,BREAK_BEFORE_K1,0,0,,,False,,,BREAK_BEFORE_K1,2023-06-08 01:10:00+00:00,
90,01:30,5,2023-06-09,Friday,2023-06-08 18:30:00+00:00,2023-06-08 23:30:00+00:00,2023-06-08 23:30:00+00:00,2023-06-09 03:30:00+00:00,265.26,261.59,3.670000000000016,False,OPPOSITE_VISIT_BEFORE_K1,0,1,,,False,,,OPPOSITE_VISIT_BEFORE_K1,2023-06-08 23:35:00+00:00,
90,01:30,5,2023-06-10,Saturday,2023-06-09 18:30:00+00:00,2023-06-09 23:30:00+00:00,2023-06-09 23:30:00+00:00,2023-06-10 03:30:00+00:00,262.5,259.12,3.3799999999999955,False,OPPOSITE_VISIT_BEFORE_K1,0,1,,,False,,,OPPOSITE_VISIT_BEFORE_K1,2023-06-10 00:50:00+00:00,
90,01:30,5,2023-06-11,Sunday,2023-06-10 18:30:00+00:00,2023-06-10 23:30:00+00:00,2023-06-10 23:30:00+00:00,2023-06-11 03:30:00+00:00,240.18,236.25,3.930000000000007,False,OPPOSITE_VISIT_BEFORE_K1,0,1,,,False,,,OPPOSITE_VISIT_BEFORE_K1,2023-06-11 02:20:00+00:00,
90,01:30,5,2023-06-12,Monday,2023-06-11 18:30:00+00:00,2023-06-11 23:30:00+00:00,2023-06-11 23:30:00+00:00,2023-06-12 03:30:00+00:00,238.46,233.7,4.760000000000019,False,OPPOSITE_VISIT_BEFORE_K1,0,1,,,False,,,OPPOSITE_VISIT_BEFORE_K1,2023-06-11 23:30:00+00:00,
90,01:30,5,2023-06-13,Tuesday,2023-06-12 18:30:00+00:00,2023-06-12 23:30:00+00:00,2023-06-12 23:30:00+00:00,2023-06-13 03:30:00+00:00,232.95,228.11,4.839999999999975,True,,1,0,2023-06-13 00:15:00+00:00,2023-06-13 00:20:00+00:00,True,2023-06-13 00:20:00+00:00,2023-06-13 00:25:00+00:00,H2_ARRIVAL,2023-06-13 02:35:00+00:00,135.0
90,01:30,5,2023-06-14,Wednesday,2023-06-13 18:30:00+00:00,2023-06-13 23:30:00+00:00,2023-06-13 23:30:00+00:00,2023-06-14 03:30:00+00:00,245.0,236.63,8.370000000000005,True,,1,0,2023-06-14 00:00:00+00:00,2023-06-14 00:05:00+00:00,False,,,BREAK_DURING_K1,2023-06-14 00:05:00+00:00,
90,01:30,5,2023-06-15,Thursday,2023-06-14 18:30:00+00:00,2023-06-14 23:30:00+00:00,2023-06-14 23:30:00+00:00,2023-06-15 03:30:00+00:00,247.56,232.32,15.240000000000009,False,NO_K1,0,0,,,False,,,NO_K1,,
90,01:30,5,2023-06-16,Friday,2023-06-15 18:30:00+00:00,2023-06-15 23:30:00+00:00,2023-06-15 23:30:00+00:00,2023-06-16 03:30:00+00:00,238.97,233.87,5.099999999999994,False,NO_K1,0,0,,,False,,,NO_K1,,
90,01:30,5,2023-06-17,Saturday,2023-06-16 18:30:00+00:00,2023-06-16 23:30:00+00:00,2023-06-16 23:30:00+00:00,2023-06-17 03:30:00+00:00,241.6,238.5,3.0999999999999943,False,OPPOSITE_VISIT_BEFORE_K1,0,1,,,False,,,OPPOSITE_VISIT_BEFORE_K1,2023-06-17 00:00:00+00:00,
90,01:30,5,2023-06-18,Sunday,2023-06-17 18:30:00+00:00,2023-06-17 23:30:00+00:00,2023-06-17 23:30:00+00:00,2023-06-18 03:30:00+00:00,246.54,244.27,2.269999999999982,False,OPPOSITE_VISIT_BEFORE_K1,0,1,,,False,,,OPPOSITE_VISIT_BEFORE_K1,2023-06-17 23:30:00+00:00,
90,01:30,5,2023-06-19,Monday,2023-06-18 18:30:00+00:00,2023-06-18 23:30:00+00:00,2023-06-18 23:30:00+00:00,2023-06-19 03:30:00+00:00,246.68,242.52,4.159999999999997,False,BREAK_BEFORE_K1,0,0,,,False,,,BREAK_BEFORE_K1,2023-06-19 00:45:00+00:00,
90,01:30,5,2023-06-20,Tuesday,2023-06-19 18:30:00+00:00,2023-06-19 23:30:00+00:00,2023-06-19 23:30:00+00:00,2023-06-20 03:30:00+00:00,243.38,239.52,3.859999999999985,False,BREAK_BEFORE_K1,0,0,,,False,,,BREAK_BEFORE_K1,2023-06-20 00:10:00+00:00,
90,01:30,5,2023-06-21,Wednesday,2023-06-20 18:30:00+00:00,2023-06-20 23:30:00+00:00,2023-06-20 23:30:00+00:00,2023-06-21 03:30:00+00:00,247.12,242.14,4.980000000000018,True,,1,0,2023-06-20 23:30:00+00:00,2023-06-20 23:35:00+00:00,True,2023-06-20 23:40:00+00:00,2023-06-20 23:45:00+00:00,H2_ARRIVAL,2023-06-20 23:45:00+00:00,5.0
90,01:30,5,2023-06-22,Thursday,2023-06-21 18:30:00+00:00,2023-06-21 23:30:00+00:00,2023-06-21 23:30:00+00:00,2023-06-22 03:30:00+00:00,251.2,247.29,3.9099999999999966,False,BREAK_BEFORE_K1,0,0,,,False,,,BREAK_BEFORE_K1,2023-06-22 00:30:00+00:00,
90,01:30,5,2023-06-23,Friday,2023-06-22 18:30:00+00:00,2023-06-22 23:30:00+00:00,2023-06-22 23:30:00+00:00,2023-06-23 03:30:00+00:00,245.24,239.24,6.0,False,NO_K1,0,0,,,False,,,NO_K1,,
90,01:30,5,2023-06-24,Saturday,2023-06-23 18:30:00+00:00,2023-06-23 23:30:00+00:00,2023-06-23 23:30:00+00:00,2023-06-24 03:30:00+00:00,247.5,243.3,4.199999999999989,False,OPPOSITE_VISIT_BEFORE_K1,0,1,,,False,,,OPPOSITE_VISIT_BEFORE_K1,2023-06-24 01:30:00+00:00,
90,01:30,5,2023-06-25,Sunday,2023-06-24 18:30:00+00:00,2023-06-24 23:30:00+00:00,2023-06-24 23:30:00+00:00,2023-06-25 03:30:00+00:00,237.46,233.61,3.8499999999999943,True,,1,0,2023-06-25 01:40:00+00:00,2023-06-25 01:45:00+00:00,True,2023-06-25 01:45:00+00:00,2023-06-25 01:50:00+00:00,H2_ARRIVAL,2023-06-25 01:50:00+00:00,5.0
90,01:30,5,2023-06-26,Monday,2023-06-25 18:30:00+00:00,2023-06-25 23:30:00+00:00,2023-06-25 23:30:00+00:00,2023-06-26 03:30:00+00:00,239.47,236.78,2.6899999999999977,False,BREAK_BEFORE_K1,0,0,,,False,,,BREAK_BEFORE_K1,2023-06-26 00:05:00+00:00,
90,01:30,5,2023-06-27,Tuesday,2023-06-26 18:30:00+00:00,2023-06-26 23:30:00+00:00,2023-06-26 23:30:00+00:00,2023-06-27 03:30:00+00:00,236.96,233.62,3.3400000000000034,True,,1,0,2023-06-27 01:50:00+00:00,2023-06-27 01:55:00+00:00,True,2023-06-27 01:55:00+00:00,2023-06-27 02:00:00+00:00,H2_ARRIVAL,2023-06-27 02:30:00+00:00,35.0
90,01:30,5,2023-06-28,Wednesday,2023-06-27 18:30:00+00:00,2023-06-27 23:30:00+00:00,2023-06-27 23:30:00+00:00,2023-06-28 03:30:00+00:00,239.3,237.18,2.1200000000000045,False,BREAK_BEFORE_K1,0,0,,,False,,,BREAK_BEFORE_K1,2023-06-27 23:30:00+00:00,
90,01:30,5,2023-06-29,Thursday,2023-06-28 18:30:00+00:00,2023-06-28 23:30:00+00:00,2023-06-28 23:30:00+00:00,2023-06-29 03:30:00+00:00,233.37,221.2,12.170000000000016,False,BREAK_BEFORE_K1,0,0,,,False,,,BREAK_BEFORE_K1,2023-06-29 03:20:00+00:00,
90,01:30,5,2023-06-30,Friday,2023-06-29 18:30:00+00:00,2023-06-29 23:30:00+00:00,2023-06-29 23:30:00+00:00,2023-06-30 03:30:00+00:00,234.1,232.2,1.9000000000000057,True,,1,0,2023-06-30 00:25:00+00:00,2023-06-30 00:30:00+00:00,False,,,BREAK_DURING_K1,2023-06-30 00:30:00+00:00,
90,01:30,5,2023-07-01,Saturday,2023-06-30 18:30:00+00:00,2023-06-30 23:30:00+00:00,2023-06-30 23:30:00+00:00,2023-07-01 03:30:00+00:00,241.52,238.38,3.140000000000015,False,BREAK_BEFORE_K1,0,0,,,False,,,BREAK_BEFORE_K1,2023-07-01 00:20:00+00:00,
90,01:30,5,2023-07-02,Sunday,2023-07-01 18:30:00+00:00,2023-07-01 23:30:00+00:00,2023-07-01 23:30:00+00:00,2023-07-02 03:30:00+00:00,249.54,246.34,3.1999999999999886,False,OPPOSITE_VISIT_BEFORE_K1,0,1,,,False,,,OPPOSITE_VISIT_BEFORE_K1,2023-07-02 01:45:00+00:00,
90,01:30,5,2023-07-03,Monday,2023-07-02 18:30:00+00:00,2023-07-02 23:30:00+00:00,2023-07-02 23:30:00+00:00,2023-07-03 03:30:00+00:00,248.0,243.5,4.5,False,BREAK_BEFORE_K1,0,0,,,False,,,BREAK_BEFORE_K1,2023-07-03 02:00:00+00:00,
90,01:30,5,2023-07-04,Tuesday,2023-07-03 18:30:00+00:00,2023-07-03 23:30:00+00:00,2023-07-03 23:30:00+00:00,2023-07-04 03:30:00+00:00,248.6,245.1,3.5,False,OPPOSITE_VISIT_BEFORE_K1,0,1,,,False,,,OPPOSITE_VISIT_BEFORE_K1,2023-07-04 03:05:00+00:00,
90,01:30,5,2023-07-05,Wednesday,2023-07-04 18:30:00+00:00,2023-07-04 23:30:00+00:00,2023-07-04 23:30:00+00:00,2023-07-05 03:30:00+00:00,243.22,240.15,3.069999999999993,False,BREAK_BEFORE_K1,0,0,,,False,,,BREAK_BEFORE_K1,2023-07-05 00:20:00+00:00,
90,01:30,5,2023-07-06,Thursday,2023-07-05 18:30:00+00:00,2023-07-05 23:30:00+00:00,2023-07-05 23:30:00+00:00,2023-07-06 03:30:00+00:00,239.67,237.81,1.8599999999999852,False,BREAK_BEFORE_K1,0,0,,,False,,,BREAK_BEFORE_K1,2023-07-06 01:20:00+00:00,
90,01:30,5,2023-07-07,Friday,2023-07-06 18:30:00+00:00,2023-07-06 23:30:00+00:00,2023-07-06 23:30:00+00:00,2023-07-07 03:30:00+00:00,239.02,232.2,6.820000000000022,False,BREAK_BEFORE_K1,0,0,,,False,,,BREAK_BEFORE_K1,2023-07-06 23:30:00+00:00,
90,01:30,5,2023-07-08,Saturday,2023-07-07 18:30:00+00:00,2023-07-07 23:30:00+00:00,2023-07-07 23:30:00+00:00,2023-07-08 03:30:00+00:00,235.82,233.49,2.329999999999984,False,BREAK_BEFORE_K1,0,0,,,False,,,BREAK_BEFORE_K1,2023-07-08 00:25:00+00:00,
90,01:30,5,2023-07-09,Sunday,2023-07-08 18:30:00+00:00,2023-07-08 23:30:00+00:00,2023-07-08 23:30:00+00:00,2023-07-09 03:30:00+00:00,236.08,233.53,2.5500000000000114,False,BREAK_BEFORE_K1,0,0,,,False,,,BREAK_BEFORE_K1,2023-07-08 23:55:00+00:00,
90,01:30,5,2023-07-10,Monday,2023-07-09 18:30:00+00:00,2023-07-09 23:30:00+00:00,2023-07-09 23:30:00+00:00,2023-07-10 03:30:00+00:00,234.78,233.36,1.4199999999999875,False,BREAK_BEFORE_K1,0,0,,,False,,,BREAK_BEFORE_K1,2023-07-10 00:05:00+00:00,
90,01:30,5,2023-07-11,Tuesday,2023-07-10 18:30:00+00:00,2023-07-10 23:30:00+00:00,2023-07-10 23:30:00+00:00,2023-07-11 03:30:00+00:00,246.29,242.0,4.289999999999992,True,,1,0,2023-07-10 23:55:00+00:00,2023-07-11 00:00:00+00:00,True,2023-07-11 00:00:00+00:00,2023-07-11 00:05:00+00:00,H2_ARRIVAL,2023-07-11 02:35:00+00:00,155.0
90,01:30,5,2023-07-12,Wednesday,2023-07-11 18:30:00+00:00,2023-07-11 23:30:00+00:00,2023-07-11 23:30:00+00:00,2023-07-12 03:30:00+00:00,249.44,246.6,2.8400000000000034,True,,1,0,2023-07-12 00:50:00+00:00,2023-07-12 00:55:00+00:00,True,2023-07-12 00:55:00+00:00,2023-07-12 01:00:00+00:00,H2_ARRIVAL,2023-07-12 01:05:00+00:00,10.0
90,01:30,5,2023-07-13,Thursday,2023-07-12 18:30:00+00:00,2023-07-12 23:30:00+00:00,2023-07-12 23:30:00+00:00,2023-07-13 03:30:00+00:00,243.72,242.12,1.5999999999999943,True,,1,0,2023-07-12 23:30:00+00:00,2023-07-12 23:35:00+00:00,False,,,BREAK_DURING_K1,2023-07-12 23:35:00+00:00,
90,01:30,5,2023-07-14,Friday,2023-07-13 18:30:00+00:00,2023-07-13 23:30:00+00:00,2023-07-13 23:30:00+00:00,2023-07-14 03:30:00+00:00,256.05,250.44,5.610000000000014,True,,1,0,2023-07-13 23:40:00+00:00,2023-07-13 23:45:00+00:00,True,2023-07-13 23:45:00+00:00,2023-07-13 23:50:00+00:00,H2_ARRIVAL,2023-07-13 23:50:00+00:00,5.0
90,01:30,5,2023-07-15,Saturday,2023-07-14 18:30:00+00:00,2023-07-14 23:30:00+00:00,2023-07-14 23:30:00+00:00,2023-07-15 03:30:00+00:00,247.22,241.04,6.180000000000007,False,BREAK_BEFORE_K1,0,0,,,False,,,BREAK_BEFORE_K1,2023-07-14 23:30:00+00:00,
90,01:30,5,2023-07-16,Sunday,2023-07-15 18:30:00+00:00,2023-07-15 23:30:00+00:00,2023-07-15 23:30:00+00:00,2023-07-16 03:30:00+00:00,251.74,249.63,2.1100000000000136,False,OPPOSITE_VISIT_BEFORE_K1,0,1,,,False,,,OPPOSITE_VISIT_BEFORE_K1,2023-07-16 02:15:00+00:00,
90,01:30,5,2023-07-17,Monday,2023-07-16 18:30:00+00:00,2023-07-16 23:30:00+00:00,2023-07-16 23:30:00+00:00,2023-07-17 03:30:00+00:00,245.43,242.33,3.0999999999999943,False,BREAK_BEFORE_K1,0,0,,,False,,,BREAK_BEFORE_K1,2023-07-16 23:30:00+00:00,
90,01:30,5,2023-07-18,Tuesday,2023-07-17 18:30:00+00:00,2023-07-17 23:30:00+00:00,2023-07-17 23:30:00+00:00,2023-07-18 03:30:00+00:00,244.77,239.89,4.880000000000024,True,,1,0,2023-07-18 00:15:00+00:00,2023-07-18 00:20:00+00:00,False,,,BREAK_DURING_K1,2023-07-18 00:20:00+00:00,
90,01:30,5,2023-07-19,Wednesday,2023-07-18 18:30:00+00:00,2023-07-18 23:30:00+00:00,2023-07-18 23:30:00+00:00,2023-07-19 03:30:00+00:00,241.45,239.23,2.219999999999999,False,BREAK_BEFORE_K1,0,0,,,False,,,BREAK_BEFORE_K1,2023-07-19 00:30:00+00:00,
90,01:30,5,2023-07-20,Thursday,2023-07-19 18:30:00+00:00,2023-07-19 23:30:00+00:00,2023-07-19 23:30:00+00:00,2023-07-20 03:30:00+00:00,243.0,240.27,2.7299999999999898,True,,1,0,2023-07-20 02:10:00+00:00,2023-07-20 02:15:00+00:00,True,2023-07-20 02:15:00+00:00,2023-07-20 02:20:00+00:00,H2_ARRIVAL,2023-07-20 02:20:00+00:00,5.0
90,01:30,5,2023-07-21,Friday,2023-07-20 18:30:00+00:00,2023-07-20 23:30:00+00:00,2023-07-20 23:30:00+00:00,2023-07-21 03:30:00+00:00,243.55,240.49,3.0600000000000023,True,,1,0,2023-07-21 01:10:00+00:00,2023-07-21 01:15:00+00:00,False,,,BREAK_DURING_K1,2023-07-21 01:15:00+00:00,
90,01:30,5,2023-07-22,Saturday,2023-07-21 18:30:00+00:00,2023-07-21 23:30:00+00:00,2023-07-21 23:30:00+00:00,2023-07-22 03:30:00+00:00,245.11,242.8,2.3100000000000023,False,NO_K1,0,0,,,False,,,NO_K1,,
90,01:30,5,2023-07-23,Sunday,2023-07-22 18:30:00+00:00,2023-07-22 23:30:00+00:00,2023-07-22 23:30:00+00:00,2023-07-23 03:30:00+00:00,242.82,240.43,2.3899999999999864,False,OPPOSITE_VISIT_BEFORE_K1,0,1,,,False,,,OPPOSITE_VISIT_BEFORE_K1,2023-07-22 23:30:00+00:00,
90,01:30,5,2023-07-24,Monday,2023-07-23 18:30:00+00:00,2023-07-23 23:30:00+00:00,2023-07-23 23:30:00+00:00,2023-07-24 03:30:00+00:00,244.12,241.68,2.4399999999999977,False,BREAK_BEFORE_K1,0,0,,,False,,,BREAK_BEFORE_K1,2023-07-24 02:10:00+00:00,
90,01:30,5,2023-07-25,Tuesday,2023-07-24 18:30:00+00:00,2023-07-24 23:30:00+00:00,2023-07-24 23:30:00+00:00,2023-07-25 03:30:00+00:00,239.31,237.66,1.6500000000000057,True,,1,0,2023-07-25 00:00:00+00:00,2023-07-25 00:05:00+00:00,True,2023-07-25 00:10:00+00:00,2023-07-25 00:15:00+00:00,H2_ARRIVAL,2023-07-25 00:15:00+00:00,5.0
90,01:30,5,2023-07-26,Wednesday,2023-07-25 18:30:00+00:00,2023-07-25 23:30:00+00:00,2023-07-25 23:30:00+00:00,2023-07-26 03:30:00+00:00,238.52,236.95,1.5700000000000216,False,OPPOSITE_VISIT_BEFORE_K1,0,1,,,False,,,OPPOSITE_VISIT_BEFORE_K1,2023-07-26 01:05:00+00:00,
90,01:30,5,2023-07-27,Thursday,2023-07-26 18:30:00+00:00,2023-07-26 23:30:00+00:00,2023-07-26 23:30:00+00:00,2023-07-27 03:30:00+00:00,240.65,237.3,3.3499999999999943,False,NO_K1,0,0,,,False,,,NO_K1,,
90,01:30,5,2023-07-28,Friday,2023-07-27 18:30:00+00:00,2023-07-27 23:30:00+00:00,2023-07-27 23:30:00+00:00,2023-07-28 03:30:00+00:00,240.95,239.46,1.4899999999999807,True,,1,0,2023-07-28 00:30:00+00:00,2023-07-28 00:35:00+00:00,False,,,BREAK_DURING_K1,2023-07-28 00:40:00+00:00,
90,01:30,5,2023-07-29,Saturday,2023-07-28 18:30:00+00:00,2023-07-28 23:30:00+00:00,2023-07-28 23:30:00+00:00,2023-07-29 03:30:00+00:00,243.11,241.82,1.2900000000000205,False,OPPOSITE_VISIT_BEFORE_K1,0,1,,,False,,,OPPOSITE_VISIT_BEFORE_K1,2023-07-29 00:00:00+00:00,
90,01:30,5,2023-07-30,Sunday,2023-07-29 18:30:00+00:00,2023-07-29 23:30:00+00:00,2023-07-29 23:30:00+00:00,2023-07-30 03:30:00+00:00,242.72,241.75,0.9699999999999989,False,BREAK_BEFORE_K1,0,0,,,False,,,BREAK_BEFORE_K1,2023-07-29 23:40:00+00:00,
90,01:30,5,2023-07-31,Monday,2023-07-30 18:30:00+00:00,2023-07-30 23:30:00+00:00,2023-07-30 23:30:00+00:00,2023-07-31 03:30:00+00:00,243.71,240.39,3.3200000000000216,False,BREAK_BEFORE_K1,0,0,,,False,,,BREAK_BEFORE_K1,2023-07-31 00:55:00+00:00,
90,01:30,5,2023-08-01,Tuesday,2023-07-31 18:30:00+00:00,2023-07-31 23:30:00+00:00,2023-07-31 23:30:00+00:00,2023-08-01 03:30:00+00:00,242.31,240.57,1.740000000000009,False,BREAK_BEFORE_K1,0,0,,,False,,,BREAK_BEFORE_K1,2023-08-01 02:05:00+00:00,
90,01:30,5,2023-08-02,Wednesday,2023-08-01 18:30:00+00:00,2023-08-01 23:30:00+00:00,2023-08-01 23:30:00+00:00,2023-08-02 03:30:00+00:00,247.34,245.44,1.9000000000000057,True,,1,0,2023-08-01 23:30:00+00:00,2023-08-01 23:35:00+00:00,True,2023-08-01 23:45:00+00:00,2023-08-01 23:50:00+00:00,H2_ARRIVAL,2023-08-01 23:50:00+00:00,5.0
90,01:30,5,2023-08-03,Thursday,2023-08-02 18:30:00+00:00,2023-08-02 23:30:00+00:00,2023-08-02 23:30:00+00:00,2023-08-03 03:30:00+00:00,242.26,240.37,1.8899999999999864,False,OPPOSITE_VISIT_BEFORE_K1,0,1,,,False,,,OPPOSITE_VISIT_BEFORE_K1,2023-08-03 00:05:00+00:00,
90,01:30,5,2023-08-04,Friday,2023-08-03 18:30:00+00:00,2023-08-03 23:30:00+00:00,2023-08-03 23:30:00+00:00,2023-08-04 03:30:00+00:00,241.74,240.0,1.740000000000009,True,,1,0,2023-08-04 01:15:00+00:00,2023-08-04 01:20:00+00:00,True,2023-08-04 01:20:00+00:00,2023-08-04 01:25:00+00:00,H2_ARRIVAL,2023-08-04 01:35:00+00:00,15.0
90,01:30,5,2023-08-05,Saturday,2023-08-04 18:30:00+00:00,2023-08-04 23:30:00+00:00,2023-08-04 23:30:00+00:00,2023-08-05 03:30:00+00:00,242.14,240.11,2.0299999999999727,True,,1,0,2023-08-05 00:45:00+00:00,2023-08-05 00:50:00+00:00,True,2023-08-05 00:50:00+00:00,2023-08-05 00:55:00+00:00,NO_H2_BY_END,,
90,01:30,5,2023-08-06,Sunday,2023-08-05 18:30:00+00:00,2023-08-05 23:30:00+00:00,2023-08-05 23:30:00+00:00,2023-08-06 03:30:00+00:00,243.37,242.54,0.8300000000000125,True,,1,0,2023-08-06 00:00:00+00:00,2023-08-06 00:05:00+00:00,False,,,BREAK_DURING_K1,2023-08-06 00:15:00+00:00,
90,01:30,5,2023-08-07,Monday,2023-08-06 18:30:00+00:00,2023-08-06 23:30:00+00:00,2023-08-06 23:30:00+00:00,2023-08-07 03:30:00+00:00,244.16,242.77,1.3899999999999864,True,,1,0,2023-08-07 01:10:00+00:00,2023-08-07 01:15:00+00:00,False,,,BREAK_DURING_K1,2023-08-07 01:15:00+00:00,
90,01:30,5,2023-08-08,Tuesday,2023-08-07 18:30:00+00:00,2023-08-07 23:30:00+00:00,2023-08-07 23:30:00+00:00,2023-08-08 03:30:00+00:00,242.08,240.87,1.210000000000008,True,,1,0,2023-08-08 00:05:00+00:00,2023-08-08 00:10:00+00:00,True,2023-08-08 00:10:00+00:00,2023-08-08 00:15:00+00:00,H2_ARRIVAL,2023-08-08 00:50:00+00:00,40.0
90,01:30,5,2023-08-09,Wednesday,2023-08-08 18:30:00+00:00,2023-08-08 23:30:00+00:00,2023-08-08 23:30:00+00:00,2023-08-09 03:30:00+00:00,248.15,245.33,2.819999999999993,False,BREAK_BEFORE_K1,0,0,,,False,,,BREAK_BEFORE_K1,2023-08-08 23:30:00+00:00,
90,01:30,5,2023-08-10,Thursday,2023-08-09 18:30:00+00:00,2023-08-09 23:30:00+00:00,2023-08-09 23:30:00+00:00,2023-08-10 03:30:00+00:00,244.16,242.75,1.4099999999999966,False,BREAK_BEFORE_K1,0,0,,,False,,,BREAK_BEFORE_K1,2023-08-09 23:30:00+00:00,
90,01:30,5,2023-08-11,Friday,2023-08-10 18:30:00+00:00,2023-08-10 23:30:00+00:00,2023-08-10 23:30:00+00:00,2023-08-11 03:30:00+00:00,241.32,240.34,0.9799999999999898,True,,1,0,2023-08-10 23:30:00+00:00,2023-08-10 23:35:00+00:00,True,2023-08-10 23:35:00+00:00,2023-08-10 23:40:00+00:00,H2_ARRIVAL,2023-08-10 23:40:00+00:00,5.0
90,01:30,5,2023-08-12,Saturday,2023-08-11 18:30:00+00:00,2023-08-11 23:30:00+00:00,2023-08-11 23:30:00+00:00,2023-08-12 03:30:00+00:00,240.67,238.5,2.1699999999999875,False,NO_K1,0,0,,,False,,,NO_K1,,
90,01:30,5,2023-08-13,Sunday,2023-08-12 18:30:00+00:00,2023-08-12 23:30:00+00:00,2023-08-12 23:30:00+00:00,2023-08-13 03:30:00+00:00,240.72,239.71,1.009999999999991,False,OPPOSITE_VISIT_BEFORE_K1,0,1,,,False,,,OPPOSITE_VISIT_BEFORE_K1,2023-08-13 03:00:00+00:00,
90,01:30,5,2023-08-14,Monday,2023-08-13 18:30:00+00:00,2023-08-13 23:30:00+00:00,2023-08-13 23:30:00+00:00,2023-08-14 03:30:00+00:00,241.75,239.57,2.180000000000007,False,OPPOSITE_VISIT_BEFORE_K1,0,1,,,False,,,OPPOSITE_VISIT_BEFORE_K1,2023-08-14 02:20:00+00:00,
90,01:30,5,2023-08-15,Tuesday,2023-08-14 18:30:00+00:00,2023-08-14 23:30:00+00:00,2023-08-14 23:30:00+00:00,2023-08-15 03:30:00+00:00,240.7,239.7,1.0,False,NO_K1,0,0,,,False,,,NO_K1,,
90,01:30,5,2023-08-16,Wednesday,2023-08-15 18:30:00+00:00,2023-08-15 23:30:00+00:00,2023-08-15 23:30:00+00:00,2023-08-16 03:30:00+00:00,239.3,232.21,7.090000000000003,False,NO_K1,0,0,,,False,,,NO_K1,,
90,01:30,5,2023-08-17,Thursday,2023-08-16 18:30:00+00:00,2023-08-16 23:30:00+00:00,2023-08-16 23:30:00+00:00,2023-08-17 03:30:00+00:00,235.2,230.1,5.099999999999994,False,BREAK_BEFORE_K1,0,0,,,False,,,BREAK_BEFORE_K1,2023-08-17 00:40:00+00:00,
90,01:30,5,2023-08-18,Friday,2023-08-17 18:30:00+00:00,2023-08-17 23:30:00+00:00,2023-08-17 23:30:00+00:00,2023-08-18 03:30:00+00:00,226.64,204.43,22.20999999999998,False,NO_K1,0,0,,,False,,,NO_K1,,
90,01:30,5,2023-08-19,Saturday,2023-08-18 18:30:00+00:00,2023-08-18 23:30:00+00:00,2023-08-18 23:30:00+00:00,2023-08-19 03:30:00+00:00,217.82,215.54,2.280000000000001,False,BREAK_BEFORE_K1,0,0,,,False,,,BREAK_BEFORE_K1,2023-08-19 01:35:00+00:00,
90,01:30,5,2023-08-20,Sunday,2023-08-19 18:30:00+00:00,2023-08-19 23:30:00+00:00,2023-08-19 23:30:00+00:00,2023-08-20 03:30:00+00:00,217.6,215.5,2.0999999999999943,False,NO_K1,0,0,,,False,,,NO_K1,,
90,01:30,5,2023-08-21,Monday,2023-08-20 18:30:00+00:00,2023-08-20 23:30:00+00:00,2023-08-20 23:30:00+00:00,2023-08-21 03:30:00+00:00,218.0,216.23,1.7700000000000102,False,OPPOSITE_VISIT_BEFORE_K1,0,1,,,False,,,OPPOSITE_VISIT_BEFORE_K1,2023-08-20 23:50:00+00:00,
90,01:30,5,2023-08-22,Tuesday,2023-08-21 18:30:00+00:00,2023-08-21 23:30:00+00:00,2023-08-21 23:30:00+00:00,2023-08-22 03:30:00+00:00,212.12,209.47,2.6500000000000057,False,NO_K1,0,0,,,False,,,NO_K1,,
90,01:30,5,2023-08-23,Wednesday,2023-08-22 18:30:00+00:00,2023-08-22 23:30:00+00:00,2023-08-22 23:30:00+00:00,2023-08-23 03:30:00+00:00,213.17,204.06,9.109999999999985,True,,1,0,2023-08-23 00:05:00+00:00,2023-08-23 00:10:00+00:00,False,,,BREAK_DURING_K1,2023-08-23 00:10:00+00:00,
90,01:30,5,2023-08-24,Thursday,2023-08-23 18:30:00+00:00,2023-08-23 23:30:00+00:00,2023-08-23 23:30:00+00:00,2023-08-24 03:30:00+00:00,218.63,214.54,4.090000000000003,False,NO_K1,0,0,,,False,,,NO_K1,,
90,01:30,5,2023-08-25,Friday,2023-08-24 18:30:00+00:00,2023-08-24 23:30:00+00:00,2023-08-24 23:30:00+00:00,2023-08-25 03:30:00+00:00,217.94,215.4,2.539999999999992,True,,1,0,2023-08-24 23:30:00+00:00,2023-08-24 23:35:00+00:00,True,2023-08-24 23:35:00+00:00,2023-08-24 23:40:00+00:00,H2_ARRIVAL,2023-08-24 23:40:00+00:00,5.0
90,01:30,5,2023-08-26,Saturday,2023-08-25 18:30:00+00:00,2023-08-25 23:30:00+00:00,2023-08-25 23:30:00+00:00,2023-08-26 03:30:00+00:00,218.45,216.96,1.4899999999999807,True,,1,0,2023-08-25 23:55:00+00:00,2023-08-26 00:00:00+00:00,False,,,BREAK_DURING_K1,2023-08-26 00:00:00+00:00,
90,01:30,5,2023-08-27,Sunday,2023-08-26 18:30:00+00:00,2023-08-26 23:30:00+00:00,2023-08-26 23:30:00+00:00,2023-08-27 03:30:00+00:00,216.77,216.02,0.75,False,OPPOSITE_VISIT_BEFORE_K1,0,1,,,False,,,OPPOSITE_VISIT_BEFORE_K1,2023-08-27 00:40:00+00:00,
90,01:30,5,2023-08-28,Monday,2023-08-27 18:30:00+00:00,2023-08-27 23:30:00+00:00,2023-08-27 23:30:00+00:00,2023-08-28 03:30:00+00:00,219.08,217.56,1.5200000000000102,False,BREAK_BEFORE_K1,0,0,,,False,,,BREAK_BEFORE_K1,2023-08-28 00:50:00+00:00,
90,01:30,5,2023-08-29,Tuesday,2023-08-28 18:30:00+00:00,2023-08-28 23:30:00+00:00,2023-08-28 23:30:00+00:00,2023-08-29 03:30:00+00:00,219.19,217.28,1.9099999999999966,True,,1,0,2023-08-28 23:30:00+00:00,2023-08-28 23:35:00+00:00,True,2023-08-28 23:35:00+00:00,2023-08-28 23:40:00+00:00,H2_ARRIVAL,2023-08-29 01:15:00+00:00,100.0
90,01:30,5,2023-08-30,Wednesday,2023-08-29 18:30:00+00:00,2023-08-29 23:30:00+00:00,2023-08-29 23:30:00+00:00,2023-08-30 03:30:00+00:00,228.67,225.79,2.8799999999999955,False,OPPOSITE_VISIT_BEFORE_K1,0,1,,,False,,,OPPOSITE_VISIT_BEFORE_K1,2023-08-30 00:25:00+00:00,
90,01:30,5,2023-08-31,Thursday,2023-08-30 18:30:00+00:00,2023-08-30 23:30:00+00:00,2023-08-30 23:30:00+00:00,2023-08-31 03:30:00+00:00,223.94,222.26,1.6800000000000068,True,,1,0,2023-08-30 23:30:00+00:00,2023-08-30 23:35:00+00:00,True,2023-08-30 23:40:00+00:00,2023-08-30 23:45:00+00:00,H2_ARRIVAL,2023-08-30 23:45:00+00:00,5.0
90,01:30,5,2023-09-01,Friday,2023-08-31 18:30:00+00:00,2023-08-31 23:30:00+00:00,2023-08-31 23:30:00+00:00,2023-09-01 03:30:00+00:00,217.74,213.91,3.8300000000000125,True,,1,0,2023-09-01 00:15:00+00:00,2023-09-01 00:20:00+00:00,False,,,BREAK_DURING_K1,2023-09-01 00:20:00+00:00,
90,01:30,5,2023-09-02,Saturday,2023-09-01 18:30:00+00:00,2023-09-01 23:30:00+00:00,2023-09-01 23:30:00+00:00,2023-09-02 03:30:00+00:00,215.03,211.51,3.5200000000000102,True,,1,0,2023-09-02 01:15:00+00:00,2023-09-02 01:20:00+00:00,True,2023-09-02 01:20:00+00:00,2023-09-02 01:25:00+00:00,H2_ARRIVAL,2023-09-02 01:40:00+00:00,20.0
90,01:30,5,2023-09-03,Sunday,2023-09-02 18:30:00+00:00,2023-09-02 23:30:00+00:00,2023-09-02 23:30:00+00:00,2023-09-03 03:30:00+00:00,214.37,213.0,1.3700000000000045,True,,1,0,2023-09-02 23:55:00+00:00,2023-09-03 00:00:00+00:00,False,,,BREAK_DURING_K1,2023-09-03 00:00:00+00:00,
90,01:30,5,2023-09-04,Monday,2023-09-03 18:30:00+00:00,2023-09-03 23:30:00+00:00,2023-09-03 23:30:00+00:00,2023-09-04 03:30:00+00:00,214.82,213.87,0.9499999999999886,True,,1,0,2023-09-04 02:45:00+00:00,2023-09-04 02:50:00+00:00,False,,,BREAK_DURING_K1,2023-09-04 02:50:00+00:00,
90,01:30,5,2023-09-05,Tuesday,2023-09-04 18:30:00+00:00,2023-09-04 23:30:00+00:00,2023-09-04 23:30:00+00:00,2023-09-05 03:30:00+00:00,215.91,213.55,2.359999999999985,False,OPPOSITE_VISIT_BEFORE_K1,0,1,,,False,,,OPPOSITE_VISIT_BEFORE_K1,2023-09-05 03:05:00+00:00,
90,01:30,5,2023-09-06,Wednesday,2023-09-05 18:30:00+00:00,2023-09-05 23:30:00+00:00,2023-09-05 23:30:00+00:00,2023-09-06 03:30:00+00:00,215.38,214.07,1.3100000000000023,False,BREAK_BEFORE_K1,0,0,,,False,,,BREAK_BEFORE_K1,2023-09-06 02:55:00+00:00,
90,01:30,5,2023-09-07,Thursday,2023-09-06 18:30:00+00:00,2023-09-06 23:30:00+00:00,2023-09-06 23:30:00+00:00,2023-09-07 03:30:00+00:00,215.45,214.29,1.1599999999999966,False,NO_K1,0,0,,,False,,,NO_K1,,
90,01:30,5,2023-09-08,Friday,2023-09-07 18:30:00+00:00,2023-09-07 23:30:00+00:00,2023-09-07 23:30:00+00:00,2023-09-08 03:30:00+00:00,217.9,214.44,3.460000000000008,True,,1,0,2023-09-08 00:45:00+00:00,2023-09-08 00:50:00+00:00,False,,,BREAK_DURING_K1,2023-09-08 00:50:00+00:00,
90,01:30,5,2023-09-09,Saturday,2023-09-08 18:30:00+00:00,2023-09-08 23:30:00+00:00,2023-09-08 23:30:00+00:00,2023-09-09 03:30:00+00:00,214.56,213.4,1.1599999999999966,True,,1,0,2023-09-08 23:30:00+00:00,2023-09-08 23:35:00+00:00,False,,,BREAK_DURING_K1,2023-09-08 23:45:00+00:00,
90,01:30,5,2023-09-10,Sunday,2023-09-09 18:30:00+00:00,2023-09-09 23:30:00+00:00,2023-09-09 23:30:00+00:00,2023-09-10 03:30:00+00:00,214.89,214.18,0.7099999999999795,False,OPPOSITE_VISIT_BEFORE_K1,0,1,,,False,,,OPPOSITE_VISIT_BEFORE_K1,2023-09-09 23:35:00+00:00,
90,01:30,5,2023-09-11,Monday,2023-09-10 18:30:00+00:00,2023-09-10 23:30:00+00:00,2023-09-10 23:30:00+00:00,2023-09-11 03:30:00+00:00,213.82,211.1,2.719999999999999,False,OPPOSITE_VISIT_BEFORE_K1,0,1,,,False,,,OPPOSITE_VISIT_BEFORE_K1,2023-09-11 00:45:00+00:00,
90,01:30,5,2023-09-12,Tuesday,2023-09-11 18:30:00+00:00,2023-09-11 23:30:00+00:00,2023-09-11 23:30:00+00:00,2023-09-12 03:30:00+00:00,206.88,203.75,3.1299999999999955,False,BREAK_BEFORE_K1,0,0,,,False,,,BREAK_BEFORE_K1,2023-09-12 03:10:00+00:00,
90,01:30,5,2023-09-13,Wednesday,2023-09-12 18:30:00+00:00,2023-09-12 23:30:00+00:00,2023-09-12 23:30:00+00:00,2023-09-13 03:30:00+00:00,213.63,211.22,2.4099999999999966,False,BREAK_BEFORE_K1,0,0,,,False,,,BREAK_BEFORE_K1,2023-09-12 23:50:00+00:00,
90,01:30,5,2023-09-14,Thursday,2023-09-13 18:30:00+00:00,2023-09-13 23:30:00+00:00,2023-09-13 23:30:00+00:00,2023-09-14 03:30:00+00:00,213.08,211.16,1.920000000000016,True,,1,0,2023-09-14 00:10:00+00:00,2023-09-14 00:15:00+00:00,False,,,BREAK_DURING_K1,2023-09-14 00:15:00+00:00,
90,01:30,5,2023-09-15,Friday,2023-09-14 18:30:00+00:00,2023-09-14 23:30:00+00:00,2023-09-14 23:30:00+00:00,2023-09-15 03:30:00+00:00,213.06,211.6,1.460000000000008,False,OPPOSITE_VISIT_BEFORE_K1,0,1,,,False,,,OPPOSITE_VISIT_BEFORE_K1,2023-09-15 01:05:00+00:00,
90,01:30,5,2023-09-16,Saturday,2023-09-15 18:30:00+00:00,2023-09-15 23:30:00+00:00,2023-09-15 23:30:00+00:00,2023-09-16 03:30:00+00:00,214.9,211.6,3.3000000000000114,True,,1,0,2023-09-16 01:55:00+00:00,2023-09-16 02:00:00+00:00,False,,,BREAK_DURING_K1,2023-09-16 02:00:00+00:00,
90,01:30,5,2023-09-17,Sunday,2023-09-16 18:30:00+00:00,2023-09-16 23:30:00+00:00,2023-09-16 23:30:00+00:00,2023-09-17 03:30:00+00:00,215.0,214.06,0.9399999999999977,False,OPPOSITE_VISIT_BEFORE_K1,0,1,,,False,,,OPPOSITE_VISIT_BEFORE_K1,2023-09-17 00:15:00+00:00,
90,01:30,5,2023-09-18,Monday,2023-09-17 18:30:00+00:00,2023-09-17 23:30:00+00:00,2023-09-17 23:30:00+00:00,2023-09-18 03:30:00+00:00,216.49,214.97,1.5200000000000102,True,,1,0,2023-09-18 00:05:00+00:00,2023-09-18 00:10:00+00:00,True,2023-09-18 00:20:00+00:00,2023-09-18 00:25:00+00:00,H2_ARRIVAL,2023-09-18 01:10:00+00:00,50.0
90,01:30,5,2023-09-19,Tuesday,2023-09-18 18:30:00+00:00,2023-09-18 23:30:00+00:00,2023-09-18 23:30:00+00:00,2023-09-19 03:30:00+00:00,217.21,215.12,2.0900000000000034,False,NO_K1,0,0,,,False,,,NO_K1,,
90,01:30,5,2023-09-20,Wednesday,2023-09-19 18:30:00+00:00,2023-09-19 23:30:00+00:00,2023-09-19 23:30:00+00:00,2023-09-20 03:30:00+00:00,217.44,216.24,1.1999999999999886,False,BREAK_BEFORE_K1,0,0,,,False,,,BREAK_BEFORE_K1,2023-09-20 01:40:00+00:00,
90,01:30,5,2023-09-21,Thursday,2023-09-20 18:30:00+00:00,2023-09-20 23:30:00+00:00,2023-09-20 23:30:00+00:00,2023-09-21 03:30:00+00:00,219.04,212.78,6.259999999999991,False,NO_K1,0,0,,,False,,,NO_K1,,
90,01:30,5,2023-09-22,Friday,2023-09-21 18:30:00+00:00,2023-09-21 23:30:00+00:00,2023-09-21 23:30:00+00:00,2023-09-22 03:30:00+00:00,211.08,209.93,1.1500000000000057,False,BREAK_BEFORE_K1,0,0,,,False,,,BREAK_BEFORE_K1,2023-09-22 00:00:00+00:00,
90,01:30,5,2023-09-23,Saturday,2023-09-22 18:30:00+00:00,2023-09-22 23:30:00+00:00,2023-09-22 23:30:00+00:00,2023-09-23 03:30:00+00:00,211.4,210.18,1.2199999999999989,False,BREAK_BEFORE_K1,0,0,,,False,,,BREAK_BEFORE_K1,2023-09-23 00:05:00+00:00,
90,01:30,5,2023-09-24,Sunday,2023-09-23 18:30:00+00:00,2023-09-23 23:30:00+00:00,2023-09-23 23:30:00+00:00,2023-09-24 03:30:00+00:00,210.88,210.13,0.75,False,BREAK_BEFORE_K1,0,0,,,False,,,BREAK_BEFORE_K1,2023-09-24 01:05:00+00:00,
90,01:30,5,2023-09-25,Monday,2023-09-24 18:30:00+00:00,2023-09-24 23:30:00+00:00,2023-09-24 23:30:00+00:00,2023-09-25 03:30:00+00:00,210.7,206.0,4.699999999999989,False,NO_K1,0,0,,,False,,,NO_K1,,
90,01:30,5,2023-09-26,Tuesday,2023-09-25 18:30:00+00:00,2023-09-25 23:30:00+00:00,2023-09-25 23:30:00+00:00,2023-09-26 03:30:00+00:00,210.69,209.57,1.1200000000000045,False,BREAK_BEFORE_K1,0,0,,,False,,,BREAK_BEFORE_K1,2023-09-26 01:50:00+00:00,
90,01:30,5,2023-09-27,Wednesday,2023-09-26 18:30:00+00:00,2023-09-26 23:30:00+00:00,2023-09-26 23:30:00+00:00,2023-09-27 03:30:00+00:00,212.56,210.73,1.8300000000000125,True,,1,0,2023-09-26 23:35:00+00:00,2023-09-26 23:40:00+00:00,False,,,BREAK_DURING_K1,2023-09-26 23:40:00+00:00,
90,01:30,5,2023-09-28,Thursday,2023-09-27 18:30:00+00:00,2023-09-27 23:30:00+00:00,2023-09-27 23:30:00+00:00,2023-09-28 03:30:00+00:00,212.18,211.19,0.9900000000000091,False,BREAK_BEFORE_K1,0,0,,,False,,,BREAK_BEFORE_K1,2023-09-27 23:40:00+00:00,
90,01:30,5,2023-09-29,Friday,2023-09-28 18:30:00+00:00,2023-09-28 23:30:00+00:00,2023-09-28 23:30:00+00:00,2023-09-29 03:30:00+00:00,215.77,214.31,1.460000000000008,True,,1,0,2023-09-29 00:30:00+00:00,2023-09-29 00:35:00+00:00,True,2023-09-29 00:35:00+00:00,2023-09-29 00:40:00+00:00,NO_H2_BY_END,,
90,01:30,5,2023-09-30,Saturday,2023-09-29 18:30:00+00:00,2023-09-29 23:30:00+00:00,2023-09-29 23:30:00+00:00,2023-09-30 03:30:00+00:00,216.12,214.91,1.210000000000008,False,BREAK_BEFORE_K1,0,0,,,False,,,BREAK_BEFORE_K1,2023-09-30 01:35:00+00:00,
90,01:30,5,2023-10-01,Sunday,2023-09-30 18:30:00+00:00,2023-09-30 23:30:00+00:00,2023-09-30 23:30:00+00:00,2023-10-01 03:30:00+00:00,216.0,214.8,1.1999999999999886,False,BREAK_BEFORE_K1,0,0,,,False,,,BREAK_BEFORE_K1,2023-09-30 23:30:00+00:00,
90,01:30,5,2023-10-02,Monday,2023-10-01 18:30:00+00:00,2023-10-01 23:30:00+00:00,2023-10-01 23:30:00+00:00,2023-10-02 03:30:00+00:00,219.93,213.62,6.310000000000002,True,,1,0,2023-10-02 01:55:00+00:00,2023-10-02 02:00:00+00:00,True,2023-10-02 02:05:00+00:00,2023-10-02 02:10:00+00:00,NO_H2_BY_END,,
90,01:30,5,2023-10-03,Tuesday,2023-10-02 18:30:00+00:00,2023-10-02 23:30:00+00:00,2023-10-02 23:30:00+00:00,2023-10-03 03:30:00+00:00,216.26,213.19,3.069999999999993,False,NO_K1,0,0,,,False,,,NO_K1,,
90,01:30,5,2023-10-04,Wednesday,2023-10-03 18:30:00+00:00,2023-10-03 23:30:00+00:00,2023-10-03 23:30:00+00:00,2023-10-04 03:30:00+00:00,213.8,212.34,1.460000000000008,False,OPPOSITE_VISIT_BEFORE_K1,0,1,,,False,,,OPPOSITE_VISIT_BEFORE_K1,2023-10-04 00:20:00+00:00,
90,01:30,5,2023-10-05,Thursday,2023-10-04 18:30:00+00:00,2023-10-04 23:30:00+00:00,2023-10-04 23:30:00+00:00,2023-10-05 03:30:00+00:00,213.83,212.27,1.5600000000000023,True,,1,0,2023-10-05 00:45:00+00:00,2023-10-05 00:50:00+00:00,True,2023-10-05 01:00:00+00:00,2023-10-05 01:05:00+00:00,NO_H2_BY_END,,
90,01:30,5,2023-10-06,Friday,2023-10-05 18:30:00+00:00,2023-10-05 23:30:00+00:00,2023-10-05 23:30:00+00:00,2023-10-06 03:30:00+00:00,211.38,210.37,1.009999999999991,True,,1,0,2023-10-06 00:55:00+00:00,2023-10-06 01:00:00+00:00,False,,,BREAK_DURING_K1,2023-10-06 01:00:00+00:00,
90,01:30,5,2023-10-07,Saturday,2023-10-06 18:30:00+00:00,2023-10-06 23:30:00+00:00,2023-10-06 23:30:00+00:00,2023-10-07 03:30:00+00:00,214.69,213.26,1.4300000000000068,False,OPPOSITE_VISIT_BEFORE_K1,0,1,,,False,,,OPPOSITE_VISIT_BEFORE_K1,2023-10-06 23:30:00+00:00,
90,01:30,5,2023-10-08,Sunday,2023-10-07 18:30:00+00:00,2023-10-07 23:30:00+00:00,2023-10-07 23:30:00+00:00,2023-10-08 03:30:00+00:00,212.44,211.63,0.8100000000000023,False,BREAK_BEFORE_K1,0,0,,,False,,,BREAK_BEFORE_K1,2023-10-08 00:45:00+00:00,
90,01:30,5,2023-10-09,Monday,2023-10-08 18:30:00+00:00,2023-10-08 23:30:00+00:00,2023-10-08 23:30:00+00:00,2023-10-09 03:30:00+00:00,212.14,210.99,1.1499999999999773,False,BREAK_BEFORE_K1,0,0,,,False,,,BREAK_BEFORE_K1,2023-10-09 00:15:00+00:00,
90,01:30,5,2023-10-10,Tuesday,2023-10-09 18:30:00+00:00,2023-10-09 23:30:00+00:00,2023-10-09 23:30:00+00:00,2023-10-10 03:30:00+00:00,207.5,204.74,2.759999999999991,False,BREAK_BEFORE_K1,0,0,,,False,,,BREAK_BEFORE_K1,2023-10-10 02:55:00+00:00,
90,01:30,5,2023-10-11,Wednesday,2023-10-10 18:30:00+00:00,2023-10-10 23:30:00+00:00,2023-10-10 23:30:00+00:00,2023-10-11 03:30:00+00:00,209.3,207.13,2.170000000000016,False,OPPOSITE_VISIT_BEFORE_K1,0,1,,,False,,,OPPOSITE_VISIT_BEFORE_K1,2023-10-11 02:00:00+00:00,
90,01:30,5,2023-10-12,Thursday,2023-10-11 18:30:00+00:00,2023-10-11 23:30:00+00:00,2023-10-11 23:30:00+00:00,2023-10-12 03:30:00+00:00,206.77,205.32,1.450000000000017,True,,1,0,2023-10-12 00:05:00+00:00,2023-10-12 00:10:00+00:00,True,2023-10-12 00:10:00+00:00,2023-10-12 00:15:00+00:00,OPPOSITE_BREAK_BEFORE_H2,2023-10-12 01:10:00+00:00,
90,01:30,5,2023-10-13,Friday,2023-10-12 18:30:00+00:00,2023-10-12 23:30:00+00:00,2023-10-12 23:30:00+00:00,2023-10-13 03:30:00+00:00,206.0,204.84,1.1599999999999966,False,BREAK_BEFORE_K1,0,0,,,False,,,BREAK_BEFORE_K1,2023-10-13 00:30:00+00:00,
90,01:30,5,2023-10-14,Saturday,2023-10-13 18:30:00+00:00,2023-10-13 23:30:00+00:00,2023-10-13 23:30:00+00:00,2023-10-14 03:30:00+00:00,208.43,205.25,3.180000000000007,False,NO_K1,0,0,,,False,,,NO_K1,,
90,01:30,5,2023-10-15,Sunday,2023-10-14 18:30:00+00:00,2023-10-14 23:30:00+00:00,2023-10-14 23:30:00+00:00,2023-10-15 03:30:00+00:00,206.97,206.14,0.8300000000000125,True,,1,0,2023-10-15 00:00:00+00:00,2023-10-15 00:05:00+00:00,False,,,BREAK_DURING_K1,2023-10-15 00:10:00+00:00,
90,01:30,5,2023-10-16,Monday,2023-10-15 18:30:00+00:00,2023-10-15 23:30:00+00:00,2023-10-15 23:30:00+00:00,2023-10-16 03:30:00+00:00,210.5,209.12,1.3799999999999955,True,,1,0,2023-10-16 01:10:00+00:00,2023-10-16 01:15:00+00:00,False,,,BREAK_DURING_K1,2023-10-16 01:15:00+00:00,
90,01:30,5,2023-10-17,Tuesday,2023-10-16 18:30:00+00:00,2023-10-16 23:30:00+00:00,2023-10-16 23:30:00+00:00,2023-10-17 03:30:00+00:00,215.53,213.57,1.960000000000008,False,NO_K1,0,0,,,False,,,NO_K1,,
90,01:30,5,2023-10-18,Wednesday,2023-10-17 18:30:00+00:00,2023-10-17 23:30:00+00:00,2023-10-17 23:30:00+00:00,2023-10-18 03:30:00+00:00,211.99,210.68,1.3100000000000023,False,BREAK_BEFORE_K1,0,0,,,False,,,BREAK_BEFORE_K1,2023-10-18 02:30:00+00:00,
90,01:30,5,2023-10-19,Thursday,2023-10-18 18:30:00+00:00,2023-10-18 23:30:00+00:00,2023-10-18 23:30:00+00:00,2023-10-19 03:30:00+00:00,211.55,210.0,1.5500000000000114,False,BREAK_BEFORE_K1,0,0,,,False,,,BREAK_BEFORE_K1,2023-10-19 01:40:00+00:00,
90,01:30,5,2023-10-20,Friday,2023-10-19 18:30:00+00:00,2023-10-19 23:30:00+00:00,2023-10-19 23:30:00+00:00,2023-10-20 03:30:00+00:00,210.99,210.14,0.8500000000000227,True,,1,0,2023-10-19 23:40:00+00:00,2023-10-19 23:45:00+00:00,False,,,BREAK_DURING_K1,2023-10-19 23:45:00+00:00,
90,01:30,5,2023-10-21,Saturday,2023-10-20 18:30:00+00:00,2023-10-20 23:30:00+00:00,2023-10-20 23:30:00+00:00,2023-10-21 03:30:00+00:00,213.17,212.51,0.6599999999999966,False,OPPOSITE_VISIT_BEFORE_K1,0,1,,,False,,,OPPOSITE_VISIT_BEFORE_K1,2023-10-20 23:30:00+00:00,
90,01:30,5,2023-10-22,Sunday,2023-10-21 18:30:00+00:00,2023-10-21 23:30:00+00:00,2023-10-21 23:30:00+00:00,2023-10-22 03:30:00+00:00,215.99,214.36,1.6299999999999955,False,OPPOSITE_VISIT_BEFORE_K1,0,1,,,False,,,OPPOSITE_VISIT_BEFORE_K1,2023-10-21 23:30:00+00:00,
90,01:30,5,2023-10-23,Monday,2023-10-22 18:30:00+00:00,2023-10-22 23:30:00+00:00,2023-10-22 23:30:00+00:00,2023-10-23 03:30:00+00:00,218.82,214.91,3.9099999999999966,True,,1,0,2023-10-23 00:55:00+00:00,2023-10-23 01:00:00+00:00,True,2023-10-23 01:00:00+00:00,2023-10-23 01:05:00+00:00,H2_ARRIVAL,2023-10-23 01:05:00+00:00,5.0
90,01:30,5,2023-10-24,Tuesday,2023-10-23 18:30:00+00:00,2023-10-23 23:30:00+00:00,2023-10-23 23:30:00+00:00,2023-10-24 03:30:00+00:00,231.73,219.47,12.259999999999991,True,,1,0,2023-10-24 00:40:00+00:00,2023-10-24 00:45:00+00:00,False,,,BREAK_DURING_K1,2023-10-24 00:45:00+00:00,
90,01:30,5,2023-10-25,Wednesday,2023-10-24 18:30:00+00:00,2023-10-24 23:30:00+00:00,2023-10-24 23:30:00+00:00,2023-10-25 03:30:00+00:00,227.33,223.29,4.0400000000000205,False,BREAK_BEFORE_K1,0,0,,,False,,,BREAK_BEFORE_K1,2023-10-25 00:50:00+00:00,
90,01:30,5,2023-10-26,Thursday,2023-10-25 18:30:00+00:00,2023-10-25 23:30:00+00:00,2023-10-25 23:30:00+00:00,2023-10-26 03:30:00+00:00,224.57,221.63,2.9399999999999977,False,BREAK_BEFORE_K1,0,0,,,False,,,BREAK_BEFORE_K1,2023-10-26 02:55:00+00:00,
90,01:30,5,2023-10-27,Friday,2023-10-26 18:30:00+00:00,2023-10-26 23:30:00+00:00,2023-10-26 23:30:00+00:00,2023-10-27 03:30:00+00:00,223.96,221.63,2.3300000000000125,False,BREAK_BEFORE_K1,0,0,,,False,,,BREAK_BEFORE_K1,2023-10-27 01:45:00+00:00,
90,01:30,5,2023-10-28,Saturday,2023-10-27 18:30:00+00:00,2023-10-27 23:30:00+00:00,2023-10-27 23:30:00+00:00,2023-10-28 03:30:00+00:00,224.98,221.0,3.9799999999999898,False,BREAK_BEFORE_K1,0,0,,,False,,,BREAK_BEFORE_K1,2023-10-28 00:20:00+00:00,
90,01:30,5,2023-10-29,Sunday,2023-10-28 18:30:00+00:00,2023-10-28 23:30:00+00:00,2023-10-28 23:30:00+00:00,2023-10-29 03:30:00+00:00,226.5,225.15,1.3499999999999943,False,BREAK_BEFORE_K1,0,0,,,False,,,BREAK_BEFORE_K1,2023-10-29 01:10:00+00:00,
90,01:30,5,2023-10-30,Monday,2023-10-29 18:30:00+00:00,2023-10-29 23:30:00+00:00,2023-10-29 23:30:00+00:00,2023-10-30 03:30:00+00:00,228.29,226.37,1.9199999999999875,False,OPPOSITE_VISIT_BEFORE_K1,0,1,,,False,,,OPPOSITE_VISIT_BEFORE_K1,2023-10-30 02:25:00+00:00,
90,01:30,5,2023-10-31,Tuesday,2023-10-30 18:30:00+00:00,2023-10-30 23:30:00+00:00,2023-10-30 23:30:00+00:00,2023-10-31 03:30:00+00:00,229.22,226.84,2.3799999999999955,False,BREAK_BEFORE_K1,0,0,,,False,,,BREAK_BEFORE_K1,2023-10-31 00:40:00+00:00,
90,01:30,5,2023-11-01,Wednesday,2023-10-31 18:30:00+00:00,2023-10-31 23:30:00+00:00,2023-10-31 23:30:00+00:00,2023-11-01 03:30:00+00:00,226.7,225.07,1.6299999999999955,False,BREAK_BEFORE_K1,0,0,,,False,,,BREAK_BEFORE_K1,2023-11-01 00:15:00+00:00,
90,01:30,5,2023-11-02,Thursday,2023-11-01 18:30:00+00:00,2023-11-01 23:30:00+00:00,2023-11-01 23:30:00+00:00,2023-11-02 03:30:00+00:00,230.15,225.03,5.1200000000000045,True,,1,0,2023-11-02 01:00:00+00:00,2023-11-02 01:05:00+00:00,True,2023-11-02 01:05:00+00:00,2023-11-02 01:10:00+00:00,H2_ARRIVAL,2023-11-02 01:10:00+00:00,5.0
90,01:30,5,2023-11-03,Friday,2023-11-02 18:30:00+00:00,2023-11-02 23:30:00+00:00,2023-11-02 23:30:00+00:00,2023-11-03 03:30:00+00:00,233.17,230.53,2.6399999999999864,False,BREAK_BEFORE_K1,0,0,,,False,,,BREAK_BEFORE_K1,2023-11-03 00:30:00+00:00,
90,01:30,5,2023-11-04,Saturday,2023-11-03 18:30:00+00:00,2023-11-03 23:30:00+00:00,2023-11-03 23:30:00+00:00,2023-11-04 03:30:00+00:00,230.7,228.4,2.299999999999983,False,BREAK_BEFORE_K1,0,0,,,False,,,BREAK_BEFORE_K1,2023-11-03 23:45:00+00:00,
90,01:30,5,2023-11-05,Sunday,2023-11-04 18:30:00+00:00,2023-11-04 23:30:00+00:00,2023-11-04 23:30:00+00:00,2023-11-05 03:30:00+00:00,238.77,235.8,2.969999999999999,False,BREAK_BEFORE_K1,0,0,,,False,,,BREAK_BEFORE_K1,2023-11-05 01:05:00+00:00,
90,01:30,5,2023-11-06,Monday,2023-11-05 18:30:00+00:00,2023-11-05 23:30:00+00:00,2023-11-05 23:30:00+00:00,2023-11-06 03:30:00+00:00,245.64,240.62,5.019999999999982,False,BREAK_BEFORE_K1,0,0,,,False,,,BREAK_BEFORE_K1,2023-11-06 01:05:00+00:00,
90,01:30,5,2023-11-07,Tuesday,2023-11-06 18:30:00+00:00,2023-11-06 23:30:00+00:00,2023-11-06 23:30:00+00:00,2023-11-07 03:30:00+00:00,256.0,250.3,5.699999999999989,False,OPPOSITE_VISIT_BEFORE_K1,0,1,,,False,,,OPPOSITE_VISIT_BEFORE_K1,2023-11-07 02:25:00+00:00,
90,01:30,5,2023-11-08,Wednesday,2023-11-07 18:30:00+00:00,2023-11-07 23:30:00+00:00,2023-11-07 23:30:00+00:00,2023-11-08 03:30:00+00:00,249.88,245.64,4.240000000000009,False,OPPOSITE_VISIT_BEFORE_K1,0,1,,,False,,,OPPOSITE_VISIT_BEFORE_K1,2023-11-08 00:30:00+00:00,
90,01:30,5,2023-11-09,Thursday,2023-11-08 18:30:00+00:00,2023-11-08 23:30:00+00:00,2023-11-08 23:30:00+00:00,2023-11-09 03:30:00+00:00,249.67,245.13,4.539999999999992,True,,1,0,2023-11-09 02:25:00+00:00,2023-11-09 02:30:00+00:00,True,2023-11-09 02:30:00+00:00,2023-11-09 02:35:00+00:00,H2_ARRIVAL,2023-11-09 02:35:00+00:00,5.0
90,01:30,5,2023-11-10,Friday,2023-11-09 18:30:00+00:00,2023-11-09 23:30:00+00:00,2023-11-09 23:30:00+00:00,2023-11-10 03:30:00+00:00,249.44,242.83,6.609999999999985,False,BREAK_BEFORE_K1,0,0,,,False,,,BREAK_BEFORE_K1,2023-11-09 23:30:00+00:00,
90,01:30,5,2023-11-11,Saturday,2023-11-10 18:30:00+00:00,2023-11-10 23:30:00+00:00,2023-11-10 23:30:00+00:00,2023-11-11 03:30:00+00:00,252.58,250.06,2.5200000000000102,True,,1,0,2023-11-11 00:25:00+00:00,2023-11-11 00:30:00+00:00,True,2023-11-11 00:35:00+00:00,2023-11-11 00:40:00+00:00,OPPOSITE_BREAK_BEFORE_H2,2023-11-11 01:20:00+00:00,
90,01:30,5,2023-11-12,Sunday,2023-11-11 18:30:00+00:00,2023-11-11 23:30:00+00:00,2023-11-11 23:30:00+00:00,2023-11-12 03:30:00+00:00,254.48,249.52,4.9599999999999795,False,OPPOSITE_VISIT_BEFORE_K1,0,1,,,False,,,OPPOSITE_VISIT_BEFORE_K1,2023-11-11 23:30:00+00:00,
90,01:30,5,2023-11-13,Monday,2023-11-12 18:30:00+00:00,2023-11-12 23:30:00+00:00,2023-11-12 23:30:00+00:00,2023-11-13 03:30:00+00:00,249.29,246.62,2.6699999999999875,False,OPPOSITE_VISIT_BEFORE_K1,0,1,,,False,,,OPPOSITE_VISIT_BEFORE_K1,2023-11-13 00:10:00+00:00,
90,01:30,5,2023-11-14,Tuesday,2023-11-13 18:30:00+00:00,2023-11-13 23:30:00+00:00,2023-11-13 23:30:00+00:00,2023-11-14 03:30:00+00:00,246.53,240.22,6.310000000000002,False,BREAK_BEFORE_K1,0,0,,,False,,,BREAK_BEFORE_K1,2023-11-14 00:05:00+00:00,
90,01:30,5,2023-11-15,Wednesday,2023-11-14 18:30:00+00:00,2023-11-14 23:30:00+00:00,2023-11-14 23:30:00+00:00,2023-11-15 03:30:00+00:00,243.05,233.0,10.050000000000011,False,BREAK_BEFORE_K1,0,0,,,False,,,BREAK_BEFORE_K1,2023-11-15 00:05:00+00:00,
90,01:30,5,2023-11-16,Thursday,2023-11-15 18:30:00+00:00,2023-11-15 23:30:00+00:00,2023-11-15 23:30:00+00:00,2023-11-16 03:30:00+00:00,254.7,250.88,3.819999999999993,False,BREAK_BEFORE_K1,0,0,,,False,,,BREAK_BEFORE_K1,2023-11-16 00:45:00+00:00,
90,01:30,5,2023-11-17,Friday,2023-11-16 18:30:00+00:00,2023-11-16 23:30:00+00:00,2023-11-16 23:30:00+00:00,2023-11-17 03:30:00+00:00,245.76,240.1,5.659999999999997,False,BREAK_BEFORE_K1,0,0,,,False,,,BREAK_BEFORE_K1,2023-11-17 02:25:00+00:00,
90,01:30,5,2023-11-18,Saturday,2023-11-17 18:30:00+00:00,2023-11-17 23:30:00+00:00,2023-11-17 23:30:00+00:00,2023-11-18 03:30:00+00:00,245.48,242.83,2.6499999999999773,False,BREAK_BEFORE_K1,0,0,,,False,,,BREAK_BEFORE_K1,2023-11-18 03:15:00+00:00,
90,01:30,5,2023-11-19,Sunday,2023-11-18 18:30:00+00:00,2023-11-18 23:30:00+00:00,2023-11-18 23:30:00+00:00,2023-11-19 03:30:00+00:00,245.38,243.58,1.799999999999983,False,BREAK_BEFORE_K1,0,0,,,False,,,BREAK_BEFORE_K1,2023-11-19 00:55:00+00:00,
90,01:30,5,2023-11-20,Monday,2023-11-19 18:30:00+00:00,2023-11-19 23:30:00+00:00,2023-11-19 23:30:00+00:00,2023-11-20 03:30:00+00:00,247.0,244.32,2.680000000000007,True,,1,0,2023-11-19 23:35:00+00:00,2023-11-19 23:40:00+00:00,True,2023-11-19 23:40:00+00:00,2023-11-19 23:45:00+00:00,H2_ARRIVAL,2023-11-20 01:20:00+00:00,100.0
90,01:30,5,2023-11-21,Tuesday,2023-11-20 18:30:00+00:00,2023-11-20 23:30:00+00:00,2023-11-20 23:30:00+00:00,2023-11-21 03:30:00+00:00,259.98,250.85,9.130000000000024,False,BREAK_BEFORE_K1,0,0,,,False,,,BREAK_BEFORE_K1,2023-11-21 00:55:00+00:00,
90,01:30,5,2023-11-22,Wednesday,2023-11-21 18:30:00+00:00,2023-11-21 23:30:00+00:00,2023-11-21 23:30:00+00:00,2023-11-22 03:30:00+00:00,248.4,224.0,24.400000000000006,False,NO_K1,0,0,,,False,,,NO_K1,,
90,01:30,5,2023-11-23,Thursday,2023-11-22 18:30:00+00:00,2023-11-22 23:30:00+00:00,2023-11-22 23:30:00+00:00,2023-11-23 03:30:00+00:00,238.45,234.0,4.449999999999989,False,BREAK_BEFORE_K1,0,0,,,False,,,BREAK_BEFORE_K1,2023-11-23 01:25:00+00:00,
90,01:30,5,2023-11-24,Friday,2023-11-23 18:30:00+00:00,2023-11-23 23:30:00+00:00,2023-11-23 23:30:00+00:00,2023-11-24 03:30:00+00:00,234.58,231.83,2.75,False,BREAK_BEFORE_K1,0,0,,,False,,,BREAK_BEFORE_K1,2023-11-24 00:20:00+00:00,
90,01:30,5,2023-11-25,Saturday,2023-11-24 18:30:00+00:00,2023-11-24 23:30:00+00:00,2023-11-24 23:30:00+00:00,2023-11-25 03:30:00+00:00,233.6,231.58,2.019999999999982,False,BREAK_BEFORE_K1,0,0,,,False,,,BREAK_BEFORE_K1,2023-11-25 00:10:00+00:00,
90,01:30,5,2023-11-26,Sunday,2023-11-25 18:30:00+00:00,2023-11-25 23:30:00+00:00,2023-11-25 23:30:00+00:00,2023-11-26 03:30:00+00:00,233.99,233.14,0.8500000000000227,False,BREAK_BEFORE_K1,0,0,,,False,,,BREAK_BEFORE_K1,2023-11-25 23:45:00+00:00,
90,01:30,5,2023-11-27,Monday,2023-11-26 18:30:00+00:00,2023-11-26 23:30:00+00:00,2023-11-26 23:30:00+00:00,2023-11-27 03:30:00+00:00,232.97,230.27,2.6999999999999886,True,,1,0,2023-11-27 00:40:00+00:00,2023-11-27 00:45:00+00:00,True,2023-11-27 00:50:00+00:00,2023-11-27 00:55:00+00:00,H2_ARRIVAL,2023-11-27 01:05:00+00:00,15.0
90,01:30,5,2023-11-28,Tuesday,2023-11-27 18:30:00+00:00,2023-11-27 23:30:00+00:00,2023-11-27 23:30:00+00:00,2023-11-28 03:30:00+00:00,227.86,223.53,4.3300000000000125,False,BREAK_BEFORE_K1,0,0,,,False,,,BREAK_BEFORE_K1,2023-11-28 00:20:00+00:00,
90,01:30,5,2023-11-29,Wednesday,2023-11-28 18:30:00+00:00,2023-11-28 23:30:00+00:00,2023-11-28 23:30:00+00:00,2023-11-29 03:30:00+00:00,231.45,229.35,2.0999999999999943,False,OPPOSITE_VISIT_BEFORE_K1,0,1,,,False,,,OPPOSITE_VISIT_BEFORE_K1,2023-11-28 23:35:00+00:00,
90,01:30,5,2023-11-30,Thursday,2023-11-29 18:30:00+00:00,2023-11-29 23:30:00+00:00,2023-11-29 23:30:00+00:00,2023-11-30 03:30:00+00:00,228.16,226.68,1.4799999999999898,False,OPPOSITE_VISIT_BEFORE_K1,0,1,,,False,,,OPPOSITE_VISIT_BEFORE_K1,2023-11-30 01:05:00+00:00,
90,01:30,5,2023-12-01,Friday,2023-11-30 18:30:00+00:00,2023-11-30 23:30:00+00:00,2023-11-30 23:30:00+00:00,2023-12-01 03:30:00+00:00,228.1,227.15,0.9499999999999886,False,BREAK_BEFORE_K1,0,0,,,False,,,BREAK_BEFORE_K1,2023-12-01 01:15:00+00:00,
90,01:30,5,2023-12-02,Saturday,2023-12-01 18:30:00+00:00,2023-12-01 23:30:00+00:00,2023-12-01 23:30:00+00:00,2023-12-02 03:30:00+00:00,229.15,228.22,0.9300000000000068,False,BREAK_BEFORE_K1,0,0,,,False,,,BREAK_BEFORE_K1,2023-12-02 02:10:00+00:00,
90,01:30,5,2023-12-03,Sunday,2023-12-02 18:30:00+00:00,2023-12-02 23:30:00+00:00,2023-12-02 23:30:00+00:00,2023-12-03 03:30:00+00:00,230.57,228.1,2.469999999999999,False,BREAK_BEFORE_K1,0,0,,,False,,,BREAK_BEFORE_K1,2023-12-03 00:45:00+00:00,
90,01:30,5,2023-12-04,Monday,2023-12-03 18:30:00+00:00,2023-12-03 23:30:00+00:00,2023-12-03 23:30:00+00:00,2023-12-04 03:30:00+00:00,229.28,226.62,2.6599999999999966,True,,1,0,2023-12-04 00:45:00+00:00,2023-12-04 00:50:00+00:00,False,,,BREAK_DURING_K1,2023-12-04 00:50:00+00:00,
90,01:30,5,2023-12-05,Tuesday,2023-12-04 18:30:00+00:00,2023-12-04 23:30:00+00:00,2023-12-04 23:30:00+00:00,2023-12-05 03:30:00+00:00,233.21,230.68,2.530000000000001,True,,1,0,2023-12-04 23:45:00+00:00,2023-12-04 23:50:00+00:00,False,,,BREAK_DURING_K1,2023-12-04 23:50:00+00:00,
90,01:30,5,2023-12-06,Wednesday,2023-12-05 18:30:00+00:00,2023-12-05 23:30:00+00:00,2023-12-05 23:30:00+00:00,2023-12-06 03:30:00+00:00,232.83,230.25,2.5800000000000125,True,,1,0,2023-12-06 00:55:00+00:00,2023-12-06 01:00:00+00:00,True,2023-12-06 01:00:00+00:00,2023-12-06 01:05:00+00:00,H2_ARRIVAL,2023-12-06 01:05:00+00:00,5.0
90,01:30,5,2023-12-07,Thursday,2023-12-06 18:30:00+00:00,2023-12-06 23:30:00+00:00,2023-12-06 23:30:00+00:00,2023-12-07 03:30:00+00:00,233.05,229.01,4.0400000000000205,False,NO_K1,0,0,,,False,,,NO_K1,,
90,01:30,5,2023-12-08,Friday,2023-12-07 18:30:00+00:00,2023-12-07 23:30:00+00:00,2023-12-07 23:30:00+00:00,2023-12-08 03:30:00+00:00,233.48,230.2,3.280000000000001,False,BREAK_BEFORE_K1,0,0,,,False,,,BREAK_BEFORE_K1,2023-12-08 00:05:00+00:00,
90,01:30,5,2023-12-09,Saturday,2023-12-08 18:30:00+00:00,2023-12-08 23:30:00+00:00,2023-12-08 23:30:00+00:00,2023-12-09 03:30:00+00:00,240.22,236.81,3.4099999999999966,False,BREAK_BEFORE_K1,0,0,,,False,,,BREAK_BEFORE_K1,2023-12-09 00:05:00+00:00,
90,01:30,5,2023-12-10,Sunday,2023-12-09 18:30:00+00:00,2023-12-09 23:30:00+00:00,2023-12-09 23:30:00+00:00,2023-12-10 03:30:00+00:00,240.4,237.7,2.700000000000017,False,BREAK_BEFORE_K1,0,0,,,False,,,BREAK_BEFORE_K1,2023-12-09 23:30:00+00:00,
90,01:30,5,2023-12-11,Monday,2023-12-10 18:30:00+00:00,2023-12-10 23:30:00+00:00,2023-12-10 23:30:00+00:00,2023-12-11 03:30:00+00:00,241.08,239.06,2.0200000000000102,False,BREAK_BEFORE_K1,0,0,,,False,,,BREAK_BEFORE_K1,2023-12-11 00:30:00+00:00,
90,01:30,5,2023-12-12,Tuesday,2023-12-11 18:30:00+00:00,2023-12-11 23:30:00+00:00,2023-12-11 23:30:00+00:00,2023-12-12 03:30:00+00:00,245.94,236.88,9.060000000000002,False,BREAK_BEFORE_K1,0,0,,,False,,,BREAK_BEFORE_K1,2023-12-11 23:35:00+00:00,
90,01:30,5,2023-12-13,Wednesday,2023-12-12 18:30:00+00:00,2023-12-12 23:30:00+00:00,2023-12-12 23:30:00+00:00,2023-12-13 03:30:00+00:00,256.16,252.51,3.650000000000034,False,BREAK_BEFORE_K1,0,0,,,False,,,BREAK_BEFORE_K1,2023-12-12 23:30:00+00:00,
90,01:30,5,2023-12-14,Thursday,2023-12-13 18:30:00+00:00,2023-12-13 23:30:00+00:00,2023-12-13 23:30:00+00:00,2023-12-14 03:30:00+00:00,255.95,249.8,6.149999999999977,False,OPPOSITE_VISIT_BEFORE_K1,0,1,,,False,,,OPPOSITE_VISIT_BEFORE_K1,2023-12-14 01:45:00+00:00,
90,01:30,5,2023-12-15,Friday,2023-12-14 18:30:00+00:00,2023-12-14 23:30:00+00:00,2023-12-14 23:30:00+00:00,2023-12-15 03:30:00+00:00,254.0,251.13,2.8700000000000045,False,OPPOSITE_VISIT_BEFORE_K1,0,1,,,False,,,OPPOSITE_VISIT_BEFORE_K1,2023-12-15 00:35:00+00:00,
90,01:30,5,2023-12-16,Saturday,2023-12-15 18:30:00+00:00,2023-12-15 23:30:00+00:00,2023-12-15 23:30:00+00:00,2023-12-16 03:30:00+00:00,247.79,242.1,5.689999999999998,False,NO_K1,0,0,,,False,,,NO_K1,,
90,01:30,5,2023-12-17,Sunday,2023-12-16 18:30:00+00:00,2023-12-16 23:30:00+00:00,2023-12-16 23:30:00+00:00,2023-12-17 03:30:00+00:00,245.56,243.69,1.8700000000000045,False,BREAK_BEFORE_K1,0,0,,,False,,,BREAK_BEFORE_K1,2023-12-16 23:45:00+00:00,
90,01:30,5,2023-12-18,Monday,2023-12-17 18:30:00+00:00,2023-12-17 23:30:00+00:00,2023-12-17 23:30:00+00:00,2023-12-18 03:30:00+00:00,243.58,239.74,3.8400000000000034,False,BREAK_BEFORE_K1,0,0,,,False,,,BREAK_BEFORE_K1,2023-12-17 23:30:00+00:00,
90,01:30,5,2023-12-19,Tuesday,2023-12-18 18:30:00+00:00,2023-12-18 23:30:00+00:00,2023-12-18 23:30:00+00:00,2023-12-19 03:30:00+00:00,241.64,237.75,3.8899999999999864,False,BREAK_BEFORE_K1,0,0,,,False,,,BREAK_BEFORE_K1,2023-12-18 23:55:00+00:00,
90,01:30,5,2023-12-20,Wednesday,2023-12-19 18:30:00+00:00,2023-12-19 23:30:00+00:00,2023-12-19 23:30:00+00:00,2023-12-20 03:30:00+00:00,254.41,250.71,3.6999999999999886,False,OPPOSITE_VISIT_BEFORE_K1,0,1,,,False,,,OPPOSITE_VISIT_BEFORE_K1,2023-12-20 03:10:00+00:00,
90,01:30,5,2023-12-21,Thursday,2023-12-20 18:30:00+00:00,2023-12-20 23:30:00+00:00,2023-12-20 23:30:00+00:00,2023-12-21 03:30:00+00:00,260.5,255.0,5.5,False,NO_K1,0,0,,,False,,,NO_K1,,
90,01:30,5,2023-12-22,Friday,2023-12-21 18:30:00+00:00,2023-12-21 23:30:00+00:00,2023-12-21 23:30:00+00:00,2023-12-22 03:30:00+00:00,271.45,268.41,3.0399999999999636,False,BREAK_BEFORE_K1,0,0,,,False,,,BREAK_BEFORE_K1,2023-12-21 23:55:00+00:00,
90,01:30,5,2023-12-23,Saturday,2023-12-22 18:30:00+00:00,2023-12-22 23:30:00+00:00,2023-12-22 23:30:00+00:00,2023-12-23 03:30:00+00:00,272.79,269.38,3.410000000000025,False,OPPOSITE_VISIT_BEFORE_K1,0,1,,,False,,,OPPOSITE_VISIT_BEFORE_K1,2023-12-23 00:50:00+00:00,
90,01:30,5,2023-12-24,Sunday,2023-12-23 18:30:00+00:00,2023-12-23 23:30:00+00:00,2023-12-23 23:30:00+00:00,2023-12-24 03:30:00+00:00,271.64,269.16,2.4799999999999613,True,,1,0,2023-12-23 23:30:00+00:00,2023-12-23 23:35:00+00:00,True,2023-12-23 23:35:00+00:00,2023-12-23 23:40:00+00:00,H2_ARRIVAL,2023-12-24 00:50:00+00:00,75.0
90,01:30,5,2023-12-25,Monday,2023-12-24 18:30:00+00:00,2023-12-24 23:30:00+00:00,2023-12-24 23:30:00+00:00,2023-12-25 03:30:00+00:00,269.18,260.53,8.650000000000034,False,NO_K1,0,0,,,False,,,NO_K1,,
90,01:30,5,2023-12-26,Tuesday,2023-12-25 18:30:00+00:00,2023-12-25 23:30:00+00:00,2023-12-25 23:30:00+00:00,2023-12-26 03:30:00+00:00,267.36,263.72,3.6399999999999864,False,BREAK_BEFORE_K1,0,0,,,False,,,BREAK_BEFORE_K1,2023-12-26 02:40:00+00:00,
90,01:30,5,2023-12-27,Wednesday,2023-12-26 18:30:00+00:00,2023-12-26 23:30:00+00:00,2023-12-26 23:30:00+00:00,2023-12-27 03:30:00+00:00,297.63,292.93,4.699999999999989,True,,1,0,2023-12-26 23:55:00+00:00,2023-12-27 00:00:00+00:00,True,2023-12-27 00:05:00+00:00,2023-12-27 00:10:00+00:00,H2_ARRIVAL,2023-12-27 00:25:00+00:00,20.0
90,01:30,5,2023-12-28,Thursday,2023-12-27 18:30:00+00:00,2023-12-27 23:30:00+00:00,2023-12-27 23:30:00+00:00,2023-12-28 03:30:00+00:00,321.15,309.58,11.569999999999993,False,BREAK_BEFORE_K1,0,0,,,False,,,BREAK_BEFORE_K1,2023-12-27 23:40:00+00:00,
90,01:30,5,2023-12-29,Friday,2023-12-28 18:30:00+00:00,2023-12-28 23:30:00+00:00,2023-12-28 23:30:00+00:00,2023-12-29 03:30:00+00:00,333.0,320.7,12.300000000000011,False,BREAK_BEFORE_K1,0,0,,,False,,,BREAK_BEFORE_K1,2023-12-29 00:30:00+00:00,
90,01:30,5,2023-12-30,Saturday,2023-12-29 18:30:00+00:00,2023-12-29 23:30:00+00:00,2023-12-29 23:30:00+00:00,2023-12-30 03:30:00+00:00,313.78,306.46,7.319999999999993,False,BREAK_BEFORE_K1,0,0,,,False,,,BREAK_BEFORE_K1,2023-12-30 00:15:00+00:00,
90,01:30,5,2023-12-31,Sunday,2023-12-30 18:30:00+00:00,2023-12-30 23:30:00+00:00,2023-12-30 23:30:00+00:00,2023-12-31 03:30:00+00:00,316.57,313.0,3.569999999999993,True,,1,0,2023-12-30 23:30:00+00:00,2023-12-30 23:35:00+00:00,False,,,BREAK_DURING_K1,2023-12-30 23:35:00+00:00,
90,01:30,5,2024-01-01,Monday,2023-12-31 18:30:00+00:00,2023-12-31 23:30:00+00:00,2023-12-31 23:30:00+00:00,2024-01-01 03:30:00+00:00,316.24,306.38,9.860000000000014,False,NO_K1,0,0,,,False,,,NO_K1,,
90,01:30,5,2024-01-02,Tuesday,2024-01-01 18:30:00+00:00,2024-01-01 23:30:00+00:00,2024-01-01 23:30:00+00:00,2024-01-02 03:30:00+00:00,313.99,310.55,3.4399999999999977,False,BREAK_BEFORE_K1,0,0,,,False,,,BREAK_BEFORE_K1,2024-01-01 23:30:00+00:00,
90,01:30,5,2024-01-03,Wednesday,2024-01-02 18:30:00+00:00,2024-01-02 23:30:00+00:00,2024-01-02 23:30:00+00:00,2024-01-03 03:30:00+00:00,312.16,308.18,3.980000000000018,False,BREAK_BEFORE_K1,0,0,,,False,,,BREAK_BEFORE_K1,2024-01-03 00:00:00+00:00,
90,01:30,5,2024-01-04,Thursday,2024-01-03 18:30:00+00:00,2024-01-03 23:30:00+00:00,2024-01-03 23:30:00+00:00,2024-01-04 03:30:00+00:00,318.5,310.0,8.5,False,NO_K1,0,0,,,False,,,NO_K1,,
90,01:30,5,2024-01-05,Friday,2024-01-04 18:30:00+00:00,2024-01-04 23:30:00+00:00,2024-01-04 23:30:00+00:00,2024-01-05 03:30:00+00:00,322.45,317.0,5.449999999999989,True,,1,0,2024-01-04 23:35:00+00:00,2024-01-04 23:40:00+00:00,False,,,BREAK_DURING_K1,2024-01-04 23:40:00+00:00,
90,01:30,5,2024-01-06,Saturday,2024-01-05 18:30:00+00:00,2024-01-05 23:30:00+00:00,2024-01-05 23:30:00+00:00,2024-01-06 03:30:00+00:00,317.5,312.59,4.910000000000025,False,BREAK_BEFORE_K1,0,0,,,False,,,BREAK_BEFORE_K1,2024-01-06 00:15:00+00:00,
90,01:30,5,2024-01-07,Sunday,2024-01-06 18:30:00+00:00,2024-01-06 23:30:00+00:00,2024-01-06 23:30:00+00:00,2024-01-07 03:30:00+00:00,307.69,304.15,3.5400000000000205,False,BREAK_BEFORE_K1,0,0,,,False,,,BREAK_BEFORE_K1,2024-01-07 00:40:00+00:00,
90,01:30,5,2024-01-08,Monday,2024-01-07 18:30:00+00:00,2024-01-07 23:30:00+00:00,2024-01-07 23:30:00+00:00,2024-01-08 03:30:00+00:00,306.53,299.2,7.329999999999984,False,BREAK_BEFORE_K1,0,0,,,False,,,BREAK_BEFORE_K1,2024-01-08 00:15:00+00:00,
90,01:30,5,2024-01-09,Tuesday,2024-01-08 18:30:00+00:00,2024-01-08 23:30:00+00:00,2024-01-08 23:30:00+00:00,2024-01-09 03:30:00+00:00,307.81,304.4,3.410000000000025,False,OPPOSITE_VISIT_BEFORE_K1,0,1,,,False,,,OPPOSITE_VISIT_BEFORE_K1,2024-01-08 23:40:00+00:00,
90,01:30,5,2024-01-10,Wednesday,2024-01-09 18:30:00+00:00,2024-01-09 23:30:00+00:00,2024-01-09 23:30:00+00:00,2024-01-10 03:30:00+00:00,302.74,295.85,6.889999999999986,True,,1,0,2024-01-10 00:25:00+00:00,2024-01-10 00:30:00+00:00,False,,,BREAK_DURING_K1,2024-01-10 00:30:00+00:00,
90,01:30,5,2024-01-11,Thursday,2024-01-10 18:30:00+00:00,2024-01-10 23:30:00+00:00,2024-01-10 23:30:00+00:00,2024-01-11 03:30:00+00:00,310.42,291.0,19.420000000000016,False,NO_K1,0,0,,,False,,,NO_K1,,
90,01:30,5,2024-01-12,Friday,2024-01-11 18:30:00+00:00,2024-01-11 23:30:00+00:00,2024-01-11 23:30:00+00:00,2024-01-12 03:30:00+00:00,310.32,305.94,4.3799999999999955,False,OPPOSITE_VISIT_BEFORE_K1,0,1,,,False,,,OPPOSITE_VISIT_BEFORE_K1,2024-01-12 01:25:00+00:00,
90,01:30,5,2024-01-13,Saturday,2024-01-12 18:30:00+00:00,2024-01-12 23:30:00+00:00,2024-01-12 23:30:00+00:00,2024-01-13 03:30:00+00:00,302.55,288.48,14.069999999999993,False,NO_K1,0,0,,,False,,,NO_K1,,
90,01:30,5,2024-01-14,Sunday,2024-01-13 18:30:00+00:00,2024-01-13 23:30:00+00:00,2024-01-13 23:30:00+00:00,2024-01-14 03:30:00+00:00,303.27,301.28,1.990000000000009,False,BREAK_BEFORE_K1,0,0,,,False,,,BREAK_BEFORE_K1,2024-01-14 00:25:00+00:00,
90,01:30,5,2024-01-15,Monday,2024-01-14 18:30:00+00:00,2024-01-14 23:30:00+00:00,2024-01-14 23:30:00+00:00,2024-01-15 03:30:00+00:00,306.4,300.92,5.479999999999961,False,OPPOSITE_VISIT_BEFORE_K1,0,1,,,False,,,OPPOSITE_VISIT_BEFORE_K1,2024-01-14 23:35:00+00:00,
90,01:30,5,2024-01-16,Tuesday,2024-01-15 18:30:00+00:00,2024-01-15 23:30:00+00:00,2024-01-15 23:30:00+00:00,2024-01-16 03:30:00+00:00,318.68,311.69,6.990000000000009,False,NO_K1,0,0,,,False,,,NO_K1,,
90,01:30,5,2024-01-17,Wednesday,2024-01-16 18:30:00+00:00,2024-01-16 23:30:00+00:00,2024-01-16 23:30:00+00:00,2024-01-17 03:30:00+00:00,316.99,312.83,4.160000000000025,False,NO_K1,0,0,,,False,,,NO_K1,,
90,01:30,5,2024-01-18,Thursday,2024-01-17 18:30:00+00:00,2024-01-17 23:30:00+00:00,2024-01-17 23:30:00+00:00,2024-01-18 03:30:00+00:00,310.5,306.17,4.329999999999984,False,OPPOSITE_VISIT_BEFORE_K1,0,1,,,False,,,OPPOSITE_VISIT_BEFORE_K1,2024-01-18 01:30:00+00:00,
90,01:30,5,2024-01-19,Friday,2024-01-18 18:30:00+00:00,2024-01-18 23:30:00+00:00,2024-01-18 23:30:00+00:00,2024-01-19 03:30:00+00:00,312.95,307.35,5.599999999999966,False,BREAK_BEFORE_K1,0,0,,,False,,,BREAK_BEFORE_K1,2024-01-18 23:30:00+00:00,
90,01:30,5,2024-01-20,Saturday,2024-01-19 18:30:00+00:00,2024-01-19 23:30:00+00:00,2024-01-19 23:30:00+00:00,2024-01-20 03:30:00+00:00,313.84,310.34,3.5,False,BREAK_BEFORE_K1,0,0,,,False,,,BREAK_BEFORE_K1,2024-01-19 23:40:00+00:00,
90,01:30,5,2024-01-21,Sunday,2024-01-20 18:30:00+00:00,2024-01-20 23:30:00+00:00,2024-01-20 23:30:00+00:00,2024-01-21 03:30:00+00:00,317.05,313.66,3.3899999999999864,True,,1,0,2024-01-20 23:55:00+00:00,2024-01-21 00:00:00+00:00,False,,,BREAK_DURING_K1,2024-01-21 00:00:00+00:00,
90,01:30,5,2024-01-22,Monday,2024-01-21 18:30:00+00:00,2024-01-21 23:30:00+00:00,2024-01-21 23:30:00+00:00,2024-01-22 03:30:00+00:00,321.58,318.07,3.509999999999991,False,OPPOSITE_VISIT_BEFORE_K1,0,1,,,False,,,OPPOSITE_VISIT_BEFORE_K1,2024-01-21 23:40:00+00:00,
90,01:30,5,2024-01-23,Tuesday,2024-01-22 18:30:00+00:00,2024-01-22 23:30:00+00:00,2024-01-22 23:30:00+00:00,2024-01-23 03:30:00+00:00,311.88,303.3,8.579999999999984,False,NO_K1,0,0,,,False,,,NO_K1,,
90,01:30,5,2024-01-24,Wednesday,2024-01-23 18:30:00+00:00,2024-01-23 23:30:00+00:00,2024-01-23 23:30:00+00:00,2024-01-24 03:30:00+00:00,298.69,291.99,6.699999999999989,True,,1,0,2024-01-23 23:30:00+00:00,2024-01-23 23:35:00+00:00,True,2024-01-23 23:35:00+00:00,2024-01-23 23:40:00+00:00,H2_ARRIVAL,2024-01-23 23:50:00+00:00,15.0
90,01:30,5,2024-01-25,Thursday,2024-01-24 18:30:00+00:00,2024-01-24 23:30:00+00:00,2024-01-24 23:30:00+00:00,2024-01-25 03:30:00+00:00,293.72,290.63,3.090000000000032,True,,1,0,2024-01-24 23:35:00+00:00,2024-01-24 23:40:00+00:00,True,2024-01-24 23:40:00+00:00,2024-01-24 23:45:00+00:00,OPPOSITE_BREAK_BEFORE_H2,2024-01-25 02:10:00+00:00,
90,01:30,5,2024-01-26,Friday,2024-01-25 18:30:00+00:00,2024-01-25 23:30:00+00:00,2024-01-25 23:30:00+00:00,2024-01-26 03:30:00+00:00,292.95,290.37,2.579999999999984,False,BREAK_BEFORE_K1,0,0,,,False,,,BREAK_BEFORE_K1,2024-01-26 01:25:00+00:00,
90,01:30,5,2024-01-27,Saturday,2024-01-26 18:30:00+00:00,2024-01-26 23:30:00+00:00,2024-01-26 23:30:00+00:00,2024-01-27 03:30:00+00:00,302.91,301.13,1.7800000000000296,False,BREAK_BEFORE_K1,0,0,,,False,,,BREAK_BEFORE_K1,2024-01-27 00:25:00+00:00,
90,01:30,5,2024-01-28,Sunday,2024-01-27 18:30:00+00:00,2024-01-27 23:30:00+00:00,2024-01-27 23:30:00+00:00,2024-01-28 03:30:00+00:00,306.66,304.8,1.8600000000000136,False,OPPOSITE_VISIT_BEFORE_K1,0,1,,,False,,,OPPOSITE_VISIT_BEFORE_K1,2024-01-28 00:40:00+00:00,
90,01:30,5,2024-01-29,Monday,2024-01-28 18:30:00+00:00,2024-01-28 23:30:00+00:00,2024-01-28 23:30:00+00:00,2024-01-29 03:30:00+00:00,305.88,303.11,2.769999999999982,True,,1,0,2024-01-29 00:35:00+00:00,2024-01-29 00:40:00+00:00,True,2024-01-29 00:40:00+00:00,2024-01-29 00:45:00+00:00,H2_ARRIVAL,2024-01-29 01:05:00+00:00,25.0
90,01:30,5,2024-01-30,Tuesday,2024-01-29 18:30:00+00:00,2024-01-29 23:30:00+00:00,2024-01-29 23:30:00+00:00,2024-01-30 03:30:00+00:00,310.71,309.28,1.4300000000000068,True,,1,0,2024-01-29 23:35:00+00:00,2024-01-29 23:40:00+00:00,True,2024-01-29 23:40:00+00:00,2024-01-29 23:45:00+00:00,H2_ARRIVAL,2024-01-29 23:50:00+00:00,10.0
90,01:30,5,2024-01-31,Wednesday,2024-01-30 18:30:00+00:00,2024-01-30 23:30:00+00:00,2024-01-30 23:30:00+00:00,2024-01-31 03:30:00+00:00,310.92,307.52,3.400000000000034,False,OPPOSITE_VISIT_BEFORE_K1,0,1,,,False,,,OPPOSITE_VISIT_BEFORE_K1,2024-01-30 23:30:00+00:00,
90,01:30,5,2024-02-01,Thursday,2024-01-31 18:30:00+00:00,2024-01-31 23:30:00+00:00,2024-01-31 23:30:00+00:00,2024-02-01 03:30:00+00:00,305.51,298.46,7.050000000000011,False,BREAK_BEFORE_K1,0,0,,,False,,,BREAK_BEFORE_K1,2024-02-01 01:15:00+00:00,
90,01:30,5,2024-02-02,Friday,2024-02-01 18:30:00+00:00,2024-02-01 23:30:00+00:00,2024-02-01 23:30:00+00:00,2024-02-02 03:30:00+00:00,301.2,299.08,2.1200000000000045,True,,1,0,2024-02-02 00:15:00+00:00,2024-02-02 00:20:00+00:00,False,,,BREAK_DURING_K1,2024-02-02 00:20:00+00:00,
90,01:30,5,2024-02-03,Saturday,2024-02-02 18:30:00+00:00,2024-02-02 23:30:00+00:00,2024-02-02 23:30:00+00:00,2024-02-03 03:30:00+00:00,301.55,300.02,1.5300000000000296,False,BREAK_BEFORE_K1,0,0,,,False,,,BREAK_BEFORE_K1,2024-02-03 00:15:00+00:00,
90,01:30,5,2024-02-04,Sunday,2024-02-03 18:30:00+00:00,2024-02-03 23:30:00+00:00,2024-02-03 23:30:00+00:00,2024-02-04 03:30:00+00:00,300.84,299.6,1.2399999999999523,False,OPPOSITE_VISIT_BEFORE_K1,0,1,,,False,,,OPPOSITE_VISIT_BEFORE_K1,2024-02-03 23:40:00+00:00,
90,01:30,5,2024-02-05,Monday,2024-02-04 18:30:00+00:00,2024-02-04 23:30:00+00:00,2024-02-04 23:30:00+00:00,2024-02-05 03:30:00+00:00,307.8,303.96,3.840000000000032,False,BREAK_BEFORE_K1,0,0,,,False,,,BREAK_BEFORE_K1,2024-02-05 01:05:00+00:00,
90,01:30,5,2024-02-06,Tuesday,2024-02-05 18:30:00+00:00,2024-02-05 23:30:00+00:00,2024-02-05 23:30:00+00:00,2024-02-06 03:30:00+00:00,301.91,299.34,2.57000000000005,True,,1,0,2024-02-06 01:25:00+00:00,2024-02-06 01:30:00+00:00,True,2024-02-06 01:30:00+00:00,2024-02-06 01:35:00+00:00,H2_ARRIVAL,2024-02-06 01:45:00+00:00,15.0
90,01:30,5,2024-02-07,Wednesday,2024-02-06 18:30:00+00:00,2024-02-06 23:30:00+00:00,2024-02-06 23:30:00+00:00,2024-02-07 03:30:00+00:00,303.62,302.18,1.4399999999999977,False,OPPOSITE_VISIT_BEFORE_K1,0,1,,,False,,,OPPOSITE_VISIT_BEFORE_K1,2024-02-07 00:55:00+00:00,
90,01:30,5,2024-02-08,Thursday,2024-02-07 18:30:00+00:00,2024-02-07 23:30:00+00:00,2024-02-07 23:30:00+00:00,2024-02-08 03:30:00+00:00,308.79,306.3,2.490000000000009,True,,1,0,2024-02-08 00:25:00+00:00,2024-02-08 00:30:00+00:00,False,,,BREAK_DURING_K1,2024-02-08 00:30:00+00:00,
90,01:30,5,2024-02-09,Friday,2024-02-08 18:30:00+00:00,2024-02-08 23:30:00+00:00,2024-02-08 23:30:00+00:00,2024-02-09 03:30:00+00:00,319.48,315.78,3.7000000000000455,False,BREAK_BEFORE_K1,0,0,,,False,,,BREAK_BEFORE_K1,2024-02-09 01:20:00+00:00,
90,01:30,5,2024-02-10,Saturday,2024-02-09 18:30:00+00:00,2024-02-09 23:30:00+00:00,2024-02-09 23:30:00+00:00,2024-02-10 03:30:00+00:00,324.42,321.21,3.2100000000000364,False,BREAK_BEFORE_K1,0,0,,,False,,,BREAK_BEFORE_K1,2024-02-10 00:15:00+00:00,
90,01:30,5,2024-02-11,Sunday,2024-02-10 18:30:00+00:00,2024-02-10 23:30:00+00:00,2024-02-10 23:30:00+00:00,2024-02-11 03:30:00+00:00,323.48,321.0,2.480000000000018,False,NO_K1,0,0,,,False,,,NO_K1,,
90,01:30,5,2024-02-12,Monday,2024-02-11 18:30:00+00:00,2024-02-11 23:30:00+00:00,2024-02-11 23:30:00+00:00,2024-02-12 03:30:00+00:00,321.86,319.61,2.25,False,OPPOSITE_VISIT_BEFORE_K1,0,1,,,False,,,OPPOSITE_VISIT_BEFORE_K1,2024-02-12 02:20:00+00:00,
90,01:30,5,2024-02-13,Tuesday,2024-02-12 18:30:00+00:00,2024-02-12 23:30:00+00:00,2024-02-12 23:30:00+00:00,2024-02-13 03:30:00+00:00,330.54,323.33,7.210000000000036,False,NO_K1,0,0,,,False,,,NO_K1,,
90,01:30,5,2024-02-14,Wednesday,2024-02-13 18:30:00+00:00,2024-02-13 23:30:00+00:00,2024-02-13 23:30:00+00:00,2024-02-14 03:30:00+00:00,324.46,321.92,2.5399999999999636,True,,1,0,2024-02-13 23:50:00+00:00,2024-02-13 23:55:00+00:00,True,2024-02-13 23:55:00+00:00,2024-02-14 00:00:00+00:00,H2_ARRIVAL,2024-02-14 00:00:00+00:00,5.0
90,01:30,5,2024-02-15,Thursday,2024-02-14 18:30:00+00:00,2024-02-14 23:30:00+00:00,2024-02-14 23:30:00+00:00,2024-02-15 03:30:00+00:00,334.33,331.35,2.9799999999999613,True,,1,0,2024-02-15 00:20:00+00:00,2024-02-15 00:25:00+00:00,False,,,BREAK_DURING_K1,2024-02-15 00:25:00+00:00,
90,01:30,5,2024-02-16,Friday,2024-02-15 18:30:00+00:00,2024-02-15 23:30:00+00:00,2024-02-15 23:30:00+00:00,2024-02-16 03:30:00+00:00,356.2,348.91,7.289999999999964,False,BREAK_BEFORE_K1,0,0,,,False,,,BREAK_BEFORE_K1,2024-02-16 01:35:00+00:00,
90,01:30,5,2024-02-17,Saturday,2024-02-16 18:30:00+00:00,2024-02-16 23:30:00+00:00,2024-02-16 23:30:00+00:00,2024-02-17 03:30:00+00:00,360.34,353.9,6.439999999999998,True,,1,0,2024-02-16 23:30:00+00:00,2024-02-16 23:35:00+00:00,False,,,BREAK_DURING_K1,2024-02-16 23:40:00+00:00,
90,01:30,5,2024-02-18,Sunday,2024-02-17 18:30:00+00:00,2024-02-17 23:30:00+00:00,2024-02-17 23:30:00+00:00,2024-02-18 03:30:00+00:00,354.55,351.5,3.0500000000000114,False,OPPOSITE_VISIT_BEFORE_K1,0,1,,,False,,,OPPOSITE_VISIT_BEFORE_K1,2024-02-18 00:05:00+00:00,
90,01:30,5,2024-02-19,Monday,2024-02-18 18:30:00+00:00,2024-02-18 23:30:00+00:00,2024-02-18 23:30:00+00:00,2024-02-19 03:30:00+00:00,353.5,349.32,4.180000000000007,False,OPPOSITE_VISIT_BEFORE_K1,0,1,,,False,,,OPPOSITE_VISIT_BEFORE_K1,2024-02-19 00:00:00+00:00,
90,01:30,5,2024-02-20,Tuesday,2024-02-19 18:30:00+00:00,2024-02-19 23:30:00+00:00,2024-02-19 23:30:00+00:00,2024-02-20 03:30:00+00:00,355.0,351.78,3.2200000000000273,False,BREAK_BEFORE_K1,0,0,,,False,,,BREAK_BEFORE_K1,2024-02-19 23:45:00+00:00,
90,01:30,5,2024-02-21,Wednesday,2024-02-20 18:30:00+00:00,2024-02-20 23:30:00+00:00,2024-02-20 23:30:00+00:00,2024-02-21 03:30:00+00:00,357.01,349.63,7.3799999999999955,False,NO_K1,0,0,,,False,,,NO_K1,,
90,01:30,5,2024-02-22,Thursday,2024-02-21 18:30:00+00:00,2024-02-21 23:30:00+00:00,2024-02-21 23:30:00+00:00,2024-02-22 03:30:00+00:00,376.0,364.62,11.379999999999995,False,BREAK_BEFORE_K1,0,0,,,False,,,BREAK_BEFORE_K1,2024-02-21 23:30:00+00:00,
90,01:30,5,2024-02-23,Friday,2024-02-22 18:30:00+00:00,2024-02-22 23:30:00+00:00,2024-02-22 23:30:00+00:00,2024-02-23 03:30:00+00:00,387.21,379.7,7.509999999999991,False,BREAK_BEFORE_K1,0,0,,,False,,,BREAK_BEFORE_K1,2024-02-23 02:55:00+00:00,
90,01:30,5,2024-02-24,Saturday,2024-02-23 18:30:00+00:00,2024-02-23 23:30:00+00:00,2024-02-23 23:30:00+00:00,2024-02-24 03:30:00+00:00,377.72,372.41,5.310000000000002,False,OPPOSITE_VISIT_BEFORE_K1,0,1,,,False,,,OPPOSITE_VISIT_BEFORE_K1,2024-02-24 01:45:00+00:00,
90,01:30,5,2024-02-25,Sunday,2024-02-24 18:30:00+00:00,2024-02-24 23:30:00+00:00,2024-02-24 23:30:00+00:00,2024-02-25 03:30:00+00:00,382.67,380.91,1.759999999999991,False,BREAK_BEFORE_K1,0,0,,,False,,,BREAK_BEFORE_K1,2024-02-25 00:15:00+00:00,
90,01:30,5,2024-02-26,Monday,2024-02-25 18:30:00+00:00,2024-02-25 23:30:00+00:00,2024-02-25 23:30:00+00:00,2024-02-26 03:30:00+00:00,391.03,385.47,5.559999999999945,False,BREAK_BEFORE_K1,0,0,,,False,,,BREAK_BEFORE_K1,2024-02-26 01:40:00+00:00,
90,01:30,5,2024-02-27,Tuesday,2024-02-26 18:30:00+00:00,2024-02-26 23:30:00+00:00,2024-02-26 23:30:00+00:00,2024-02-27 03:30:00+00:00,405.0,394.97,10.029999999999973,False,NO_K1,0,0,,,False,,,NO_K1,,
90,01:30,5,2024-02-28,Wednesday,2024-02-27 18:30:00+00:00,2024-02-27 23:30:00+00:00,2024-02-27 23:30:00+00:00,2024-02-28 03:30:00+00:00,396.4,393.57,2.829999999999984,False,BREAK_BEFORE_K1,0,0,,,False,,,BREAK_BEFORE_K1,2024-02-28 02:25:00+00:00,
90,01:30,5,2024-02-29,Thursday,2024-02-28 18:30:00+00:00,2024-02-28 23:30:00+00:00,2024-02-28 23:30:00+00:00,2024-02-29 03:30:00+00:00,414.99,404.31,10.680000000000007,False,BREAK_BEFORE_K1,0,0,,,False,,,BREAK_BEFORE_K1,2024-02-28 23:35:00+00:00,
90,01:30,5,2024-03-01,Friday,2024-02-29 18:30:00+00:00,2024-02-29 23:30:00+00:00,2024-02-29 23:30:00+00:00,2024-03-01 03:30:00+00:00,407.53,390.93,16.599999999999966,False,NO_K1,0,0,,,False,,,NO_K1,,
90,01:30,5,2024-03-02,Saturday,2024-03-01 18:30:00+00:00,2024-03-01 23:30:00+00:00,2024-03-01 23:30:00+00:00,2024-03-02 03:30:00+00:00,408.8,405.67,3.1299999999999955,True,,1,0,2024-03-02 00:20:00+00:00,2024-03-02 00:25:00+00:00,False,,,BREAK_DURING_K1,2024-03-02 00:25:00+00:00,
90,01:30,5,2024-03-03,Sunday,2024-03-02 18:30:00+00:00,2024-03-02 23:30:00+00:00,2024-03-02 23:30:00+00:00,2024-03-03 03:30:00+00:00,410.85,407.44,3.410000000000025,True,,1,0,2024-03-02 23:30:00+00:00,2024-03-02 23:35:00+00:00,True,2024-03-02 23:35:00+00:00,2024-03-02 23:40:00+00:00,H2_ARRIVAL,2024-03-02 23:40:00+00:00,5.0
90,01:30,5,2024-03-04,Monday,2024-03-03 18:30:00+00:00,2024-03-03 23:30:00+00:00,2024-03-03 23:30:00+00:00,2024-03-04 03:30:00+00:00,417.19,413.23,3.9599999999999795,False,BREAK_BEFORE_K1,0,0,,,False,,,BREAK_BEFORE_K1,2024-03-04 00:30:00+00:00,
90,01:30,5,2024-03-05,Tuesday,2024-03-04 18:30:00+00:00,2024-03-04 23:30:00+00:00,2024-03-04 23:30:00+00:00,2024-03-05 03:30:00+00:00,421.69,410.82,10.870000000000005,False,BREAK_BEFORE_K1,0,0,,,False,,,BREAK_BEFORE_K1,2024-03-05 00:15:00+00:00,
90,01:30,5,2024-03-06,Wednesday,2024-03-05 18:30:00+00:00,2024-03-05 23:30:00+00:00,2024-03-05 23:30:00+00:00,2024-03-06 03:30:00+00:00,407.25,352.01,55.24000000000001,False,NO_K1,0,0,,,False,,,NO_K1,,
90,01:30,5,2024-03-07,Thursday,2024-03-06 18:30:00+00:00,2024-03-06 23:30:00+00:00,2024-03-06 23:30:00+00:00,2024-03-07 03:30:00+00:00,429.72,422.0,7.720000000000027,True,,1,0,2024-03-06 23:55:00+00:00,2024-03-07 00:00:00+00:00,False,,,BREAK_DURING_K1,2024-03-07 00:00:00+00:00,
90,01:30,5,2024-03-08,Friday,2024-03-07 18:30:00+00:00,2024-03-07 23:30:00+00:00,2024-03-07 23:30:00+00:00,2024-03-08 03:30:00+00:00,477.12,458.72,18.399999999999977,True,,1,0,2024-03-08 00:05:00+00:00,2024-03-08 00:10:00+00:00,True,2024-03-08 00:10:00+00:00,2024-03-08 00:15:00+00:00,NO_H2_BY_END,,
90,01:30,5,2024-03-09,Saturday,2024-03-08 18:30:00+00:00,2024-03-08 23:30:00+00:00,2024-03-08 23:30:00+00:00,2024-03-09 03:30:00+00:00,486.99,477.87,9.120000000000005,True,,1,0,2024-03-08 23:55:00+00:00,2024-03-09 00:00:00+00:00,False,,,BREAK_DURING_K1,2024-03-09 00:00:00+00:00,
90,01:30,5,2024-03-10,Sunday,2024-03-09 18:30:00+00:00,2024-03-09 23:30:00+00:00,2024-03-09 23:30:00+00:00,2024-03-10 03:30:00+00:00,489.23,481.35,7.8799999999999955,True,,1,0,2024-03-09 23:30:00+00:00,2024-03-09 23:35:00+00:00,True,2024-03-09 23:45:00+00:00,2024-03-09 23:50:00+00:00,H2_ARRIVAL,2024-03-10 01:00:00+00:00,75.0
90,01:30,5,2024-03-11,Monday,2024-03-10 18:30:00+00:00,2024-03-10 23:30:00+00:00,2024-03-10 23:30:00+00:00,2024-03-11 03:30:00+00:00,532.19,516.71,15.480000000000018,False,BREAK_BEFORE_K1,0,0,,,False,,,BREAK_BEFORE_K1,2024-03-11 00:50:00+00:00,
90,01:30,5,2024-03-12,Tuesday,2024-03-11 18:30:00+00:00,2024-03-11 23:30:00+00:00,2024-03-11 23:30:00+00:00,2024-03-12 03:30:00+00:00,523.33,517.38,5.9500000000000455,False,BREAK_BEFORE_K1,0,0,,,False,,,BREAK_BEFORE_K1,2024-03-11 23:35:00+00:00,
90,01:30,5,2024-03-13,Wednesday,2024-03-12 18:30:00+00:00,2024-03-12 23:30:00+00:00,2024-03-12 23:30:00+00:00,2024-03-13 03:30:00+00:00,546.32,532.65,13.670000000000073,False,OPPOSITE_VISIT_BEFORE_K1,0,1,,,False,,,OPPOSITE_VISIT_BEFORE_K1,2024-03-13 01:00:00+00:00,
90,01:30,5,2024-03-14,Thursday,2024-03-13 18:30:00+00:00,2024-03-13 23:30:00+00:00,2024-03-13 23:30:00+00:00,2024-03-14 03:30:00+00:00,627.0,591.08,35.91999999999996,False,BREAK_BEFORE_K1,0,0,,,False,,,BREAK_BEFORE_K1,2024-03-13 23:50:00+00:00,
90,01:30,5,2024-03-15,Friday,2024-03-14 18:30:00+00:00,2024-03-14 23:30:00+00:00,2024-03-14 23:30:00+00:00,2024-03-15 03:30:00+00:00,609.72,565.55,44.17000000000007,True,,1,0,2024-03-15 00:20:00+00:00,2024-03-15 00:25:00+00:00,False,,,BREAK_DURING_K1,2024-03-15 00:30:00+00:00,
90,01:30,5,2024-03-16,Saturday,2024-03-15 18:30:00+00:00,2024-03-15 23:30:00+00:00,2024-03-15 23:30:00+00:00,2024-03-16 03:30:00+00:00,620.01,582.1,37.90999999999997,True,,1,0,2024-03-15 23:35:00+00:00,2024-03-15 23:40:00+00:00,False,,,BREAK_DURING_K1,2024-03-15 23:40:00+00:00,
90,01:30,5,2024-03-17,Sunday,2024-03-16 18:30:00+00:00,2024-03-16 23:30:00+00:00,2024-03-16 23:30:00+00:00,2024-03-17 03:30:00+00:00,592.24,567.06,25.180000000000064,False,NO_K1,0,0,,,False,,,NO_K1,,
90,01:30,5,2024-03-18,Monday,2024-03-17 18:30:00+00:00,2024-03-17 23:30:00+00:00,2024-03-17 23:30:00+00:00,2024-03-18 03:30:00+00:00,584.2,564.82,19.379999999999995,False,OPPOSITE_VISIT_BEFORE_K1,0,1,,,False,,,OPPOSITE_VISIT_BEFORE_K1,2024-03-17 23:30:00+00:00,
90,01:30,5,2024-03-19,Tuesday,2024-03-18 18:30:00+00:00,2024-03-18 23:30:00+00:00,2024-03-18 23:30:00+00:00,2024-03-19 03:30:00+00:00,558.32,545.39,12.930000000000064,False,BREAK_BEFORE_K1,0,0,,,False,,,BREAK_BEFORE_K1,2024-03-19 00:15:00+00:00,
90,01:30,5,2024-03-20,Wednesday,2024-03-19 18:30:00+00:00,2024-03-19 23:30:00+00:00,2024-03-19 23:30:00+00:00,2024-03-20 03:30:00+00:00,536.78,501.6,35.17999999999995,False,NO_K1,0,0,,,False,,,NO_K1,,
90,01:30,5,2024-03-21,Thursday,2024-03-20 18:30:00+00:00,2024-03-20 23:30:00+00:00,2024-03-20 23:30:00+00:00,2024-03-21 03:30:00+00:00,559.47,527.65,31.82000000000005,False,BREAK_BEFORE_K1,0,0,,,False,,,BREAK_BEFORE_K1,2024-03-21 02:40:00+00:00,
90,01:30,5,2024-03-22,Friday,2024-03-21 18:30:00+00:00,2024-03-21 23:30:00+00:00,2024-03-21 23:30:00+00:00,2024-03-22 03:30:00+00:00,558.75,544.51,14.240000000000009,False,BREAK_BEFORE_K1,0,0,,,False,,,BREAK_BEFORE_K1,2024-03-22 00:15:00+00:00,
90,01:30,5,2024-03-23,Saturday,2024-03-22 18:30:00+00:00,2024-03-22 23:30:00+00:00,2024-03-22 23:30:00+00:00,2024-03-23 03:30:00+00:00,552.8,534.5,18.299999999999955,False,BREAK_BEFORE_K1,0,0,,,False,,,BREAK_BEFORE_K1,2024-03-22 23:55:00+00:00,
90,01:30,5,2024-03-24,Sunday,2024-03-23 18:30:00+00:00,2024-03-23 23:30:00+00:00,2024-03-23 23:30:00+00:00,2024-03-24 03:30:00+00:00,563.24,556.01,7.230000000000018,False,OPPOSITE_VISIT_BEFORE_K1,0,1,,,False,,,OPPOSITE_VISIT_BEFORE_K1,2024-03-23 23:30:00+00:00,
90,01:30,5,2024-03-25,Monday,2024-03-24 18:30:00+00:00,2024-03-24 23:30:00+00:00,2024-03-24 23:30:00+00:00,2024-03-25 03:30:00+00:00,573.78,560.42,13.360000000000014,False,BREAK_BEFORE_K1,0,0,,,False,,,BREAK_BEFORE_K1,2024-03-25 02:30:00+00:00,
90,01:30,5,2024-03-26,Tuesday,2024-03-25 18:30:00+00:00,2024-03-25 23:30:00+00:00,2024-03-25 23:30:00+00:00,2024-03-26 03:30:00+00:00,596.41,585.06,11.350000000000023,False,NO_K1,0,0,,,False,,,NO_K1,,
90,01:30,5,2024-03-27,Wednesday,2024-03-26 18:30:00+00:00,2024-03-26 23:30:00+00:00,2024-03-26 23:30:00+00:00,2024-03-27 03:30:00+00:00,581.8,573.54,8.259999999999991,True,,1,0,2024-03-27 00:20:00+00:00,2024-03-27 00:25:00+00:00,False,,,BREAK_DURING_K1,2024-03-27 00:30:00+00:00,
90,01:30,5,2024-03-28,Thursday,2024-03-27 18:30:00+00:00,2024-03-27 23:30:00+00:00,2024-03-27 23:30:00+00:00,2024-03-28 03:30:00+00:00,576.57,566.2,10.370000000000005,False,BREAK_BEFORE_K1,0,0,,,False,,,BREAK_BEFORE_K1,2024-03-28 00:05:00+00:00,
90,01:30,5,2024-03-29,Friday,2024-03-28 18:30:00+00:00,2024-03-28 23:30:00+00:00,2024-03-28 23:30:00+00:00,2024-03-29 03:30:00+00:00,586.48,580.03,6.4500000000000455,True,,1,0,2024-03-29 01:15:00+00:00,2024-03-29 01:20:00+00:00,False,,,BREAK_DURING_K1,2024-03-29 01:20:00+00:00,
90,01:30,5,2024-03-30,Saturday,2024-03-29 18:30:00+00:00,2024-03-29 23:30:00+00:00,2024-03-29 23:30:00+00:00,2024-03-30 03:30:00+00:00,618.41,609.39,9.019999999999982,False,OPPOSITE_VISIT_BEFORE_K1,0,1,,,False,,,OPPOSITE_VISIT_BEFORE_K1,2024-03-30 00:00:00+00:00,
90,01:30,5,2024-03-31,Sunday,2024-03-30 18:30:00+00:00,2024-03-30 23:30:00+00:00,2024-03-30 23:30:00+00:00,2024-03-31 03:30:00+00:00,609.07,599.24,9.830000000000041,False,OPPOSITE_VISIT_BEFORE_K1,0,1,,,False,,,OPPOSITE_VISIT_BEFORE_K1,2024-03-30 23:30:00+00:00,
90,01:30,5,2024-04-01,Monday,2024-03-31 18:30:00+00:00,2024-03-31 23:30:00+00:00,2024-03-31 23:30:00+00:00,2024-04-01 03:30:00+00:00,608.12,603.01,5.110000000000014,False,OPPOSITE_VISIT_BEFORE_K1,0,1,,,False,,,OPPOSITE_VISIT_BEFORE_K1,2024-04-01 01:35:00+00:00,
90,01:30,5,2024-04-02,Tuesday,2024-04-01 18:30:00+00:00,2024-04-01 23:30:00+00:00,2024-04-01 23:30:00+00:00,2024-04-02 03:30:00+00:00,581.79,571.53,10.259999999999991,False,BREAK_BEFORE_K1,0,0,,,False,,,BREAK_BEFORE_K1,2024-04-02 02:25:00+00:00,
90,01:30,5,2024-04-03,Wednesday,2024-04-02 18:30:00+00:00,2024-04-02 23:30:00+00:00,2024-04-02 23:30:00+00:00,2024-04-03 03:30:00+00:00,560.42,553.72,6.699999999999932,False,BREAK_BEFORE_K1,0,0,,,False,,,BREAK_BEFORE_K1,2024-04-02 23:30:00+00:00,
90,01:30,5,2024-04-04,Thursday,2024-04-03 18:30:00+00:00,2024-04-03 23:30:00+00:00,2024-04-03 23:30:00+00:00,2024-04-04 03:30:00+00:00,565.21,551.12,14.090000000000032,False,BREAK_BEFORE_K1,0,0,,,False,,,BREAK_BEFORE_K1,2024-04-03 23:30:00+00:00,
90,01:30,5,2024-04-05,Friday,2024-04-04 18:30:00+00:00,2024-04-04 23:30:00+00:00,2024-04-04 23:30:00+00:00,2024-04-05 03:30:00+00:00,596.27,578.9,17.370000000000005,False,BREAK_BEFORE_K1,0,0,,,False,,,BREAK_BEFORE_K1,2024-04-05 02:20:00+00:00,
90,01:30,5,2024-04-06,Saturday,2024-04-05 18:30:00+00:00,2024-04-05 23:30:00+00:00,2024-04-05 23:30:00+00:00,2024-04-06 03:30:00+00:00,583.78,577.91,5.8700000000000045,False,BREAK_BEFORE_K1,0,0,,,False,,,BREAK_BEFORE_K1,2024-04-05 23:55:00+00:00,
90,01:30,5,2024-04-07,Sunday,2024-04-06 18:30:00+00:00,2024-04-06 23:30:00+00:00,2024-04-06 23:30:00+00:00,2024-04-07 03:30:00+00:00,590.87,582.32,8.549999999999955,False,NO_K1,0,0,,,False,,,NO_K1,,
90,01:30,5,2024-04-08,Monday,2024-04-07 18:30:00+00:00,2024-04-07 23:30:00+00:00,2024-04-07 23:30:00+00:00,2024-04-08 03:30:00+00:00,583.84,577.44,6.399999999999977,True,,1,0,2024-04-07 23:30:00+00:00,2024-04-07 23:35:00+00:00,False,,,BREAK_DURING_K1,2024-04-07 23:35:00+00:00,
90,01:30,5,2024-04-09,Tuesday,2024-04-08 18:30:00+00:00,2024-04-08 23:30:00+00:00,2024-04-08 23:30:00+00:00,2024-04-09 03:30:00+00:00,591.32,587.8,3.5200000000000955,False,OPPOSITE_VISIT_BEFORE_K1,0,1,,,False,,,OPPOSITE_VISIT_BEFORE_K1,2024-04-08 23:40:00+00:00,
90,01:30,5,2024-04-10,Wednesday,2024-04-09 18:30:00+00:00,2024-04-09 23:30:00+00:00,2024-04-09 23:30:00+00:00,2024-04-10 03:30:00+00:00,583.83,578.67,5.160000000000082,False,BREAK_BEFORE_K1,0,0,,,False,,,BREAK_BEFORE_K1,2024-04-10 01:20:00+00:00,
90,01:30,5,2024-04-11,Thursday,2024-04-10 18:30:00+00:00,2024-04-10 23:30:00+00:00,2024-04-10 23:30:00+00:00,2024-04-11 03:30:00+00:00,610.0,599.62,10.379999999999995,True,,1,0,2024-04-10 23:30:00+00:00,2024-04-10 23:35:00+00:00,False,,,BREAK_DURING_K1,2024-04-10 23:35:00+00:00,
90,01:30,5,2024-04-12,Friday,2024-04-11 18:30:00+00:00,2024-04-11 23:30:00+00:00,2024-04-11 23:30:00+00:00,2024-04-12 03:30:00+00:00,607.73,602.11,5.6200000000000045,False,BREAK_BEFORE_K1,0,0,,,False,,,BREAK_BEFORE_K1,2024-04-12 00:40:00+00:00,
90,01:30,5,2024-04-13,Saturday,2024-04-12 18:30:00+00:00,2024-04-12 23:30:00+00:00,2024-04-12 23:30:00+00:00,2024-04-13 03:30:00+00:00,599.4,563.33,36.069999999999936,False,NO_K1,0,0,,,False,,,NO_K1,,
90,01:30,5,2024-04-14,Sunday,2024-04-13 18:30:00+00:00,2024-04-13 23:30:00+00:00,2024-04-13 23:30:00+00:00,2024-04-14 03:30:00+00:00,582.66,489.0,93.65999999999997,False,NO_K1,0,0,,,False,,,NO_K1,,
90,01:30,5,2024-04-15,Monday,2024-04-14 18:30:00+00:00,2024-04-14 23:30:00+00:00,2024-04-14 23:30:00+00:00,2024-04-15 03:30:00+00:00,569.99,546.14,23.850000000000023,False,NO_K1,0,0,,,False,,,NO_K1,,
90,01:30,5,2024-04-16,Tuesday,2024-04-15 18:30:00+00:00,2024-04-15 23:30:00+00:00,2024-04-15 23:30:00+00:00,2024-04-16 03:30:00+00:00,558.32,543.62,14.700000000000045,False,BREAK_BEFORE_K1,0,0,,,False,,,BREAK_BEFORE_K1,2024-04-16 02:10:00+00:00,
90,01:30,5,2024-04-17,Wednesday,2024-04-16 18:30:00+00:00,2024-04-16 23:30:00+00:00,2024-04-16 23:30:00+00:00,2024-04-17 03:30:00+00:00,544.0,533.3,10.700000000000045,False,NO_K1,0,0,,,False,,,NO_K1,,
90,01:30,5,2024-04-18,Thursday,2024-04-17 18:30:00+00:00,2024-04-17 23:30:00+00:00,2024-04-17 23:30:00+00:00,2024-04-18 03:30:00+00:00,540.42,529.8,10.620000000000005,False,BREAK_BEFORE_K1,0,0,,,False,,,BREAK_BEFORE_K1,2024-04-18 00:20:00+00:00,
90,01:30,5,2024-04-19,Friday,2024-04-18 18:30:00+00:00,2024-04-18 23:30:00+00:00,2024-04-18 23:30:00+00:00,2024-04-19 03:30:00+00:00,553.01,546.86,6.149999999999977,False,BREAK_BEFORE_K1,0,0,,,False,,,BREAK_BEFORE_K1,2024-04-19 00:45:00+00:00,
90,01:30,5,2024-04-20,Saturday,2024-04-19 18:30:00+00:00,2024-04-19 23:30:00+00:00,2024-04-19 23:30:00+00:00,2024-04-20 03:30:00+00:00,561.75,549.23,12.519999999999982,False,OPPOSITE_VISIT_BEFORE_K1,0,1,,,False,,,OPPOSITE_VISIT_BEFORE_K1,2024-04-20 01:00:00+00:00,
90,01:30,5,2024-04-21,Sunday,2024-04-20 18:30:00+00:00,2024-04-20 23:30:00+00:00,2024-04-20 23:30:00+00:00,2024-04-21 03:30:00+00:00,574.0,568.06,5.940000000000055,False,OPPOSITE_VISIT_BEFORE_K1,0,1,,,False,,,OPPOSITE_VISIT_BEFORE_K1,2024-04-21 00:00:00+00:00,
90,01:30,5,2024-04-22,Monday,2024-04-21 18:30:00+00:00,2024-04-21 23:30:00+00:00,2024-04-21 23:30:00+00:00,2024-04-22 03:30:00+00:00,581.51,573.43,8.080000000000041,False,BREAK_BEFORE_K1,0,0,,,False,,,BREAK_BEFORE_K1,2024-04-22 00:05:00+00:00,
90,01:30,5,2024-04-23,Tuesday,2024-04-22 18:30:00+00:00,2024-04-22 23:30:00+00:00,2024-04-22 23:30:00+00:00,2024-04-23 03:30:00+00:00,606.26,593.64,12.620000000000005,False,BREAK_BEFORE_K1,0,0,,,False,,,BREAK_BEFORE_K1,2024-04-23 00:05:00+00:00,
90,01:30,5,2024-04-24,Wednesday,2024-04-23 18:30:00+00:00,2024-04-23 23:30:00+00:00,2024-04-23 23:30:00+00:00,2024-04-24 03:30:00+00:00,609.8,604.48,5.319999999999936,False,BREAK_BEFORE_K1,0,0,,,False,,,BREAK_BEFORE_K1,2024-04-24 00:15:00+00:00,
90,01:30,5,2024-04-25,Thursday,2024-04-24 18:30:00+00:00,2024-04-24 23:30:00+00:00,2024-04-24 23:30:00+00:00,2024-04-25 03:30:00+00:00,612.7,592.29,20.410000000000082,False,NO_K1,0,0,,,False,,,NO_K1,,
90,01:30,5,2024-04-26,Friday,2024-04-25 18:30:00+00:00,2024-04-25 23:30:00+00:00,2024-04-25 23:30:00+00:00,2024-04-26 03:30:00+00:00,617.31,611.99,5.319999999999936,False,OPPOSITE_VISIT_BEFORE_K1,0,1,,,False,,,OPPOSITE_VISIT_BEFORE_K1,2024-04-26 00:15:00+00:00,
90,01:30,5,2024-04-27,Saturday,2024-04-26 18:30:00+00:00,2024-04-26 23:30:00+00:00,2024-04-26 23:30:00+00:00,2024-04-27 03:30:00+00:00,604.24,596.12,8.120000000000005,False,BREAK_BEFORE_K1,0,0,,,False,,,BREAK_BEFORE_K1,2024-04-27 00:25:00+00:00,
90,01:30,5,2024-04-28,Sunday,2024-04-27 18:30:00+00:00,2024-04-27 23:30:00+00:00,2024-04-27 23:30:00+00:00,2024-04-28 03:30:00+00:00,595.72,591.2,4.519999999999982,True,,1,0,2024-04-27 23:30:00+00:00,2024-04-27 23:35:00+00:00,False,,,BREAK_DURING_K1,2024-04-27 23:45:00+00:00,
90,01:30,5,2024-04-29,Monday,2024-04-28 18:30:00+00:00,2024-04-28 23:30:00+00:00,2024-04-28 23:30:00+00:00,2024-04-29 03:30:00+00:00,606.59,596.53,10.06000000000006,False,BREAK_BEFORE_K1,0,0,,,False,,,BREAK_BEFORE_K1,2024-04-29 02:35:00+00:00,
90,01:30,5,2024-04-30,Tuesday,2024-04-29 18:30:00+00:00,2024-04-29 23:30:00+00:00,2024-04-29 23:30:00+00:00,2024-04-30 03:30:00+00:00,596.46,588.31,8.150000000000091,False,BREAK_BEFORE_K1,0,0,,,False,,,BREAK_BEFORE_K1,2024-04-30 00:25:00+00:00,
90,01:30,5,2024-05-01,Wednesday,2024-04-30 18:30:00+00:00,2024-04-30 23:30:00+00:00,2024-04-30 23:30:00+00:00,2024-05-01 03:30:00+00:00,581.57,562.16,19.410000000000082,False,NO_K1,0,0,,,False,,,NO_K1,,
90,01:30,5,2024-05-02,Thursday,2024-05-01 18:30:00+00:00,2024-05-01 23:30:00+00:00,2024-05-01 23:30:00+00:00,2024-05-02 03:30:00+00:00,565.9,547.34,18.559999999999945,False,BREAK_BEFORE_K1,0,0,,,False,,,BREAK_BEFORE_K1,2024-05-02 01:50:00+00:00,
90,01:30,5,2024-05-03,Friday,2024-05-02 18:30:00+00:00,2024-05-02 23:30:00+00:00,2024-05-02 23:30:00+00:00,2024-05-03 03:30:00+00:00,564.86,557.91,6.9500000000000455,True,,1,0,2024-05-03 01:20:00+00:00,2024-05-03 01:25:00+00:00,True,2024-05-03 01:25:00+00:00,2024-05-03 01:30:00+00:00,H2_ARRIVAL,2024-05-03 01:30:00+00:00,5.0
90,01:30,5,2024-05-04,Saturday,2024-05-03 18:30:00+00:00,2024-05-03 23:30:00+00:00,2024-05-03 23:30:00+00:00,2024-05-04 03:30:00+00:00,589.83,577.46,12.370000000000005,False,NO_K1,0,0,,,False,,,NO_K1,,
90,01:30,5,2024-05-05,Sunday,2024-05-04 18:30:00+00:00,2024-05-04 23:30:00+00:00,2024-05-04 23:30:00+00:00,2024-05-05 03:30:00+00:00,591.37,582.71,8.659999999999968,False,OPPOSITE_VISIT_BEFORE_K1,0,1,,,False,,,OPPOSITE_VISIT_BEFORE_K1,2024-05-05 00:35:00+00:00,
90,01:30,5,2024-05-06,Monday,2024-05-05 18:30:00+00:00,2024-05-05 23:30:00+00:00,2024-05-05 23:30:00+00:00,2024-05-06 03:30:00+00:00,593.76,588.01,5.75,False,BREAK_BEFORE_K1,0,0,,,False,,,BREAK_BEFORE_K1,2024-05-06 00:55:00+00:00,
90,01:30,5,2024-05-07,Tuesday,2024-05-06 18:30:00+00:00,2024-05-06 23:30:00+00:00,2024-05-06 23:30:00+00:00,2024-05-07 03:30:00+00:00,593.3,585.21,8.089999999999918,False,BREAK_BEFORE_K1,0,0,,,False,,,BREAK_BEFORE_K1,2024-05-07 02:25:00+00:00,
90,01:30,5,2024-05-08,Wednesday,2024-05-07 18:30:00+00:00,2024-05-07 23:30:00+00:00,2024-05-07 23:30:00+00:00,2024-05-08 03:30:00+00:00,589.63,575.33,14.299999999999955,False,OPPOSITE_VISIT_BEFORE_K1,0,1,,,False,,,OPPOSITE_VISIT_BEFORE_K1,2024-05-08 00:00:00+00:00,
90,01:30,5,2024-05-09,Thursday,2024-05-08 18:30:00+00:00,2024-05-08 23:30:00+00:00,2024-05-08 23:30:00+00:00,2024-05-09 03:30:00+00:00,589.88,579.06,10.82000000000005,False,BREAK_BEFORE_K1,0,0,,,False,,,BREAK_BEFORE_K1,2024-05-09 00:05:00+00:00,
90,01:30,5,2024-05-10,Friday,2024-05-09 18:30:00+00:00,2024-05-09 23:30:00+00:00,2024-05-09 23:30:00+00:00,2024-05-10 03:30:00+00:00,599.62,592.62,7.0,False,BREAK_BEFORE_K1,0,0,,,False,,,BREAK_BEFORE_K1,2024-05-10 02:45:00+00:00,
90,01:30,5,2024-05-11,Saturday,2024-05-10 18:30:00+00:00,2024-05-10 23:30:00+00:00,2024-05-10 23:30:00+00:00,2024-05-11 03:30:00+00:00,587.74,583.14,4.600000000000023,False,BREAK_BEFORE_K1,0,0,,,False,,,BREAK_BEFORE_K1,2024-05-11 01:05:00+00:00,
90,01:30,5,2024-05-12,Sunday,2024-05-11 18:30:00+00:00,2024-05-11 23:30:00+00:00,2024-05-11 23:30:00+00:00,2024-05-12 03:30:00+00:00,594.43,591.17,3.259999999999991,False,OPPOSITE_VISIT_BEFORE_K1,0,1,,,False,,,OPPOSITE_VISIT_BEFORE_K1,2024-05-11 23:40:00+00:00,
90,01:30,5,2024-05-13,Monday,2024-05-12 18:30:00+00:00,2024-05-12 23:30:00+00:00,2024-05-12 23:30:00+00:00,2024-05-13 03:30:00+00:00,598.45,592.71,5.740000000000009,False,OPPOSITE_VISIT_BEFORE_K1,0,1,,,False,,,OPPOSITE_VISIT_BEFORE_K1,2024-05-12 23:35:00+00:00,
90,01:30,5,2024-05-14,Tuesday,2024-05-13 18:30:00+00:00,2024-05-13 23:30:00+00:00,2024-05-13 23:30:00+00:00,2024-05-14 03:30:00+00:00,595.2,591.16,4.040000000000077,False,BREAK_BEFORE_K1,0,0,,,False,,,BREAK_BEFORE_K1,2024-05-13 23:45:00+00:00,
90,01:30,5,2024-05-15,Wednesday,2024-05-14 18:30:00+00:00,2024-05-14 23:30:00+00:00,2024-05-14 23:30:00+00:00,2024-05-15 03:30:00+00:00,568.85,563.32,5.529999999999973,False,BREAK_BEFORE_K1,0,0,,,False,,,BREAK_BEFORE_K1,2024-05-15 00:40:00+00:00,
90,01:30,5,2024-05-16,Thursday,2024-05-15 18:30:00+00:00,2024-05-15 23:30:00+00:00,2024-05-15 23:30:00+00:00,2024-05-16 03:30:00+00:00,586.4,582.15,4.25,False,OPPOSITE_VISIT_BEFORE_K1,0,1,,,False,,,OPPOSITE_VISIT_BEFORE_K1,2024-05-15 23:35:00+00:00,
90,01:30,5,2024-05-17,Friday,2024-05-16 18:30:00+00:00,2024-05-16 23:30:00+00:00,2024-05-16 23:30:00+00:00,2024-05-17 03:30:00+00:00,569.79,566.05,3.740000000000009,False,BREAK_BEFORE_K1,0,0,,,False,,,BREAK_BEFORE_K1,2024-05-17 00:15:00+00:00,
90,01:30,5,2024-05-18,Saturday,2024-05-17 18:30:00+00:00,2024-05-17 23:30:00+00:00,2024-05-17 23:30:00+00:00,2024-05-18 03:30:00+00:00,580.83,577.42,3.410000000000082,True,,1,0,2024-05-17 23:40:00+00:00,2024-05-17 23:45:00+00:00,True,2024-05-17 23:45:00+00:00,2024-05-17 23:50:00+00:00,H2_ARRIVAL,2024-05-18 03:15:00+00:00,210.0
90,01:30,5,2024-05-19,Sunday,2024-05-18 18:30:00+00:00,2024-05-18 23:30:00+00:00,2024-05-18 23:30:00+00:00,2024-05-19 03:30:00+00:00,578.74,576.5,2.240000000000009,False,BREAK_BEFORE_K1,0,0,,,False,,,BREAK_BEFORE_K1,2024-05-18 23:30:00+00:00,
90,01:30,5,2024-05-20,Monday,2024-05-19 18:30:00+00:00,2024-05-19 23:30:00+00:00,2024-05-19 23:30:00+00:00,2024-05-20 03:30:00+00:00,575.92,571.0,4.919999999999959,False,OPPOSITE_VISIT_BEFORE_K1,0,1,,,False,,,OPPOSITE_VISIT_BEFORE_K1,2024-05-20 01:30:00+00:00,
90,01:30,5,2024-05-21,Tuesday,2024-05-20 18:30:00+00:00,2024-05-20 23:30:00+00:00,2024-05-20 23:30:00+00:00,2024-05-21 03:30:00+00:00,600.89,577.35,23.539999999999964,True,,1,0,2024-05-20 23:30:00+00:00,2024-05-20 23:35:00+00:00,True,2024-05-20 23:40:00+00:00,2024-05-20 23:45:00+00:00,H2_ARRIVAL,2024-05-20 23:45:00+00:00,5.0
90,01:30,5,2024-05-22,Wednesday,2024-05-21 18:30:00+00:00,2024-05-21 23:30:00+00:00,2024-05-21 23:30:00+00:00,2024-05-22 03:30:00+00:00,619.9,608.01,11.889999999999986,True,,1,0,2024-05-21 23:35:00+00:00,2024-05-21 23:40:00+00:00,False,,,BREAK_DURING_K1,2024-05-21 23:40:00+00:00,
90,01:30,5,2024-05-23,Thursday,2024-05-22 18:30:00+00:00,2024-05-22 23:30:00+00:00,2024-05-22 23:30:00+00:00,2024-05-23 03:30:00+00:00,617.24,611.27,5.970000000000027,False,BREAK_BEFORE_K1,0,0,,,False,,,BREAK_BEFORE_K1,2024-05-23 00:35:00+00:00,
90,01:30,5,2024-05-24,Friday,2024-05-23 18:30:00+00:00,2024-05-23 23:30:00+00:00,2024-05-23 23:30:00+00:00,2024-05-24 03:30:00+00:00,601.62,577.73,23.889999999999986,True,,1,0,2024-05-24 00:35:00+00:00,2024-05-24 00:40:00+00:00,False,,,BREAK_DURING_K1,2024-05-24 00:40:00+00:00,
90,01:30,5,2024-05-25,Saturday,2024-05-24 18:30:00+00:00,2024-05-24 23:30:00+00:00,2024-05-24 23:30:00+00:00,2024-05-25 03:30:00+00:00,602.64,600.32,2.3199999999999363,False,OPPOSITE_VISIT_BEFORE_K1,0,1,,,False,,,OPPOSITE_VISIT_BEFORE_K1,2024-05-24 23:55:00+00:00,
90,01:30,5,2024-05-26,Sunday,2024-05-25 18:30:00+00:00,2024-05-25 23:30:00+00:00,2024-05-25 23:30:00+00:00,2024-05-26 03:30:00+00:00,603.18,600.7,2.4799999999999045,False,BREAK_BEFORE_K1,0,0,,,False,,,BREAK_BEFORE_K1,2024-05-26 02:20:00+00:00,
90,01:30,5,2024-05-27,Monday,2024-05-26 18:30:00+00:00,2024-05-26 23:30:00+00:00,2024-05-26 23:30:00+00:00,2024-05-27 03:30:00+00:00,602.11,598.2,3.909999999999968,False,BREAK_BEFORE_K1,0,0,,,False,,,BREAK_BEFORE_K1,2024-05-27 01:35:00+00:00,
90,01:30,5,2024-05-28,Tuesday,2024-05-27 18:30:00+00:00,2024-05-27 23:30:00+00:00,2024-05-27 23:30:00+00:00,2024-05-28 03:30:00+00:00,611.08,600.77,10.31000000000006,False,OPPOSITE_VISIT_BEFORE_K1,0,1,,,False,,,OPPOSITE_VISIT_BEFORE_K1,2024-05-28 01:50:00+00:00,
90,01:30,5,2024-05-29,Wednesday,2024-05-28 18:30:00+00:00,2024-05-28 23:30:00+00:00,2024-05-28 23:30:00+00:00,2024-05-29 03:30:00+00:00,603.44,595.73,7.710000000000036,False,BREAK_BEFORE_K1,0,0,,,False,,,BREAK_BEFORE_K1,2024-05-29 02:25:00+00:00,
90,01:30,5,2024-05-30,Thursday,2024-05-29 18:30:00+00:00,2024-05-29 23:30:00+00:00,2024-05-29 23:30:00+00:00,2024-05-30 03:30:00+00:00,597.62,593.86,3.759999999999991,True,,1,0,2024-05-30 02:15:00+00:00,2024-05-30 02:20:00+00:00,False,,,BREAK_DURING_K1,2024-05-30 02:20:00+00:00,
90,01:30,5,2024-05-31,Friday,2024-05-30 18:30:00+00:00,2024-05-30 23:30:00+00:00,2024-05-30 23:30:00+00:00,2024-05-31 03:30:00+00:00,601.35,591.51,9.840000000000032,False,NO_K1,0,0,,,False,,,NO_K1,,
90,01:30,5,2024-06-01,Saturday,2024-05-31 18:30:00+00:00,2024-05-31 23:30:00+00:00,2024-05-31 23:30:00+00:00,2024-06-01 03:30:00+00:00,596.34,592.7,3.6399999999999864,False,NO_K1,0,0,,,False,,,NO_K1,,
90,01:30,5,2024-06-02,Sunday,2024-06-01 18:30:00+00:00,2024-06-01 23:30:00+00:00,2024-06-01 23:30:00+00:00,2024-06-02 03:30:00+00:00,609.0,596.68,12.32000000000005,False,NO_K1,0,0,,,False,,,NO_K1,,
90,01:30,5,2024-06-03,Monday,2024-06-02 18:30:00+00:00,2024-06-02 23:30:00+00:00,2024-06-02 23:30:00+00:00,2024-06-03 03:30:00+00:00,604.26,597.62,6.639999999999986,False,BREAK_BEFORE_K1,0,0,,,False,,,BREAK_BEFORE_K1,2024-06-02 23:35:00+00:00,
90,01:30,5,2024-06-04,Tuesday,2024-06-03 18:30:00+00:00,2024-06-03 23:30:00+00:00,2024-06-03 23:30:00+00:00,2024-06-04 03:30:00+00:00,629.66,623.02,6.639999999999986,False,BREAK_BEFORE_K1,0,0,,,False,,,BREAK_BEFORE_K1,2024-06-04 00:50:00+00:00,
90,01:30,5,2024-06-05,Wednesday,2024-06-04 18:30:00+00:00,2024-06-04 23:30:00+00:00,2024-06-04 23:30:00+00:00,2024-06-05 03:30:00+00:00,689.75,665.03,24.720000000000027,True,,1,0,2024-06-05 00:00:00+00:00,2024-06-05 00:05:00+00:00,True,2024-06-05 00:05:00+00:00,2024-06-05 00:10:00+00:00,H2_ARRIVAL,2024-06-05 00:15:00+00:00,10.0
90,01:30,5,2024-06-06,Thursday,2024-06-05 18:30:00+00:00,2024-06-05 23:30:00+00:00,2024-06-05 23:30:00+00:00,2024-06-06 03:30:00+00:00,698.92,688.35,10.569999999999936,False,BREAK_BEFORE_K1,0,0,,,False,,,BREAK_BEFORE_K1,2024-06-05 23:45:00+00:00,
90,01:30,5,2024-06-07,Friday,2024-06-06 18:30:00+00:00,2024-06-06 23:30:00+00:00,2024-06-06 23:30:00+00:00,2024-06-07 03:30:00+00:00,712.14,700.37,11.769999999999982,True,,1,0,2024-06-07 00:00:00+00:00,2024-06-07 00:05:00+00:00,True,2024-06-07 00:05:00+00:00,2024-06-07 00:10:00+00:00,NO_H2_BY_END,,
90,01:30,5,2024-06-08,Saturday,2024-06-07 18:30:00+00:00,2024-06-07 23:30:00+00:00,2024-06-07 23:30:00+00:00,2024-06-08 03:30:00+00:00,685.8,671.59,14.209999999999923,False,NO_K1,0,0,,,False,,,NO_K1,,
90,01:30,5,2024-06-09,Sunday,2024-06-08 18:30:00+00:00,2024-06-08 23:30:00+00:00,2024-06-08 23:30:00+00:00,2024-06-09 03:30:00+00:00,687.6,681.24,6.360000000000014,False,BREAK_BEFORE_K1,0,0,,,False,,,BREAK_BEFORE_K1,2024-06-09 00:55:00+00:00,
90,01:30,5,2024-06-10,Monday,2024-06-09 18:30:00+00:00,2024-06-09 23:30:00+00:00,2024-06-09 23:30:00+00:00,2024-06-10 03:30:00+00:00,678.77,670.15,8.620000000000005,False,NO_K1,0,0,,,False,,,NO_K1,,
90,01:30,5,2024-06-11,Tuesday,2024-06-10 18:30:00+00:00,2024-06-10 23:30:00+00:00,2024-06-10 23:30:00+00:00,2024-06-11 03:30:00+00:00,653.28,613.48,39.799999999999955,False,NO_K1,0,0,,,False,,,NO_K1,,
90,01:30,5,2024-06-12,Wednesday,2024-06-11 18:30:00+00:00,2024-06-11 23:30:00+00:00,2024-06-11 23:30:00+00:00,2024-06-12 03:30:00+00:00,610.0,601.66,8.340000000000032,False,BREAK_BEFORE_K1,0,0,,,False,,,BREAK_BEFORE_K1,2024-06-11 23:30:00+00:00,
90,01:30,5,2024-06-13,Thursday,2024-06-12 18:30:00+00:00,2024-06-12 23:30:00+00:00,2024-06-12 23:30:00+00:00,2024-06-13 03:30:00+00:00,626.86,609.5,17.360000000000014,False,BREAK_BEFORE_K1,0,0,,,False,,,BREAK_BEFORE_K1,2024-06-13 02:05:00+00:00,
90,01:30,5,2024-06-14,Friday,2024-06-13 18:30:00+00:00,2024-06-13 23:30:00+00:00,2024-06-13 23:30:00+00:00,2024-06-14 03:30:00+00:00,605.72,597.0,8.720000000000027,False,OPPOSITE_VISIT_BEFORE_K1,0,1,,,False,,,OPPOSITE_VISIT_BEFORE_K1,2024-06-14 00:20:00+00:00,
90,01:30,5,2024-06-15,Saturday,2024-06-14 18:30:00+00:00,2024-06-14 23:30:00+00:00,2024-06-14 23:30:00+00:00,2024-06-15 03:30:00+00:00,604.99,591.52,13.470000000000027,False,BREAK_BEFORE_K1,0,0,,,False,,,BREAK_BEFORE_K1,2024-06-15 00:40:00+00:00,
90,01:30,5,2024-06-16,Sunday,2024-06-15 18:30:00+00:00,2024-06-15 23:30:00+00:00,2024-06-15 23:30:00+00:00,2024-06-16 03:30:00+00:00,609.27,604.02,5.25,False,OPPOSITE_VISIT_BEFORE_K1,0,1,,,False,,,OPPOSITE_VISIT_BEFORE_K1,2024-06-16 01:00:00+00:00,
90,01:30,5,2024-06-17,Monday,2024-06-16 18:30:00+00:00,2024-06-16 23:30:00+00:00,2024-06-16 23:30:00+00:00,2024-06-17 03:30:00+00:00,611.92,607.55,4.3700000000000045,False,BREAK_BEFORE_K1,0,0,,,False,,,BREAK_BEFORE_K1,2024-06-17 00:35:00+00:00,
90,01:30,5,2024-06-18,Tuesday,2024-06-17 18:30:00+00:00,2024-06-17 23:30:00+00:00,2024-06-17 23:30:00+00:00,2024-06-18 03:30:00+00:00,610.24,604.08,6.159999999999968,False,OPPOSITE_VISIT_BEFORE_K1,0,1,,,False,,,OPPOSITE_VISIT_BEFORE_K1,2024-06-17 23:40:00+00:00,
90,01:30,5,2024-06-19,Wednesday,2024-06-18 18:30:00+00:00,2024-06-18 23:30:00+00:00,2024-06-18 23:30:00+00:00,2024-06-19 03:30:00+00:00,589.89,575.67,14.220000000000027,True,,1,0,2024-06-19 00:50:00+00:00,2024-06-19 00:55:00+00:00,False,,,BREAK_DURING_K1,2024-06-19 00:55:00+00:00,
90,01:30,5,2024-06-20,Thursday,2024-06-19 18:30:00+00:00,2024-06-19 23:30:00+00:00,2024-06-19 23:30:00+00:00,2024-06-20 03:30:00+00:00,602.4,597.22,5.17999999999995,False,OPPOSITE_VISIT_BEFORE_K1,0,1,,,False,,,OPPOSITE_VISIT_BEFORE_K1,2024-06-19 23:40:00+00:00,
90,01:30,5,2024-06-21,Friday,2024-06-20 18:30:00+00:00,2024-06-20 23:30:00+00:00,2024-06-20 23:30:00+00:00,2024-06-21 03:30:00+00:00,595.1,584.01,11.090000000000032,False,OPPOSITE_VISIT_BEFORE_K1,0,1,,,False,,,OPPOSITE_VISIT_BEFORE_K1,2024-06-21 00:10:00+00:00,
90,01:30,5,2024-06-22,Saturday,2024-06-21 18:30:00+00:00,2024-06-21 23:30:00+00:00,2024-06-21 23:30:00+00:00,2024-06-22 03:30:00+00:00,587.68,583.03,4.649999999999977,False,BREAK_BEFORE_K1,0,0,,,False,,,BREAK_BEFORE_K1,2024-06-22 00:35:00+00:00,
90,01:30,5,2024-06-23,Sunday,2024-06-22 18:30:00+00:00,2024-06-22 23:30:00+00:00,2024-06-22 23:30:00+00:00,2024-06-23 03:30:00+00:00,591.34,585.69,5.649999999999977,False,BREAK_BEFORE_K1,0,0,,,False,,,BREAK_BEFORE_K1,2024-06-23 00:05:00+00:00,
90,01:30,5,2024-06-24,Monday,2024-06-23 18:30:00+00:00,2024-06-23 23:30:00+00:00,2024-06-23 23:30:00+00:00,2024-06-24 03:30:00+00:00,585.78,577.0,8.779999999999973,False,OPPOSITE_VISIT_BEFORE_K1,0,1,,,False,,,OPPOSITE_VISIT_BEFORE_K1,2024-06-23 23:30:00+00:00,
90,01:30,5,2024-06-25,Tuesday,2024-06-24 18:30:00+00:00,2024-06-24 23:30:00+00:00,2024-06-24 23:30:00+00:00,2024-06-25 03:30:00+00:00,566.9,550.55,16.350000000000023,True,,1,0,2024-06-24 23:35:00+00:00,2024-06-24 23:40:00+00:00,False,,,BREAK_DURING_K1,2024-06-24 23:40:00+00:00,
90,01:30,5,2024-06-26,Wednesday,2024-06-25 18:30:00+00:00,2024-06-25 23:30:00+00:00,2024-06-25 23:30:00+00:00,2024-06-26 03:30:00+00:00,579.93,575.1,4.829999999999927,False,BREAK_BEFORE_K1,0,0,,,False,,,BREAK_BEFORE_K1,2024-06-26 01:40:00+00:00,
90,01:30,5,2024-06-27,Thursday,2024-06-26 18:30:00+00:00,2024-06-26 23:30:00+00:00,2024-06-26 23:30:00+00:00,2024-06-27 03:30:00+00:00,576.0,569.74,6.259999999999991,True,,1,0,2024-06-27 03:20:00+00:00,2024-06-27 03:25:00+00:00,True,2024-06-27 03:25:00+00:00,2024-06-27 03:30:00+00:00,NO_H2_BY_END,,
90,01:30,5,2024-06-28,Friday,2024-06-27 18:30:00+00:00,2024-06-27 23:30:00+00:00,2024-06-27 23:30:00+00:00,2024-06-28 03:30:00+00:00,582.47,579.13,3.340000000000032,False,OPPOSITE_VISIT_BEFORE_K1,0,1,,,False,,,OPPOSITE_VISIT_BEFORE_K1,2024-06-28 00:30:00+00:00,
90,01:30,5,2024-06-29,Saturday,2024-06-28 18:30:00+00:00,2024-06-28 23:30:00+00:00,2024-06-28 23:30:00+00:00,2024-06-29 03:30:00+00:00,572.69,566.01,6.680000000000064,True,,1,0,2024-06-29 02:00:00+00:00,2024-06-29 02:05:00+00:00,True,2024-06-29 02:05:00+00:00,2024-06-29 02:10:00+00:00,H2_ARRIVAL,2024-06-29 02:15:00+00:00,10.0
90,01:30,5,2024-06-30,Sunday,2024-06-29 18:30:00+00:00,2024-06-29 23:30:00+00:00,2024-06-29 23:30:00+00:00,2024-06-30 03:30:00+00:00,572.79,568.71,4.079999999999927,False,BREAK_BEFORE_K1,0,0,,,False,,,BREAK_BEFORE_K1,2024-06-30 00:35:00+00:00,
90,01:30,5,2024-07-01,Monday,2024-06-30 18:30:00+00:00,2024-06-30 23:30:00+00:00,2024-06-30 23:30:00+00:00,2024-07-01 03:30:00+00:00,585.3,577.82,7.4799999999999045,True,,1,0,2024-07-01 01:05:00+00:00,2024-07-01 01:10:00+00:00,False,,,BREAK_DURING_K1,2024-07-01 01:10:00+00:00,
90,01:30,5,2024-07-02,Tuesday,2024-07-01 18:30:00+00:00,2024-07-01 23:30:00+00:00,2024-07-01 23:30:00+00:00,2024-07-02 03:30:00+00:00,583.39,577.39,6.0,False,OPPOSITE_VISIT_BEFORE_K1,0,1,,,False,,,OPPOSITE_VISIT_BEFORE_K1,2024-07-01 23:35:00+00:00,
90,01:30,5,2024-07-03,Wednesday,2024-07-02 18:30:00+00:00,2024-07-02 23:30:00+00:00,2024-07-02 23:30:00+00:00,2024-07-03 03:30:00+00:00,580.94,577.57,3.3700000000000045,False,BREAK_BEFORE_K1,0,0,,,False,,,BREAK_BEFORE_K1,2024-07-03 00:35:00+00:00,
90,01:30,5,2024-07-04,Thursday,2024-07-03 18:30:00+00:00,2024-07-03 23:30:00+00:00,2024-07-03 23:30:00+00:00,2024-07-04 03:30:00+00:00,559.18,550.05,9.129999999999995,False,OPPOSITE_VISIT_BEFORE_K1,0,1,,,False,,,OPPOSITE_VISIT_BEFORE_K1,2024-07-04 01:15:00+00:00,
90,01:30,5,2024-07-05,Friday,2024-07-04 18:30:00+00:00,2024-07-04 23:30:00+00:00,2024-07-04 23:30:00+00:00,2024-07-05 03:30:00+00:00,529.53,518.0,11.529999999999973,False,BREAK_BEFORE_K1,0,0,,,False,,,BREAK_BEFORE_K1,2024-07-04 23:30:00+00:00,
90,01:30,5,2024-07-06,Saturday,2024-07-05 18:30:00+00:00,2024-07-05 23:30:00+00:00,2024-07-05 23:30:00+00:00,2024-07-06 03:30:00+00:00,499.1,493.78,5.32000000000005,False,BREAK_BEFORE_K1,0,0,,,False,,,BREAK_BEFORE_K1,2024-07-05 23:30:00+00:00,
90,01:30,5,2024-07-07,Sunday,2024-07-06 18:30:00+00:00,2024-07-06 23:30:00+00:00,2024-07-06 23:30:00+00:00,2024-07-07 03:30:00+00:00,530.65,523.6,7.0499999999999545,True,,1,0,2024-07-06 23:30:00+00:00,2024-07-06 23:35:00+00:00,True,2024-07-06 23:35:00+00:00,2024-07-06 23:40:00+00:00,OPPOSITE_BREAK_BEFORE_H2,2024-07-07 00:35:00+00:00,
90,01:30,5,2024-07-08,Monday,2024-07-07 18:30:00+00:00,2024-07-07 23:30:00+00:00,2024-07-07 23:30:00+00:00,2024-07-08 03:30:00+00:00,502.35,491.26,11.090000000000032,False,BREAK_BEFORE_K1,0,0,,,False,,,BREAK_BEFORE_K1,2024-07-07 23:40:00+00:00,
90,01:30,5,2024-07-09,Tuesday,2024-07-08 18:30:00+00:00,2024-07-08 23:30:00+00:00,2024-07-08 23:30:00+00:00,2024-07-09 03:30:00+00:00,512.8,504.45,8.349999999999966,False,BREAK_BEFORE_K1,0,0,,,False,,,BREAK_BEFORE_K1,2024-07-09 01:10:00+00:00,
90,01:30,5,2024-07-10,Wednesday,2024-07-09 18:30:00+00:00,2024-07-09 23:30:00+00:00,2024-07-09 23:30:00+00:00,2024-07-10 03:30:00+00:00,521.16,514.48,6.67999999999995,False,OPPOSITE_VISIT_BEFORE_K1,0,1,,,False,,,OPPOSITE_VISIT_BEFORE_K1,2024-07-10 00:15:00+00:00,
90,01:30,5,2024-07-11,Thursday,2024-07-10 18:30:00+00:00,2024-07-10 23:30:00+00:00,2024-07-10 23:30:00+00:00,2024-07-11 03:30:00+00:00,524.39,520.85,3.5399999999999636,True,,1,0,2024-07-10 23:30:00+00:00,2024-07-10 23:35:00+00:00,False,,,BREAK_DURING_K1,2024-07-10 23:35:00+00:00,
90,01:30,5,2024-07-12,Friday,2024-07-11 18:30:00+00:00,2024-07-11 23:30:00+00:00,2024-07-11 23:30:00+00:00,2024-07-12 03:30:00+00:00,530.73,522.75,7.980000000000018,False,OPPOSITE_VISIT_BEFORE_K1,0,1,,,False,,,OPPOSITE_VISIT_BEFORE_K1,2024-07-11 23:30:00+00:00,
90,01:30,5,2024-07-13,Saturday,2024-07-12 18:30:00+00:00,2024-07-12 23:30:00+00:00,2024-07-12 23:30:00+00:00,2024-07-13 03:30:00+00:00,537.6,527.19,10.409999999999968,False,NO_K1,0,0,,,False,,,NO_K1,,
90,01:30,5,2024-07-14,Sunday,2024-07-13 18:30:00+00:00,2024-07-13 23:30:00+00:00,2024-07-13 23:30:00+00:00,2024-07-14 03:30:00+00:00,535.83,527.27,8.56000000000006,False,BREAK_BEFORE_K1,0,0,,,False,,,BREAK_BEFORE_K1,2024-07-14 01:30:00+00:00,
90,01:30,5,2024-07-15,Monday,2024-07-14 18:30:00+00:00,2024-07-14 23:30:00+00:00,2024-07-14 23:30:00+00:00,2024-07-15 03:30:00+00:00,547.66,535.22,12.43999999999994,True,,1,0,2024-07-15 00:30:00+00:00,2024-07-15 00:35:00+00:00,True,2024-07-15 00:40:00+00:00,2024-07-15 00:45:00+00:00,H2_ARRIVAL,2024-07-15 00:45:00+00:00,5.0
90,01:30,5,2024-07-16,Tuesday,2024-07-15 18:30:00+00:00,2024-07-15 23:30:00+00:00,2024-07-15 23:30:00+00:00,2024-07-16 03:30:00+00:00,585.0,575.4,9.600000000000023,False,BREAK_BEFORE_K1,0,0,,,False,,,BREAK_BEFORE_K1,2024-07-15 23:35:00+00:00,
90,01:30,5,2024-07-17,Wednesday,2024-07-16 18:30:00+00:00,2024-07-16 23:30:00+00:00,2024-07-16 23:30:00+00:00,2024-07-17 03:30:00+00:00,578.88,569.59,9.289999999999964,False,BREAK_BEFORE_K1,0,0,,,False,,,BREAK_BEFORE_K1,2024-07-17 00:40:00+00:00,
90,01:30,5,2024-07-18,Thursday,2024-07-17 18:30:00+00:00,2024-07-17 23:30:00+00:00,2024-07-17 23:30:00+00:00,2024-07-18 03:30:00+00:00,573.72,567.77,5.9500000000000455,False,BREAK_BEFORE_K1,0,0,,,False,,,BREAK_BEFORE_K1,2024-07-18 00:50:00+00:00,
90,01:30,5,2024-07-19,Friday,2024-07-18 18:30:00+00:00,2024-07-18 23:30:00+00:00,2024-07-18 23:30:00+00:00,2024-07-19 03:30:00+00:00,573.29,565.1,8.18999999999994,False,OPPOSITE_VISIT_BEFORE_K1,0,1,,,False,,,OPPOSITE_VISIT_BEFORE_K1,2024-07-19 01:15:00+00:00,
90,01:30,5,2024-07-20,Saturday,2024-07-19 18:30:00+00:00,2024-07-19 23:30:00+00:00,2024-07-19 23:30:00+00:00,2024-07-20 03:30:00+00:00,597.49,589.29,8.200000000000045,False,OPPOSITE_VISIT_BEFORE_K1,0,1,,,False,,,OPPOSITE_VISIT_BEFORE_K1,2024-07-20 00:35:00+00:00,
90,01:30,5,2024-07-21,Sunday,2024-07-20 18:30:00+00:00,2024-07-20 23:30:00+00:00,2024-07-20 23:30:00+00:00,2024-07-21 03:30:00+00:00,598.22,592.7,5.519999999999982,False,NO_K1,0,0,,,False,,,NO_K1,,
90,01:30,5,2024-07-22,Monday,2024-07-21 18:30:00+00:00,2024-07-21 23:30:00+00:00,2024-07-21 23:30:00+00:00,2024-07-22 03:30:00+00:00,603.97,590.69,13.279999999999973,True,,1,0,2024-07-22 00:00:00+00:00,2024-07-22 00:05:00+00:00,True,2024-07-22 00:20:00+00:00,2024-07-22 00:25:00+00:00,H2_ARRIVAL,2024-07-22 00:30:00+00:00,10.0
90,01:30,5,2024-07-23,Tuesday,2024-07-22 18:30:00+00:00,2024-07-22 23:30:00+00:00,2024-07-22 23:30:00+00:00,2024-07-23 03:30:00+00:00,596.72,587.33,9.389999999999986,False,OPPOSITE_VISIT_BEFORE_K1,0,1,,,False,,,OPPOSITE_VISIT_BEFORE_K1,2024-07-22 23:50:00+00:00,
90,01:30,5,2024-07-24,Wednesday,2024-07-23 18:30:00+00:00,2024-07-23 23:30:00+00:00,2024-07-23 23:30:00+00:00,2024-07-24 03:30:00+00:00,584.97,580.25,4.720000000000027,True,,1,0,2024-07-24 01:05:00+00:00,2024-07-24 01:10:00+00:00,True,2024-07-24 01:15:00+00:00,2024-07-24 01:20:00+00:00,H2_ARRIVAL,2024-07-24 01:20:00+00:00,5.0
90,01:30,5,2024-07-25,Thursday,2024-07-24 18:30:00+00:00,2024-07-24 23:30:00+00:00,2024-07-24 23:30:00+00:00,2024-07-25 03:30:00+00:00,582.87,570.0,12.870000000000005,False,BREAK_BEFORE_K1,0,0,,,False,,,BREAK_BEFORE_K1,2024-07-25 01:05:00+00:00,
90,01:30,5,2024-07-26,Friday,2024-07-25 18:30:00+00:00,2024-07-25 23:30:00+00:00,2024-07-25 23:30:00+00:00,2024-07-26 03:30:00+00:00,573.42,560.89,12.529999999999973,True,,1,0,2024-07-26 00:20:00+00:00,2024-07-26 00:25:00+00:00,True,2024-07-26 00:25:00+00:00,2024-07-26 00:30:00+00:00,H2_ARRIVAL,2024-07-26 00:45:00+00:00,20.0
90,01:30,5,2024-07-27,Saturday,2024-07-26 18:30:00+00:00,2024-07-26 23:30:00+00:00,2024-07-26 23:30:00+00:00,2024-07-27 03:30:00+00:00,583.1,577.7,5.399999999999977,False,NO_K1,0,0,,,False,,,NO_K1,,
90,01:30,5,2024-07-28,Sunday,2024-07-27 18:30:00+00:00,2024-07-27 23:30:00+00:00,2024-07-27 23:30:00+00:00,2024-07-28 03:30:00+00:00,585.83,573.04,12.790000000000077,False,NO_K1,0,0,,,False,,,NO_K1,,
90,01:30,5,2024-07-29,Monday,2024-07-28 18:30:00+00:00,2024-07-28 23:30:00+00:00,2024-07-28 23:30:00+00:00,2024-07-29 03:30:00+00:00,585.0,581.32,3.67999999999995,True,,1,0,2024-07-28 23:30:00+00:00,2024-07-28 23:35:00+00:00,True,2024-07-28 23:35:00+00:00,2024-07-28 23:40:00+00:00,H2_ARRIVAL,2024-07-29 00:05:00+00:00,30.0
90,01:30,5,2024-07-30,Tuesday,2024-07-29 18:30:00+00:00,2024-07-29 23:30:00+00:00,2024-07-29 23:30:00+00:00,2024-07-30 03:30:00+00:00,580.66,574.0,6.659999999999968,False,BREAK_BEFORE_K1,0,0,,,False,,,BREAK_BEFORE_K1,2024-07-30 00:00:00+00:00,
90,01:30,5,2024-07-31,Wednesday,2024-07-30 18:30:00+00:00,2024-07-30 23:30:00+00:00,2024-07-30 23:30:00+00:00,2024-07-31 03:30:00+00:00,584.78,570.08,14.699999999999932,False,BREAK_BEFORE_K1,0,0,,,False,,,BREAK_BEFORE_K1,2024-07-30 23:35:00+00:00,
90,01:30,5,2024-08-01,Thursday,2024-07-31 18:30:00+00:00,2024-07-31 23:30:00+00:00,2024-07-31 23:30:00+00:00,2024-08-01 03:30:00+00:00,590.26,575.17,15.090000000000032,False,BREAK_BEFORE_K1,0,0,,,False,,,BREAK_BEFORE_K1,2024-08-01 00:45:00+00:00,
90,01:30,5,2024-08-02,Friday,2024-08-01 18:30:00+00:00,2024-08-01 23:30:00+00:00,2024-08-01 23:30:00+00:00,2024-08-02 03:30:00+00:00,577.9,553.74,24.159999999999968,True,,1,0,2024-08-02 00:15:00+00:00,2024-08-02 00:20:00+00:00,True,2024-08-02 00:20:00+00:00,2024-08-02 00:25:00+00:00,NO_H2_BY_END,,
90,01:30,5,2024-08-03,Saturday,2024-08-02 18:30:00+00:00,2024-08-02 23:30:00+00:00,2024-08-02 23:30:00+00:00,2024-08-03 03:30:00+00:00,558.92,540.71,18.209999999999923,False,BREAK_BEFORE_K1,0,0,,,False,,,BREAK_BEFORE_K1,2024-08-03 00:30:00+00:00,
90,01:30,5,2024-08-04,Sunday,2024-08-03 18:30:00+00:00,2024-08-03 23:30:00+00:00,2024-08-03 23:30:00+00:00,2024-08-04 03:30:00+00:00,530.69,521.36,9.330000000000041,False,BREAK_BEFORE_K1,0,0,,,False,,,BREAK_BEFORE_K1,2024-08-04 00:05:00+00:00,
90,01:30,5,2024-08-05,Monday,2024-08-04 18:30:00+00:00,2024-08-04 23:30:00+00:00,2024-08-04 23:30:00+00:00,2024-08-05 03:30:00+00:00,511.65,496.86,14.789999999999964,False,BREAK_BEFORE_K1,0,0,,,False,,,BREAK_BEFORE_K1,2024-08-04 23:50:00+00:00,
90,01:30,5,2024-08-06,Tuesday,2024-08-05 18:30:00+00:00,2024-08-05 23:30:00+00:00,2024-08-05 23:30:00+00:00,2024-08-06 03:30:00+00:00,471.45,450.74,20.70999999999998,False,BREAK_BEFORE_K1,0,0,,,False,,,BREAK_BEFORE_K1,2024-08-06 00:05:00+00:00,
90,01:30,5,2024-08-07,Wednesday,2024-08-06 18:30:00+00:00,2024-08-06 23:30:00+00:00,2024-08-06 23:30:00+00:00,2024-08-07 03:30:00+00:00,492.54,483.75,8.79000000000002,False,OPPOSITE_VISIT_BEFORE_K1,0,1,,,False,,,OPPOSITE_VISIT_BEFORE_K1,2024-08-06 23:40:00+00:00,
90,01:30,5,2024-08-08,Thursday,2024-08-07 18:30:00+00:00,2024-08-07 23:30:00+00:00,2024-08-07 23:30:00+00:00,2024-08-08 03:30:00+00:00,478.08,468.06,10.019999999999982,False,BREAK_BEFORE_K1,0,0,,,False,,,BREAK_BEFORE_K1,2024-08-08 00:35:00+00:00,
90,01:30,5,2024-08-09,Friday,2024-08-08 18:30:00+00:00,2024-08-08 23:30:00+00:00,2024-08-08 23:30:00+00:00,2024-08-09 03:30:00+00:00,521.74,501.63,20.110000000000014,False,NO_K1,0,0,,,False,,,NO_K1,,
90,01:30,5,2024-08-10,Saturday,2024-08-09 18:30:00+00:00,2024-08-09 23:30:00+00:00,2024-08-09 23:30:00+00:00,2024-08-10 03:30:00+00:00,509.94,504.27,5.670000000000016,False,BREAK_BEFORE_K1,0,0,,,False,,,BREAK_BEFORE_K1,2024-08-10 00:15:00+00:00,
90,01:30,5,2024-08-11,Sunday,2024-08-10 18:30:00+00:00,2024-08-10 23:30:00+00:00,2024-08-10 23:30:00+00:00,2024-08-11 03:30:00+00:00,525.71,519.3,6.410000000000082,False,BREAK_BEFORE_K1,0,0,,,False,,,BREAK_BEFORE_K1,2024-08-11 00:20:00+00:00,
90,01:30,5,2024-08-12,Monday,2024-08-11 18:30:00+00:00,2024-08-11 23:30:00+00:00,2024-08-11 23:30:00+00:00,2024-08-12 03:30:00+00:00,519.81,502.3,17.509999999999934,False,OPPOSITE_VISIT_BEFORE_K1,0,1,,,False,,,OPPOSITE_VISIT_BEFORE_K1,2024-08-12 00:30:00+00:00,
90,01:30,5,2024-08-13,Tuesday,2024-08-12 18:30:00+00:00,2024-08-12 23:30:00+00:00,2024-08-12 23:30:00+00:00,2024-08-13 03:30:00+00:00,522.5,507.4,15.100000000000023,False,NO_K1,0,0,,,False,,,NO_K1,,
90,01:30,5,2024-08-14,Wednesday,2024-08-13 18:30:00+00:00,2024-08-13 23:30:00+00:00,2024-08-13 23:30:00+00:00,2024-08-14 03:30:00+00:00,526.0,518.8,7.2000000000000455,False,BREAK_BEFORE_K1,0,0,,,False,,,BREAK_BEFORE_K1,2024-08-14 00:55:00+00:00,
90,01:30,5,2024-08-15,Thursday,2024-08-14 18:30:00+00:00,2024-08-14 23:30:00+00:00,2024-08-14 23:30:00+00:00,2024-08-15 03:30:00+00:00,525.85,519.45,6.399999999999977,False,BREAK_BEFORE_K1,0,0,,,False,,,BREAK_BEFORE_K1,2024-08-15 00:35:00+00:00,
90,01:30,5,2024-08-16,Friday,2024-08-15 18:30:00+00:00,2024-08-15 23:30:00+00:00,2024-08-15 23:30:00+00:00,2024-08-16 03:30:00+00:00,521.74,509.88,11.860000000000014,True,,1,0,2024-08-15 23:30:00+00:00,2024-08-15 23:35:00+00:00,True,2024-08-15 23:35:00+00:00,2024-08-15 23:40:00+00:00,H2_ARRIVAL,2024-08-16 02:30:00+00:00,175.0
90,01:30,5,2024-08-17,Saturday,2024-08-16 18:30:00+00:00,2024-08-16 23:30:00+00:00,2024-08-16 23:30:00+00:00,2024-08-17 03:30:00+00:00,522.96,518.23,4.730000000000018,False,OPPOSITE_VISIT_BEFORE_K1,0,1,,,False,,,OPPOSITE_VISIT_BEFORE_K1,2024-08-17 00:10:00+00:00,
90,01:30,5,2024-08-18,Sunday,2024-08-17 18:30:00+00:00,2024-08-17 23:30:00+00:00,2024-08-17 23:30:00+00:00,2024-08-18 03:30:00+00:00,547.9,536.62,11.279999999999973,False,OPPOSITE_VISIT_BEFORE_K1,0,1,,,False,,,OPPOSITE_VISIT_BEFORE_K1,2024-08-18 01:20:00+00:00,
90,01:30,5,2024-08-19,Monday,2024-08-18 18:30:00+00:00,2024-08-18 23:30:00+00:00,2024-08-18 23:30:00+00:00,2024-08-19 03:30:00+00:00,538.4,534.27,4.1299999999999955,False,BREAK_BEFORE_K1,0,0,,,False,,,BREAK_BEFORE_K1,2024-08-18 23:30:00+00:00,
90,01:30,5,2024-08-20,Tuesday,2024-08-19 18:30:00+00:00,2024-08-19 23:30:00+00:00,2024-08-19 23:30:00+00:00,2024-08-20 03:30:00+00:00,560.0,550.46,9.539999999999964,False,BREAK_BEFORE_K1,0,0,,,False,,,BREAK_BEFORE_K1,2024-08-19 23:30:00+00:00,
90,01:30,5,2024-08-21,Wednesday,2024-08-20 18:30:00+00:00,2024-08-20 23:30:00+00:00,2024-08-20 23:30:00+00:00,2024-08-21 03:30:00+00:00,574.88,566.92,7.960000000000036,False,OPPOSITE_VISIT_BEFORE_K1,0,1,,,False,,,OPPOSITE_VISIT_BEFORE_K1,2024-08-21 00:40:00+00:00,
90,01:30,5,2024-08-22,Thursday,2024-08-21 18:30:00+00:00,2024-08-21 23:30:00+00:00,2024-08-21 23:30:00+00:00,2024-08-22 03:30:00+00:00,574.76,560.05,14.710000000000036,False,OPPOSITE_VISIT_BEFORE_K1,0,1,,,False,,,OPPOSITE_VISIT_BEFORE_K1,2024-08-22 02:50:00+00:00,
90,01:30,5,2024-08-23,Friday,2024-08-22 18:30:00+00:00,2024-08-22 23:30:00+00:00,2024-08-22 23:30:00+00:00,2024-08-23 03:30:00+00:00,586.63,578.33,8.299999999999955,True,,1,0,2024-08-23 01:50:00+00:00,2024-08-23 01:55:00+00:00,True,2024-08-23 01:55:00+00:00,2024-08-23 02:00:00+00:00,H2_ARRIVAL,2024-08-23 02:05:00+00:00,10.0
90,01:30,5,2024-08-24,Saturday,2024-08-23 18:30:00+00:00,2024-08-23 23:30:00+00:00,2024-08-23 23:30:00+00:00,2024-08-24 03:30:00+00:00,597.87,581.72,16.149999999999977,False,NO_K1,0,0,,,False,,,NO_K1,,
90,01:30,5,2024-08-25,Sunday,2024-08-24 18:30:00+00:00,2024-08-24 23:30:00+00:00,2024-08-24 23:30:00+00:00,2024-08-25 03:30:00+00:00,591.57,575.33,16.24000000000001,False,OPPOSITE_VISIT_BEFORE_K1,0,1,,,False,,,OPPOSITE_VISIT_BEFORE_K1,2024-08-25 01:45:00+00:00,
90,01:30,5,2024-08-26,Monday,2024-08-25 18:30:00+00:00,2024-08-25 23:30:00+00:00,2024-08-25 23:30:00+00:00,2024-08-26 03:30:00+00:00,578.75,574.0,4.75,False,BREAK_BEFORE_K1,0,0,,,False,,,BREAK_BEFORE_K1,2024-08-25 23:45:00+00:00,
90,01:30,5,2024-08-27,Tuesday,2024-08-26 18:30:00+00:00,2024-08-26 23:30:00+00:00,2024-08-26 23:30:00+00:00,2024-08-27 03:30:00+00:00,558.59,546.41,12.180000000000064,False,NO_K1,0,0,,,False,,,NO_K1,,
90,01:30,5,2024-08-28,Wednesday,2024-08-27 18:30:00+00:00,2024-08-27 23:30:00+00:00,2024-08-27 23:30:00+00:00,2024-08-28 03:30:00+00:00,551.2,520.52,30.680000000000064,False,NO_K1,0,0,,,False,,,NO_K1,,
90,01:30,5,2024-08-29,Thursday,2024-08-28 18:30:00+00:00,2024-08-28 23:30:00+00:00,2024-08-28 23:30:00+00:00,2024-08-29 03:30:00+00:00,540.4,531.81,8.590000000000032,True,,1,0,2024-08-29 00:20:00+00:00,2024-08-29 00:25:00+00:00,True,2024-08-29 00:25:00+00:00,2024-08-29 00:30:00+00:00,H2_ARRIVAL,2024-08-29 01:00:00+00:00,35.0
90,01:30,5,2024-08-30,Friday,2024-08-29 18:30:00+00:00,2024-08-29 23:30:00+00:00,2024-08-29 23:30:00+00:00,2024-08-30 03:30:00+00:00,537.47,530.42,7.050000000000068,False,BREAK_BEFORE_K1,0,0,,,False,,,BREAK_BEFORE_K1,2024-08-30 03:25:00+00:00,
90,01:30,5,2024-08-31,Saturday,2024-08-30 18:30:00+00:00,2024-08-30 23:30:00+00:00,2024-08-30 23:30:00+00:00,2024-08-31 03:30:00+00:00,536.96,530.82,6.139999999999986,False,BREAK_BEFORE_K1,0,0,,,False,,,BREAK_BEFORE_K1,2024-08-31 00:30:00+00:00,
90,01:30,5,2024-09-01,Sunday,2024-08-31 18:30:00+00:00,2024-08-31 23:30:00+00:00,2024-08-31 23:30:00+00:00,2024-09-01 03:30:00+00:00,534.78,531.08,3.699999999999932,False,BREAK_BEFORE_K1,0,0,,,False,,,BREAK_BEFORE_K1,2024-09-01 00:30:00+00:00,
90,01:30,5,2024-09-02,Monday,2024-09-01 18:30:00+00:00,2024-09-01 23:30:00+00:00,2024-09-01 23:30:00+00:00,2024-09-02 03:30:00+00:00,523.25,507.0,16.25,False,NO_K1,0,0,,,False,,,NO_K1,,
90,01:30,5,2024-09-03,Tuesday,2024-09-02 18:30:00+00:00,2024-09-02 23:30:00+00:00,2024-09-02 23:30:00+00:00,2024-09-03 03:30:00+00:00,530.6,520.0,10.600000000000023,False,BREAK_BEFORE_K1,0,0,,,False,,,BREAK_BEFORE_K1,2024-09-03 01:05:00+00:00,
90,01:30,5,2024-09-04,Wednesday,2024-09-03 18:30:00+00:00,2024-09-03 23:30:00+00:00,2024-09-03 23:30:00+00:00,2024-09-04 03:30:00+00:00,526.24,520.8,5.440000000000055,False,OPPOSITE_VISIT_BEFORE_K1,0,1,,,False,,,OPPOSITE_VISIT_BEFORE_K1,2024-09-03 23:40:00+00:00,
90,01:30,5,2024-09-05,Thursday,2024-09-04 18:30:00+00:00,2024-09-04 23:30:00+00:00,2024-09-04 23:30:00+00:00,2024-09-05 03:30:00+00:00,513.5,505.3,8.199999999999989,False,BREAK_BEFORE_K1,0,0,,,False,,,BREAK_BEFORE_K1,2024-09-05 03:05:00+00:00,
90,01:30,5,2024-09-06,Friday,2024-09-05 18:30:00+00:00,2024-09-05 23:30:00+00:00,2024-09-05 23:30:00+00:00,2024-09-06 03:30:00+00:00,503.76,497.62,6.139999999999986,True,,1,0,2024-09-06 00:10:00+00:00,2024-09-06 00:15:00+00:00,False,,,BREAK_DURING_K1,2024-09-06 00:15:00+00:00,
90,01:30,5,2024-09-07,Saturday,2024-09-06 18:30:00+00:00,2024-09-06 23:30:00+00:00,2024-09-06 23:30:00+00:00,2024-09-07 03:30:00+00:00,487.76,471.0,16.75999999999999,False,BREAK_BEFORE_K1,0,0,,,False,,,BREAK_BEFORE_K1,2024-09-07 00:00:00+00:00,
90,01:30,5,2024-09-08,Sunday,2024-09-07 18:30:00+00:00,2024-09-07 23:30:00+00:00,2024-09-07 23:30:00+00:00,2024-09-08 03:30:00+00:00,496.72,490.33,6.390000000000043,False,NO_K1,0,0,,,False,,,NO_K1,,
90,01:30,5,2024-09-09,Monday,2024-09-08 18:30:00+00:00,2024-09-08 23:30:00+00:00,2024-09-08 23:30:00+00:00,2024-09-09 03:30:00+00:00,507.0,494.72,12.279999999999973,False,BREAK_BEFORE_K1,0,0,,,False,,,BREAK_BEFORE_K1,2024-09-09 00:55:00+00:00,
90,01:30,5,2024-09-10,Tuesday,2024-09-09 18:30:00+00:00,2024-09-09 23:30:00+00:00,2024-09-09 23:30:00+00:00,2024-09-10 03:30:00+00:00,527.61,516.02,11.590000000000032,False,BREAK_BEFORE_K1,0,0,,,False,,,BREAK_BEFORE_K1,2024-09-10 00:10:00+00:00,
90,01:30,5,2024-09-11,Wednesday,2024-09-10 18:30:00+00:00,2024-09-10 23:30:00+00:00,2024-09-10 23:30:00+00:00,2024-09-11 03:30:00+00:00,524.46,517.74,6.720000000000027,False,OPPOSITE_VISIT_BEFORE_K1,0,1,,,False,,,OPPOSITE_VISIT_BEFORE_K1,2024-09-10 23:35:00+00:00,
90,01:30,5,2024-09-12,Thursday,2024-09-11 18:30:00+00:00,2024-09-11 23:30:00+00:00,2024-09-11 23:30:00+00:00,2024-09-12 03:30:00+00:00,534.78,528.06,6.720000000000027,False,BREAK_BEFORE_K1,0,0,,,False,,,BREAK_BEFORE_K1,2024-09-12 00:20:00+00:00,
90,01:30,5,2024-09-13,Friday,2024-09-12 18:30:00+00:00,2024-09-12 23:30:00+00:00,2024-09-12 23:30:00+00:00,2024-09-13 03:30:00+00:00,543.72,538.55,5.170000000000073,True,,1,0,2024-09-12 23:30:00+00:00,2024-09-12 23:35:00+00:00,False,,,BREAK_DURING_K1,2024-09-12 23:35:00+00:00,
90,01:30,5,2024-09-14,Saturday,2024-09-13 18:30:00+00:00,2024-09-13 23:30:00+00:00,2024-09-13 23:30:00+00:00,2024-09-14 03:30:00+00:00,559.61,551.9,7.710000000000036,False,NO_K1,0,0,,,False,,,NO_K1,,
90,01:30,5,2024-09-15,Sunday,2024-09-14 18:30:00+00:00,2024-09-14 23:30:00+00:00,2024-09-14 23:30:00+00:00,2024-09-15 03:30:00+00:00,553.63,549.78,3.8500000000000227,False,BREAK_BEFORE_K1,0,0,,,False,,,BREAK_BEFORE_K1,2024-09-15 00:00:00+00:00,
90,01:30,5,2024-09-16,Monday,2024-09-15 18:30:00+00:00,2024-09-15 23:30:00+00:00,2024-09-15 23:30:00+00:00,2024-09-16 03:30:00+00:00,560.74,553.66,7.080000000000041,False,BREAK_BEFORE_K1,0,0,,,False,,,BREAK_BEFORE_K1,2024-09-15 23:30:00+00:00,
90,01:30,5,2024-09-17,Tuesday,2024-09-16 18:30:00+00:00,2024-09-16 23:30:00+00:00,2024-09-16 23:30:00+00:00,2024-09-17 03:30:00+00:00,534.05,526.5,7.5499999999999545,True,,1,0,2024-09-16 23:40:00+00:00,2024-09-16 23:45:00+00:00,False,,,BREAK_DURING_K1,2024-09-16 23:45:00+00:00,
90,01:30,5,2024-09-18,Wednesday,2024-09-17 18:30:00+00:00,2024-09-17 23:30:00+00:00,2024-09-17 23:30:00+00:00,2024-09-18 03:30:00+00:00,549.06,541.38,7.67999999999995,False,BREAK_BEFORE_K1,0,0,,,False,,,BREAK_BEFORE_K1,2024-09-18 03:00:00+00:00,
90,01:30,5,2024-09-19,Thursday,2024-09-18 18:30:00+00:00,2024-09-18 23:30:00+00:00,2024-09-18 23:30:00+00:00,2024-09-19 03:30:00+00:00,558.56,540.86,17.699999999999932,True,,1,0,2024-09-18 23:30:00+00:00,2024-09-18 23:35:00+00:00,True,2024-09-18 23:45:00+00:00,2024-09-18 23:50:00+00:00,H2_ARRIVAL,2024-09-18 23:50:00+00:00,5.0
90,01:30,5,2024-09-20,Friday,2024-09-19 18:30:00+00:00,2024-09-19 23:30:00+00:00,2024-09-19 23:30:00+00:00,2024-09-20 03:30:00+00:00,569.74,561.5,8.240000000000009,False,OPPOSITE_VISIT_BEFORE_K1,0,1,,,False,,,OPPOSITE_VISIT_BEFORE_K1,2024-09-20 00:25:00+00:00,
90,01:30,5,2024-09-21,Saturday,2024-09-20 18:30:00+00:00,2024-09-20 23:30:00+00:00,2024-09-20 23:30:00+00:00,2024-09-21 03:30:00+00:00,570.24,565.02,5.220000000000027,False,BREAK_BEFORE_K1,0,0,,,False,,,BREAK_BEFORE_K1,2024-09-21 00:20:00+00:00,
90,01:30,5,2024-09-22,Sunday,2024-09-21 18:30:00+00:00,2024-09-21 23:30:00+00:00,2024-09-21 23:30:00+00:00,2024-09-22 03:30:00+00:00,590.8,583.67,7.1299999999999955,False,OPPOSITE_VISIT_BEFORE_K1,0,1,,,False,,,OPPOSITE_VISIT_BEFORE_K1,2024-09-22 02:05:00+00:00,
90,01:30,5,2024-09-23,Monday,2024-09-22 18:30:00+00:00,2024-09-22 23:30:00+00:00,2024-09-22 23:30:00+00:00,2024-09-23 03:30:00+00:00,595.08,576.07,19.00999999999999,True,,1,0,2024-09-23 01:35:00+00:00,2024-09-23 01:40:00+00:00,False,,,BREAK_DURING_K1,2024-09-23 01:55:00+00:00,
90,01:30,5,2024-09-24,Tuesday,2024-09-23 18:30:00+00:00,2024-09-23 23:30:00+00:00,2024-09-23 23:30:00+00:00,2024-09-24 03:30:00+00:00,616.69,604.21,12.480000000000018,False,BREAK_BEFORE_K1,0,0,,,False,,,BREAK_BEFORE_K1,2024-09-23 23:30:00+00:00,
90,01:30,5,2024-09-25,Wednesday,2024-09-24 18:30:00+00:00,2024-09-24 23:30:00+00:00,2024-09-24 23:30:00+00:00,2024-09-25 03:30:00+00:00,613.9,604.74,9.159999999999968,False,BREAK_BEFORE_K1,0,0,,,False,,,BREAK_BEFORE_K1,2024-09-25 00:15:00+00:00,
90,01:30,5,2024-09-26,Thursday,2024-09-25 18:30:00+00:00,2024-09-25 23:30:00+00:00,2024-09-25 23:30:00+00:00,2024-09-26 03:30:00+00:00,591.71,583.98,7.730000000000018,False,BREAK_BEFORE_K1,0,0,,,False,,,BREAK_BEFORE_K1,2024-09-26 00:45:00+00:00,
90,01:30,5,2024-09-27,Friday,2024-09-26 18:30:00+00:00,2024-09-26 23:30:00+00:00,2024-09-26 23:30:00+00:00,2024-09-27 03:30:00+00:00,598.72,591.33,7.389999999999986,False,BREAK_BEFORE_K1,0,0,,,False,,,BREAK_BEFORE_K1,2024-09-27 00:30:00+00:00,
90,01:30,5,2024-09-28,Saturday,2024-09-27 18:30:00+00:00,2024-09-27 23:30:00+00:00,2024-09-27 23:30:00+00:00,2024-09-28 03:30:00+00:00,611.9,604.31,7.590000000000032,True,,1,0,2024-09-28 02:50:00+00:00,2024-09-28 02:55:00+00:00,False,,,BREAK_DURING_K1,2024-09-28 02:55:00+00:00,
90,01:30,5,2024-09-29,Sunday,2024-09-28 18:30:00+00:00,2024-09-28 23:30:00+00:00,2024-09-28 23:30:00+00:00,2024-09-29 03:30:00+00:00,602.04,595.76,6.279999999999973,True,,1,0,2024-09-28 23:50:00+00:00,2024-09-28 23:55:00+00:00,True,2024-09-28 23:55:00+00:00,2024-09-29 00:00:00+00:00,H2_ARRIVAL,2024-09-29 00:15:00+00:00,20.0
90,01:30,5,2024-09-30,Monday,2024-09-29 18:30:00+00:00,2024-09-29 23:30:00+00:00,2024-09-29 23:30:00+00:00,2024-09-30 03:30:00+00:00,601.67,595.3,6.3700000000000045,False,BREAK_BEFORE_K1,0,0,,,False,,,BREAK_BEFORE_K1,2024-09-29 23:35:00+00:00,
90,01:30,5,2024-10-01,Tuesday,2024-09-30 18:30:00+00:00,2024-09-30 23:30:00+00:00,2024-09-30 23:30:00+00:00,2024-10-01 03:30:00+00:00,575.82,568.35,7.470000000000027,False,BREAK_BEFORE_K1,0,0,,,False,,,BREAK_BEFORE_K1,2024-09-30 23:30:00+00:00,
90,01:30,5,2024-10-02,Wednesday,2024-10-01 18:30:00+00:00,2024-10-01 23:30:00+00:00,2024-10-01 23:30:00+00:00,2024-10-02 03:30:00+00:00,556.61,536.11,20.5,False,NO_K1,0,0,,,False,,,NO_K1,,
90,01:30,5,2024-10-03,Thursday,2024-10-02 18:30:00+00:00,2024-10-02 23:30:00+00:00,2024-10-02 23:30:00+00:00,2024-10-03 03:30:00+00:00,545.9,534.4,11.5,False,BREAK_BEFORE_K1,0,0,,,False,,,BREAK_BEFORE_K1,2024-10-03 01:00:00+00:00,
90,01:30,5,2024-10-04,Friday,2024-10-03 18:30:00+00:00,2024-10-03 23:30:00+00:00,2024-10-03 23:30:00+00:00,2024-10-04 03:30:00+00:00,546.45,540.99,5.460000000000036,False,BREAK_BEFORE_K1,0,0,,,False,,,BREAK_BEFORE_K1,2024-10-04 01:20:00+00:00,
90,01:30,5,2024-10-05,Saturday,2024-10-04 18:30:00+00:00,2024-10-04 23:30:00+00:00,2024-10-04 23:30:00+00:00,2024-10-05 03:30:00+00:00,557.97,554.37,3.6000000000000227,False,BREAK_BEFORE_K1,0,0,,,False,,,BREAK_BEFORE_K1,2024-10-05 02:45:00+00:00,
90,01:30,5,2024-10-06,Sunday,2024-10-05 18:30:00+00:00,2024-10-05 23:30:00+00:00,2024-10-05 23:30:00+00:00,2024-10-06 03:30:00+00:00,564.12,558.0,6.1200000000000045,False,BREAK_BEFORE_K1,0,0,,,False,,,BREAK_BEFORE_K1,2024-10-06 01:20:00+00:00,
90,01:30,5,2024-10-07,Monday,2024-10-06 18:30:00+00:00,2024-10-06 23:30:00+00:00,2024-10-06 23:30:00+00:00,2024-10-07 03:30:00+00:00,570.97,563.25,7.720000000000027,True,,1,0,2024-10-06 23:35:00+00:00,2024-10-06 23:40:00+00:00,False,,,BREAK_DURING_K1,2024-10-06 23:40:00+00:00,
90,01:30,5,2024-10-08,Tuesday,2024-10-07 18:30:00+00:00,2024-10-07 23:30:00+00:00,2024-10-07 23:30:00+00:00,2024-10-08 03:30:00+00:00,574.36,564.39,9.970000000000027,False,OPPOSITE_VISIT_BEFORE_K1,0,1,,,False,,,OPPOSITE_VISIT_BEFORE_K1,2024-10-07 23:50:00+00:00,
90,01:30,5,2024-10-09,Wednesday,2024-10-08 18:30:00+00:00,2024-10-08 23:30:00+00:00,2024-10-08 23:30:00+00:00,2024-10-09 03:30:00+00:00,586.8,577.55,9.25,False,BREAK_BEFORE_K1,0,0,,,False,,,BREAK_BEFORE_K1,2024-10-09 00:35:00+00:00,
90,01:30,5,2024-10-10,Thursday,2024-10-09 18:30:00+00:00,2024-10-09 23:30:00+00:00,2024-10-09 23:30:00+00:00,2024-10-10 03:30:00+00:00,575.82,565.85,9.970000000000027,False,NO_K1,0,0,,,False,,,NO_K1,,
90,01:30,5,2024-10-11,Friday,2024-10-10 18:30:00+00:00,2024-10-10 23:30:00+00:00,2024-10-10 23:30:00+00:00,2024-10-11 03:30:00+00:00,562.0,551.89,10.110000000000014,False,BREAK_BEFORE_K1,0,0,,,False,,,BREAK_BEFORE_K1,2024-10-10 23:30:00+00:00,
90,01:30,5,2024-10-12,Saturday,2024-10-11 18:30:00+00:00,2024-10-11 23:30:00+00:00,2024-10-11 23:30:00+00:00,2024-10-12 03:30:00+00:00,577.48,572.23,5.25,False,NO_K1,0,0,,,False,,,NO_K1,,
90,01:30,5,2024-10-13,Sunday,2024-10-12 18:30:00+00:00,2024-10-12 23:30:00+00:00,2024-10-12 23:30:00+00:00,2024-10-13 03:30:00+00:00,578.18,575.84,2.339999999999918,False,BREAK_BEFORE_K1,0,0,,,False,,,BREAK_BEFORE_K1,2024-10-13 00:30:00+00:00,
90,01:30,5,2024-10-14,Monday,2024-10-13 18:30:00+00:00,2024-10-13 23:30:00+00:00,2024-10-13 23:30:00+00:00,2024-10-14 03:30:00+00:00,573.13,567.59,5.539999999999964,False,BREAK_BEFORE_K1,0,0,,,False,,,BREAK_BEFORE_K1,2024-10-14 03:20:00+00:00,
90,01:30,5,2024-10-15,Tuesday,2024-10-14 18:30:00+00:00,2024-10-14 23:30:00+00:00,2024-10-14 23:30:00+00:00,2024-10-15 03:30:00+00:00,592.0,587.44,4.559999999999945,False,BREAK_BEFORE_K1,0,0,,,False,,,BREAK_BEFORE_K1,2024-10-15 00:25:00+00:00,
90,01:30,5,2024-10-16,Wednesday,2024-10-15 18:30:00+00:00,2024-10-15 23:30:00+00:00,2024-10-15 23:30:00+00:00,2024-10-16 03:30:00+00:00,595.85,587.32,8.529999999999973,False,BREAK_BEFORE_K1,0,0,,,False,,,BREAK_BEFORE_K1,2024-10-16 01:20:00+00:00,
90,01:30,5,2024-10-17,Thursday,2024-10-16 18:30:00+00:00,2024-10-16 23:30:00+00:00,2024-10-16 23:30:00+00:00,2024-10-17 03:30:00+00:00,605.84,596.09,9.75,False,BREAK_BEFORE_K1,0,0,,,False,,,BREAK_BEFORE_K1,2024-10-17 01:15:00+00:00,
90,01:30,5,2024-10-18,Friday,2024-10-17 18:30:00+00:00,2024-10-17 23:30:00+00:00,2024-10-17 23:30:00+00:00,2024-10-18 03:30:00+00:00,592.27,586.23,6.039999999999964,True,,1,0,2024-10-17 23:40:00+00:00,2024-10-17 23:45:00+00:00,True,2024-10-17 23:45:00+00:00,2024-10-17 23:50:00+00:00,H2_ARRIVAL,2024-10-17 23:50:00+00:00,5.0
90,01:30,5,2024-10-19,Saturday,2024-10-18 18:30:00+00:00,2024-10-18 23:30:00+00:00,2024-10-18 23:30:00+00:00,2024-10-19 03:30:00+00:00,602.54,597.75,4.789999999999964,False,NO_K1,0,0,,,False,,,NO_K1,,
90,01:30,5,2024-10-20,Sunday,2024-10-19 18:30:00+00:00,2024-10-19 23:30:00+00:00,2024-10-19 23:30:00+00:00,2024-10-20 03:30:00+00:00,598.3,595.95,2.349999999999909,True,,1,0,2024-10-19 23:30:00+00:00,2024-10-19 23:35:00+00:00,True,2024-10-19 23:35:00+00:00,2024-10-19 23:40:00+00:00,H2_ARRIVAL,2024-10-19 23:45:00+00:00,10.0
90,01:30,5,2024-10-21,Monday,2024-10-20 18:30:00+00:00,2024-10-20 23:30:00+00:00,2024-10-20 23:30:00+00:00,2024-10-21 03:30:00+00:00,606.7,597.9,8.800000000000068,False,BREAK_BEFORE_K1,0,0,,,False,,,BREAK_BEFORE_K1,2024-10-20 23:30:00+00:00,
90,01:30,5,2024-10-22,Tuesday,2024-10-21 18:30:00+00:00,2024-10-21 23:30:00+00:00,2024-10-21 23:30:00+00:00,2024-10-22 03:30:00+00:00,601.54,596.69,4.849999999999909,False,BREAK_BEFORE_K1,0,0,,,False,,,BREAK_BEFORE_K1,2024-10-22 00:30:00+00:00,
90,01:30,5,2024-10-23,Wednesday,2024-10-22 18:30:00+00:00,2024-10-22 23:30:00+00:00,2024-10-22 23:30:00+00:00,2024-10-23 03:30:00+00:00,596.64,593.05,3.590000000000032,False,BREAK_BEFORE_K1,0,0,,,False,,,BREAK_BEFORE_K1,2024-10-23 00:10:00+00:00,
90,01:30,5,2024-10-24,Thursday,2024-10-23 18:30:00+00:00,2024-10-23 23:30:00+00:00,2024-10-23 23:30:00+00:00,2024-10-24 03:30:00+00:00,585.0,574.96,10.039999999999964,True,,1,0,2024-10-23 23:35:00+00:00,2024-10-23 23:40:00+00:00,False,,,BREAK_DURING_K1,2024-10-23 23:40:00+00:00,
90,01:30,5,2024-10-25,Friday,2024-10-24 18:30:00+00:00,2024-10-24 23:30:00+00:00,2024-10-24 23:30:00+00:00,2024-10-25 03:30:00+00:00,598.23,591.96,6.269999999999982,False,NO_K1,0,0,,,False,,,NO_K1,,
90,01:30,5,2024-10-26,Saturday,2024-10-25 18:30:00+00:00,2024-10-25 23:30:00+00:00,2024-10-25 23:30:00+00:00,2024-10-26 03:30:00+00:00,589.16,564.74,24.41999999999996,False,NO_K1,0,0,,,False,,,NO_K1,,
90,01:30,5,2024-10-27,Sunday,2024-10-26 18:30:00+00:00,2024-10-26 23:30:00+00:00,2024-10-26 23:30:00+00:00,2024-10-27 03:30:00+00:00,587.1,583.19,3.909999999999968,False,BREAK_BEFORE_K1,0,0,,,False,,,BREAK_BEFORE_K1,2024-10-27 00:00:00+00:00,
90,01:30,5,2024-10-28,Monday,2024-10-27 18:30:00+00:00,2024-10-27 23:30:00+00:00,2024-10-27 23:30:00+00:00,2024-10-28 03:30:00+00:00,590.94,585.5,5.440000000000055,False,NO_K1,0,0,,,False,,,NO_K1,,
90,01:30,5,2024-10-29,Tuesday,2024-10-28 18:30:00+00:00,2024-10-28 23:30:00+00:00,2024-10-28 23:30:00+00:00,2024-10-29 03:30:00+00:00,605.0,590.41,14.590000000000032,False,BREAK_BEFORE_K1,0,0,,,False,,,BREAK_BEFORE_K1,2024-10-29 02:05:00+00:00,
90,01:30,5,2024-10-30,Wednesday,2024-10-29 18:30:00+00:00,2024-10-29 23:30:00+00:00,2024-10-29 23:30:00+00:00,2024-10-30 03:30:00+00:00,612.0,600.69,11.309999999999945,False,OPPOSITE_VISIT_BEFORE_K1,0,1,,,False,,,OPPOSITE_VISIT_BEFORE_K1,2024-10-30 01:00:00+00:00,
90,01:30,5,2024-10-31,Thursday,2024-10-30 18:30:00+00:00,2024-10-30 23:30:00+00:00,2024-10-30 23:30:00+00:00,2024-10-31 03:30:00+00:00,600.84,595.02,5.82000000000005,False,BREAK_BEFORE_K1,0,0,,,False,,,BREAK_BEFORE_K1,2024-10-31 00:50:00+00:00,
90,01:30,5,2024-11-01,Friday,2024-10-31 18:30:00+00:00,2024-10-31 23:30:00+00:00,2024-10-31 23:30:00+00:00,2024-11-01 03:30:00+00:00,577.87,571.14,6.730000000000018,False,BREAK_BEFORE_K1,0,0,,,False,,,BREAK_BEFORE_K1,2024-10-31 23:30:00+00:00,
90,01:30,5,2024-11-02,Saturday,2024-11-01 18:30:00+00:00,2024-11-01 23:30:00+00:00,2024-11-01 23:30:00+00:00,2024-11-02 03:30:00+00:00,573.59,567.52,6.07000000000005,False,BREAK_BEFORE_K1,0,0,,,False,,,BREAK_BEFORE_K1,2024-11-02 00:20:00+00:00,
90,01:30,5,2024-11-03,Sunday,2024-11-02 18:30:00+00:00,2024-11-02 23:30:00+00:00,2024-11-02 23:30:00+00:00,2024-11-03 03:30:00+00:00,570.64,566.79,3.8500000000000227,False,OPPOSITE_VISIT_BEFORE_K1,0,1,,,False,,,OPPOSITE_VISIT_BEFORE_K1,2024-11-02 23:30:00+00:00,
90,01:30,5,2024-11-04,Monday,2024-11-03 18:30:00+00:00,2024-11-03 23:30:00+00:00,2024-11-03 23:30:00+00:00,2024-11-04 03:30:00+00:00,560.22,548.43,11.790000000000077,True,,1,0,2024-11-04 01:20:00+00:00,2024-11-04 01:25:00+00:00,True,2024-11-04 01:25:00+00:00,2024-11-04 01:30:00+00:00,H2_ARRIVAL,2024-11-04 01:30:00+00:00,5.0
90,01:30,5,2024-11-05,Tuesday,2024-11-04 18:30:00+00:00,2024-11-04 23:30:00+00:00,2024-11-04 23:30:00+00:00,2024-11-05 03:30:00+00:00,554.83,543.22,11.610000000000014,False,BREAK_BEFORE_K1,0,0,,,False,,,BREAK_BEFORE_K1,2024-11-05 00:45:00+00:00,
90,01:30,5,2024-11-06,Wednesday,2024-11-05 18:30:00+00:00,2024-11-05 23:30:00+00:00,2024-11-05 23:30:00+00:00,2024-11-06 03:30:00+00:00,570.52,559.03,11.490000000000009,True,,1,0,2024-11-06 00:35:00+00:00,2024-11-06 00:40:00+00:00,False,,,BREAK_DURING_K1,2024-11-06 00:40:00+00:00,
90,01:30,5,2024-11-07,Thursday,2024-11-06 18:30:00+00:00,2024-11-06 23:30:00+00:00,2024-11-06 23:30:00+00:00,2024-11-07 03:30:00+00:00,595.35,585.27,10.080000000000041,False,BREAK_BEFORE_K1,0,0,,,False,,,BREAK_BEFORE_K1,2024-11-07 00:20:00+00:00,
90,01:30,5,2024-11-08,Friday,2024-11-07 18:30:00+00:00,2024-11-07 23:30:00+00:00,2024-11-07 23:30:00+00:00,2024-11-08 03:30:00+00:00,603.17,596.03,7.139999999999986,True,,1,0,2024-11-08 00:10:00+00:00,2024-11-08 00:15:00+00:00,False,,,BREAK_DURING_K1,2024-11-08 00:15:00+00:00,
90,01:30,5,2024-11-09,Saturday,2024-11-08 18:30:00+00:00,2024-11-08 23:30:00+00:00,2024-11-08 23:30:00+00:00,2024-11-09 03:30:00+00:00,599.29,593.13,6.159999999999968,False,BREAK_BEFORE_K1,0,0,,,False,,,BREAK_BEFORE_K1,2024-11-09 00:10:00+00:00,
90,01:30,5,2024-11-10,Sunday,2024-11-09 18:30:00+00:00,2024-11-09 23:30:00+00:00,2024-11-09 23:30:00+00:00,2024-11-10 03:30:00+00:00,628.0,614.19,13.809999999999945,True,,1,0,2024-11-10 00:25:00+00:00,2024-11-10 00:30:00+00:00,True,2024-11-10 00:30:00+00:00,2024-11-10 00:35:00+00:00,H2_ARRIVAL,2024-11-10 00:35:00+00:00,5.0
90,01:30,5,2024-11-11,Monday,2024-11-10 18:30:00+00:00,2024-11-10 23:30:00+00:00,2024-11-10 23:30:00+00:00,2024-11-11 03:30:00+00:00,641.19,612.02,29.170000000000073,True,,1,0,2024-11-11 02:10:00+00:00,2024-11-11 02:15:00+00:00,True,2024-11-11 02:15:00+00:00,2024-11-11 02:20:00+00:00,NO_H2_BY_END,,
90,01:30,5,2024-11-12,Tuesday,2024-11-11 18:30:00+00:00,2024-11-11 23:30:00+00:00,2024-11-11 23:30:00+00:00,2024-11-12 03:30:00+00:00,647.0,628.51,18.49000000000001,False,BREAK_BEFORE_K1,0,0,,,False,,,BREAK_BEFORE_K1,2024-11-11 23:35:00+00:00,
90,01:30,5,2024-11-13,Wednesday,2024-11-12 18:30:00+00:00,2024-11-12 23:30:00+00:00,2024-11-12 23:30:00+00:00,2024-11-13 03:30:00+00:00,635.56,622.83,12.729999999999905,False,OPPOSITE_VISIT_BEFORE_K1,0,1,,,False,,,OPPOSITE_VISIT_BEFORE_K1,2024-11-13 00:20:00+00:00,
90,01:30,5,2024-11-14,Thursday,2024-11-13 18:30:00+00:00,2024-11-13 23:30:00+00:00,2024-11-13 23:30:00+00:00,2024-11-14 03:30:00+00:00,633.48,605.0,28.480000000000018,False,NO_K1,0,0,,,False,,,NO_K1,,
90,01:30,5,2024-11-15,Friday,2024-11-14 18:30:00+00:00,2024-11-14 23:30:00+00:00,2024-11-14 23:30:00+00:00,2024-11-15 03:30:00+00:00,639.26,619.54,19.720000000000027,False,BREAK_BEFORE_K1,0,0,,,False,,,BREAK_BEFORE_K1,2024-11-14 23:30:00+00:00,
90,01:30,5,2024-11-16,Saturday,2024-11-15 18:30:00+00:00,2024-11-15 23:30:00+00:00,2024-11-15 23:30:00+00:00,2024-11-16 03:30:00+00:00,620.31,610.24,10.069999999999936,True,,1,0,2024-11-16 00:45:00+00:00,2024-11-16 00:50:00+00:00,True,2024-11-16 00:55:00+00:00,2024-11-16 01:00:00+00:00,H2_ARRIVAL,2024-11-16 01:00:00+00:00,5.0
90,01:30,5,2024-11-17,Sunday,2024-11-16 18:30:00+00:00,2024-11-16 23:30:00+00:00,2024-11-16 23:30:00+00:00,2024-11-17 03:30:00+00:00,630.99,620.6,10.389999999999986,False,OPPOSITE_VISIT_BEFORE_K1,0,1,,,False,,,OPPOSITE_VISIT_BEFORE_K1,2024-11-17 01:30:00+00:00,
90,01:30,5,2024-11-18,Monday,2024-11-17 18:30:00+00:00,2024-11-17 23:30:00+00:00,2024-11-17 23:30:00+00:00,2024-11-18 03:30:00+00:00,622.05,611.33,10.719999999999914,True,,1,0,2024-11-18 00:30:00+00:00,2024-11-18 00:35:00+00:00,False,,,BREAK_DURING_K1,2024-11-18 00:35:00+00:00,
90,01:30,5,2024-11-19,Tuesday,2024-11-18 18:30:00+00:00,2024-11-18 23:30:00+00:00,2024-11-18 23:30:00+00:00,2024-11-19 03:30:00+00:00,635.0,612.83,22.16999999999996,False,NO_K1,0,0,,,False,,,NO_K1,,
90,01:30,5,2024-11-20,Wednesday,2024-11-19 18:30:00+00:00,2024-11-19 23:30:00+00:00,2024-11-19 23:30:00+00:00,2024-11-20 03:30:00+00:00,619.81,605.47,14.339999999999918,False,NO_K1,0,0,,,False,,,NO_K1,,
90,01:30,5,2024-11-21,Thursday,2024-11-20 18:30:00+00:00,2024-11-20 23:30:00+00:00,2024-11-20 23:30:00+00:00,2024-11-21 03:30:00+00:00,613.17,600.25,12.919999999999959,False,BREAK_BEFORE_K1,0,0,,,False,,,BREAK_BEFORE_K1,2024-11-21 02:25:00+00:00,
90,01:30,5,2024-11-22,Friday,2024-11-21 18:30:00+00:00,2024-11-21 23:30:00+00:00,2024-11-21 23:30:00+00:00,2024-11-22 03:30:00+00:00,626.08,619.73,6.350000000000023,False,BREAK_BEFORE_K1,0,0,,,False,,,BREAK_BEFORE_K1,2024-11-22 00:20:00+00:00,
90,01:30,5,2024-11-23,Saturday,2024-11-22 18:30:00+00:00,2024-11-22 23:30:00+00:00,2024-11-22 23:30:00+00:00,2024-11-23 03:30:00+00:00,630.66,618.76,11.899999999999977,False,BREAK_BEFORE_K1,0,0,,,False,,,BREAK_BEFORE_K1,2024-11-22 23:30:00+00:00,
90,01:30,5,2024-11-24,Sunday,2024-11-23 18:30:00+00:00,2024-11-23 23:30:00+00:00,2024-11-23 23:30:00+00:00,2024-11-24 03:30:00+00:00,659.25,642.65,16.600000000000023,False,BREAK_BEFORE_K1,0,0,,,False,,,BREAK_BEFORE_K1,2024-11-24 00:45:00+00:00,
90,01:30,5,2024-11-25,Monday,2024-11-24 18:30:00+00:00,2024-11-24 23:30:00+00:00,2024-11-24 23:30:00+00:00,2024-11-25 03:30:00+00:00,664.04,648.5,15.539999999999964,False,BREAK_BEFORE_K1,0,0,,,False,,,BREAK_BEFORE_K1,2024-11-25 01:20:00+00:00,
90,01:30,5,2024-11-26,Tuesday,2024-11-25 18:30:00+00:00,2024-11-25 23:30:00+00:00,2024-11-25 23:30:00+00:00,2024-11-26 03:30:00+00:00,647.57,627.0,20.57000000000005,False,NO_K1,0,0,,,False,,,NO_K1,,
90,01:30,5,2024-11-27,Wednesday,2024-11-26 18:30:00+00:00,2024-11-26 23:30:00+00:00,2024-11-26 23:30:00+00:00,2024-11-27 03:30:00+00:00,617.15,599.92,17.230000000000018,True,,1,0,2024-11-27 00:20:00+00:00,2024-11-27 00:25:00+00:00,True,2024-11-27 00:25:00+00:00,2024-11-27 00:30:00+00:00,H2_ARRIVAL,2024-11-27 02:45:00+00:00,140.0
90,01:30,5,2024-11-28,Thursday,2024-11-27 18:30:00+00:00,2024-11-27 23:30:00+00:00,2024-11-27 23:30:00+00:00,2024-11-28 03:30:00+00:00,647.14,636.0,11.139999999999986,True,,1,0,2024-11-28 00:45:00+00:00,2024-11-28 00:50:00+00:00,False,,,BREAK_DURING_K1,2024-11-28 00:50:00+00:00,
90,01:30,5,2024-11-29,Friday,2024-11-28 18:30:00+00:00,2024-11-28 23:30:00+00:00,2024-11-28 23:30:00+00:00,2024-11-29 03:30:00+00:00,660.0,649.81,10.190000000000055,False,BREAK_BEFORE_K1,0,0,,,False,,,BREAK_BEFORE_K1,2024-11-29 02:30:00+00:00,
90,01:30,5,2024-11-30,Saturday,2024-11-29 18:30:00+00:00,2024-11-29 23:30:00+00:00,2024-11-29 23:30:00+00:00,2024-11-30 03:30:00+00:00,660.14,650.39,9.75,False,OPPOSITE_VISIT_BEFORE_K1,0,1,,,False,,,OPPOSITE_VISIT_BEFORE_K1,2024-11-30 00:40:00+00:00,
90,01:30,5,2024-12-01,Sunday,2024-11-30 18:30:00+00:00,2024-11-30 23:30:00+00:00,2024-11-30 23:30:00+00:00,2024-12-01 03:30:00+00:00,658.76,653.03,5.730000000000018,False,BREAK_BEFORE_K1,0,0,,,False,,,BREAK_BEFORE_K1,2024-12-01 00:40:00+00:00,
90,01:30,5,2024-12-02,Monday,2024-12-01 18:30:00+00:00,2024-12-01 23:30:00+00:00,2024-12-01 23:30:00+00:00,2024-12-02 03:30:00+00:00,659.31,651.91,7.399999999999977,True,,1,0,2024-12-02 00:35:00+00:00,2024-12-02 00:40:00+00:00,False,,,BREAK_DURING_K1,2024-12-02 00:40:00+00:00,
90,01:30,5,2024-12-03,Tuesday,2024-12-02 18:30:00+00:00,2024-12-02 23:30:00+00:00,2024-12-02 23:30:00+00:00,2024-12-03 03:30:00+00:00,645.52,634.32,11.199999999999932,False,BREAK_BEFORE_K1,0,0,,,False,,,BREAK_BEFORE_K1,2024-12-02 23:30:00+00:00,
90,01:30,5,2024-12-04,Wednesday,2024-12-03 18:30:00+00:00,2024-12-03 23:30:00+00:00,2024-12-03 23:30:00+00:00,2024-12-04 03:30:00+00:00,749.96,670.34,79.62,False,BREAK_BEFORE_K1,0,0,,,False,,,BREAK_BEFORE_K1,2024-12-04 00:15:00+00:00,
90,01:30,5,2024-12-05,Thursday,2024-12-04 18:30:00+00:00,2024-12-04 23:30:00+00:00,2024-12-04 23:30:00+00:00,2024-12-05 03:30:00+00:00,747.46,726.82,20.639999999999986,False,OPPOSITE_VISIT_BEFORE_K1,0,1,,,False,,,OPPOSITE_VISIT_BEFORE_K1,2024-12-05 00:45:00+00:00,
90,01:30,5,2024-12-06,Friday,2024-12-05 18:30:00+00:00,2024-12-05 23:30:00+00:00,2024-12-05 23:30:00+00:00,2024-12-06 03:30:00+00:00,732.37,694.48,37.889999999999986,True,,1,0,2024-12-06 00:50:00+00:00,2024-12-06 00:55:00+00:00,True,2024-12-06 01:00:00+00:00,2024-12-06 01:05:00+00:00,H2_ARRIVAL,2024-12-06 01:35:00+00:00,35.0
90,01:30,5,2024-12-07,Saturday,2024-12-06 18:30:00+00:00,2024-12-06 23:30:00+00:00,2024-12-06 23:30:00+00:00,2024-12-07 03:30:00+00:00,744.66,727.0,17.659999999999968,False,NO_K1,0,0,,,False,,,NO_K1,,
90,01:30,5,2024-12-08,Sunday,2024-12-07 18:30:00+00:00,2024-12-07 23:30:00+00:00,2024-12-07 23:30:00+00:00,2024-12-08 03:30:00+00:00,761.69,749.06,12.63000000000011,False,BREAK_BEFORE_K1,0,0,,,False,,,BREAK_BEFORE_K1,2024-12-08 01:30:00+00:00,
90,01:30,5,2024-12-09,Monday,2024-12-08 18:30:00+00:00,2024-12-08 23:30:00+00:00,2024-12-08 23:30:00+00:00,2024-12-09 03:30:00+00:00,744.25,735.23,9.019999999999982,True,,1,0,2024-12-08 23:55:00+00:00,2024-12-09 00:00:00+00:00,True,2024-12-09 00:00:00+00:00,2024-12-09 00:05:00+00:00,OPPOSITE_BREAK_BEFORE_H2,2024-12-09 00:30:00+00:00,
90,01:30,5,2024-12-10,Tuesday,2024-12-09 18:30:00+00:00,2024-12-09 23:30:00+00:00,2024-12-09 23:30:00+00:00,2024-12-10 03:30:00+00:00,721.95,633.0,88.95000000000005,False,NO_K1,0,0,,,False,,,NO_K1,,
90,01:30,5,2024-12-11,Wednesday,2024-12-10 18:30:00+00:00,2024-12-10 23:30:00+00:00,2024-12-10 23:30:00+00:00,2024-12-11 03:30:00+00:00,680.68,660.16,20.519999999999982,False,OPPOSITE_VISIT_BEFORE_K1,0,1,,,False,,,OPPOSITE_VISIT_BEFORE_K1,2024-12-11 01:25:00+00:00,
90,01:30,5,2024-12-12,Thursday,2024-12-11 18:30:00+00:00,2024-12-11 23:30:00+00:00,2024-12-11 23:30:00+00:00,2024-12-12 03:30:00+00:00,713.45,703.61,9.840000000000032,True,,1,0,2024-12-12 00:00:00+00:00,2024-12-12 00:05:00+00:00,False,,,BREAK_DURING_K1,2024-12-12 00:10:00+00:00,
90,01:30,5,2024-12-13,Friday,2024-12-12 18:30:00+00:00,2024-12-12 23:30:00+00:00,2024-12-12 23:30:00+00:00,2024-12-13 03:30:00+00:00,722.9,699.68,23.220000000000027,False,OPPOSITE_VISIT_BEFORE_K1,0,1,,,False,,,OPPOSITE_VISIT_BEFORE_K1,2024-12-13 01:15:00+00:00,
90,01:30,5,2024-12-14,Saturday,2024-12-13 18:30:00+00:00,2024-12-13 23:30:00+00:00,2024-12-13 23:30:00+00:00,2024-12-14 03:30:00+00:00,730.24,717.37,12.870000000000005,False,BREAK_BEFORE_K1,0,0,,,False,,,BREAK_BEFORE_K1,2024-12-14 01:20:00+00:00,
90,01:30,5,2024-12-15,Sunday,2024-12-14 18:30:00+00:00,2024-12-14 23:30:00+00:00,2024-12-14 23:30:00+00:00,2024-12-15 03:30:00+00:00,715.83,704.65,11.180000000000064,True,,1,0,2024-12-14 23:30:00+00:00,2024-12-14 23:35:00+00:00,False,,,BREAK_DURING_K1,2024-12-14 23:35:00+00:00,
90,01:30,5,2024-12-16,Monday,2024-12-15 18:30:00+00:00,2024-12-15 23:30:00+00:00,2024-12-15 23:30:00+00:00,2024-12-16 03:30:00+00:00,724.56,706.15,18.409999999999968,True,,1,0,2024-12-15 23:50:00+00:00,2024-12-15 23:55:00+00:00,True,2024-12-15 23:55:00+00:00,2024-12-16 00:00:00+00:00,H2_ARRIVAL,2024-12-16 00:45:00+00:00,50.0
90,01:30,5,2024-12-17,Tuesday,2024-12-16 18:30:00+00:00,2024-12-16 23:30:00+00:00,2024-12-16 23:30:00+00:00,2024-12-17 03:30:00+00:00,731.0,720.28,10.720000000000027,False,BREAK_BEFORE_K1,0,0,,,False,,,BREAK_BEFORE_K1,2024-12-16 23:30:00+00:00,
90,01:30,5,2024-12-18,Wednesday,2024-12-17 18:30:00+00:00,2024-12-17 23:30:00+00:00,2024-12-17 23:30:00+00:00,2024-12-18 03:30:00+00:00,737.22,715.23,21.99000000000001,False,OPPOSITE_VISIT_BEFORE_K1,0,1,,,False,,,OPPOSITE_VISIT_BEFORE_K1,2024-12-17 23:35:00+00:00,
90,01:30,5,2024-12-19,Thursday,2024-12-18 18:30:00+00:00,2024-12-18 23:30:00+00:00,2024-12-18 23:30:00+00:00,2024-12-19 03:30:00+00:00,721.1,680.0,41.10000000000002,False,BREAK_BEFORE_K1,0,0,,,False,,,BREAK_BEFORE_K1,2024-12-19 02:05:00+00:00,
90,01:30,5,2024-12-20,Friday,2024-12-19 18:30:00+00:00,2024-12-19 23:30:00+00:00,2024-12-19 23:30:00+00:00,2024-12-20 03:30:00+00:00,676.0,647.59,28.409999999999968,False,BREAK_BEFORE_K1,0,0,,,False,,,BREAK_BEFORE_K1,2024-12-20 02:30:00+00:00,
90,01:30,5,2024-12-21,Saturday,2024-12-20 18:30:00+00:00,2024-12-20 23:30:00+00:00,2024-12-20 23:30:00+00:00,2024-12-21 03:30:00+00:00,679.69,664.48,15.210000000000036,True,,1,0,2024-12-21 00:20:00+00:00,2024-12-21 00:25:00+00:00,False,,,BREAK_DURING_K1,2024-12-21 00:35:00+00:00,
90,01:30,5,2024-12-22,Sunday,2024-12-21 18:30:00+00:00,2024-12-21 23:30:00+00:00,2024-12-21 23:30:00+00:00,2024-12-22 03:30:00+00:00,670.45,649.64,20.81000000000006,False,NO_K1,0,0,,,False,,,NO_K1,,
90,01:30,5,2024-12-23,Monday,2024-12-22 18:30:00+00:00,2024-12-22 23:30:00+00:00,2024-12-22 23:30:00+00:00,2024-12-23 03:30:00+00:00,660.6,639.2,21.399999999999977,False,BREAK_BEFORE_K1,0,0,,,False,,,BREAK_BEFORE_K1,2024-12-23 01:15:00+00:00,
90,01:30,5,2024-12-24,Tuesday,2024-12-23 18:30:00+00:00,2024-12-23 23:30:00+00:00,2024-12-23 23:30:00+00:00,2024-12-24 03:30:00+00:00,698.38,679.02,19.360000000000014,False,NO_K1,0,0,,,False,,,NO_K1,,
90,01:30,5,2024-12-25,Wednesday,2024-12-24 18:30:00+00:00,2024-12-24 23:30:00+00:00,2024-12-24 23:30:00+00:00,2024-12-25 03:30:00+00:00,699.27,686.09,13.17999999999995,True,,1,0,2024-12-25 00:45:00+00:00,2024-12-25 00:50:00+00:00,True,2024-12-25 00:50:00+00:00,2024-12-25 00:55:00+00:00,H2_ARRIVAL,2024-12-25 01:00:00+00:00,10.0
90,01:30,5,2024-12-26,Thursday,2024-12-25 18:30:00+00:00,2024-12-25 23:30:00+00:00,2024-12-25 23:30:00+00:00,2024-12-26 03:30:00+00:00,704.85,695.51,9.340000000000032,True,,1,0,2024-12-26 01:35:00+00:00,2024-12-26 01:40:00+00:00,True,2024-12-26 01:40:00+00:00,2024-12-26 01:45:00+00:00,H2_ARRIVAL,2024-12-26 01:55:00+00:00,15.0
90,01:30,5,2024-12-27,Friday,2024-12-26 18:30:00+00:00,2024-12-26 23:30:00+00:00,2024-12-26 23:30:00+00:00,2024-12-27 03:30:00+00:00,694.45,685.04,9.410000000000082,False,NO_K1,0,0,,,False,,,NO_K1,,
90,01:30,5,2024-12-28,Saturday,2024-12-27 18:30:00+00:00,2024-12-27 23:30:00+00:00,2024-12-27 23:30:00+00:00,2024-12-28 03:30:00+00:00,696.57,686.93,9.6400000000001,False,BREAK_BEFORE_K1,0,0,,,False,,,BREAK_BEFORE_K1,2024-12-28 01:40:00+00:00,
90,01:30,5,2024-12-29,Sunday,2024-12-28 18:30:00+00:00,2024-12-28 23:30:00+00:00,2024-12-28 23:30:00+00:00,2024-12-29 03:30:00+00:00,731.25,722.28,8.970000000000027,False,BREAK_BEFORE_K1,0,0,,,False,,,BREAK_BEFORE_K1,2024-12-28 23:35:00+00:00,
90,01:30,5,2024-12-30,Monday,2024-12-29 18:30:00+00:00,2024-12-29 23:30:00+00:00,2024-12-29 23:30:00+00:00,2024-12-30 03:30:00+00:00,702.0,689.67,12.330000000000041,True,,1,0,2024-12-30 01:30:00+00:00,2024-12-30 01:35:00+00:00,True,2024-12-30 01:45:00+00:00,2024-12-30 01:50:00+00:00,NO_H2_BY_END,,
90,01:30,5,2024-12-31,Tuesday,2024-12-30 18:30:00+00:00,2024-12-30 23:30:00+00:00,2024-12-30 23:30:00+00:00,2024-12-31 03:30:00+00:00,712.16,695.04,17.120000000000005,False,NO_K1,0,0,,,False,,,NO_K1,,
120,02:00,5,2022-01-02,Sunday,2022-01-01 19:00:00+00:00,2022-01-02 00:00:00+00:00,2022-01-02 00:00:00+00:00,2022-01-02 04:00:00+00:00,528.16,522.89,5.269999999999982,False,OPPOSITE_VISIT_BEFORE_K1,0,1,,,False,,,OPPOSITE_VISIT_BEFORE_K1,2022-01-02 01:50:00+00:00,
120,02:00,5,2022-01-03,Monday,2022-01-02 19:00:00+00:00,2022-01-03 00:00:00+00:00,2022-01-03 00:00:00+00:00,2022-01-03 04:00:00+00:00,532.4,526.51,5.889999999999986,False,OPPOSITE_VISIT_BEFORE_K1,0,1,,,False,,,OPPOSITE_VISIT_BEFORE_K1,2022-01-03 02:05:00+00:00,
120,02:00,5,2022-01-04,Tuesday,2022-01-03 19:00:00+00:00,2022-01-04 00:00:00+00:00,2022-01-04 00:00:00+00:00,2022-01-04 04:00:00+00:00,519.01,510.41,8.599999999999966,False,BREAK_BEFORE_K1,0,0,,,False,,,BREAK_BEFORE_K1,2022-01-04 00:20:00+00:00,
120,02:00,5,2022-01-05,Wednesday,2022-01-04 19:00:00+00:00,2022-01-05 00:00:00+00:00,2022-01-05 00:00:00+00:00,2022-01-05 04:00:00+00:00,512.86,505.52,7.340000000000032,False,OPPOSITE_VISIT_BEFORE_K1,0,1,,,False,,,OPPOSITE_VISIT_BEFORE_K1,2022-01-05 00:00:00+00:00,
120,02:00,5,2022-01-06,Thursday,2022-01-05 19:00:00+00:00,2022-01-06 00:00:00+00:00,2022-01-06 00:00:00+00:00,2022-01-06 04:00:00+00:00,508.94,456.2,52.74000000000001,False,NO_K1,0,0,,,False,,,NO_K1,,
120,02:00,5,2022-01-07,Friday,2022-01-06 19:00:00+00:00,2022-01-07 00:00:00+00:00,2022-01-07 00:00:00+00:00,2022-01-07 04:00:00+00:00,480.85,471.82,9.03000000000003,False,BREAK_BEFORE_K1,0,0,,,False,,,BREAK_BEFORE_K1,2022-01-07 00:05:00+00:00,
120,02:00,5,2022-01-08,Saturday,2022-01-07 19:00:00+00:00,2022-01-08 00:00:00+00:00,2022-01-08 00:00:00+00:00,2022-01-08 04:00:00+00:00,452.88,445.27,7.610000000000014,False,BREAK_BEFORE_K1,0,0,,,False,,,BREAK_BEFORE_K1,2022-01-08 00:55:00+00:00,
120,02:00,5,2022-01-09,Sunday,2022-01-08 19:00:00+00:00,2022-01-09 00:00:00+00:00,2022-01-09 00:00:00+00:00,2022-01-09 04:00:00+00:00,437.07,416.0,21.069999999999993,False,NO_K1,0,0,,,False,,,NO_K1,,
120,02:00,5,2022-01-10,Monday,2022-01-09 19:00:00+00:00,2022-01-10 00:00:00+00:00,2022-01-10 00:00:00+00:00,2022-01-10 04:00:00+00:00,444.14,436.7,7.439999999999998,False,OPPOSITE_VISIT_BEFORE_K1,0,1,,,False,,,OPPOSITE_VISIT_BEFORE_K1,2022-01-10 00:05:00+00:00,
120,02:00,5,2022-01-11,Tuesday,2022-01-10 19:00:00+00:00,2022-01-11 00:00:00+00:00,2022-01-11 00:00:00+00:00,2022-01-11 04:00:00+00:00,425.6,417.34,8.260000000000048,True,,1,0,2022-01-11 02:00:00+00:00,2022-01-11 02:05:00+00:00,False,,,BREAK_DURING_K1,2022-01-11 02:05:00+00:00,
120,02:00,5,2022-01-12,Wednesday,2022-01-11 19:00:00+00:00,2022-01-12 00:00:00+00:00,2022-01-12 00:00:00+00:00,2022-01-12 04:00:00+00:00,464.0,455.64,8.360000000000014,True,,1,0,2022-01-12 00:00:00+00:00,2022-01-12 00:05:00+00:00,False,,,BREAK_DURING_K1,2022-01-12 00:05:00+00:00,
120,02:00,5,2022-01-13,Thursday,2022-01-12 19:00:00+00:00,2022-01-13 00:00:00+00:00,2022-01-13 00:00:00+00:00,2022-01-13 04:00:00+00:00,488.41,482.27,6.140000000000043,True,,1,0,2022-01-13 00:05:00+00:00,2022-01-13 00:10:00+00:00,True,2022-01-13 00:10:00+00:00,2022-01-13 00:15:00+00:00,OPPOSITE_BREAK_BEFORE_H2,2022-01-13 00:55:00+00:00,
120,02:00,5,2022-01-14,Friday,2022-01-13 19:00:00+00:00,2022-01-14 00:00:00+00:00,2022-01-14 00:00:00+00:00,2022-01-14 04:00:00+00:00,479.31,468.62,10.689999999999998,True,,1,0,2022-01-14 00:45:00+00:00,2022-01-14 00:50:00+00:00,False,,,BREAK_DURING_K1,2022-01-14 00:50:00+00:00,
120,02:00,5,2022-01-15,Saturday,2022-01-14 19:00:00+00:00,2022-01-15 00:00:00+00:00,2022-01-15 00:00:00+00:00,2022-01-15 04:00:00+00:00,492.28,481.98,10.299999999999955,True,,1,0,2022-01-15 00:00:00+00:00,2022-01-15 00:05:00+00:00,True,2022-01-15 00:05:00+00:00,2022-01-15 00:10:00+00:00,NO_H2_BY_END,,
120,02:00,5,2022-01-16,Sunday,2022-01-15 19:00:00+00:00,2022-01-16 00:00:00+00:00,2022-01-16 00:00:00+00:00,2022-01-16 04:00:00+00:00,499.45,493.0,6.449999999999989,False,BREAK_BEFORE_K1,0,0,,,False,,,BREAK_BEFORE_K1,2022-01-16 00:00:00+00:00,
120,02:00,5,2022-01-17,Monday,2022-01-16 19:00:00+00:00,2022-01-17 00:00:00+00:00,2022-01-17 00:00:00+00:00,2022-01-17 04:00:00+00:00,500.53,496.6,3.92999999999995,False,OPPOSITE_VISIT_BEFORE_K1,0,1,,,False,,,OPPOSITE_VISIT_BEFORE_K1,2022-01-17 00:00:00+00:00,
120,02:00,5,2022-01-18,Tuesday,2022-01-17 19:00:00+00:00,2022-01-18 00:00:00+00:00,2022-01-18 00:00:00+00:00,2022-01-18 04:00:00+00:00,477.89,466.47,11.419999999999959,False,BREAK_BEFORE_K1,0,0,,,False,,,BREAK_BEFORE_K1,2022-01-18 01:10:00+00:00,
120,02:00,5,2022-01-19,Wednesday,2022-01-18 19:00:00+00:00,2022-01-19 00:00:00+00:00,2022-01-19 00:00:00+00:00,2022-01-19 04:00:00+00:00,473.59,459.55,14.039999999999964,False,NO_K1,0,0,,,False,,,NO_K1,,
120,02:00,5,2022-01-20,Thursday,2022-01-19 19:00:00+00:00,2022-01-20 00:00:00+00:00,2022-01-20 00:00:00+00:00,2022-01-20 04:00:00+00:00,471.92,461.18,10.740000000000009,False,NO_K1,0,0,,,False,,,NO_K1,,
120,02:00,5,2022-01-21,Friday,2022-01-20 19:00:00+00:00,2022-01-21 00:00:00+00:00,2022-01-21 00:00:00+00:00,2022-01-21 04:00:00+00:00,467.91,438.1,29.810000000000002,False,BREAK_BEFORE_K1,0,0,,,False,,,BREAK_BEFORE_K1,2022-01-21 00:00:00+00:00,
120,02:00,5,2022-01-22,Saturday,2022-01-21 19:00:00+00:00,2022-01-22 00:00:00+00:00,2022-01-22 00:00:00+00:00,2022-01-22 04:00:00+00:00,418.78,373.11,45.66999999999996,False,NO_K1,0,0,,,False,,,NO_K1,,
120,02:00,5,2022-01-23,Sunday,2022-01-22 19:00:00+00:00,2022-01-23 00:00:00+00:00,2022-01-23 00:00:00+00:00,2022-01-23 04:00:00+00:00,366.46,346.0,20.45999999999998,False,BREAK_BEFORE_K1,0,0,,,False,,,BREAK_BEFORE_K1,2022-01-23 00:50:00+00:00,
120,02:00,5,2022-01-24,Monday,2022-01-23 19:00:00+00:00,2022-01-24 00:00:00+00:00,2022-01-24 00:00:00+00:00,2022-01-24 04:00:00+00:00,386.27,363.12,23.149999999999977,False,NO_K1,0,0,,,False,,,NO_K1,,
120,02:00,5,2022-01-25,Tuesday,2022-01-24 19:00:00+00:00,2022-01-25 00:00:00+00:00,2022-01-25 00:00:00+00:00,2022-01-25 04:00:00+00:00,376.33,360.25,16.079999999999984,False,NO_K1,0,0,,,False,,,NO_K1,,
120,02:00,5,2022-01-26,Wednesday,2022-01-25 19:00:00+00:00,2022-01-26 00:00:00+00:00,2022-01-26 00:00:00+00:00,2022-01-26 04:00:00+00:00,387.13,376.73,10.399999999999977,False,NO_K1,0,0,,,False,,,NO_K1,,
120,02:00,5,2022-01-27,Thursday,2022-01-26 19:00:00+00:00,2022-01-27 00:00:00+00:00,2022-01-27 00:00:00+00:00,2022-01-27 04:00:00+00:00,402.42,366.0,36.420000000000016,False,BREAK_BEFORE_K1,0,0,,,False,,,BREAK_BEFORE_K1,2022-01-27 02:05:00+00:00,
120,02:00,5,2022-01-28,Friday,2022-01-27 19:00:00+00:00,2022-01-28 00:00:00+00:00,2022-01-28 00:00:00+00:00,2022-01-28 04:00:00+00:00,392.88,359.63,33.25,True,,1,0,2022-01-28 00:05:00+00:00,2022-01-28 00:10:00+00:00,True,2022-01-28 00:10:00+00:00,2022-01-28 00:15:00+00:00,NO_H2_BY_END,,
120,02:00,5,2022-01-29,Saturday,2022-01-28 19:00:00+00:00,2022-01-29 00:00:00+00:00,2022-01-29 00:00:00+00:00,2022-01-29 04:00:00+00:00,392.0,381.58,10.420000000000016,False,NO_K1,0,0,,,False,,,NO_K1,,
120,02:00,5,2022-01-30,Sunday,2022-01-29 19:00:00+00:00,2022-01-30 00:00:00+00:00,2022-01-30 00:00:00+00:00,2022-01-30 04:00:00+00:00,392.57,385.06,7.509999999999991,False,BREAK_BEFORE_K1,0,0,,,False,,,BREAK_BEFORE_K1,2022-01-30 00:40:00+00:00,
120,02:00,5,2022-01-31,Monday,2022-01-30 19:00:00+00:00,2022-01-31 00:00:00+00:00,2022-01-31 00:00:00+00:00,2022-01-31 04:00:00+00:00,380.04,372.13,7.910000000000025,False,BREAK_BEFORE_K1,0,0,,,False,,,BREAK_BEFORE_K1,2022-01-31 00:40:00+00:00,
120,02:00,5,2022-02-01,Tuesday,2022-01-31 19:00:00+00:00,2022-02-01 00:00:00+00:00,2022-02-01 00:00:00+00:00,2022-02-01 04:00:00+00:00,385.01,373.54,11.46999999999997,False,NO_K1,0,0,,,False,,,NO_K1,,
120,02:00,5,2022-02-02,Wednesday,2022-02-01 19:00:00+00:00,2022-02-02 00:00:00+00:00,2022-02-02 00:00:00+00:00,2022-02-02 04:00:00+00:00,387.2,382.28,4.920000000000016,False,BREAK_BEFORE_K1,0,0,,,False,,,BREAK_BEFORE_K1,2022-02-02 00:30:00+00:00,
120,02:00,5,2022-02-03,Thursday,2022-02-02 19:00:00+00:00,2022-02-03 00:00:00+00:00,2022-02-03 00:00:00+00:00,2022-02-03 04:00:00+00:00,376.99,366.0,10.990000000000009,False,OPPOSITE_VISIT_BEFORE_K1,0,1,,,False,,,OPPOSITE_VISIT_BEFORE_K1,2022-02-03 00:05:00+00:00,
120,02:00,5,2022-02-04,Friday,2022-02-03 19:00:00+00:00,2022-02-04 00:00:00+00:00,2022-02-04 00:00:00+00:00,2022-02-04 04:00:00+00:00,372.35,361.56,10.79000000000002,True,,1,0,2022-02-04 00:00:00+00:00,2022-02-04 00:05:00+00:00,True,2022-02-04 00:05:00+00:00,2022-02-04 00:10:00+00:00,NO_H2_BY_END,,
120,02:00,5,2022-02-05,Saturday,2022-02-04 19:00:00+00:00,2022-02-05 00:00:00+00:00,2022-02-05 00:00:00+00:00,2022-02-05 04:00:00+00:00,399.42,391.52,7.900000000000034,True,,1,0,2022-02-05 00:05:00+00:00,2022-02-05 00:10:00+00:00,False,,,BREAK_DURING_K1,2022-02-05 00:10:00+00:00,
120,02:00,5,2022-02-06,Sunday,2022-02-05 19:00:00+00:00,2022-02-06 00:00:00+00:00,2022-02-06 00:00:00+00:00,2022-02-06 04:00:00+00:00,415.85,409.85,6.0,False,BREAK_BEFORE_K1,0,0,,,False,,,BREAK_BEFORE_K1,2022-02-06 00:50:00+00:00,
120,02:00,5,2022-02-07,Monday,2022-02-06 19:00:00+00:00,2022-02-07 00:00:00+00:00,2022-02-07 00:00:00+00:00,2022-02-07 04:00:00+00:00,419.98,410.17,9.810000000000002,True,,1,0,2022-02-07 00:00:00+00:00,2022-02-07 00:05:00+00:00,True,2022-02-07 00:05:00+00:00,2022-02-07 00:10:00+00:00,H2_ARRIVAL,2022-02-07 02:25:00+00:00,140.0
120,02:00,5,2022-02-08,Tuesday,2022-02-07 19:00:00+00:00,2022-02-08 00:00:00+00:00,2022-02-08 00:00:00+00:00,2022-02-08 04:00:00+00:00,437.7,432.08,5.6200000000000045,False,BREAK_BEFORE_K1,0,0,,,False,,,BREAK_BEFORE_K1,2022-02-08 00:05:00+00:00,
120,02:00,5,2022-02-09,Wednesday,2022-02-08 19:00:00+00:00,2022-02-09 00:00:00+00:00,2022-02-09 00:00:00+00:00,2022-02-09 04:00:00+00:00,417.42,406.26,11.160000000000025,False,NO_K1,0,0,,,False,,,NO_K1,,
120,02:00,5,2022-02-10,Thursday,2022-02-09 19:00:00+00:00,2022-02-10 00:00:00+00:00,2022-02-10 00:00:00+00:00,2022-02-10 04:00:00+00:00,427.49,419.75,7.740000000000009,False,OPPOSITE_VISIT_BEFORE_K1,0,1,,,False,,,OPPOSITE_VISIT_BEFORE_K1,2022-02-10 00:15:00+00:00,
120,02:00,5,2022-02-11,Friday,2022-02-10 19:00:00+00:00,2022-02-11 00:00:00+00:00,2022-02-11 00:00:00+00:00,2022-02-11 04:00:00+00:00,426.9,412.78,14.120000000000005,False,BREAK_BEFORE_K1,0,0,,,False,,,BREAK_BEFORE_K1,2022-02-11 00:00:00+00:00,
120,02:00,5,2022-02-12,Saturday,2022-02-11 19:00:00+00:00,2022-02-12 00:00:00+00:00,2022-02-12 00:00:00+00:00,2022-02-12 04:00:00+00:00,408.68,392.5,16.180000000000007,False,NO_K1,0,0,,,False,,,NO_K1,,
120,02:00,5,2022-02-13,Sunday,2022-02-12 19:00:00+00:00,2022-02-13 00:00:00+00:00,2022-02-13 00:00:00+00:00,2022-02-13 04:00:00+00:00,405.92,397.5,8.420000000000016,False,BREAK_BEFORE_K1,0,0,,,False,,,BREAK_BEFORE_K1,2022-02-13 00:35:00+00:00,
120,02:00,5,2022-02-14,Monday,2022-02-13 19:00:00+00:00,2022-02-14 00:00:00+00:00,2022-02-14 00:00:00+00:00,2022-02-14 04:00:00+00:00,400.67,394.51,6.160000000000025,False,BREAK_BEFORE_K1,0,0,,,False,,,BREAK_BEFORE_K1,2022-02-14 01:25:00+00:00,
120,02:00,5,2022-02-15,Tuesday,2022-02-14 19:00:00+00:00,2022-02-15 00:00:00+00:00,2022-02-15 00:00:00+00:00,2022-02-15 04:00:00+00:00,403.93,395.62,8.310000000000002,False,BREAK_BEFORE_K1,0,0,,,False,,,BREAK_BEFORE_K1,2022-02-15 00:00:00+00:00,
120,02:00,5,2022-02-16,Wednesday,2022-02-15 19:00:00+00:00,2022-02-16 00:00:00+00:00,2022-02-16 00:00:00+00:00,2022-02-16 04:00:00+00:00,433.86,426.1,7.759999999999991,False,NO_K1,0,0,,,False,,,NO_K1,,
120,02:00,5,2022-02-17,Thursday,2022-02-16 19:00:00+00:00,2022-02-17 00:00:00+00:00,2022-02-17 00:00:00+00:00,2022-02-17 04:00:00+00:00,432.0,423.35,8.649999999999977,False,NO_K1,0,0,,,False,,,NO_K1,,
120,02:00,5,2022-02-18,Friday,2022-02-17 19:00:00+00:00,2022-02-18 00:00:00+00:00,2022-02-18 00:00:00+00:00,2022-02-18 04:00:00+00:00,408.53,399.52,9.009999999999991,False,OPPOSITE_VISIT_BEFORE_K1,0,1,,,False,,,OPPOSITE_VISIT_BEFORE_K1,2022-02-18 00:00:00+00:00,
120,02:00,5,2022-02-19,Saturday,2022-02-18 19:00:00+00:00,2022-02-19 00:00:00+00:00,2022-02-19 00:00:00+00:00,2022-02-19 04:00:00+00:00,400.1,394.73,5.3700000000000045,False,BREAK_BEFORE_K1,0,0,,,False,,,BREAK_BEFORE_K1,2022-02-19 00:20:00+00:00,
120,02:00,5,2022-02-20,Sunday,2022-02-19 19:00:00+00:00,2022-02-20 00:00:00+00:00,2022-02-20 00:00:00+00:00,2022-02-20 04:00:00+00:00,400.51,395.56,4.949999999999989,False,OPPOSITE_VISIT_BEFORE_K1,0,1,,,False,,,OPPOSITE_VISIT_BEFORE_K1,2022-02-20 00:50:00+00:00,
120,02:00,5,2022-02-21,Monday,2022-02-20 19:00:00+00:00,2022-02-21 00:00:00+00:00,2022-02-21 00:00:00+00:00,2022-02-21 04:00:00+00:00,386.0,377.37,8.629999999999995,False,BREAK_BEFORE_K1,0,0,,,False,,,BREAK_BEFORE_K1,2022-02-21 01:05:00+00:00,
120,02:00,5,2022-02-22,Tuesday,2022-02-21 19:00:00+00:00,2022-02-22 00:00:00+00:00,2022-02-22 00:00:00+00:00,2022-02-22 04:00:00+00:00,372.43,354.64,17.79000000000002,False,BREAK_BEFORE_K1,0,0,,,False,,,BREAK_BEFORE_K1,2022-02-22 03:00:00+00:00,
120,02:00,5,2022-02-23,Wednesday,2022-02-22 19:00:00+00:00,2022-02-23 00:00:00+00:00,2022-02-23 00:00:00+00:00,2022-02-23 04:00:00+00:00,375.35,365.01,10.340000000000032,False,BREAK_BEFORE_K1,0,0,,,False,,,BREAK_BEFORE_K1,2022-02-23 00:05:00+00:00,
120,02:00,5,2022-02-24,Thursday,2022-02-23 19:00:00+00:00,2022-02-24 00:00:00+00:00,2022-02-24 00:00:00+00:00,2022-02-24 04:00:00+00:00,375.2,365.02,10.180000000000007,False,OPPOSITE_VISIT_BEFORE_K1,0,1,,,False,,,OPPOSITE_VISIT_BEFORE_K1,2022-02-24 00:00:00+00:00,
120,02:00,5,2022-02-25,Friday,2022-02-24 19:00:00+00:00,2022-02-25 00:00:00+00:00,2022-02-25 00:00:00+00:00,2022-02-25 04:00:00+00:00,370.77,349.19,21.579999999999984,False,NO_K1,0,0,,,False,,,NO_K1,,
120,02:00,5,2022-02-26,Saturday,2022-02-25 19:00:00+00:00,2022-02-26 00:00:00+00:00,2022-02-26 00:00:00+00:00,2022-02-26 04:00:00+00:00,377.18,362.78,14.400000000000034,False,BREAK_BEFORE_K1,0,0,,,False,,,BREAK_BEFORE_K1,2022-02-26 00:35:00+00:00,
120,02:00,5,2022-02-27,Sunday,2022-02-26 19:00:00+00:00,2022-02-27 00:00:00+00:00,2022-02-27 00:00:00+00:00,2022-02-27 04:00:00+00:00,378.23,370.87,7.360000000000014,False,BREAK_BEFORE_K1,0,0,,,False,,,BREAK_BEFORE_K1,2022-02-27 00:25:00+00:00,
120,02:00,5,2022-02-28,Monday,2022-02-27 19:00:00+00:00,2022-02-28 00:00:00+00:00,2022-02-28 00:00:00+00:00,2022-02-28 04:00:00+00:00,370.73,357.87,12.860000000000014,False,BREAK_BEFORE_K1,0,0,,,False,,,BREAK_BEFORE_K1,2022-02-28 00:20:00+00:00,
120,02:00,5,2022-03-01,Tuesday,2022-02-28 19:00:00+00:00,2022-03-01 00:00:00+00:00,2022-03-01 00:00:00+00:00,2022-03-01 04:00:00+00:00,397.37,382.09,15.28000000000003,False,BREAK_BEFORE_K1,0,0,,,False,,,BREAK_BEFORE_K1,2022-03-01 00:00:00+00:00,
120,02:00,5,2022-03-02,Wednesday,2022-03-01 19:00:00+00:00,2022-03-02 00:00:00+00:00,2022-03-02 00:00:00+00:00,2022-03-02 04:00:00+00:00,409.63,403.26,6.3700000000000045,True,,1,0,2022-03-02 00:00:00+00:00,2022-03-02 00:05:00+00:00,True,2022-03-02 00:10:00+00:00,2022-03-02 00:15:00+00:00,H2_ARRIVAL,2022-03-02 01:00:00+00:00,50.0
120,02:00,5,2022-03-03,Thursday,2022-03-02 19:00:00+00:00,2022-03-03 00:00:00+00:00,2022-03-03 00:00:00+00:00,2022-03-03 04:00:00+00:00,410.56,404.73,5.829999999999984,False,BREAK_BEFORE_K1,0,0,,,False,,,BREAK_BEFORE_K1,2022-03-03 01:00:00+00:00,
120,02:00,5,2022-03-04,Friday,2022-03-03 19:00:00+00:00,2022-03-04 00:00:00+00:00,2022-03-04 00:00:00+00:00,2022-03-04 04:00:00+00:00,403.85,397.34,6.510000000000048,False,BREAK_BEFORE_K1,0,0,,,False,,,BREAK_BEFORE_K1,2022-03-04 00:45:00+00:00,
120,02:00,5,2022-03-05,Saturday,2022-03-04 19:00:00+00:00,2022-03-05 00:00:00+00:00,2022-03-05 00:00:00+00:00,2022-03-05 04:00:00+00:00,387.83,371.5,16.329999999999984,False,BREAK_BEFORE_K1,0,0,,,False,,,BREAK_BEFORE_K1,2022-03-05 00:05:00+00:00,
120,02:00,5,2022-03-06,Sunday,2022-03-05 19:00:00+00:00,2022-03-06 00:00:00+00:00,2022-03-06 00:00:00+00:00,2022-03-06 04:00:00+00:00,387.22,379.87,7.350000000000023,False,NO_K1,0,0,,,False,,,NO_K1,,
120,02:00,5,2022-03-07,Monday,2022-03-06 19:00:00+00:00,2022-03-07 00:00:00+00:00,2022-03-07 00:00:00+00:00,2022-03-07 04:00:00+00:00,381.81,372.38,9.430000000000007,False,BREAK_BEFORE_K1,0,0,,,False,,,BREAK_BEFORE_K1,2022-03-07 00:15:00+00:00,
120,02:00,5,2022-03-08,Tuesday,2022-03-07 19:00:00+00:00,2022-03-08 00:00:00+00:00,2022-03-08 00:00:00+00:00,2022-03-08 04:00:00+00:00,385.62,362.36,23.25999999999999,False,NO_K1,0,0,,,False,,,NO_K1,,
120,02:00,5,2022-03-09,Wednesday,2022-03-08 19:00:00+00:00,2022-03-09 00:00:00+00:00,2022-03-09 00:00:00+00:00,2022-03-09 04:00:00+00:00,384.4,378.68,5.71999999999997,False,BREAK_BEFORE_K1,0,0,,,False,,,BREAK_BEFORE_K1,2022-03-09 01:25:00+00:00,
120,02:00,5,2022-03-10,Thursday,2022-03-09 19:00:00+00:00,2022-03-10 00:00:00+00:00,2022-03-10 00:00:00+00:00,2022-03-10 04:00:00+00:00,394.68,390.17,4.509999999999991,False,BREAK_BEFORE_K1,0,0,,,False,,,BREAK_BEFORE_K1,2022-03-10 01:40:00+00:00,
120,02:00,5,2022-03-11,Friday,2022-03-10 19:00:00+00:00,2022-03-11 00:00:00+00:00,2022-03-11 00:00:00+00:00,2022-03-11 04:00:00+00:00,372.78,367.54,5.239999999999952,False,OPPOSITE_VISIT_BEFORE_K1,0,1,,,False,,,OPPOSITE_VISIT_BEFORE_K1,2022-03-11 01:05:00+00:00,
120,02:00,5,2022-03-12,Saturday,2022-03-11 19:00:00+00:00,2022-03-12 00:00:00+00:00,2022-03-12 00:00:00+00:00,2022-03-12 04:00:00+00:00,374.77,368.25,6.519999999999982,False,BREAK_BEFORE_K1,0,0,,,False,,,BREAK_BEFORE_K1,2022-03-12 00:25:00+00:00,
120,02:00,5,2022-03-13,Sunday,2022-03-12 19:00:00+00:00,2022-03-13 00:00:00+00:00,2022-03-13 00:00:00+00:00,2022-03-13 04:00:00+00:00,376.9,371.5,5.399999999999977,False,OPPOSITE_VISIT_BEFORE_K1,0,1,,,False,,,OPPOSITE_VISIT_BEFORE_K1,2022-03-13 00:00:00+00:00,
120,02:00,5,2022-03-14,Monday,2022-03-13 19:00:00+00:00,2022-03-14 00:00:00+00:00,2022-03-14 00:00:00+00:00,2022-03-14 04:00:00+00:00,373.29,359.53,13.760000000000048,False,OPPOSITE_VISIT_BEFORE_K1,0,1,,,False,,,OPPOSITE_VISIT_BEFORE_K1,2022-03-14 00:10:00+00:00,
120,02:00,5,2022-03-15,Tuesday,2022-03-14 19:00:00+00:00,2022-03-15 00:00:00+00:00,2022-03-15 00:00:00+00:00,2022-03-15 04:00:00+00:00,374.0,364.31,9.689999999999998,True,,1,0,2022-03-15 00:00:00+00:00,2022-03-15 00:05:00+00:00,True,2022-03-15 00:10:00+00:00,2022-03-15 00:15:00+00:00,NO_H2_BY_END,,
120,02:00,5,2022-03-16,Wednesday,2022-03-15 19:00:00+00:00,2022-03-16 00:00:00+00:00,2022-03-16 00:00:00+00:00,2022-03-16 04:00:00+00:00,374.46,369.91,4.5499999999999545,True,,1,0,2022-03-16 01:45:00+00:00,2022-03-16 01:50:00+00:00,True,2022-03-16 01:55:00+00:00,2022-03-16 02:00:00+00:00,H2_ARRIVAL,2022-03-16 02:00:00+00:00,5.0
120,02:00,5,2022-03-17,Thursday,2022-03-16 19:00:00+00:00,2022-03-17 00:00:00+00:00,2022-03-17 00:00:00+00:00,2022-03-17 04:00:00+00:00,386.6,375.33,11.270000000000039,False,NO_K1,0,0,,,False,,,NO_K1,,
120,02:00,5,2022-03-18,Friday,2022-03-17 19:00:00+00:00,2022-03-18 00:00:00+00:00,2022-03-18 00:00:00+00:00,2022-03-18 04:00:00+00:00,392.0,386.98,5.019999999999982,False,BREAK_BEFORE_K1,0,0,,,False,,,BREAK_BEFORE_K1,2022-03-18 00:00:00+00:00,
120,02:00,5,2022-03-19,Saturday,2022-03-18 19:00:00+00:00,2022-03-19 00:00:00+00:00,2022-03-19 00:00:00+00:00,2022-03-19 04:00:00+00:00,400.3,395.23,5.069999999999993,True,,1,0,2022-03-19 01:55:00+00:00,2022-03-19 02:00:00+00:00,True,2022-03-19 02:00:00+00:00,2022-03-19 02:05:00+00:00,NO_H2_BY_END,,
120,02:00,5,2022-03-20,Sunday,2022-03-19 19:00:00+00:00,2022-03-20 00:00:00+00:00,2022-03-20 00:00:00+00:00,2022-03-20 04:00:00+00:00,402.54,395.6,6.939999999999998,False,BREAK_BEFORE_K1,0,0,,,False,,,BREAK_BEFORE_K1,2022-03-20 01:15:00+00:00,
120,02:00,5,2022-03-21,Monday,2022-03-20 19:00:00+00:00,2022-03-21 00:00:00+00:00,2022-03-21 00:00:00+00:00,2022-03-21 04:00:00+00:00,394.23,388.2,6.03000000000003,False,OPPOSITE_VISIT_BEFORE_K1,0,1,,,False,,,OPPOSITE_VISIT_BEFORE_K1,2022-03-21 02:20:00+00:00,
120,02:00,5,2022-03-22,Tuesday,2022-03-21 19:00:00+00:00,2022-03-22 00:00:00+00:00,2022-03-22 00:00:00+00:00,2022-03-22 04:00:00+00:00,397.92,394.76,3.160000000000025,False,BREAK_BEFORE_K1,0,0,,,False,,,BREAK_BEFORE_K1,2022-03-22 02:00:00+00:00,
120,02:00,5,2022-03-23,Wednesday,2022-03-22 19:00:00+00:00,2022-03-23 00:00:00+00:00,2022-03-23 00:00:00+00:00,2022-03-23 04:00:00+00:00,407.0,402.0,5.0,False,OPPOSITE_VISIT_BEFORE_K1,0,1,,,False,,,OPPOSITE_VISIT_BEFORE_K1,2022-03-23 01:00:00+00:00,
120,02:00,5,2022-03-24,Thursday,2022-03-23 19:00:00+00:00,2022-03-24 00:00:00+00:00,2022-03-24 00:00:00+00:00,2022-03-24 04:00:00+00:00,408.86,402.01,6.850000000000023,False,BREAK_BEFORE_K1,0,0,,,False,,,BREAK_BEFORE_K1,2022-03-24 00:00:00+00:00,
120,02:00,5,2022-03-25,Friday,2022-03-24 19:00:00+00:00,2022-03-25 00:00:00+00:00,2022-03-25 00:00:00+00:00,2022-03-25 04:00:00+00:00,415.57,412.61,2.9599999999999795,False,BREAK_BEFORE_K1,0,0,,,False,,,BREAK_BEFORE_K1,2022-03-25 00:15:00+00:00,
120,02:00,5,2022-03-26,Saturday,2022-03-25 19:00:00+00:00,2022-03-26 00:00:00+00:00,2022-03-26 00:00:00+00:00,2022-03-26 04:00:00+00:00,412.86,408.2,4.660000000000025,False,OPPOSITE_VISIT_BEFORE_K1,0,1,,,False,,,OPPOSITE_VISIT_BEFORE_K1,2022-03-26 01:00:00+00:00,
120,02:00,5,2022-03-27,Sunday,2022-03-26 19:00:00+00:00,2022-03-27 00:00:00+00:00,2022-03-27 00:00:00+00:00,2022-03-27 04:00:00+00:00,416.29,413.28,3.0100000000000477,True,,1,0,2022-03-27 00:20:00+00:00,2022-03-27 00:25:00+00:00,True,2022-03-27 00:25:00+00:00,2022-03-27 00:30:00+00:00,H2_ARRIVAL,2022-03-27 00:30:00+00:00,5.0
120,02:00,5,2022-03-28,Monday,2022-03-27 19:00:00+00:00,2022-03-28 00:00:00+00:00,2022-03-28 00:00:00+00:00,2022-03-28 04:00:00+00:00,431.72,416.0,15.720000000000027,False,BREAK_BEFORE_K1,0,0,,,False,,,BREAK_BEFORE_K1,2022-03-28 00:30:00+00:00,
120,02:00,5,2022-03-29,Tuesday,2022-03-28 19:00:00+00:00,2022-03-29 00:00:00+00:00,2022-03-29 00:00:00+00:00,2022-03-29 04:00:00+00:00,440.6,427.55,13.050000000000011,False,NO_K1,0,0,,,False,,,NO_K1,,
120,02:00,5,2022-03-30,Wednesday,2022-03-29 19:00:00+00:00,2022-03-30 00:00:00+00:00,2022-03-30 00:00:00+00:00,2022-03-30 04:00:00+00:00,437.85,429.49,8.360000000000014,False,BREAK_BEFORE_K1,0,0,,,False,,,BREAK_BEFORE_K1,2022-03-30 01:40:00+00:00,
120,02:00,5,2022-03-31,Thursday,2022-03-30 19:00:00+00:00,2022-03-31 00:00:00+00:00,2022-03-31 00:00:00+00:00,2022-03-31 04:00:00+00:00,446.77,441.19,5.579999999999984,False,BREAK_BEFORE_K1,0,0,,,False,,,BREAK_BEFORE_K1,2022-03-31 00:00:00+00:00,
120,02:00,5,2022-04-01,Friday,2022-03-31 19:00:00+00:00,2022-04-01 00:00:00+00:00,2022-04-01 00:00:00+00:00,2022-04-01 04:00:00+00:00,431.83,425.58,6.25,False,OPPOSITE_VISIT_BEFORE_K1,0,1,,,False,,,OPPOSITE_VISIT_BEFORE_K1,2022-04-01 00:00:00+00:00,
120,02:00,5,2022-04-02,Saturday,2022-04-01 19:00:00+00:00,2022-04-02 00:00:00+00:00,2022-04-02 00:00:00+00:00,2022-04-02 04:00:00+00:00,448.24,442.43,5.810000000000002,False,BREAK_BEFORE_K1,0,0,,,False,,,BREAK_BEFORE_K1,2022-04-02 00:20:00+00:00,
120,02:00,5,2022-04-03,Sunday,2022-04-02 19:00:00+00:00,2022-04-03 00:00:00+00:00,2022-04-03 00:00:00+00:00,2022-04-03 04:00:00+00:00,444.12,435.51,8.610000000000014,False,BREAK_BEFORE_K1,0,0,,,False,,,BREAK_BEFORE_K1,2022-04-03 01:15:00+00:00,
120,02:00,5,2022-04-04,Monday,2022-04-03 19:00:00+00:00,2022-04-04 00:00:00+00:00,2022-04-04 00:00:00+00:00,2022-04-04 04:00:00+00:00,455.9,446.86,9.039999999999964,False,OPPOSITE_VISIT_BEFORE_K1,0,1,,,False,,,OPPOSITE_VISIT_BEFORE_K1,2022-04-04 00:10:00+00:00,
120,02:00,5,2022-04-05,Tuesday,2022-04-04 19:00:00+00:00,2022-04-05 00:00:00+00:00,2022-04-05 00:00:00+00:00,2022-04-05 04:00:00+00:00,449.73,438.57,11.160000000000025,False,BREAK_BEFORE_K1,0,0,,,False,,,BREAK_BEFORE_K1,2022-04-05 01:45:00+00:00,
120,02:00,5,2022-04-06,Wednesday,2022-04-05 19:00:00+00:00,2022-04-06 00:00:00+00:00,2022-04-06 00:00:00+00:00,2022-04-06 04:00:00+00:00,451.44,444.01,7.430000000000007,False,BREAK_BEFORE_K1,0,0,,,False,,,BREAK_BEFORE_K1,2022-04-06 00:00:00+00:00,
120,02:00,5,2022-04-07,Thursday,2022-04-06 19:00:00+00:00,2022-04-07 00:00:00+00:00,2022-04-07 00:00:00+00:00,2022-04-07 04:00:00+00:00,427.91,418.86,9.050000000000011,True,,1,0,2022-04-07 00:35:00+00:00,2022-04-07 00:40:00+00:00,True,2022-04-07 00:40:00+00:00,2022-04-07 00:45:00+00:00,OPPOSITE_BREAK_BEFORE_H2,2022-04-07 00:50:00+00:00,
120,02:00,5,2022-04-08,Friday,2022-04-07 19:00:00+00:00,2022-04-08 00:00:00+00:00,2022-04-08 00:00:00+00:00,2022-04-08 04:00:00+00:00,438.42,433.72,4.699999999999989,True,,1,0,2022-04-08 00:10:00+00:00,2022-04-08 00:15:00+00:00,True,2022-04-08 00:20:00+00:00,2022-04-08 00:25:00+00:00,H2_ARRIVAL,2022-04-08 01:30:00+00:00,70.0
120,02:00,5,2022-04-09,Saturday,2022-04-08 19:00:00+00:00,2022-04-09 00:00:00+00:00,2022-04-09 00:00:00+00:00,2022-04-09 04:00:00+00:00,430.67,418.1,12.569999999999993,False,NO_K1,0,0,,,False,,,NO_K1,,
120,02:00,5,2022-04-10,Sunday,2022-04-09 19:00:00+00:00,2022-04-10 00:00:00+00:00,2022-04-10 00:00:00+00:00,2022-04-10 04:00:00+00:00,427.28,420.37,6.909999999999968,True,,1,0,2022-04-10 01:35:00+00:00,2022-04-10 01:40:00+00:00,True,2022-04-10 01:40:00+00:00,2022-04-10 01:45:00+00:00,H2_ARRIVAL,2022-04-10 03:10:00+00:00,90.0
120,02:00,5,2022-04-11,Monday,2022-04-10 19:00:00+00:00,2022-04-11 00:00:00+00:00,2022-04-11 00:00:00+00:00,2022-04-11 04:00:00+00:00,429.54,416.54,13.0,False,BREAK_BEFORE_K1,0,0,,,False,,,BREAK_BEFORE_K1,2022-04-11 00:05:00+00:00,
120,02:00,5,2022-04-12,Tuesday,2022-04-11 19:00:00+00:00,2022-04-12 00:00:00+00:00,2022-04-12 00:00:00+00:00,2022-04-12 04:00:00+00:00,403.49,391.0,12.490000000000009,False,NO_K1,0,0,,,False,,,NO_K1,,
120,02:00,5,2022-04-13,Wednesday,2022-04-12 19:00:00+00:00,2022-04-13 00:00:00+00:00,2022-04-13 00:00:00+00:00,2022-04-13 04:00:00+00:00,415.0,406.4,8.600000000000023,True,,1,0,2022-04-13 00:25:00+00:00,2022-04-13 00:30:00+00:00,True,2022-04-13 00:30:00+00:00,2022-04-13 00:35:00+00:00,H2_ARRIVAL,2022-04-13 02:05:00+00:00,95.0
120,02:00,5,2022-04-14,Thursday,2022-04-13 19:00:00+00:00,2022-04-14 00:00:00+00:00,2022-04-14 00:00:00+00:00,2022-04-14 04:00:00+00:00,424.49,418.75,5.740000000000009,True,,1,0,2022-04-14 00:30:00+00:00,2022-04-14 00:35:00+00:00,True,2022-04-14 00:35:00+00:00,2022-04-14 00:40:00+00:00,H2_ARRIVAL,2022-04-14 01:10:00+00:00,35.0
120,02:00,5,2022-04-15,Friday,2022-04-14 19:00:00+00:00,2022-04-15 00:00:00+00:00,2022-04-15 00:00:00+00:00,2022-04-15 04:00:00+00:00,416.27,411.53,4.740000000000009,True,,1,0,2022-04-15 00:20:00+00:00,2022-04-15 00:25:00+00:00,False,,,BREAK_DURING_K1,2022-04-15 00:25:00+00:00,
120,02:00,5,2022-04-16,Saturday,2022-04-15 19:00:00+00:00,2022-04-16 00:00:00+00:00,2022-04-16 00:00:00+00:00,2022-04-16 04:00:00+00:00,418.73,414.98,3.75,False,NO_K1,0,0,,,False,,,NO_K1,,
120,02:00,5,2022-04-17,Sunday,2022-04-16 19:00:00+00:00,2022-04-17 00:00:00+00:00,2022-04-17 00:00:00+00:00,2022-04-17 04:00:00+00:00,418.89,413.24,5.649999999999977,False,NO_K1,0,0,,,False,,,NO_K1,,
120,02:00,5,2022-04-18,Monday,2022-04-17 19:00:00+00:00,2022-04-18 00:00:00+00:00,2022-04-18 00:00:00+00:00,2022-04-18 04:00:00+00:00,416.16,405.28,10.880000000000052,False,OPPOSITE_VISIT_BEFORE_K1,0,1,,,False,,,OPPOSITE_VISIT_BEFORE_K1,2022-04-18 00:00:00+00:00,
120,02:00,5,2022-04-19,Tuesday,2022-04-18 19:00:00+00:00,2022-04-19 00:00:00+00:00,2022-04-19 00:00:00+00:00,2022-04-19 04:00:00+00:00,417.85,413.46,4.390000000000043,True,,1,0,2022-04-19 00:00:00+00:00,2022-04-19 00:05:00+00:00,False,,,BREAK_DURING_K1,2022-04-19 00:10:00+00:00,
120,02:00,5,2022-04-20,Wednesday,2022-04-19 19:00:00+00:00,2022-04-20 00:00:00+00:00,2022-04-20 00:00:00+00:00,2022-04-20 04:00:00+00:00,422.53,417.6,4.92999999999995,False,OPPOSITE_VISIT_BEFORE_K1,0,1,,,False,,,OPPOSITE_VISIT_BEFORE_K1,2022-04-20 00:25:00+00:00,
120,02:00,5,2022-04-21,Thursday,2022-04-20 19:00:00+00:00,2022-04-21 00:00:00+00:00,2022-04-21 00:00:00+00:00,2022-04-21 04:00:00+00:00,420.4,415.46,4.939999999999998,True,,1,0,2022-04-21 00:45:00+00:00,2022-04-21 00:50:00+00:00,False,,,BREAK_DURING_K1,2022-04-21 00:55:00+00:00,
120,02:00,5,2022-04-22,Friday,2022-04-21 19:00:00+00:00,2022-04-22 00:00:00+00:00,2022-04-22 00:00:00+00:00,2022-04-22 04:00:00+00:00,416.16,400.72,15.439999999999998,False,NO_K1,0,0,,,False,,,NO_K1,,
120,02:00,5,2022-04-23,Saturday,2022-04-22 19:00:00+00:00,2022-04-23 00:00:00+00:00,2022-04-23 00:00:00+00:00,2022-04-23 04:00:00+00:00,409.75,404.8,4.949999999999989,False,OPPOSITE_VISIT_BEFORE_K1,0,1,,,False,,,OPPOSITE_VISIT_BEFORE_K1,2022-04-23 00:55:00+00:00,
120,02:00,5,2022-04-24,Sunday,2022-04-23 19:00:00+00:00,2022-04-24 00:00:00+00:00,2022-04-24 00:00:00+00:00,2022-04-24 04:00:00+00:00,407.28,399.94,7.339999999999975,False,NO_K1,0,0,,,False,,,NO_K1,,
120,02:00,5,2022-04-25,Monday,2022-04-24 19:00:00+00:00,2022-04-25 00:00:00+00:00,2022-04-25 00:00:00+00:00,2022-04-25 04:00:00+00:00,403.27,398.14,5.1299999999999955,False,BREAK_BEFORE_K1,0,0,,,False,,,BREAK_BEFORE_K1,2022-04-25 00:00:00+00:00,
120,02:00,5,2022-04-26,Tuesday,2022-04-25 19:00:00+00:00,2022-04-26 00:00:00+00:00,2022-04-26 00:00:00+00:00,2022-04-26 04:00:00+00:00,405.83,398.88,6.949999999999989,True,,1,0,2022-04-26 00:00:00+00:00,2022-04-26 00:05:00+00:00,True,2022-04-26 00:05:00+00:00,2022-04-26 00:10:00+00:00,H2_ARRIVAL,2022-04-26 00:25:00+00:00,20.0
120,02:00,5,2022-04-27,Wednesday,2022-04-26 19:00:00+00:00,2022-04-27 00:00:00+00:00,2022-04-27 00:00:00+00:00,2022-04-27 04:00:00+00:00,389.45,380.45,9.0,True,,1,0,2022-04-27 02:40:00+00:00,2022-04-27 02:45:00+00:00,True,2022-04-27 02:50:00+00:00,2022-04-27 02:55:00+00:00,NO_H2_BY_END,,
120,02:00,5,2022-04-28,Thursday,2022-04-27 19:00:00+00:00,2022-04-28 00:00:00+00:00,2022-04-28 00:00:00+00:00,2022-04-28 04:00:00+00:00,391.79,386.6,5.189999999999998,False,BREAK_BEFORE_K1,0,0,,,False,,,BREAK_BEFORE_K1,2022-04-28 01:05:00+00:00,
120,02:00,5,2022-04-29,Friday,2022-04-28 19:00:00+00:00,2022-04-29 00:00:00+00:00,2022-04-29 00:00:00+00:00,2022-04-29 04:00:00+00:00,408.43,402.88,5.550000000000011,False,BREAK_BEFORE_K1,0,0,,,False,,,BREAK_BEFORE_K1,2022-04-29 01:00:00+00:00,
120,02:00,5,2022-04-30,Saturday,2022-04-29 19:00:00+00:00,2022-04-30 00:00:00+00:00,2022-04-30 00:00:00+00:00,2022-04-30 04:00:00+00:00,394.35,389.46,4.890000000000043,False,BREAK_BEFORE_K1,0,0,,,False,,,BREAK_BEFORE_K1,2022-04-30 00:25:00+00:00,
120,02:00,5,2022-05-01,Sunday,2022-04-30 19:00:00+00:00,2022-05-01 00:00:00+00:00,2022-05-01 00:00:00+00:00,2022-05-01 04:00:00+00:00,391.78,375.73,16.049999999999955,False,OPPOSITE_VISIT_BEFORE_K1,0,1,,,False,,,OPPOSITE_VISIT_BEFORE_K1,2022-05-01 00:30:00+00:00,
120,02:00,5,2022-05-02,Monday,2022-05-01 19:00:00+00:00,2022-05-02 00:00:00+00:00,2022-05-02 00:00:00+00:00,2022-05-02 04:00:00+00:00,391.28,382.42,8.859999999999957,True,,1,0,2022-05-02 00:15:00+00:00,2022-05-02 00:20:00+00:00,False,,,BREAK_DURING_K1,2022-05-02 00:20:00+00:00,
120,02:00,5,2022-05-03,Tuesday,2022-05-02 19:00:00+00:00,2022-05-03 00:00:00+00:00,2022-05-03 00:00:00+00:00,2022-05-03 04:00:00+00:00,390.61,383.77,6.840000000000032,True,,1,0,2022-05-03 01:40:00+00:00,2022-05-03 01:45:00+00:00,False,,,BREAK_DURING_K1,2022-05-03 01:45:00+00:00,
120,02:00,5,2022-05-04,Wednesday,2022-05-03 19:00:00+00:00,2022-05-04 00:00:00+00:00,2022-05-04 00:00:00+00:00,2022-05-04 04:00:00+00:00,383.92,379.5,4.420000000000016,False,BREAK_BEFORE_K1,0,0,,,False,,,BREAK_BEFORE_K1,2022-05-04 00:05:00+00:00,
120,02:00,5,2022-05-05,Thursday,2022-05-04 19:00:00+00:00,2022-05-05 00:00:00+00:00,2022-05-05 00:00:00+00:00,2022-05-05 04:00:00+00:00,402.93,398.49,4.439999999999998,False,BREAK_BEFORE_K1,0,0,,,False,,,BREAK_BEFORE_K1,2022-05-05 00:00:00+00:00,
120,02:00,5,2022-05-06,Friday,2022-05-05 19:00:00+00:00,2022-05-06 00:00:00+00:00,2022-05-06 00:00:00+00:00,2022-05-06 04:00:00+00:00,378.91,370.0,8.910000000000025,True,,1,0,2022-05-06 00:05:00+00:00,2022-05-06 00:10:00+00:00,True,2022-05-06 00:10:00+00:00,2022-05-06 00:15:00+00:00,NO_H2_BY_END,,
120,02:00,5,2022-05-07,Saturday,2022-05-06 19:00:00+00:00,2022-05-07 00:00:00+00:00,2022-05-07 00:00:00+00:00,2022-05-07 04:00:00+00:00,382.38,378.09,4.2900000000000205,False,OPPOSITE_VISIT_BEFORE_K1,0,1,,,False,,,OPPOSITE_VISIT_BEFORE_K1,2022-05-07 01:45:00+00:00,
120,02:00,5,2022-05-08,Sunday,2022-05-07 19:00:00+00:00,2022-05-08 00:00:00+00:00,2022-05-08 00:00:00+00:00,2022-05-08 04:00:00+00:00,377.77,359.75,18.019999999999982,False,OPPOSITE_VISIT_BEFORE_K1,0,1,,,False,,,OPPOSITE_VISIT_BEFORE_K1,2022-05-08 02:05:00+00:00,
120,02:00,5,2022-05-09,Monday,2022-05-08 19:00:00+00:00,2022-05-09 00:00:00+00:00,2022-05-09 00:00:00+00:00,2022-05-09 04:00:00+00:00,359.51,354.29,5.21999999999997,False,OPPOSITE_VISIT_BEFORE_K1,0,1,,,False,,,OPPOSITE_VISIT_BEFORE_K1,2022-05-09 02:10:00+00:00,
120,02:00,5,2022-05-10,Tuesday,2022-05-09 19:00:00+00:00,2022-05-10 00:00:00+00:00,2022-05-10 00:00:00+00:00,2022-05-10 04:00:00+00:00,316.41,294.68,21.730000000000018,False,OPPOSITE_VISIT_BEFORE_K1,0,1,,,False,,,OPPOSITE_VISIT_BEFORE_K1,2022-05-10 00:00:00+00:00,
120,02:00,5,2022-05-11,Wednesday,2022-05-10 19:00:00+00:00,2022-05-11 00:00:00+00:00,2022-05-11 00:00:00+00:00,2022-05-11 04:00:00+00:00,326.36,307.84,18.52000000000004,False,NO_K1,0,0,,,False,,,NO_K1,,
120,02:00,5,2022-05-12,Thursday,2022-05-11 19:00:00+00:00,2022-05-12 00:00:00+00:00,2022-05-12 00:00:00+00:00,2022-05-12 04:00:00+00:00,277.82,260.04,17.779999999999973,True,,1,0,2022-05-12 00:25:00+00:00,2022-05-12 00:30:00+00:00,False,,,BREAK_DURING_K1,2022-05-12 00:40:00+00:00,
120,02:00,5,2022-05-13,Friday,2022-05-12 19:00:00+00:00,2022-05-13 00:00:00+00:00,2022-05-13 00:00:00+00:00,2022-05-13 04:00:00+00:00,272.21,262.0,10.20999999999998,False,BREAK_BEFORE_K1,0,0,,,False,,,BREAK_BEFORE_K1,2022-05-13 00:35:00+00:00,
120,02:00,5,2022-05-14,Saturday,2022-05-13 19:00:00+00:00,2022-05-14 00:00:00+00:00,2022-05-14 00:00:00+00:00,2022-05-14 04:00:00+00:00,300.0,289.5,10.5,False,OPPOSITE_VISIT_BEFORE_K1,0,1,,,False,,,OPPOSITE_VISIT_BEFORE_K1,2022-05-14 00:00:00+00:00,
120,02:00,5,2022-05-15,Sunday,2022-05-14 19:00:00+00:00,2022-05-15 00:00:00+00:00,2022-05-15 00:00:00+00:00,2022-05-15 04:00:00+00:00,298.27,284.76,13.509999999999991,True,,1,0,2022-05-15 00:20:00+00:00,2022-05-15 00:25:00+00:00,True,2022-05-15 00:35:00+00:00,2022-05-15 00:40:00+00:00,NO_H2_BY_END,,
120,02:00,5,2022-05-16,Monday,2022-05-15 19:00:00+00:00,2022-05-16 00:00:00+00:00,2022-05-16 00:00:00+00:00,2022-05-16 04:00:00+00:00,312.67,300.58,12.090000000000032,False,BREAK_BEFORE_K1,0,0,,,False,,,BREAK_BEFORE_K1,2022-05-16 03:45:00+00:00,
120,02:00,5,2022-05-17,Tuesday,2022-05-16 19:00:00+00:00,2022-05-17 00:00:00+00:00,2022-05-17 00:00:00+00:00,2022-05-17 04:00:00+00:00,301.77,294.0,7.769999999999982,False,BREAK_BEFORE_K1,0,0,,,False,,,BREAK_BEFORE_K1,2022-05-17 00:50:00+00:00,
120,02:00,5,2022-05-18,Wednesday,2022-05-17 19:00:00+00:00,2022-05-18 00:00:00+00:00,2022-05-18 00:00:00+00:00,2022-05-18 04:00:00+00:00,307.89,298.9,8.990000000000009,True,,1,0,2022-05-18 00:10:00+00:00,2022-05-18 00:15:00+00:00,False,,,BREAK_DURING_K1,2022-05-18 00:15:00+00:00,
120,02:00,5,2022-05-19,Thursday,2022-05-18 19:00:00+00:00,2022-05-19 00:00:00+00:00,2022-05-19 00:00:00+00:00,2022-05-19 04:00:00+00:00,297.5,286.26,11.240000000000009,False,NO_K1,0,0,,,False,,,NO_K1,,
120,02:00,5,2022-05-20,Friday,2022-05-19 19:00:00+00:00,2022-05-20 00:00:00+00:00,2022-05-20 00:00:00+00:00,2022-05-20 04:00:00+00:00,307.59,302.62,4.96999999999997,False,BREAK_BEFORE_K1,0,0,,,False,,,BREAK_BEFORE_K1,2022-05-20 01:20:00+00:00,
120,02:00,5,2022-05-21,Saturday,2022-05-20 19:00:00+00:00,2022-05-21 00:00:00+00:00,2022-05-21 00:00:00+00:00,2022-05-21 04:00:00+00:00,304.94,297.15,7.7900000000000205,False,NO_K1,0,0,,,False,,,NO_K1,,
120,02:00,5,2022-05-22,Sunday,2022-05-21 19:00:00+00:00,2022-05-22 00:00:00+00:00,2022-05-22 00:00:00+00:00,2022-05-22 04:00:00+00:00,313.98,310.82,3.160000000000025,False,BREAK_BEFORE_K1,0,0,,,False,,,BREAK_BEFORE_K1,2022-05-22 01:15:00+00:00,
120,02:00,5,2022-05-23,Monday,2022-05-22 19:00:00+00:00,2022-05-23 00:00:00+00:00,2022-05-23 00:00:00+00:00,2022-05-23 04:00:00+00:00,320.65,315.97,4.67999999999995,False,BREAK_BEFORE_K1,0,0,,,False,,,BREAK_BEFORE_K1,2022-05-23 00:15:00+00:00,
120,02:00,5,2022-05-24,Tuesday,2022-05-23 19:00:00+00:00,2022-05-24 00:00:00+00:00,2022-05-24 00:00:00+00:00,2022-05-24 04:00:00+00:00,330.3,315.0,15.300000000000011,False,NO_K1,0,0,,,False,,,NO_K1,,
120,02:00,5,2022-05-25,Wednesday,2022-05-24 19:00:00+00:00,2022-05-25 00:00:00+00:00,2022-05-25 00:00:00+00:00,2022-05-25 04:00:00+00:00,330.45,319.76,10.689999999999998,False,BREAK_BEFORE_K1,0,0,,,False,,,BREAK_BEFORE_K1,2022-05-25 01:05:00+00:00,
120,02:00,5,2022-05-26,Thursday,2022-05-25 19:00:00+00:00,2022-05-26 00:00:00+00:00,2022-05-26 00:00:00+00:00,2022-05-26 04:00:00+00:00,329.53,325.02,4.509999999999991,False,BREAK_BEFORE_K1,0,0,,,False,,,BREAK_BEFORE_K1,2022-05-26 02:35:00+00:00,
120,02:00,5,2022-05-27,Friday,2022-05-26 19:00:00+00:00,2022-05-27 00:00:00+00:00,2022-05-27 00:00:00+00:00,2022-05-27 04:00:00+00:00,313.58,302.1,11.479999999999961,False,OPPOSITE_VISIT_BEFORE_K1,0,1,,,False,,,OPPOSITE_VISIT_BEFORE_K1,2022-05-27 00:45:00+00:00,
120,02:00,5,2022-05-28,Saturday,2022-05-27 19:00:00+00:00,2022-05-28 00:00:00+00:00,2022-05-28 00:00:00+00:00,2022-05-28 04:00:00+00:00,304.92,295.63,9.29000000000002,True,,1,0,2022-05-28 01:00:00+00:00,2022-05-28 01:05:00+00:00,True,2022-05-28 01:10:00+00:00,2022-05-28 01:15:00+00:00,NO_H2_BY_END,,
120,02:00,5,2022-05-29,Sunday,2022-05-28 19:00:00+00:00,2022-05-29 00:00:00+00:00,2022-05-29 00:00:00+00:00,2022-05-29 04:00:00+00:00,310.67,306.12,4.550000000000011,False,BREAK_BEFORE_K1,0,0,,,False,,,BREAK_BEFORE_K1,2022-05-29 00:30:00+00:00,
120,02:00,5,2022-05-30,Monday,2022-05-29 19:00:00+00:00,2022-05-30 00:00:00+00:00,2022-05-30 00:00:00+00:00,2022-05-30 04:00:00+00:00,307.79,301.47,6.319999999999993,True,,1,0,2022-05-30 01:25:00+00:00,2022-05-30 01:30:00+00:00,False,,,BREAK_DURING_K1,2022-05-30 01:30:00+00:00,
120,02:00,5,2022-05-31,Tuesday,2022-05-30 19:00:00+00:00,2022-05-31 00:00:00+00:00,2022-05-31 00:00:00+00:00,2022-05-31 04:00:00+00:00,323.97,311.78,12.190000000000055,False,BREAK_BEFORE_K1,0,0,,,False,,,BREAK_BEFORE_K1,2022-05-31 00:05:00+00:00,
120,02:00,5,2022-06-01,Wednesday,2022-05-31 19:00:00+00:00,2022-06-01 00:00:00+00:00,2022-06-01 00:00:00+00:00,2022-06-01 04:00:00+00:00,322.84,318.08,4.759999999999991,True,,1,0,2022-06-01 00:15:00+00:00,2022-06-01 00:20:00+00:00,True,2022-06-01 00:25:00+00:00,2022-06-01 00:30:00+00:00,H2_ARRIVAL,2022-06-01 00:35:00+00:00,10.0
120,02:00,5,2022-06-02,Thursday,2022-06-01 19:00:00+00:00,2022-06-02 00:00:00+00:00,2022-06-02 00:00:00+00:00,2022-06-02 04:00:00+00:00,304.0,297.15,6.850000000000023,True,,1,0,2022-06-02 01:45:00+00:00,2022-06-02 01:50:00+00:00,True,2022-06-02 01:50:00+00:00,2022-06-02 01:55:00+00:00,NO_H2_BY_END,,
120,02:00,5,2022-06-03,Friday,2022-06-02 19:00:00+00:00,2022-06-03 00:00:00+00:00,2022-06-03 00:00:00+00:00,2022-06-03 04:00:00+00:00,309.12,303.33,5.7900000000000205,True,,1,0,2022-06-03 01:40:00+00:00,2022-06-03 01:45:00+00:00,True,2022-06-03 01:45:00+00:00,2022-06-03 01:50:00+00:00,H2_ARRIVAL,2022-06-03 01:50:00+00:00,5.0
120,02:00,5,2022-06-04,Saturday,2022-06-03 19:00:00+00:00,2022-06-04 00:00:00+00:00,2022-06-04 00:00:00+00:00,2022-06-04 04:00:00+00:00,299.48,295.74,3.740000000000009,False,BREAK_BEFORE_K1,0,0,,,False,,,BREAK_BEFORE_K1,2022-06-04 01:55:00+00:00,
120,02:00,5,2022-06-05,Sunday,2022-06-04 19:00:00+00:00,2022-06-05 00:00:00+00:00,2022-06-05 00:00:00+00:00,2022-06-05 04:00:00+00:00,303.0,299.08,3.920000000000016,False,OPPOSITE_VISIT_BEFORE_K1,0,1,,,False,,,OPPOSITE_VISIT_BEFORE_K1,2022-06-05 00:30:00+00:00,
120,02:00,5,2022-06-06,Monday,2022-06-05 19:00:00+00:00,2022-06-06 00:00:00+00:00,2022-06-06 00:00:00+00:00,2022-06-06 04:00:00+00:00,302.43,298.0,4.430000000000007,False,BREAK_BEFORE_K1,0,0,,,False,,,BREAK_BEFORE_K1,2022-06-06 00:45:00+00:00,
120,02:00,5,2022-06-07,Tuesday,2022-06-06 19:00:00+00:00,2022-06-07 00:00:00+00:00,2022-06-07 00:00:00+00:00,2022-06-07 04:00:00+00:00,302.13,286.8,15.329999999999984,False,BREAK_BEFORE_K1,0,0,,,False,,,BREAK_BEFORE_K1,2022-06-07 00:35:00+00:00,
120,02:00,5,2022-06-08,Wednesday,2022-06-07 19:00:00+00:00,2022-06-08 00:00:00+00:00,2022-06-08 00:00:00+00:00,2022-06-08 04:00:00+00:00,295.98,283.56,12.420000000000016,False,NO_K1,0,0,,,False,,,NO_K1,,
120,02:00,5,2022-06-09,Thursday,2022-06-08 19:00:00+00:00,2022-06-09 00:00:00+00:00,2022-06-09 00:00:00+00:00,2022-06-09 04:00:00+00:00,290.72,287.08,3.640000000000043,False,BREAK_BEFORE_K1,0,0,,,False,,,BREAK_BEFORE_K1,2022-06-09 00:05:00+00:00,
120,02:00,5,2022-06-10,Friday,2022-06-09 19:00:00+00:00,2022-06-10 00:00:00+00:00,2022-06-10 00:00:00+00:00,2022-06-10 04:00:00+00:00,290.39,286.5,3.8899999999999864,False,BREAK_BEFORE_K1,0,0,,,False,,,BREAK_BEFORE_K1,2022-06-10 00:15:00+00:00,
120,02:00,5,2022-06-11,Saturday,2022-06-10 19:00:00+00:00,2022-06-11 00:00:00+00:00,2022-06-11 00:00:00+00:00,2022-06-11 04:00:00+00:00,288.23,282.91,5.319999999999993,True,,1,0,2022-06-11 00:20:00+00:00,2022-06-11 00:25:00+00:00,False,,,BREAK_DURING_K1,2022-06-11 00:35:00+00:00,
120,02:00,5,2022-06-12,Sunday,2022-06-11 19:00:00+00:00,2022-06-12 00:00:00+00:00,2022-06-12 00:00:00+00:00,2022-06-12 04:00:00+00:00,273.77,268.03,5.740000000000009,False,BREAK_BEFORE_K1,0,0,,,False,,,BREAK_BEFORE_K1,2022-06-12 01:15:00+00:00,
120,02:00,5,2022-06-13,Monday,2022-06-12 19:00:00+00:00,2022-06-13 00:00:00+00:00,2022-06-13 00:00:00+00:00,2022-06-13 04:00:00+00:00,265.46,254.18,11.279999999999973,False,BREAK_BEFORE_K1,0,0,,,False,,,BREAK_BEFORE_K1,2022-06-13 00:00:00+00:00,
120,02:00,5,2022-06-14,Tuesday,2022-06-13 19:00:00+00:00,2022-06-14 00:00:00+00:00,2022-06-14 00:00:00+00:00,2022-06-14 04:00:00+00:00,231.98,217.92,14.060000000000002,False,BREAK_BEFORE_K1,0,0,,,False,,,BREAK_BEFORE_K1,2022-06-14 00:55:00+00:00,
120,02:00,5,2022-06-15,Wednesday,2022-06-14 19:00:00+00:00,2022-06-15 00:00:00+00:00,2022-06-15 00:00:00+00:00,2022-06-15 04:00:00+00:00,224.2,214.28,9.919999999999987,False,BREAK_BEFORE_K1,0,0,,,False,,,BREAK_BEFORE_K1,2022-06-15 01:40:00+00:00,
120,02:00,5,2022-06-16,Thursday,2022-06-15 19:00:00+00:00,2022-06-16 00:00:00+00:00,2022-06-16 00:00:00+00:00,2022-06-16 04:00:00+00:00,234.56,218.36,16.19999999999999,False,BREAK_BEFORE_K1,0,0,,,False,,,BREAK_BEFORE_K1,2022-06-16 00:00:00+00:00,
120,02:00,5,2022-06-17,Friday,2022-06-16 19:00:00+00:00,2022-06-17 00:00:00+00:00,2022-06-17 00:00:00+00:00,2022-06-17 04:00:00+00:00,217.16,207.51,9.650000000000006,True,,1,0,2022-06-17 02:00:00+00:00,2022-06-17 02:05:00+00:00,True,2022-06-17 02:05:00+00:00,2022-06-17 02:10:00+00:00,NO_H2_BY_END,,
120,02:00,5,2022-06-18,Saturday,2022-06-17 19:00:00+00:00,2022-06-18 00:00:00+00:00,2022-06-18 00:00:00+00:00,2022-06-18 04:00:00+00:00,217.28,213.65,3.6299999999999955,False,BREAK_BEFORE_K1,0,0,,,False,,,BREAK_BEFORE_K1,2022-06-18 00:10:00+00:00,
120,02:00,5,2022-06-19,Sunday,2022-06-18 19:00:00+00:00,2022-06-19 00:00:00+00:00,2022-06-19 00:00:00+00:00,2022-06-19 04:00:00+00:00,200.78,182.97,17.810000000000002,False,NO_K1,0,0,,,False,,,NO_K1,,
120,02:00,5,2022-06-20,Monday,2022-06-19 19:00:00+00:00,2022-06-20 00:00:00+00:00,2022-06-20 00:00:00+00:00,2022-06-20 04:00:00+00:00,216.8,210.24,6.560000000000002,False,OPPOSITE_VISIT_BEFORE_K1,0,1,,,False,,,OPPOSITE_VISIT_BEFORE_K1,2022-06-20 00:50:00+00:00,
120,02:00,5,2022-06-21,Tuesday,2022-06-20 19:00:00+00:00,2022-06-21 00:00:00+00:00,2022-06-21 00:00:00+00:00,2022-06-21 04:00:00+00:00,217.99,211.7,6.2900000000000205,False,BREAK_BEFORE_K1,0,0,,,False,,,BREAK_BEFORE_K1,2022-06-21 01:10:00+00:00,
120,02:00,5,2022-06-22,Wednesday,2022-06-21 19:00:00+00:00,2022-06-22 00:00:00+00:00,2022-06-22 00:00:00+00:00,2022-06-22 04:00:00+00:00,224.8,216.88,7.920000000000016,False,OPPOSITE_VISIT_BEFORE_K1,0,1,,,False,,,OPPOSITE_VISIT_BEFORE_K1,2022-06-22 00:10:00+00:00,
120,02:00,5,2022-06-23,Thursday,2022-06-22 19:00:00+00:00,2022-06-23 00:00:00+00:00,2022-06-23 00:00:00+00:00,2022-06-23 04:00:00+00:00,217.6,212.72,4.8799999999999955,True,,1,0,2022-06-23 00:15:00+00:00,2022-06-23 00:20:00+00:00,False,,,BREAK_DURING_K1,2022-06-23 00:20:00+00:00,
120,02:00,5,2022-06-24,Friday,2022-06-23 19:00:00+00:00,2022-06-24 00:00:00+00:00,2022-06-24 00:00:00+00:00,2022-06-24 04:00:00+00:00,230.67,222.42,8.25,True,,1,0,2022-06-24 00:15:00+00:00,2022-06-24 00:20:00+00:00,True,2022-06-24 00:25:00+00:00,2022-06-24 00:30:00+00:00,H2_ARRIVAL,2022-06-24 01:15:00+00:00,50.0
120,02:00,5,2022-06-25,Saturday,2022-06-24 19:00:00+00:00,2022-06-25 00:00:00+00:00,2022-06-25 00:00:00+00:00,2022-06-25 04:00:00+00:00,243.4,236.5,6.900000000000006,False,OPPOSITE_VISIT_BEFORE_K1,0,1,,,False,,,OPPOSITE_VISIT_BEFORE_K1,2022-06-25 02:20:00+00:00,
120,02:00,5,2022-06-26,Sunday,2022-06-25 19:00:00+00:00,2022-06-26 00:00:00+00:00,2022-06-26 00:00:00+00:00,2022-06-26 04:00:00+00:00,240.28,234.9,5.3799999999999955,True,,1,0,2022-06-26 00:05:00+00:00,2022-06-26 00:10:00+00:00,True,2022-06-26 00:10:00+00:00,2022-06-26 00:15:00+00:00,NO_H2_BY_END,,
120,02:00,5,2022-06-27,Monday,2022-06-26 19:00:00+00:00,2022-06-27 00:00:00+00:00,2022-06-27 00:00:00+00:00,2022-06-27 04:00:00+00:00,240.0,233.0,7.0,False,NO_K1,0,0,,,False,,,NO_K1,,
120,02:00,5,2022-06-28,Tuesday,2022-06-27 19:00:00+00:00,2022-06-28 00:00:00+00:00,2022-06-28 00:00:00+00:00,2022-06-28 04:00:00+00:00,236.09,232.77,3.319999999999993,False,BREAK_BEFORE_K1,0,0,,,False,,,BREAK_BEFORE_K1,2022-06-28 00:40:00+00:00,
120,02:00,5,2022-06-29,Wednesday,2022-06-28 19:00:00+00:00,2022-06-29 00:00:00+00:00,2022-06-29 00:00:00+00:00,2022-06-29 04:00:00+00:00,233.69,225.67,8.02000000000001,False,OPPOSITE_VISIT_BEFORE_K1,0,1,,,False,,,OPPOSITE_VISIT_BEFORE_K1,2022-06-29 00:10:00+00:00,
120,02:00,5,2022-06-30,Thursday,2022-06-29 19:00:00+00:00,2022-06-30 00:00:00+00:00,2022-06-30 00:00:00+00:00,2022-06-30 04:00:00+00:00,222.44,218.28,4.159999999999997,False,OPPOSITE_VISIT_BEFORE_K1,0,1,,,False,,,OPPOSITE_VISIT_BEFORE_K1,2022-06-30 00:15:00+00:00,
120,02:00,5,2022-07-01,Friday,2022-06-30 19:00:00+00:00,2022-07-01 00:00:00+00:00,2022-07-01 00:00:00+00:00,2022-07-01 04:00:00+00:00,219.76,209.62,10.139999999999986,False,BREAK_BEFORE_K1,0,0,,,False,,,BREAK_BEFORE_K1,2022-07-01 00:25:00+00:00,
120,02:00,5,2022-07-02,Saturday,2022-07-01 19:00:00+00:00,2022-07-02 00:00:00+00:00,2022-07-02 00:00:00+00:00,2022-07-02 04:00:00+00:00,220.77,215.28,5.490000000000009,False,OPPOSITE_VISIT_BEFORE_K1,0,1,,,False,,,OPPOSITE_VISIT_BEFORE_K1,2022-07-02 00:00:00+00:00,
120,02:00,5,2022-07-03,Sunday,2022-07-02 19:00:00+00:00,2022-07-03 00:00:00+00:00,2022-07-03 00:00:00+00:00,2022-07-03 04:00:00+00:00,219.68,217.23,2.450000000000017,False,BREAK_BEFORE_K1,0,0,,,False,,,BREAK_BEFORE_K1,2022-07-03 00:20:00+00:00,
120,02:00,5,2022-07-04,Monday,2022-07-03 19:00:00+00:00,2022-07-04 00:00:00+00:00,2022-07-04 00:00:00+00:00,2022-07-04 04:00:00+00:00,220.2,216.57,3.6299999999999955,False,BREAK_BEFORE_K1,0,0,,,False,,,BREAK_BEFORE_K1,2022-07-04 02:40:00+00:00,
120,02:00,5,2022-07-05,Tuesday,2022-07-04 19:00:00+00:00,2022-07-05 00:00:00+00:00,2022-07-05 00:00:00+00:00,2022-07-05 04:00:00+00:00,232.13,226.59,5.539999999999992,False,BREAK_BEFORE_K1,0,0,,,False,,,BREAK_BEFORE_K1,2022-07-05 00:10:00+00:00,
120,02:00,5,2022-07-06,Wednesday,2022-07-05 19:00:00+00:00,2022-07-06 00:00:00+00:00,2022-07-06 00:00:00+00:00,2022-07-06 04:00:00+00:00,233.69,228.55,5.139999999999986,False,BREAK_BEFORE_K1,0,0,,,False,,,BREAK_BEFORE_K1,2022-07-06 00:45:00+00:00,
120,02:00,5,2022-07-07,Thursday,2022-07-06 19:00:00+00:00,2022-07-07 00:00:00+00:00,2022-07-07 00:00:00+00:00,2022-07-07 04:00:00+00:00,239.98,236.91,3.069999999999993,False,OPPOSITE_VISIT_BEFORE_K1,0,1,,,False,,,OPPOSITE_VISIT_BEFORE_K1,2022-07-07 02:15:00+00:00,
120,02:00,5,2022-07-08,Friday,2022-07-07 19:00:00+00:00,2022-07-08 00:00:00+00:00,2022-07-08 00:00:00+00:00,2022-07-08 04:00:00+00:00,243.71,240.2,3.5100000000000193,False,OPPOSITE_VISIT_BEFORE_K1,0,1,,,False,,,OPPOSITE_VISIT_BEFORE_K1,2022-07-08 00:30:00+00:00,
120,02:00,5,2022-07-09,Saturday,2022-07-08 19:00:00+00:00,2022-07-09 00:00:00+00:00,2022-07-09 00:00:00+00:00,2022-07-09 04:00:00+00:00,243.66,239.76,3.9000000000000057,False,NO_K1,0,0,,,False,,,NO_K1,,
120,02:00,5,2022-07-10,Sunday,2022-07-09 19:00:00+00:00,2022-07-10 00:00:00+00:00,2022-07-10 00:00:00+00:00,2022-07-10 04:00:00+00:00,244.19,241.87,2.319999999999993,False,BREAK_BEFORE_K1,0,0,,,False,,,BREAK_BEFORE_K1,2022-07-10 00:45:00+00:00,
120,02:00,5,2022-07-11,Monday,2022-07-10 19:00:00+00:00,2022-07-11 00:00:00+00:00,2022-07-11 00:00:00+00:00,2022-07-11 04:00:00+00:00,235.65,232.48,3.170000000000016,False,BREAK_BEFORE_K1,0,0,,,False,,,BREAK_BEFORE_K1,2022-07-11 01:20:00+00:00,
120,02:00,5,2022-07-12,Tuesday,2022-07-11 19:00:00+00:00,2022-07-12 00:00:00+00:00,2022-07-12 00:00:00+00:00,2022-07-12 04:00:00+00:00,232.33,224.81,7.52000000000001,False,BREAK_BEFORE_K1,0,0,,,False,,,BREAK_BEFORE_K1,2022-07-12 00:00:00+00:00,
120,02:00,5,2022-07-13,Wednesday,2022-07-12 19:00:00+00:00,2022-07-13 00:00:00+00:00,2022-07-13 00:00:00+00:00,2022-07-13 04:00:00+00:00,225.24,219.9,5.340000000000003,False,BREAK_BEFORE_K1,0,0,,,False,,,BREAK_BEFORE_K1,2022-07-13 00:00:00+00:00,
120,02:00,5,2022-07-14,Thursday,2022-07-13 19:00:00+00:00,2022-07-14 00:00:00+00:00,2022-07-14 00:00:00+00:00,2022-07-14 04:00:00+00:00,230.9,224.29,6.610000000000014,False,BREAK_BEFORE_K1,0,0,,,False,,,BREAK_BEFORE_K1,2022-07-14 00:00:00+00:00,
120,02:00,5,2022-07-15,Friday,2022-07-14 19:00:00+00:00,2022-07-15 00:00:00+00:00,2022-07-15 00:00:00+00:00,2022-07-15 04:00:00+00:00,239.94,236.76,3.180000000000007,False,BREAK_BEFORE_K1,0,0,,,False,,,BREAK_BEFORE_K1,2022-07-15 00:05:00+00:00,
120,02:00,5,2022-07-16,Saturday,2022-07-15 19:00:00+00:00,2022-07-16 00:00:00+00:00,2022-07-16 00:00:00+00:00,2022-07-16 04:00:00+00:00,242.6,237.6,5.0,False,OPPOSITE_VISIT_BEFORE_K1,0,1,,,False,,,OPPOSITE_VISIT_BEFORE_K1,2022-07-16 00:00:00+00:00,
120,02:00,5,2022-07-17,Sunday,2022-07-16 19:00:00+00:00,2022-07-17 00:00:00+00:00,2022-07-17 00:00:00+00:00,2022-07-17 04:00:00+00:00,251.57,246.46,5.109999999999985,True,,1,0,2022-07-17 00:05:00+00:00,2022-07-17 00:10:00+00:00,True,2022-07-17 00:15:00+00:00,2022-07-17 00:20:00+00:00,H2_ARRIVAL,2022-07-17 03:30:00+00:00,195.0
120,02:00,5,2022-07-18,Monday,2022-07-17 19:00:00+00:00,2022-07-18 00:00:00+00:00,2022-07-18 00:00:00+00:00,2022-07-18 04:00:00+00:00,251.18,247.36,3.819999999999993,False,BREAK_BEFORE_K1,0,0,,,False,,,BREAK_BEFORE_K1,2022-07-18 01:15:00+00:00,
120,02:00,5,2022-07-19,Tuesday,2022-07-18 19:00:00+00:00,2022-07-19 00:00:00+00:00,2022-07-19 00:00:00+00:00,2022-07-19 04:00:00+00:00,265.63,254.68,10.949999999999989,False,BREAK_BEFORE_K1,0,0,,,False,,,BREAK_BEFORE_K1,2022-07-19 00:10:00+00:00,
120,02:00,5,2022-07-20,Wednesday,2022-07-19 19:00:00+00:00,2022-07-20 00:00:00+00:00,2022-07-20 00:00:00+00:00,2022-07-20 04:00:00+00:00,274.77,267.6,7.169999999999959,False,BREAK_BEFORE_K1,0,0,,,False,,,BREAK_BEFORE_K1,2022-07-20 00:10:00+00:00,
120,02:00,5,2022-07-21,Thursday,2022-07-20 19:00:00+00:00,2022-07-21 00:00:00+00:00,2022-07-21 00:00:00+00:00,2022-07-21 04:00:00+00:00,267.09,256.28,10.810000000000002,False,BREAK_BEFORE_K1,0,0,,,False,,,BREAK_BEFORE_K1,2022-07-21 02:20:00+00:00,
120,02:00,5,2022-07-22,Friday,2022-07-21 19:00:00+00:00,2022-07-22 00:00:00+00:00,2022-07-22 00:00:00+00:00,2022-07-22 04:00:00+00:00,265.88,261.61,4.269999999999982,False,BREAK_BEFORE_K1,0,0,,,False,,,BREAK_BEFORE_K1,2022-07-22 00:10:00+00:00,
120,02:00,5,2022-07-23,Saturday,2022-07-22 19:00:00+00:00,2022-07-23 00:00:00+00:00,2022-07-23 00:00:00+00:00,2022-07-23 04:00:00+00:00,266.99,261.07,5.920000000000016,False,OPPOSITE_VISIT_BEFORE_K1,0,1,,,False,,,OPPOSITE_VISIT_BEFORE_K1,2022-07-23 00:05:00+00:00,
120,02:00,5,2022-07-24,Sunday,2022-07-23 19:00:00+00:00,2022-07-24 00:00:00+00:00,2022-07-24 00:00:00+00:00,2022-07-24 04:00:00+00:00,260.27,252.56,7.7099999999999795,False,BREAK_BEFORE_K1,0,0,,,False,,,BREAK_BEFORE_K1,2022-07-24 00:00:00+00:00,
120,02:00,5,2022-07-25,Monday,2022-07-24 19:00:00+00:00,2022-07-25 00:00:00+00:00,2022-07-25 00:00:00+00:00,2022-07-25 04:00:00+00:00,266.22,260.07,6.150000000000034,False,BREAK_BEFORE_K1,0,0,,,False,,,BREAK_BEFORE_K1,2022-07-25 00:25:00+00:00,
120,02:00,5,2022-07-26,Tuesday,2022-07-25 19:00:00+00:00,2022-07-26 00:00:00+00:00,2022-07-26 00:00:00+00:00,2022-07-26 04:00:00+00:00,255.03,244.01,11.02000000000001,False,OPPOSITE_VISIT_BEFORE_K1,0,1,,,False,,,OPPOSITE_VISIT_BEFORE_K1,2022-07-26 00:00:00+00:00,
120,02:00,5,2022-07-27,Wednesday,2022-07-26 19:00:00+00:00,2022-07-27 00:00:00+00:00,2022-07-27 00:00:00+00:00,2022-07-27 04:00:00+00:00,249.56,241.39,8.170000000000016,True,,1,0,2022-07-27 00:00:00+00:00,2022-07-27 00:05:00+00:00,True,2022-07-27 00:05:00+00:00,2022-07-27 00:10:00+00:00,H2_ARRIVAL,2022-07-27 00:10:00+00:00,5.0
120,02:00,5,2022-07-28,Thursday,2022-07-27 19:00:00+00:00,2022-07-28 00:00:00+00:00,2022-07-28 00:00:00+00:00,2022-07-28 04:00:00+00:00,272.1,266.7,5.400000000000034,False,OPPOSITE_VISIT_BEFORE_K1,0,1,,,False,,,OPPOSITE_VISIT_BEFORE_K1,2022-07-28 02:05:00+00:00,
120,02:00,5,2022-07-29,Friday,2022-07-28 19:00:00+00:00,2022-07-29 00:00:00+00:00,2022-07-29 00:00:00+00:00,2022-07-29 04:00:00+00:00,280.93,275.05,5.8799999999999955,False,OPPOSITE_VISIT_BEFORE_K1,0,1,,,False,,,OPPOSITE_VISIT_BEFORE_K1,2022-07-29 00:20:00+00:00,
120,02:00,5,2022-07-30,Saturday,2022-07-29 19:00:00+00:00,2022-07-30 00:00:00+00:00,2022-07-30 00:00:00+00:00,2022-07-30 04:00:00+00:00,299.23,292.6,6.6299999999999955,False,OPPOSITE_VISIT_BEFORE_K1,0,1,,,False,,,OPPOSITE_VISIT_BEFORE_K1,2022-07-30 00:35:00+00:00,
120,02:00,5,2022-07-31,Sunday,2022-07-30 19:00:00+00:00,2022-07-31 00:00:00+00:00,2022-07-31 00:00:00+00:00,2022-07-31 04:00:00+00:00,296.77,284.92,11.849999999999966,False,NO_K1,0,0,,,False,,,NO_K1,,
120,02:00,5,2022-08-01,Monday,2022-07-31 19:00:00+00:00,2022-08-01 00:00:00+00:00,2022-08-01 00:00:00+00:00,2022-08-01 04:00:00+00:00,292.74,282.03,10.710000000000036,False,NO_K1,0,0,,,False,,,NO_K1,,
120,02:00,5,2022-08-02,Tuesday,2022-08-01 19:00:00+00:00,2022-08-02 00:00:00+00:00,2022-08-02 00:00:00+00:00,2022-08-02 04:00:00+00:00,284.45,278.74,5.7099999999999795,True,,1,0,2022-08-02 00:10:00+00:00,2022-08-02 00:15:00+00:00,True,2022-08-02 00:25:00+00:00,2022-08-02 00:30:00+00:00,H2_ARRIVAL,2022-08-02 01:10:00+00:00,45.0
120,02:00,5,2022-08-03,Wednesday,2022-08-02 19:00:00+00:00,2022-08-03 00:00:00+00:00,2022-08-03 00:00:00+00:00,2022-08-03 04:00:00+00:00,287.8,282.88,4.920000000000016,False,BREAK_BEFORE_K1,0,0,,,False,,,BREAK_BEFORE_K1,2022-08-03 00:10:00+00:00,
120,02:00,5,2022-08-04,Thursday,2022-08-03 19:00:00+00:00,2022-08-04 00:00:00+00:00,2022-08-04 00:00:00+00:00,2022-08-04 04:00:00+00:00,305.36,295.62,9.740000000000009,False,BREAK_BEFORE_K1,0,0,,,False,,,BREAK_BEFORE_K1,2022-08-04 03:50:00+00:00,
120,02:00,5,2022-08-05,Friday,2022-08-04 19:00:00+00:00,2022-08-05 00:00:00+00:00,2022-08-05 00:00:00+00:00,2022-08-05 04:00:00+00:00,313.67,304.51,9.160000000000025,False,BREAK_BEFORE_K1,0,0,,,False,,,BREAK_BEFORE_K1,2022-08-05 01:50:00+00:00,
120,02:00,5,2022-08-06,Saturday,2022-08-05 19:00:00+00:00,2022-08-06 00:00:00+00:00,2022-08-06 00:00:00+00:00,2022-08-06 04:00:00+00:00,316.9,312.05,4.849999999999966,False,BREAK_BEFORE_K1,0,0,,,False,,,BREAK_BEFORE_K1,2022-08-06 00:30:00+00:00,
120,02:00,5,2022-08-07,Sunday,2022-08-06 19:00:00+00:00,2022-08-07 00:00:00+00:00,2022-08-07 00:00:00+00:00,2022-08-07 04:00:00+00:00,321.2,314.1,7.099999999999966,False,BREAK_BEFORE_K1,0,0,,,False,,,BREAK_BEFORE_K1,2022-08-07 00:50:00+00:00,
120,02:00,5,2022-08-08,Monday,2022-08-07 19:00:00+00:00,2022-08-08 00:00:00+00:00,2022-08-08 00:00:00+00:00,2022-08-08 04:00:00+00:00,325.93,321.44,4.490000000000009,False,BREAK_BEFORE_K1,0,0,,,False,,,BREAK_BEFORE_K1,2022-08-08 00:15:00+00:00,
120,02:00,5,2022-08-09,Tuesday,2022-08-08 19:00:00+00:00,2022-08-09 00:00:00+00:00,2022-08-09 00:00:00+00:00,2022-08-09 04:00:00+00:00,329.64,321.0,8.639999999999986,False,NO_K1,0,0,,,False,,,NO_K1,,
120,02:00,5,2022-08-10,Wednesday,2022-08-09 19:00:00+00:00,2022-08-10 00:00:00+00:00,2022-08-10 00:00:00+00:00,2022-08-10 04:00:00+00:00,328.5,318.68,9.819999999999993,False,OPPOSITE_VISIT_BEFORE_K1,0,1,,,False,,,OPPOSITE_VISIT_BEFORE_K1,2022-08-10 00:40:00+00:00,
120,02:00,5,2022-08-11,Thursday,2022-08-10 19:00:00+00:00,2022-08-11 00:00:00+00:00,2022-08-11 00:00:00+00:00,2022-08-11 04:00:00+00:00,330.49,325.79,4.699999999999989,True,,1,0,2022-08-11 00:20:00+00:00,2022-08-11 00:25:00+00:00,True,2022-08-11 00:25:00+00:00,2022-08-11 00:30:00+00:00,H2_ARRIVAL,2022-08-11 00:35:00+00:00,10.0
120,02:00,5,2022-08-12,Friday,2022-08-11 19:00:00+00:00,2022-08-12 00:00:00+00:00,2022-08-12 00:00:00+00:00,2022-08-12 04:00:00+00:00,327.42,321.65,5.770000000000039,False,BREAK_BEFORE_K1,0,0,,,False,,,BREAK_BEFORE_K1,2022-08-12 00:10:00+00:00,
120,02:00,5,2022-08-13,Saturday,2022-08-12 19:00:00+00:00,2022-08-13 00:00:00+00:00,2022-08-13 00:00:00+00:00,2022-08-13 04:00:00+00:00,328.0,323.0,5.0,False,BREAK_BEFORE_K1,0,0,,,False,,,BREAK_BEFORE_K1,2022-08-13 00:00:00+00:00,
120,02:00,5,2022-08-14,Sunday,2022-08-13 19:00:00+00:00,2022-08-14 00:00:00+00:00,2022-08-14 00:00:00+00:00,2022-08-14 04:00:00+00:00,326.85,322.5,4.350000000000023,False,BREAK_BEFORE_K1,0,0,,,False,,,BREAK_BEFORE_K1,2022-08-14 01:00:00+00:00,
120,02:00,5,2022-08-15,Monday,2022-08-14 19:00:00+00:00,2022-08-15 00:00:00+00:00,2022-08-15 00:00:00+00:00,2022-08-15 04:00:00+00:00,320.48,316.32,4.160000000000025,False,BREAK_BEFORE_K1,0,0,,,False,,,BREAK_BEFORE_K1,2022-08-15 00:05:00+00:00,
120,02:00,5,2022-08-16,Tuesday,2022-08-15 19:00:00+00:00,2022-08-16 00:00:00+00:00,2022-08-16 00:00:00+00:00,2022-08-16 04:00:00+00:00,320.22,315.53,4.690000000000055,False,BREAK_BEFORE_K1,0,0,,,False,,,BREAK_BEFORE_K1,2022-08-16 00:05:00+00:00,
120,02:00,5,2022-08-17,Wednesday,2022-08-16 19:00:00+00:00,2022-08-17 00:00:00+00:00,2022-08-17 00:00:00+00:00,2022-08-17 04:00:00+00:00,317.58,313.06,4.519999999999982,False,BREAK_BEFORE_K1,0,0,,,False,,,BREAK_BEFORE_K1,2022-08-17 00:35:00+00:00,
120,02:00,5,2022-08-18,Thursday,2022-08-17 19:00:00+00:00,2022-08-18 00:00:00+00:00,2022-08-18 00:00:00+00:00,2022-08-18 04:00:00+00:00,310.28,303.5,6.779999999999973,False,BREAK_BEFORE_K1,0,0,,,False,,,BREAK_BEFORE_K1,2022-08-18 00:25:00+00:00,
120,02:00,5,2022-08-19,Friday,2022-08-18 19:00:00+00:00,2022-08-19 00:00:00+00:00,2022-08-19 00:00:00+00:00,2022-08-19 04:00:00+00:00,304.8,295.22,9.579999999999984,False,BREAK_BEFORE_K1,0,0,,,False,,,BREAK_BEFORE_K1,2022-08-19 00:20:00+00:00,
120,02:00,5,2022-08-20,Saturday,2022-08-19 19:00:00+00:00,2022-08-20 00:00:00+00:00,2022-08-20 00:00:00+00:00,2022-08-20 04:00:00+00:00,287.83,277.3,10.529999999999973,False,NO_K1,0,0,,,False,,,NO_K1,,
120,02:00,5,2022-08-21,Sunday,2022-08-20 19:00:00+00:00,2022-08-21 00:00:00+00:00,2022-08-21 00:00:00+00:00,2022-08-21 04:00:00+00:00,284.63,276.55,8.079999999999984,True,,1,0,2022-08-21 00:10:00+00:00,2022-08-21 00:15:00+00:00,False,,,BREAK_DURING_K1,2022-08-21 00:15:00+00:00,
120,02:00,5,2022-08-22,Monday,2022-08-21 19:00:00+00:00,2022-08-22 00:00:00+00:00,2022-08-22 00:00:00+00:00,2022-08-22 04:00:00+00:00,304.31,296.43,7.8799999999999955,True,,1,0,2022-08-22 00:20:00+00:00,2022-08-22 00:25:00+00:00,True,2022-08-22 00:25:00+00:00,2022-08-22 00:30:00+00:00,NO_H2_BY_END,,
120,02:00,5,2022-08-23,Tuesday,2022-08-22 19:00:00+00:00,2022-08-23 00:00:00+00:00,2022-08-23 00:00:00+00:00,2022-08-23 04:00:00+00:00,301.68,293.84,7.840000000000032,True,,1,0,2022-08-23 00:25:00+00:00,2022-08-23 00:30:00+00:00,True,2022-08-23 00:35:00+00:00,2022-08-23 00:40:00+00:00,NO_H2_BY_END,,
120,02:00,5,2022-08-24,Wednesday,2022-08-23 19:00:00+00:00,2022-08-24 00:00:00+00:00,2022-08-24 00:00:00+00:00,2022-08-24 04:00:00+00:00,301.19,297.01,4.180000000000007,False,BREAK_BEFORE_K1,0,0,,,False,,,BREAK_BEFORE_K1,2022-08-24 00:35:00+00:00,
120,02:00,5,2022-08-25,Thursday,2022-08-24 19:00:00+00:00,2022-08-25 00:00:00+00:00,2022-08-25 00:00:00+00:00,2022-08-25 04:00:00+00:00,300.17,295.45,4.720000000000027,False,NO_K1,0,0,,,False,,,NO_K1,,
120,02:00,5,2022-08-26,Friday,2022-08-25 19:00:00+00:00,2022-08-26 00:00:00+00:00,2022-08-26 00:00:00+00:00,2022-08-26 04:00:00+00:00,303.78,300.18,3.599999999999966,False,BREAK_BEFORE_K1,0,0,,,False,,,BREAK_BEFORE_K1,2022-08-26 00:05:00+00:00,
120,02:00,5,2022-08-27,Saturday,2022-08-26 19:00:00+00:00,2022-08-27 00:00:00+00:00,2022-08-27 00:00:00+00:00,2022-08-27 04:00:00+00:00,286.23,276.96,9.270000000000039,False,NO_K1,0,0,,,False,,,NO_K1,,
120,02:00,5,2022-08-28,Sunday,2022-08-27 19:00:00+00:00,2022-08-28 00:00:00+00:00,2022-08-28 00:00:00+00:00,2022-08-28 04:00:00+00:00,278.31,272.8,5.509999999999991,False,BREAK_BEFORE_K1,0,0,,,False,,,BREAK_BEFORE_K1,2022-08-28 01:20:00+00:00,
120,02:00,5,2022-08-29,Monday,2022-08-28 19:00:00+00:00,2022-08-29 00:00:00+00:00,2022-08-29 00:00:00+00:00,2022-08-29 04:00:00+00:00,282.94,275.3,7.639999999999986,False,BREAK_BEFORE_K1,0,0,,,False,,,BREAK_BEFORE_K1,2022-08-29 00:05:00+00:00,
120,02:00,5,2022-08-30,Tuesday,2022-08-29 19:00:00+00:00,2022-08-30 00:00:00+00:00,2022-08-30 00:00:00+00:00,2022-08-30 04:00:00+00:00,286.56,279.85,6.7099999999999795,True,,1,0,2022-08-30 00:35:00+00:00,2022-08-30 00:40:00+00:00,True,2022-08-30 00:40:00+00:00,2022-08-30 00:45:00+00:00,H2_ARRIVAL,2022-08-30 00:45:00+00:00,5.0
120,02:00,5,2022-08-31,Wednesday,2022-08-30 19:00:00+00:00,2022-08-31 00:00:00+00:00,2022-08-31 00:00:00+00:00,2022-08-31 04:00:00+00:00,284.58,278.43,6.149999999999977,True,,1,0,2022-08-31 00:25:00+00:00,2022-08-31 00:30:00+00:00,True,2022-08-31 00:35:00+00:00,2022-08-31 00:40:00+00:00,H2_ARRIVAL,2022-08-31 01:35:00+00:00,60.0
120,02:00,5,2022-09-01,Thursday,2022-08-31 19:00:00+00:00,2022-09-01 00:00:00+00:00,2022-09-01 00:00:00+00:00,2022-09-01 04:00:00+00:00,283.3,277.44,5.860000000000014,False,BREAK_BEFORE_K1,0,0,,,False,,,BREAK_BEFORE_K1,2022-09-01 00:35:00+00:00,
120,02:00,5,2022-09-02,Friday,2022-09-01 19:00:00+00:00,2022-09-02 00:00:00+00:00,2022-09-02 00:00:00+00:00,2022-09-02 04:00:00+00:00,278.6,274.41,4.189999999999998,False,BREAK_BEFORE_K1,0,0,,,False,,,BREAK_BEFORE_K1,2022-09-02 03:00:00+00:00,
120,02:00,5,2022-09-03,Saturday,2022-09-02 19:00:00+00:00,2022-09-03 00:00:00+00:00,2022-09-03 00:00:00+00:00,2022-09-03 04:00:00+00:00,277.8,273.33,4.470000000000027,True,,1,0,2022-09-03 00:20:00+00:00,2022-09-03 00:25:00+00:00,True,2022-09-03 00:30:00+00:00,2022-09-03 00:35:00+00:00,H2_ARRIVAL,2022-09-03 00:35:00+00:00,5.0
120,02:00,5,2022-09-04,Sunday,2022-09-03 19:00:00+00:00,2022-09-04 00:00:00+00:00,2022-09-04 00:00:00+00:00,2022-09-04 04:00:00+00:00,277.99,275.28,2.7100000000000364,False,BREAK_BEFORE_K1,0,0,,,False,,,BREAK_BEFORE_K1,2022-09-04 00:25:00+00:00,
120,02:00,5,2022-09-05,Monday,2022-09-04 19:00:00+00:00,2022-09-05 00:00:00+00:00,2022-09-05 00:00:00+00:00,2022-09-05 04:00:00+00:00,279.12,276.9,2.2200000000000273,False,BREAK_BEFORE_K1,0,0,,,False,,,BREAK_BEFORE_K1,2022-09-05 00:00:00+00:00,
120,02:00,5,2022-09-06,Tuesday,2022-09-05 19:00:00+00:00,2022-09-06 00:00:00+00:00,2022-09-06 00:00:00+00:00,2022-09-06 04:00:00+00:00,277.34,273.42,3.919999999999959,True,,1,0,2022-09-06 00:05:00+00:00,2022-09-06 00:10:00+00:00,False,,,BREAK_DURING_K1,2022-09-06 00:10:00+00:00,
120,02:00,5,2022-09-07,Wednesday,2022-09-06 19:00:00+00:00,2022-09-07 00:00:00+00:00,2022-09-07 00:00:00+00:00,2022-09-07 04:00:00+00:00,267.09,260.22,6.869999999999948,False,OPPOSITE_VISIT_BEFORE_K1,0,1,,,False,,,OPPOSITE_VISIT_BEFORE_K1,2022-09-07 00:20:00+00:00,
120,02:00,5,2022-09-08,Thursday,2022-09-07 19:00:00+00:00,2022-09-08 00:00:00+00:00,2022-09-08 00:00:00+00:00,2022-09-08 04:00:00+00:00,280.68,269.32,11.360000000000014,True,,1,0,2022-09-08 02:30:00+00:00,2022-09-08 02:35:00+00:00,True,2022-09-08 02:35:00+00:00,2022-09-08 02:40:00+00:00,NO_H2_BY_END,,
120,02:00,5,2022-09-09,Friday,2022-09-08 19:00:00+00:00,2022-09-09 00:00:00+00:00,2022-09-09 00:00:00+00:00,2022-09-09 04:00:00+00:00,281.94,279.2,2.740000000000009,True,,1,0,2022-09-09 01:15:00+00:00,2022-09-09 01:20:00+00:00,True,2022-09-09 01:20:00+00:00,2022-09-09 01:25:00+00:00,H2_ARRIVAL,2022-09-09 02:25:00+00:00,65.0
120,02:00,5,2022-09-10,Saturday,2022-09-09 19:00:00+00:00,2022-09-10 00:00:00+00:00,2022-09-10 00:00:00+00:00,2022-09-10 04:00:00+00:00,295.11,289.45,5.660000000000025,False,NO_K1,0,0,,,False,,,NO_K1,,
120,02:00,5,2022-09-11,Sunday,2022-09-10 19:00:00+00:00,2022-09-11 00:00:00+00:00,2022-09-11 00:00:00+00:00,2022-09-11 04:00:00+00:00,298.48,292.55,5.930000000000007,False,NO_K1,0,0,,,False,,,NO_K1,,
120,02:00,5,2022-09-12,Monday,2022-09-11 19:00:00+00:00,2022-09-12 00:00:00+00:00,2022-09-12 00:00:00+00:00,2022-09-12 04:00:00+00:00,295.43,289.35,6.079999999999984,False,BREAK_BEFORE_K1,0,0,,,False,,,BREAK_BEFORE_K1,2022-09-12 01:40:00+00:00,
120,02:00,5,2022-09-13,Tuesday,2022-09-12 19:00:00+00:00,2022-09-13 00:00:00+00:00,2022-09-13 00:00:00+00:00,2022-09-13 04:00:00+00:00,294.77,291.2,3.569999999999993,False,OPPOSITE_VISIT_BEFORE_K1,0,1,,,False,,,OPPOSITE_VISIT_BEFORE_K1,2022-09-13 00:15:00+00:00,
120,02:00,5,2022-09-14,Wednesday,2022-09-13 19:00:00+00:00,2022-09-14 00:00:00+00:00,2022-09-14 00:00:00+00:00,2022-09-14 04:00:00+00:00,280.82,275.16,5.659999999999968,False,NO_K1,0,0,,,False,,,NO_K1,,
120,02:00,5,2022-09-15,Thursday,2022-09-14 19:00:00+00:00,2022-09-15 00:00:00+00:00,2022-09-15 00:00:00+00:00,2022-09-15 04:00:00+00:00,280.18,275.39,4.7900000000000205,True,,1,0,2022-09-15 00:20:00+00:00,2022-09-15 00:25:00+00:00,True,2022-09-15 00:25:00+00:00,2022-09-15 00:30:00+00:00,OPPOSITE_BREAK_BEFORE_H2,2022-09-15 02:25:00+00:00,
120,02:00,5,2022-09-16,Friday,2022-09-15 19:00:00+00:00,2022-09-16 00:00:00+00:00,2022-09-16 00:00:00+00:00,2022-09-16 04:00:00+00:00,272.57,268.42,4.149999999999977,False,OPPOSITE_VISIT_BEFORE_K1,0,1,,,False,,,OPPOSITE_VISIT_BEFORE_K1,2022-09-16 00:15:00+00:00,
120,02:00,5,2022-09-17,Saturday,2022-09-16 19:00:00+00:00,2022-09-17 00:00:00+00:00,2022-09-17 00:00:00+00:00,2022-09-17 04:00:00+00:00,274.81,272.04,2.769999999999982,False,BREAK_BEFORE_K1,0,0,,,False,,,BREAK_BEFORE_K1,2022-09-17 00:00:00+00:00,
120,02:00,5,2022-09-18,Sunday,2022-09-17 19:00:00+00:00,2022-09-18 00:00:00+00:00,2022-09-18 00:00:00+00:00,2022-09-18 04:00:00+00:00,279.58,277.35,2.2299999999999613,False,OPPOSITE_VISIT_BEFORE_K1,0,1,,,False,,,OPPOSITE_VISIT_BEFORE_K1,2022-09-18 00:10:00+00:00,
120,02:00,5,2022-09-19,Monday,2022-09-18 19:00:00+00:00,2022-09-19 00:00:00+00:00,2022-09-19 00:00:00+00:00,2022-09-19 04:00:00+00:00,273.38,262.13,11.25,False,OPPOSITE_VISIT_BEFORE_K1,0,1,,,False,,,OPPOSITE_VISIT_BEFORE_K1,2022-09-19 02:15:00+00:00,
120,02:00,5,2022-09-20,Tuesday,2022-09-19 19:00:00+00:00,2022-09-20 00:00:00+00:00,2022-09-20 00:00:00+00:00,2022-09-20 04:00:00+00:00,273.09,266.54,6.5499999999999545,True,,1,0,2022-09-20 00:00:00+00:00,2022-09-20 00:05:00+00:00,False,,,BREAK_DURING_K1,2022-09-20 00:05:00+00:00,
120,02:00,5,2022-09-21,Wednesday,2022-09-20 19:00:00+00:00,2022-09-21 00:00:00+00:00,2022-09-21 00:00:00+00:00,2022-09-21 04:00:00+00:00,268.87,265.14,3.730000000000018,False,NO_K1,0,0,,,False,,,NO_K1,,
120,02:00,5,2022-09-22,Thursday,2022-09-21 19:00:00+00:00,2022-09-22 00:00:00+00:00,2022-09-22 00:00:00+00:00,2022-09-22 04:00:00+00:00,276.07,260.0,16.069999999999993,False,NO_K1,0,0,,,False,,,NO_K1,,
120,02:00,5,2022-09-23,Friday,2022-09-22 19:00:00+00:00,2022-09-23 00:00:00+00:00,2022-09-23 00:00:00+00:00,2022-09-23 04:00:00+00:00,276.45,271.0,5.449999999999989,False,NO_K1,0,0,,,False,,,NO_K1,,
120,02:00,5,2022-09-24,Saturday,2022-09-23 19:00:00+00:00,2022-09-24 00:00:00+00:00,2022-09-24 00:00:00+00:00,2022-09-24 04:00:00+00:00,276.97,268.1,8.870000000000005,True,,1,0,2022-09-24 00:00:00+00:00,2022-09-24 00:05:00+00:00,True,2022-09-24 00:10:00+00:00,2022-09-24 00:15:00+00:00,H2_ARRIVAL,2022-09-24 01:10:00+00:00,60.0
120,02:00,5,2022-09-25,Sunday,2022-09-24 19:00:00+00:00,2022-09-25 00:00:00+00:00,2022-09-25 00:00:00+00:00,2022-09-25 04:00:00+00:00,278.36,274.0,4.360000000000014,False,OPPOSITE_VISIT_BEFORE_K1,0,1,,,False,,,OPPOSITE_VISIT_BEFORE_K1,2022-09-25 00:00:00+00:00,
120,02:00,5,2022-09-26,Monday,2022-09-25 19:00:00+00:00,2022-09-26 00:00:00+00:00,2022-09-26 00:00:00+00:00,2022-09-26 04:00:00+00:00,275.87,270.9,4.970000000000027,False,BREAK_BEFORE_K1,0,0,,,False,,,BREAK_BEFORE_K1,2022-09-26 00:10:00+00:00,
120,02:00,5,2022-09-27,Tuesday,2022-09-26 19:00:00+00:00,2022-09-27 00:00:00+00:00,2022-09-27 00:00:00+00:00,2022-09-27 04:00:00+00:00,276.33,273.69,2.6399999999999864,True,,1,0,2022-09-27 00:00:00+00:00,2022-09-27 00:05:00+00:00,False,,,BREAK_DURING_K1,2022-09-27 00:05:00+00:00,
120,02:00,5,2022-09-28,Wednesday,2022-09-27 19:00:00+00:00,2022-09-28 00:00:00+00:00,2022-09-28 00:00:00+00:00,2022-09-28 04:00:00+00:00,272.9,270.39,2.509999999999991,False,BREAK_BEFORE_K1,0,0,,,False,,,BREAK_BEFORE_K1,2022-09-28 00:10:00+00:00,
120,02:00,5,2022-09-29,Thursday,2022-09-28 19:00:00+00:00,2022-09-29 00:00:00+00:00,2022-09-29 00:00:00+00:00,2022-09-29 04:00:00+00:00,283.68,278.61,5.069999999999993,False,BREAK_BEFORE_K1,0,0,,,False,,,BREAK_BEFORE_K1,2022-09-29 01:30:00+00:00,
120,02:00,5,2022-09-30,Friday,2022-09-29 19:00:00+00:00,2022-09-30 00:00:00+00:00,2022-09-30 00:00:00+00:00,2022-09-30 04:00:00+00:00,284.05,281.6,2.4499999999999886,False,BREAK_BEFORE_K1,0,0,,,False,,,BREAK_BEFORE_K1,2022-09-30 00:00:00+00:00,
120,02:00,5,2022-10-01,Saturday,2022-09-30 19:00:00+00:00,2022-10-01 00:00:00+00:00,2022-10-01 00:00:00+00:00,2022-10-01 04:00:00+00:00,286.44,280.38,6.060000000000002,False,NO_K1,0,0,,,False,,,NO_K1,,
120,02:00,5,2022-10-02,Sunday,2022-10-01 19:00:00+00:00,2022-10-02 00:00:00+00:00,2022-10-02 00:00:00+00:00,2022-10-02 04:00:00+00:00,284.37,280.48,3.8899999999999864,False,NO_K1,0,0,,,False,,,NO_K1,,
120,02:00,5,2022-10-03,Monday,2022-10-02 19:00:00+00:00,2022-10-03 00:00:00+00:00,2022-10-03 00:00:00+00:00,2022-10-03 04:00:00+00:00,287.99,282.9,5.090000000000032,False,NO_K1,0,0,,,False,,,NO_K1,,
120,02:00,5,2022-10-04,Tuesday,2022-10-03 19:00:00+00:00,2022-10-04 00:00:00+00:00,2022-10-04 00:00:00+00:00,2022-10-04 04:00:00+00:00,287.58,285.25,2.329999999999984,True,,1,0,2022-10-04 00:15:00+00:00,2022-10-04 00:20:00+00:00,True,2022-10-04 00:20:00+00:00,2022-10-04 00:25:00+00:00,H2_ARRIVAL,2022-10-04 03:40:00+00:00,200.0
120,02:00,5,2022-10-05,Wednesday,2022-10-04 19:00:00+00:00,2022-10-05 00:00:00+00:00,2022-10-05 00:00:00+00:00,2022-10-05 04:00:00+00:00,298.35,294.2,4.150000000000034,False,OPPOSITE_VISIT_BEFORE_K1,0,1,,,False,,,OPPOSITE_VISIT_BEFORE_K1,2022-10-05 02:05:00+00:00,
120,02:00,5,2022-10-06,Thursday,2022-10-05 19:00:00+00:00,2022-10-06 00:00:00+00:00,2022-10-06 00:00:00+00:00,2022-10-06 04:00:00+00:00,294.77,292.06,2.7099999999999795,True,,1,0,2022-10-06 00:10:00+00:00,2022-10-06 00:15:00+00:00,True,2022-10-06 00:20:00+00:00,2022-10-06 00:25:00+00:00,H2_ARRIVAL,2022-10-06 00:30:00+00:00,10.0
120,02:00,5,2022-10-07,Friday,2022-10-06 19:00:00+00:00,2022-10-07 00:00:00+00:00,2022-10-07 00:00:00+00:00,2022-10-07 04:00:00+00:00,293.17,278.0,15.170000000000016,False,NO_K1,0,0,,,False,,,NO_K1,,
120,02:00,5,2022-10-08,Saturday,2022-10-07 19:00:00+00:00,2022-10-08 00:00:00+00:00,2022-10-08 00:00:00+00:00,2022-10-08 04:00:00+00:00,283.61,282.0,1.6100000000000136,False,BREAK_BEFORE_K1,0,0,,,False,,,BREAK_BEFORE_K1,2022-10-08 00:00:00+00:00,
120,02:00,5,2022-10-09,Sunday,2022-10-08 19:00:00+00:00,2022-10-09 00:00:00+00:00,2022-10-09 00:00:00+00:00,2022-10-09 04:00:00+00:00,281.5,275.27,6.230000000000018,False,BREAK_BEFORE_K1,0,0,,,False,,,BREAK_BEFORE_K1,2022-10-09 03:50:00+00:00,
120,02:00,5,2022-10-10,Monday,2022-10-09 19:00:00+00:00,2022-10-10 00:00:00+00:00,2022-10-10 00:00:00+00:00,2022-10-10 04:00:00+00:00,278.57,276.59,1.9800000000000182,True,,1,0,2022-10-10 00:45:00+00:00,2022-10-10 00:50:00+00:00,False,,,BREAK_DURING_K1,2022-10-10 01:00:00+00:00,
120,02:00,5,2022-10-11,Tuesday,2022-10-10 19:00:00+00:00,2022-10-11 00:00:00+00:00,2022-10-11 00:00:00+00:00,2022-10-11 04:00:00+00:00,275.44,271.14,4.300000000000011,False,BREAK_BEFORE_K1,0,0,,,False,,,BREAK_BEFORE_K1,2022-10-11 00:00:00+00:00,
120,02:00,5,2022-10-12,Wednesday,2022-10-11 19:00:00+00:00,2022-10-12 00:00:00+00:00,2022-10-12 00:00:00+00:00,2022-10-12 04:00:00+00:00,271.6,269.1,2.5,False,BREAK_BEFORE_K1,0,0,,,False,,,BREAK_BEFORE_K1,2022-10-12 00:00:00+00:00,
120,02:00,5,2022-10-13,Thursday,2022-10-12 19:00:00+00:00,2022-10-13 00:00:00+00:00,2022-10-13 00:00:00+00:00,2022-10-13 04:00:00+00:00,271.88,270.49,1.3899999999999864,False,BREAK_BEFORE_K1,0,0,,,False,,,BREAK_BEFORE_K1,2022-10-13 01:00:00+00:00,
120,02:00,5,2022-10-14,Friday,2022-10-13 19:00:00+00:00,2022-10-14 00:00:00+00:00,2022-10-14 00:00:00+00:00,2022-10-14 04:00:00+00:00,273.66,271.0,2.660000000000025,True,,1,0,2022-10-14 01:20:00+00:00,2022-10-14 01:25:00+00:00,False,,,BREAK_DURING_K1,2022-10-14 01:25:00+00:00,
120,02:00,5,2022-10-15,Saturday,2022-10-14 19:00:00+00:00,2022-10-15 00:00:00+00:00,2022-10-15 00:00:00+00:00,2022-10-15 04:00:00+00:00,270.41,267.39,3.0200000000000387,False,BREAK_BEFORE_K1,0,0,,,False,,,BREAK_BEFORE_K1,2022-10-15 03:55:00+00:00,
120,02:00,5,2022-10-16,Sunday,2022-10-15 19:00:00+00:00,2022-10-16 00:00:00+00:00,2022-10-16 00:00:00+00:00,2022-10-16 04:00:00+00:00,270.04,267.18,2.8600000000000136,False,NO_K1,0,0,,,False,,,NO_K1,,
120,02:00,5,2022-10-17,Monday,2022-10-16 19:00:00+00:00,2022-10-17 00:00:00+00:00,2022-10-17 00:00:00+00:00,2022-10-17 04:00:00+00:00,273.74,270.1,3.6399999999999864,False,NO_K1,0,0,,,False,,,NO_K1,,
120,02:00,5,2022-10-18,Tuesday,2022-10-17 19:00:00+00:00,2022-10-18 00:00:00+00:00,2022-10-18 00:00:00+00:00,2022-10-18 04:00:00+00:00,275.82,274.36,1.4599999999999795,True,,1,0,2022-10-18 00:00:00+00:00,2022-10-18 00:05:00+00:00,True,2022-10-18 00:05:00+00:00,2022-10-18 00:10:00+00:00,OPPOSITE_BREAK_BEFORE_H2,2022-10-18 01:30:00+00:00,
120,02:00,5,2022-10-19,Wednesday,2022-10-18 19:00:00+00:00,2022-10-19 00:00:00+00:00,2022-10-19 00:00:00+00:00,2022-10-19 04:00:00+00:00,273.98,270.12,3.8600000000000136,False,NO_K1,0,0,,,False,,,NO_K1,,
120,02:00,5,2022-10-20,Thursday,2022-10-19 19:00:00+00:00,2022-10-20 00:00:00+00:00,2022-10-20 00:00:00+00:00,2022-10-20 04:00:00+00:00,273.87,270.91,2.9599999999999795,False,BREAK_BEFORE_K1,0,0,,,False,,,BREAK_BEFORE_K1,2022-10-20 00:45:00+00:00,
120,02:00,5,2022-10-21,Friday,2022-10-20 19:00:00+00:00,2022-10-21 00:00:00+00:00,2022-10-21 00:00:00+00:00,2022-10-21 04:00:00+00:00,269.42,267.1,2.319999999999993,False,BREAK_BEFORE_K1,0,0,,,False,,,BREAK_BEFORE_K1,2022-10-21 00:20:00+00:00,
120,02:00,5,2022-10-22,Saturday,2022-10-21 19:00:00+00:00,2022-10-22 00:00:00+00:00,2022-10-22 00:00:00+00:00,2022-10-22 04:00:00+00:00,271.0,268.77,2.230000000000018,False,BREAK_BEFORE_K1,0,0,,,False,,,BREAK_BEFORE_K1,2022-10-22 01:20:00+00:00,
120,02:00,5,2022-10-23,Sunday,2022-10-22 19:00:00+00:00,2022-10-23 00:00:00+00:00,2022-10-23 00:00:00+00:00,2022-10-23 04:00:00+00:00,271.06,269.54,1.5199999999999818,False,OPPOSITE_VISIT_BEFORE_K1,0,1,,,False,,,OPPOSITE_VISIT_BEFORE_K1,2022-10-23 01:30:00+00:00,
120,02:00,5,2022-10-24,Monday,2022-10-23 19:00:00+00:00,2022-10-24 00:00:00+00:00,2022-10-24 00:00:00+00:00,2022-10-24 04:00:00+00:00,276.64,272.65,3.990000000000009,False,BREAK_BEFORE_K1,0,0,,,False,,,BREAK_BEFORE_K1,2022-10-24 00:30:00+00:00,
120,02:00,5,2022-10-25,Tuesday,2022-10-24 19:00:00+00:00,2022-10-25 00:00:00+00:00,2022-10-25 00:00:00+00:00,2022-10-25 04:00:00+00:00,274.23,272.53,1.7000000000000455,True,,1,0,2022-10-25 00:00:00+00:00,2022-10-25 00:05:00+00:00,False,,,BREAK_DURING_K1,2022-10-25 00:10:00+00:00,
120,02:00,5,2022-10-26,Wednesday,2022-10-25 19:00:00+00:00,2022-10-26 00:00:00+00:00,2022-10-26 00:00:00+00:00,2022-10-26 04:00:00+00:00,289.75,283.14,6.610000000000014,False,NO_K1,0,0,,,False,,,NO_K1,,
120,02:00,5,2022-10-27,Thursday,2022-10-26 19:00:00+00:00,2022-10-27 00:00:00+00:00,2022-10-27 00:00:00+00:00,2022-10-27 04:00:00+00:00,291.95,288.71,3.240000000000009,False,BREAK_BEFORE_K1,0,0,,,False,,,BREAK_BEFORE_K1,2022-10-27 02:55:00+00:00,
120,02:00,5,2022-10-28,Friday,2022-10-27 19:00:00+00:00,2022-10-28 00:00:00+00:00,2022-10-28 00:00:00+00:00,2022-10-28 04:00:00+00:00,289.02,284.42,4.599999999999966,False,NO_K1,0,0,,,False,,,NO_K1,,
120,02:00,5,2022-10-29,Saturday,2022-10-28 19:00:00+00:00,2022-10-29 00:00:00+00:00,2022-10-29 00:00:00+00:00,2022-10-29 04:00:00+00:00,301.08,297.07,4.009999999999991,False,BREAK_BEFORE_K1,0,0,,,False,,,BREAK_BEFORE_K1,2022-10-29 00:20:00+00:00,
120,02:00,5,2022-10-30,Sunday,2022-10-29 19:00:00+00:00,2022-10-30 00:00:00+00:00,2022-10-30 00:00:00+00:00,2022-10-30 04:00:00+00:00,305.89,301.51,4.3799999999999955,False,BREAK_BEFORE_K1,0,0,,,False,,,BREAK_BEFORE_K1,2022-10-30 03:45:00+00:00,
120,02:00,5,2022-10-31,Monday,2022-10-30 19:00:00+00:00,2022-10-31 00:00:00+00:00,2022-10-31 00:00:00+00:00,2022-10-31 04:00:00+00:00,316.63,309.93,6.699999999999989,False,OPPOSITE_VISIT_BEFORE_K1,0,1,,,False,,,OPPOSITE_VISIT_BEFORE_K1,2022-10-31 01:40:00+00:00,
120,02:00,5,2022-11-01,Tuesday,2022-10-31 19:00:00+00:00,2022-11-01 00:00:00+00:00,2022-11-01 00:00:00+00:00,2022-11-01 04:00:00+00:00,329.94,325.21,4.730000000000018,False,OPPOSITE_VISIT_BEFORE_K1,0,1,,,False,,,OPPOSITE_VISIT_BEFORE_K1,2022-11-01 00:00:00+00:00,
120,02:00,5,2022-11-02,Wednesday,2022-11-01 19:00:00+00:00,2022-11-02 00:00:00+00:00,2022-11-02 00:00:00+00:00,2022-11-02 04:00:00+00:00,326.26,322.68,3.579999999999984,False,OPPOSITE_VISIT_BEFORE_K1,0,1,,,False,,,OPPOSITE_VISIT_BEFORE_K1,2022-11-02 00:10:00+00:00,
120,02:00,5,2022-11-03,Thursday,2022-11-02 19:00:00+00:00,2022-11-03 00:00:00+00:00,2022-11-03 00:00:00+00:00,2022-11-03 04:00:00+00:00,326.71,315.31,11.399999999999977,False,NO_K1,0,0,,,False,,,NO_K1,,
120,02:00,5,2022-11-04,Friday,2022-11-03 19:00:00+00:00,2022-11-04 00:00:00+00:00,2022-11-04 00:00:00+00:00,2022-11-04 04:00:00+00:00,334.78,327.2,7.579999999999984,False,BREAK_BEFORE_K1,0,0,,,False,,,BREAK_BEFORE_K1,2022-11-04 00:35:00+00:00,
120,02:00,5,2022-11-05,Saturday,2022-11-04 19:00:00+00:00,2022-11-05 00:00:00+00:00,2022-11-05 00:00:00+00:00,2022-11-05 04:00:00+00:00,354.86,351.46,3.400000000000034,True,,1,0,2022-11-05 00:00:00+00:00,2022-11-05 00:05:00+00:00,True,2022-11-05 00:05:00+00:00,2022-11-05 00:10:00+00:00,H2_ARRIVAL,2022-11-05 00:35:00+00:00,30.0
120,02:00,5,2022-11-06,Sunday,2022-11-05 19:00:00+00:00,2022-11-06 00:00:00+00:00,2022-11-06 00:00:00+00:00,2022-11-06 04:00:00+00:00,351.52,345.83,5.689999999999998,False,NO_K1,0,0,,,False,,,NO_K1,,
120,02:00,5,2022-11-07,Monday,2022-11-06 19:00:00+00:00,2022-11-07 00:00:00+00:00,2022-11-07 00:00:00+00:00,2022-11-07 04:00:00+00:00,353.48,337.42,16.060000000000002,False,BREAK_BEFORE_K1,0,0,,,False,,,BREAK_BEFORE_K1,2022-11-07 00:00:00+00:00,
120,02:00,5,2022-11-08,Tuesday,2022-11-07 19:00:00+00:00,2022-11-08 00:00:00+00:00,2022-11-08 00:00:00+00:00,2022-11-08 04:00:00+00:00,344.19,328.35,15.839999999999975,True,,1,0,2022-11-08 02:35:00+00:00,2022-11-08 02:40:00+00:00,False,,,BREAK_DURING_K1,2022-11-08 02:40:00+00:00,
120,02:00,5,2022-11-09,Wednesday,2022-11-08 19:00:00+00:00,2022-11-09 00:00:00+00:00,2022-11-09 00:00:00+00:00,2022-11-09 04:00:00+00:00,335.04,298.17,36.870000000000005,False,NO_K1,0,0,,,False,,,NO_K1,,
120,02:00,5,2022-11-10,Thursday,2022-11-09 19:00:00+00:00,2022-11-10 00:00:00+00:00,2022-11-10 00:00:00+00:00,2022-11-10 04:00:00+00:00,287.06,260.0,27.060000000000002,False,NO_K1,0,0,,,False,,,NO_K1,,
120,02:00,5,2022-11-11,Friday,2022-11-10 19:00:00+00:00,2022-11-11 00:00:00+00:00,2022-11-11 00:00:00+00:00,2022-11-11 04:00:00+00:00,308.55,297.21,11.340000000000032,False,OPPOSITE_VISIT_BEFORE_K1,0,1,,,False,,,OPPOSITE_VISIT_BEFORE_K1,2022-11-11 01:45:00+00:00,
120,02:00,5,2022-11-12,Saturday,2022-11-11 19:00:00+00:00,2022-11-12 00:00:00+00:00,2022-11-12 00:00:00+00:00,2022-11-12 04:00:00+00:00,290.4,284.7,5.699999999999989,False,BREAK_BEFORE_K1,0,0,,,False,,,BREAK_BEFORE_K1,2022-11-12 00:00:00+00:00,
120,02:00,5,2022-11-13,Sunday,2022-11-12 19:00:00+00:00,2022-11-13 00:00:00+00:00,2022-11-13 00:00:00+00:00,2022-11-13 04:00:00+00:00,283.3,280.52,2.7800000000000296,False,BREAK_BEFORE_K1,0,0,,,False,,,BREAK_BEFORE_K1,2022-11-13 00:20:00+00:00,
120,02:00,5,2022-11-14,Monday,2022-11-13 19:00:00+00:00,2022-11-14 00:00:00+00:00,2022-11-14 00:00:00+00:00,2022-11-14 04:00:00+00:00,279.18,273.0,6.180000000000007,False,BREAK_BEFORE_K1,0,0,,,False,,,BREAK_BEFORE_K1,2022-11-14 00:20:00+00:00,
120,02:00,5,2022-11-15,Tuesday,2022-11-14 19:00:00+00:00,2022-11-15 00:00:00+00:00,2022-11-15 00:00:00+00:00,2022-11-15 04:00:00+00:00,279.72,271.74,7.980000000000018,True,,1,0,2022-11-15 00:10:00+00:00,2022-11-15 00:15:00+00:00,True,2022-11-15 00:15:00+00:00,2022-11-15 00:20:00+00:00,H2_ARRIVAL,2022-11-15 00:20:00+00:00,5.0
120,02:00,5,2022-11-16,Wednesday,2022-11-15 19:00:00+00:00,2022-11-16 00:00:00+00:00,2022-11-16 00:00:00+00:00,2022-11-16 04:00:00+00:00,277.47,272.9,4.57000000000005,True,,1,0,2022-11-16 00:50:00+00:00,2022-11-16 00:55:00+00:00,True,2022-11-16 00:55:00+00:00,2022-11-16 01:00:00+00:00,H2_ARRIVAL,2022-11-16 01:00:00+00:00,5.0
120,02:00,5,2022-11-17,Thursday,2022-11-16 19:00:00+00:00,2022-11-17 00:00:00+00:00,2022-11-17 00:00:00+00:00,2022-11-17 04:00:00+00:00,272.88,269.48,3.3999999999999773,True,,1,0,2022-11-17 00:35:00+00:00,2022-11-17 00:40:00+00:00,False,,,BREAK_DURING_K1,2022-11-17 00:45:00+00:00,
120,02:00,5,2022-11-18,Friday,2022-11-17 19:00:00+00:00,2022-11-18 00:00:00+00:00,2022-11-18 00:00:00+00:00,2022-11-18 04:00:00+00:00,268.86,266.5,2.3600000000000136,False,BREAK_BEFORE_K1,0,0,,,False,,,BREAK_BEFORE_K1,2022-11-18 00:10:00+00:00,
120,02:00,5,2022-11-19,Saturday,2022-11-18 19:00:00+00:00,2022-11-19 00:00:00+00:00,2022-11-19 00:00:00+00:00,2022-11-19 04:00:00+00:00,274.78,271.86,2.919999999999959,False,OPPOSITE_VISIT_BEFORE_K1,0,1,,,False,,,OPPOSITE_VISIT_BEFORE_K1,2022-11-19 02:30:00+00:00,
120,02:00,5,2022-11-20,Sunday,2022-11-19 19:00:00+00:00,2022-11-20 00:00:00+00:00,2022-11-20 00:00:00+00:00,2022-11-20 04:00:00+00:00,273.88,271.06,2.819999999999993,False,NO_K1,0,0,,,False,,,NO_K1,,
120,02:00,5,2022-11-21,Monday,2022-11-20 19:00:00+00:00,2022-11-21 00:00:00+00:00,2022-11-21 00:00:00+00:00,2022-11-21 04:00:00+00:00,269.84,261.36,8.479999999999961,False,OPPOSITE_VISIT_BEFORE_K1,0,1,,,False,,,OPPOSITE_VISIT_BEFORE_K1,2022-11-21 00:05:00+00:00,
120,02:00,5,2022-11-22,Tuesday,2022-11-21 19:00:00+00:00,2022-11-22 00:00:00+00:00,2022-11-22 00:00:00+00:00,2022-11-22 04:00:00+00:00,256.08,249.12,6.9599999999999795,False,BREAK_BEFORE_K1,0,0,,,False,,,BREAK_BEFORE_K1,2022-11-22 00:20:00+00:00,
120,02:00,5,2022-11-23,Wednesday,2022-11-22 19:00:00+00:00,2022-11-23 00:00:00+00:00,2022-11-23 00:00:00+00:00,2022-11-23 04:00:00+00:00,267.79,262.42,5.3700000000000045,False,BREAK_BEFORE_K1,0,0,,,False,,,BREAK_BEFORE_K1,2022-11-23 02:20:00+00:00,
120,02:00,5,2022-11-24,Thursday,2022-11-23 19:00:00+00:00,2022-11-24 00:00:00+00:00,2022-11-24 00:00:00+00:00,2022-11-24 04:00:00+00:00,302.16,293.43,8.730000000000018,True,,1,0,2022-11-24 01:35:00+00:00,2022-11-24 01:40:00+00:00,False,,,BREAK_DURING_K1,2022-11-24 01:40:00+00:00,
120,02:00,5,2022-11-25,Friday,2022-11-24 19:00:00+00:00,2022-11-25 00:00:00+00:00,2022-11-25 00:00:00+00:00,2022-11-25 04:00:00+00:00,301.56,297.34,4.220000000000027,False,BREAK_BEFORE_K1,0,0,,,False,,,BREAK_BEFORE_K1,2022-11-25 02:00:00+00:00,
120,02:00,5,2022-11-26,Saturday,2022-11-25 19:00:00+00:00,2022-11-26 00:00:00+00:00,2022-11-26 00:00:00+00:00,2022-11-26 04:00:00+00:00,302.5,299.12,3.3799999999999955,True,,1,0,2022-11-26 00:55:00+00:00,2022-11-26 01:00:00+00:00,False,,,BREAK_DURING_K1,2022-11-26 01:05:00+00:00,
120,02:00,5,2022-11-27,Sunday,2022-11-26 19:00:00+00:00,2022-11-27 00:00:00+00:00,2022-11-27 00:00:00+00:00,2022-11-27 04:00:00+00:00,313.41,307.15,6.260000000000048,False,BREAK_BEFORE_K1,0,0,,,False,,,BREAK_BEFORE_K1,2022-11-27 00:45:00+00:00,
120,02:00,5,2022-11-28,Monday,2022-11-27 19:00:00+00:00,2022-11-28 00:00:00+00:00,2022-11-28 00:00:00+00:00,2022-11-28 04:00:00+00:00,314.4,305.94,8.45999999999998,False,BREAK_BEFORE_K1,0,0,,,False,,,BREAK_BEFORE_K1,2022-11-28 01:05:00+00:00,
120,02:00,5,2022-11-29,Tuesday,2022-11-28 19:00:00+00:00,2022-11-29 00:00:00+00:00,2022-11-29 00:00:00+00:00,2022-11-29 04:00:00+00:00,294.16,291.1,3.0600000000000023,False,BREAK_BEFORE_K1,0,0,,,False,,,BREAK_BEFORE_K1,2022-11-29 00:10:00+00:00,
120,02:00,5,2022-11-30,Wednesday,2022-11-29 19:00:00+00:00,2022-11-30 00:00:00+00:00,2022-11-30 00:00:00+00:00,2022-11-30 04:00:00+00:00,297.3,294.54,2.759999999999991,False,BREAK_BEFORE_K1,0,0,,,False,,,BREAK_BEFORE_K1,2022-11-30 00:30:00+00:00,
120,02:00,5,2022-12-01,Thursday,2022-11-30 19:00:00+00:00,2022-12-01 00:00:00+00:00,2022-12-01 00:00:00+00:00,2022-12-01 04:00:00+00:00,302.06,296.81,5.25,False,OPPOSITE_VISIT_BEFORE_K1,0,1,,,False,,,OPPOSITE_VISIT_BEFORE_K1,2022-12-01 00:30:00+00:00,
120,02:00,5,2022-12-02,Friday,2022-12-01 19:00:00+00:00,2022-12-02 00:00:00+00:00,2022-12-02 00:00:00+00:00,2022-12-02 04:00:00+00:00,293.58,290.86,2.7199999999999704,True,,1,0,2022-12-02 00:40:00+00:00,2022-12-02 00:45:00+00:00,True,2022-12-02 00:50:00+00:00,2022-12-02 00:55:00+00:00,OPPOSITE_BREAK_BEFORE_H2,2022-12-02 01:40:00+00:00,
120,02:00,5,2022-12-03,Saturday,2022-12-02 19:00:00+00:00,2022-12-03 00:00:00+00:00,2022-12-03 00:00:00+00:00,2022-12-03 04:00:00+00:00,294.04,289.42,4.6200000000000045,False,BREAK_BEFORE_K1,0,0,,,False,,,BREAK_BEFORE_K1,2022-12-03 00:00:00+00:00,
120,02:00,5,2022-12-04,Sunday,2022-12-03 19:00:00+00:00,2022-12-04 00:00:00+00:00,2022-12-04 00:00:00+00:00,2022-12-04 04:00:00+00:00,292.57,289.8,2.769999999999982,True,,1,0,2022-12-04 01:25:00+00:00,2022-12-04 01:30:00+00:00,True,2022-12-04 01:30:00+00:00,2022-12-04 01:35:00+00:00,NO_H2_BY_END,,
120,02:00,5,2022-12-05,Monday,2022-12-04 19:00:00+00:00,2022-12-05 00:00:00+00:00,2022-12-05 00:00:00+00:00,2022-12-05 04:00:00+00:00,293.09,290.98,2.109999999999957,False,BREAK_BEFORE_K1,0,0,,,False,,,BREAK_BEFORE_K1,2022-12-05 00:30:00+00:00,
120,02:00,5,2022-12-06,Tuesday,2022-12-05 19:00:00+00:00,2022-12-06 00:00:00+00:00,2022-12-06 00:00:00+00:00,2022-12-06 04:00:00+00:00,289.34,286.01,3.329999999999984,False,BREAK_BEFORE_K1,0,0,,,False,,,BREAK_BEFORE_K1,2022-12-06 00:30:00+00:00,
120,02:00,5,2022-12-07,Wednesday,2022-12-06 19:00:00+00:00,2022-12-07 00:00:00+00:00,2022-12-07 00:00:00+00:00,2022-12-07 04:00:00+00:00,290.79,287.43,3.3600000000000136,True,,1,0,2022-12-07 00:40:00+00:00,2022-12-07 00:45:00+00:00,True,2022-12-07 00:50:00+00:00,2022-12-07 00:55:00+00:00,NO_H2_BY_END,,
120,02:00,5,2022-12-08,Thursday,2022-12-07 19:00:00+00:00,2022-12-08 00:00:00+00:00,2022-12-08 00:00:00+00:00,2022-12-08 04:00:00+00:00,284.89,282.25,2.6399999999999864,False,NO_K1,0,0,,,False,,,NO_K1,,
120,02:00,5,2022-12-09,Friday,2022-12-08 19:00:00+00:00,2022-12-09 00:00:00+00:00,2022-12-09 00:00:00+00:00,2022-12-09 04:00:00+00:00,291.73,288.4,3.330000000000041,False,NO_K1,0,0,,,False,,,NO_K1,,
120,02:00,5,2022-12-10,Saturday,2022-12-09 19:00:00+00:00,2022-12-10 00:00:00+00:00,2022-12-10 00:00:00+00:00,2022-12-10 04:00:00+00:00,287.96,284.5,3.4599999999999795,False,NO_K1,0,0,,,False,,,NO_K1,,
120,02:00,5,2022-12-11,Sunday,2022-12-10 19:00:00+00:00,2022-12-11 00:00:00+00:00,2022-12-11 00:00:00+00:00,2022-12-11 04:00:00+00:00,288.55,287.42,1.1299999999999955,False,BREAK_BEFORE_K1,0,0,,,False,,,BREAK_BEFORE_K1,2022-12-11 00:50:00+00:00,
120,02:00,5,2022-12-12,Monday,2022-12-11 19:00:00+00:00,2022-12-12 00:00:00+00:00,2022-12-12 00:00:00+00:00,2022-12-12 04:00:00+00:00,291.49,283.17,8.319999999999993,False,BREAK_BEFORE_K1,0,0,,,False,,,BREAK_BEFORE_K1,2022-12-12 02:50:00+00:00,
120,02:00,5,2022-12-13,Tuesday,2022-12-12 19:00:00+00:00,2022-12-13 00:00:00+00:00,2022-12-13 00:00:00+00:00,2022-12-13 04:00:00+00:00,277.5,272.95,4.550000000000011,False,OPPOSITE_VISIT_BEFORE_K1,0,1,,,False,,,OPPOSITE_VISIT_BEFORE_K1,2022-12-13 01:55:00+00:00,
120,02:00,5,2022-12-14,Wednesday,2022-12-13 19:00:00+00:00,2022-12-14 00:00:00+00:00,2022-12-14 00:00:00+00:00,2022-12-14 04:00:00+00:00,273.99,268.07,5.920000000000016,True,,1,0,2022-12-14 00:00:00+00:00,2022-12-14 00:05:00+00:00,True,2022-12-14 00:05:00+00:00,2022-12-14 00:10:00+00:00,H2_ARRIVAL,2022-12-14 00:40:00+00:00,35.0
120,02:00,5,2022-12-15,Thursday,2022-12-14 19:00:00+00:00,2022-12-15 00:00:00+00:00,2022-12-15 00:00:00+00:00,2022-12-15 04:00:00+00:00,272.19,265.0,7.189999999999998,False,BREAK_BEFORE_K1,0,0,,,False,,,BREAK_BEFORE_K1,2022-12-15 01:35:00+00:00,
120,02:00,5,2022-12-16,Friday,2022-12-15 19:00:00+00:00,2022-12-16 00:00:00+00:00,2022-12-16 00:00:00+00:00,2022-12-16 04:00:00+00:00,261.72,256.5,5.220000000000027,True,,1,0,2022-12-16 00:50:00+00:00,2022-12-16 00:55:00+00:00,False,,,BREAK_DURING_K1,2022-12-16 00:55:00+00:00,
120,02:00,5,2022-12-17,Saturday,2022-12-16 19:00:00+00:00,2022-12-17 00:00:00+00:00,2022-12-17 00:00:00+00:00,2022-12-17 04:00:00+00:00,246.62,222.96,23.659999999999997,False,BREAK_BEFORE_K1,0,0,,,False,,,BREAK_BEFORE_K1,2022-12-17 02:00:00+00:00,
120,02:00,5,2022-12-18,Sunday,2022-12-17 19:00:00+00:00,2022-12-18 00:00:00+00:00,2022-12-18 00:00:00+00:00,2022-12-18 04:00:00+00:00,245.0,234.65,10.349999999999994,False,BREAK_BEFORE_K1,0,0,,,False,,,BREAK_BEFORE_K1,2022-12-18 03:55:00+00:00,
120,02:00,5,2022-12-19,Monday,2022-12-18 19:00:00+00:00,2022-12-19 00:00:00+00:00,2022-12-19 00:00:00+00:00,2022-12-19 04:00:00+00:00,254.2,247.62,6.579999999999984,False,BREAK_BEFORE_K1,0,0,,,False,,,BREAK_BEFORE_K1,2022-12-19 03:05:00+00:00,
120,02:00,5,2022-12-20,Tuesday,2022-12-19 19:00:00+00:00,2022-12-20 00:00:00+00:00,2022-12-20 00:00:00+00:00,2022-12-20 04:00:00+00:00,244.8,236.46,8.340000000000003,False,BREAK_BEFORE_K1,0,0,,,False,,,BREAK_BEFORE_K1,2022-12-20 01:30:00+00:00,
120,02:00,5,2022-12-21,Wednesday,2022-12-20 19:00:00+00:00,2022-12-21 00:00:00+00:00,2022-12-21 00:00:00+00:00,2022-12-21 04:00:00+00:00,252.47,249.19,3.280000000000001,False,OPPOSITE_VISIT_BEFORE_K1,0,1,,,False,,,OPPOSITE_VISIT_BEFORE_K1,2022-12-21 02:50:00+00:00,
120,02:00,5,2022-12-22,Thursday,2022-12-21 19:00:00+00:00,2022-12-22 00:00:00+00:00,2022-12-22 00:00:00+00:00,2022-12-22 04:00:00+00:00,247.91,245.0,2.9099999999999966,False,BREAK_BEFORE_K1,0,0,,,False,,,BREAK_BEFORE_K1,2022-12-22 00:55:00+00:00,
120,02:00,5,2022-12-23,Friday,2022-12-22 19:00:00+00:00,2022-12-23 00:00:00+00:00,2022-12-23 00:00:00+00:00,2022-12-23 04:00:00+00:00,247.0,241.51,5.490000000000009,False,BREAK_BEFORE_K1,0,0,,,False,,,BREAK_BEFORE_K1,2022-12-23 02:55:00+00:00,
120,02:00,5,2022-12-24,Saturday,2022-12-23 19:00:00+00:00,2022-12-24 00:00:00+00:00,2022-12-24 00:00:00+00:00,2022-12-24 04:00:00+00:00,246.34,245.38,0.960000000000008,False,OPPOSITE_VISIT_BEFORE_K1,0,1,,,False,,,OPPOSITE_VISIT_BEFORE_K1,2022-12-24 00:45:00+00:00,
120,02:00,5,2022-12-25,Sunday,2022-12-24 19:00:00+00:00,2022-12-25 00:00:00+00:00,2022-12-25 00:00:00+00:00,2022-12-25 04:00:00+00:00,244.85,243.81,1.039999999999992,True,,1,0,2022-12-25 00:25:00+00:00,2022-12-25 00:30:00+00:00,False,,,BREAK_DURING_K1,2022-12-25 00:30:00+00:00,
120,02:00,5,2022-12-26,Monday,2022-12-25 19:00:00+00:00,2022-12-26 00:00:00+00:00,2022-12-26 00:00:00+00:00,2022-12-26 04:00:00+00:00,243.76,241.2,2.5600000000000023,False,BREAK_BEFORE_K1,0,0,,,False,,,BREAK_BEFORE_K1,2022-12-26 01:45:00+00:00,
120,02:00,5,2022-12-27,Tuesday,2022-12-26 19:00:00+00:00,2022-12-27 00:00:00+00:00,2022-12-27 00:00:00+00:00,2022-12-27 04:00:00+00:00,244.43,242.11,2.319999999999993,False,BREAK_BEFORE_K1,0,0,,,False,,,BREAK_BEFORE_K1,2022-12-27 00:00:00+00:00,
120,02:00,5,2022-12-28,Wednesday,2022-12-27 19:00:00+00:00,2022-12-28 00:00:00+00:00,2022-12-28 00:00:00+00:00,2022-12-28 04:00:00+00:00,246.87,244.63,2.240000000000009,True,,1,0,2022-12-28 00:00:00+00:00,2022-12-28 00:05:00+00:00,True,2022-12-28 00:10:00+00:00,2022-12-28 00:15:00+00:00,H2_ARRIVAL,2022-12-28 02:25:00+00:00,135.0
120,02:00,5,2022-12-29,Thursday,2022-12-28 19:00:00+00:00,2022-12-29 00:00:00+00:00,2022-12-29 00:00:00+00:00,2022-12-29 04:00:00+00:00,244.47,241.89,2.5800000000000125,False,BREAK_BEFORE_K1,0,0,,,False,,,BREAK_BEFORE_K1,2022-12-29 00:00:00+00:00,
120,02:00,5,2022-12-30,Friday,2022-12-29 19:00:00+00:00,2022-12-30 00:00:00+00:00,2022-12-30 00:00:00+00:00,2022-12-30 04:00:00+00:00,246.78,244.46,2.319999999999993,False,NO_K1,0,0,,,False,,,NO_K1,,
120,02:00,5,2022-12-31,Saturday,2022-12-30 19:00:00+00:00,2022-12-31 00:00:00+00:00,2022-12-31 00:00:00+00:00,2022-12-31 04:00:00+00:00,246.21,244.52,1.6899999999999977,False,NO_K1,0,0,,,False,,,NO_K1,,
120,02:00,5,2023-01-01,Sunday,2022-12-31 19:00:00+00:00,2023-01-01 00:00:00+00:00,2023-01-01 00:00:00+00:00,2023-01-01 04:00:00+00:00,247.35,245.56,1.789999999999992,False,OPPOSITE_VISIT_BEFORE_K1,0,1,,,False,,,OPPOSITE_VISIT_BEFORE_K1,2023-01-01 00:45:00+00:00,
120,02:00,5,2023-01-02,Monday,2023-01-01 19:00:00+00:00,2023-01-02 00:00:00+00:00,2023-01-02 00:00:00+00:00,2023-01-02 04:00:00+00:00,245.81,243.54,2.2700000000000102,False,OPPOSITE_VISIT_BEFORE_K1,0,1,,,False,,,OPPOSITE_VISIT_BEFORE_K1,2023-01-02 00:20:00+00:00,
120,02:00,5,2023-01-03,Tuesday,2023-01-02 19:00:00+00:00,2023-01-03 00:00:00+00:00,2023-01-03 00:00:00+00:00,2023-01-03 04:00:00+00:00,247.73,244.95,2.780000000000001,False,OPPOSITE_VISIT_BEFORE_K1,0,1,,,False,,,OPPOSITE_VISIT_BEFORE_K1,2023-01-03 00:00:00+00:00,
120,02:00,5,2023-01-04,Wednesday,2023-01-03 19:00:00+00:00,2023-01-04 00:00:00+00:00,2023-01-04 00:00:00+00:00,2023-01-04 04:00:00+00:00,246.19,244.71,1.4799999999999898,False,BREAK_BEFORE_K1,0,0,,,False,,,BREAK_BEFORE_K1,2023-01-04 01:00:00+00:00,
120,02:00,5,2023-01-05,Thursday,2023-01-04 19:00:00+00:00,2023-01-05 00:00:00+00:00,2023-01-05 00:00:00+00:00,2023-01-05 04:00:00+00:00,259.9,254.7,5.199999999999989,False,NO_K1,0,0,,,False,,,NO_K1,,
120,02:00,5,2023-01-06,Friday,2023-01-05 19:00:00+00:00,2023-01-06 00:00:00+00:00,2023-01-06 00:00:00+00:00,2023-01-06 04:00:00+00:00,258.22,255.59,2.630000000000024,True,,1,0,2023-01-06 02:25:00+00:00,2023-01-06 02:30:00+00:00,True,2023-01-06 02:30:00+00:00,2023-01-06 02:35:00+00:00,H2_ARRIVAL,2023-01-06 02:50:00+00:00,20.0
120,02:00,5,2023-01-07,Saturday,2023-01-06 19:00:00+00:00,2023-01-07 00:00:00+00:00,2023-01-07 00:00:00+00:00,2023-01-07 04:00:00+00:00,260.5,258.26,2.240000000000009,False,BREAK_BEFORE_K1,0,0,,,False,,,BREAK_BEFORE_K1,2023-01-07 00:55:00+00:00,
120,02:00,5,2023-01-08,Sunday,2023-01-07 19:00:00+00:00,2023-01-08 00:00:00+00:00,2023-01-08 00:00:00+00:00,2023-01-08 04:00:00+00:00,261.62,260.41,1.2099999999999795,False,BREAK_BEFORE_K1,0,0,,,False,,,BREAK_BEFORE_K1,2023-01-08 00:05:00+00:00,
120,02:00,5,2023-01-09,Monday,2023-01-08 19:00:00+00:00,2023-01-09 00:00:00+00:00,2023-01-09 00:00:00+00:00,2023-01-09 04:00:00+00:00,277.0,265.09,11.910000000000025,False,BREAK_BEFORE_K1,0,0,,,False,,,BREAK_BEFORE_K1,2023-01-09 00:55:00+00:00,
120,02:00,5,2023-01-10,Tuesday,2023-01-09 19:00:00+00:00,2023-01-10 00:00:00+00:00,2023-01-10 00:00:00+00:00,2023-01-10 04:00:00+00:00,278.12,271.27,6.850000000000023,False,OPPOSITE_VISIT_BEFORE_K1,0,1,,,False,,,OPPOSITE_VISIT_BEFORE_K1,2023-01-10 02:35:00+00:00,
120,02:00,5,2023-01-11,Wednesday,2023-01-10 19:00:00+00:00,2023-01-11 00:00:00+00:00,2023-01-11 00:00:00+00:00,2023-01-11 04:00:00+00:00,278.65,275.33,3.319999999999993,False,OPPOSITE_VISIT_BEFORE_K1,0,1,,,False,,,OPPOSITE_VISIT_BEFORE_K1,2023-01-11 02:20:00+00:00,
120,02:00,5,2023-01-12,Thursday,2023-01-11 19:00:00+00:00,2023-01-12 00:00:00+00:00,2023-01-12 00:00:00+00:00,2023-01-12 04:00:00+00:00,287.4,277.86,9.539999999999964,False,BREAK_BEFORE_K1,0,0,,,False,,,BREAK_BEFORE_K1,2023-01-12 00:55:00+00:00,
120,02:00,5,2023-01-13,Friday,2023-01-12 19:00:00+00:00,2023-01-13 00:00:00+00:00,2023-01-13 00:00:00+00:00,2023-01-13 04:00:00+00:00,288.67,285.22,3.4499999999999886,False,BREAK_BEFORE_K1,0,0,,,False,,,BREAK_BEFORE_K1,2023-01-13 03:05:00+00:00,
120,02:00,5,2023-01-14,Saturday,2023-01-13 19:00:00+00:00,2023-01-14 00:00:00+00:00,2023-01-14 00:00:00+00:00,2023-01-14 04:00:00+00:00,296.25,286.7,9.550000000000011,False,BREAK_BEFORE_K1,0,0,,,False,,,BREAK_BEFORE_K1,2023-01-14 00:20:00+00:00,
120,02:00,5,2023-01-15,Sunday,2023-01-14 19:00:00+00:00,2023-01-15 00:00:00+00:00,2023-01-15 00:00:00+00:00,2023-01-15 04:00:00+00:00,306.63,303.06,3.569999999999993,False,BREAK_BEFORE_K1,0,0,,,False,,,BREAK_BEFORE_K1,2023-01-15 00:30:00+00:00,
120,02:00,5,2023-01-16,Monday,2023-01-15 19:00:00+00:00,2023-01-16 00:00:00+00:00,2023-01-16 00:00:00+00:00,2023-01-16 04:00:00+00:00,303.27,300.23,3.0399999999999636,True,,1,0,2023-01-16 00:05:00+00:00,2023-01-16 00:10:00+00:00,True,2023-01-16 00:10:00+00:00,2023-01-16 00:15:00+00:00,H2_ARRIVAL,2023-01-16 00:50:00+00:00,40.0
120,02:00,5,2023-01-17,Tuesday,2023-01-16 19:00:00+00:00,2023-01-17 00:00:00+00:00,2023-01-17 00:00:00+00:00,2023-01-17 04:00:00+00:00,302.55,298.2,4.350000000000023,False,BREAK_BEFORE_K1,0,0,,,False,,,BREAK_BEFORE_K1,2023-01-17 00:00:00+00:00,
120,02:00,5,2023-01-18,Wednesday,2023-01-17 19:00:00+00:00,2023-01-18 00:00:00+00:00,2023-01-18 00:00:00+00:00,2023-01-18 04:00:00+00:00,303.63,298.97,4.659999999999968,False,OPPOSITE_VISIT_BEFORE_K1,0,1,,,False,,,OPPOSITE_VISIT_BEFORE_K1,2023-01-18 00:00:00+00:00,
120,02:00,5,2023-01-19,Thursday,2023-01-18 19:00:00+00:00,2023-01-19 00:00:00+00:00,2023-01-19 00:00:00+00:00,2023-01-19 04:00:00+00:00,294.34,286.07,8.269999999999982,False,NO_K1,0,0,,,False,,,NO_K1,,
120,02:00,5,2023-01-20,Friday,2023-01-19 19:00:00+00:00,2023-01-20 00:00:00+00:00,2023-01-20 00:00:00+00:00,2023-01-20 04:00:00+00:00,295.4,291.95,3.4499999999999886,True,,1,0,2023-01-20 00:05:00+00:00,2023-01-20 00:10:00+00:00,True,2023-01-20 00:10:00+00:00,2023-01-20 00:15:00+00:00,H2_ARRIVAL,2023-01-20 02:15:00+00:00,125.0
120,02:00,5,2023-01-21,Saturday,2023-01-20 19:00:00+00:00,2023-01-21 00:00:00+00:00,2023-01-21 00:00:00+00:00,2023-01-21 04:00:00+00:00,305.66,292.26,13.400000000000034,True,,1,0,2023-01-21 00:00:00+00:00,2023-01-21 00:05:00+00:00,True,2023-01-21 00:10:00+00:00,2023-01-21 00:15:00+00:00,H2_ARRIVAL,2023-01-21 01:05:00+00:00,55.0
120,02:00,5,2023-01-22,Sunday,2023-01-21 19:00:00+00:00,2023-01-22 00:00:00+00:00,2023-01-22 00:00:00+00:00,2023-01-22 04:00:00+00:00,305.19,298.16,7.029999999999973,False,NO_K1,0,0,,,False,,,NO_K1,,
120,02:00,5,2023-01-23,Monday,2023-01-22 19:00:00+00:00,2023-01-23 00:00:00+00:00,2023-01-23 00:00:00+00:00,2023-01-23 04:00:00+00:00,307.54,298.5,9.04000000000002,True,,1,0,2023-01-23 02:25:00+00:00,2023-01-23 02:30:00+00:00,True,2023-01-23 02:35:00+00:00,2023-01-23 02:40:00+00:00,H2_ARRIVAL,2023-01-23 02:50:00+00:00,15.0
120,02:00,5,2023-01-24,Tuesday,2023-01-23 19:00:00+00:00,2023-01-24 00:00:00+00:00,2023-01-24 00:00:00+00:00,2023-01-24 04:00:00+00:00,306.88,303.5,3.3799999999999955,False,OPPOSITE_VISIT_BEFORE_K1,0,1,,,False,,,OPPOSITE_VISIT_BEFORE_K1,2023-01-24 00:05:00+00:00,
120,02:00,5,2023-01-25,Wednesday,2023-01-24 19:00:00+00:00,2023-01-25 00:00:00+00:00,2023-01-25 00:00:00+00:00,2023-01-25 04:00:00+00:00,311.36,299.1,12.259999999999991,False,BREAK_BEFORE_K1,0,0,,,False,,,BREAK_BEFORE_K1,2023-01-25 00:20:00+00:00,
120,02:00,5,2023-01-26,Thursday,2023-01-25 19:00:00+00:00,2023-01-26 00:00:00+00:00,2023-01-26 00:00:00+00:00,2023-01-26 04:00:00+00:00,314.05,301.19,12.860000000000014,False,NO_K1,0,0,,,False,,,NO_K1,,
120,02:00,5,2023-01-27,Friday,2023-01-26 19:00:00+00:00,2023-01-27 00:00:00+00:00,2023-01-27 00:00:00+00:00,2023-01-27 04:00:00+00:00,307.1,303.57,3.5300000000000296,False,BREAK_BEFORE_K1,0,0,,,False,,,BREAK_BEFORE_K1,2023-01-27 00:15:00+00:00,
120,02:00,5,2023-01-28,Saturday,2023-01-27 19:00:00+00:00,2023-01-28 00:00:00+00:00,2023-01-28 00:00:00+00:00,2023-01-28 04:00:00+00:00,310.73,305.29,5.439999999999998,False,NO_K1,0,0,,,False,,,NO_K1,,
120,02:00,5,2023-01-29,Sunday,2023-01-28 19:00:00+00:00,2023-01-29 00:00:00+00:00,2023-01-29 00:00:00+00:00,2023-01-29 04:00:00+00:00,306.89,304.08,2.8100000000000023,True,,1,0,2023-01-29 00:30:00+00:00,2023-01-29 00:35:00+00:00,False,,,BREAK_DURING_K1,2023-01-29 00:35:00+00:00,
120,02:00,5,2023-01-30,Monday,2023-01-29 19:00:00+00:00,2023-01-30 00:00:00+00:00,2023-01-30 00:00:00+00:00,2023-01-30 04:00:00+00:00,320.71,315.0,5.7099999999999795,False,BREAK_BEFORE_K1,0,0,,,False,,,BREAK_BEFORE_K1,2023-01-30 00:45:00+00:00,
120,02:00,5,2023-01-31,Tuesday,2023-01-30 19:00:00+00:00,2023-01-31 00:00:00+00:00,2023-01-31 00:00:00+00:00,2023-01-31 04:00:00+00:00,308.67,300.88,7.7900000000000205,False,BREAK_BEFORE_K1,0,0,,,False,,,BREAK_BEFORE_K1,2023-01-31 01:10:00+00:00,
120,02:00,5,2023-02-01,Wednesday,2023-01-31 19:00:00+00:00,2023-02-01 00:00:00+00:00,2023-02-01 00:00:00+00:00,2023-02-01 04:00:00+00:00,314.12,308.68,5.439999999999998,False,BREAK_BEFORE_K1,0,0,,,False,,,BREAK_BEFORE_K1,2023-02-01 00:40:00+00:00,
120,02:00,5,2023-02-02,Thursday,2023-02-01 19:00:00+00:00,2023-02-02 00:00:00+00:00,2023-02-02 00:00:00+00:00,2023-02-02 04:00:00+00:00,319.58,306.77,12.810000000000002,False,BREAK_BEFORE_K1,0,0,,,False,,,BREAK_BEFORE_K1,2023-02-02 00:40:00+00:00,
120,02:00,5,2023-02-03,Friday,2023-02-02 19:00:00+00:00,2023-02-03 00:00:00+00:00,2023-02-03 00:00:00+00:00,2023-02-03 04:00:00+00:00,331.72,321.36,10.360000000000014,False,OPPOSITE_VISIT_BEFORE_K1,0,1,,,False,,,OPPOSITE_VISIT_BEFORE_K1,2023-02-03 02:35:00+00:00,
120,02:00,5,2023-02-04,Saturday,2023-02-03 19:00:00+00:00,2023-02-04 00:00:00+00:00,2023-02-04 00:00:00+00:00,2023-02-04 04:00:00+00:00,332.67,328.32,4.350000000000023,False,BREAK_BEFORE_K1,0,0,,,False,,,BREAK_BEFORE_K1,2023-02-04 00:00:00+00:00,
120,02:00,5,2023-02-05,Sunday,2023-02-04 19:00:00+00:00,2023-02-05 00:00:00+00:00,2023-02-05 00:00:00+00:00,2023-02-05 04:00:00+00:00,332.11,329.45,2.660000000000025,False,BREAK_BEFORE_K1,0,0,,,False,,,BREAK_BEFORE_K1,2023-02-05 00:20:00+00:00,
120,02:00,5,2023-02-06,Monday,2023-02-05 19:00:00+00:00,2023-02-06 00:00:00+00:00,2023-02-06 00:00:00+00:00,2023-02-06 04:00:00+00:00,328.64,324.41,4.229999999999961,False,BREAK_BEFORE_K1,0,0,,,False,,,BREAK_BEFORE_K1,2023-02-06 00:00:00+00:00,
120,02:00,5,2023-02-07,Tuesday,2023-02-06 19:00:00+00:00,2023-02-07 00:00:00+00:00,2023-02-07 00:00:00+00:00,2023-02-07 04:00:00+00:00,330.0,324.0,6.0,False,OPPOSITE_VISIT_BEFORE_K1,0,1,,,False,,,OPPOSITE_VISIT_BEFORE_K1,2023-02-07 00:00:00+00:00,
120,02:00,5,2023-02-08,Wednesday,2023-02-07 19:00:00+00:00,2023-02-08 00:00:00+00:00,2023-02-08 00:00:00+00:00,2023-02-08 04:00:00+00:00,333.94,327.68,6.259999999999991,False,BREAK_BEFORE_K1,0,0,,,False,,,BREAK_BEFORE_K1,2023-02-08 00:35:00+00:00,
120,02:00,5,2023-02-09,Thursday,2023-02-08 19:00:00+00:00,2023-02-09 00:00:00+00:00,2023-02-09 00:00:00+00:00,2023-02-09 04:00:00+00:00,328.64,325.01,3.6299999999999955,False,BREAK_BEFORE_K1,0,0,,,False,,,BREAK_BEFORE_K1,2023-02-09 00:25:00+00:00,
120,02:00,5,2023-02-10,Friday,2023-02-09 19:00:00+00:00,2023-02-10 00:00:00+00:00,2023-02-10 00:00:00+00:00,2023-02-10 04:00:00+00:00,316.54,301.41,15.129999999999995,False,NO_K1,0,0,,,False,,,NO_K1,,
120,02:00,5,2023-02-11,Saturday,2023-02-10 19:00:00+00:00,2023-02-11 00:00:00+00:00,2023-02-11 00:00:00+00:00,2023-02-11 04:00:00+00:00,308.56,304.14,4.420000000000016,False,NO_K1,0,0,,,False,,,NO_K1,,
120,02:00,5,2023-02-12,Sunday,2023-02-11 19:00:00+00:00,2023-02-12 00:00:00+00:00,2023-02-12 00:00:00+00:00,2023-02-12 04:00:00+00:00,311.13,307.48,3.6499999999999773,False,BREAK_BEFORE_K1,0,0,,,False,,,BREAK_BEFORE_K1,2023-02-12 03:55:00+00:00,
120,02:00,5,2023-02-13,Monday,2023-02-12 19:00:00+00:00,2023-02-13 00:00:00+00:00,2023-02-13 00:00:00+00:00,2023-02-13 04:00:00+00:00,320.18,311.12,9.060000000000002,False,BREAK_BEFORE_K1,0,0,,,False,,,BREAK_BEFORE_K1,2023-02-13 00:15:00+00:00,
120,02:00,5,2023-02-14,Tuesday,2023-02-13 19:00:00+00:00,2023-02-14 00:00:00+00:00,2023-02-14 00:00:00+00:00,2023-02-14 04:00:00+00:00,294.56,287.07,7.490000000000009,False,NO_K1,0,0,,,False,,,NO_K1,,
120,02:00,5,2023-02-15,Wednesday,2023-02-14 19:00:00+00:00,2023-02-15 00:00:00+00:00,2023-02-15 00:00:00+00:00,2023-02-15 04:00:00+00:00,298.4,295.47,2.92999999999995,False,OPPOSITE_VISIT_BEFORE_K1,0,1,,,False,,,OPPOSITE_VISIT_BEFORE_K1,2023-02-15 00:05:00+00:00,
120,02:00,5,2023-02-16,Thursday,2023-02-15 19:00:00+00:00,2023-02-16 00:00:00+00:00,2023-02-16 00:00:00+00:00,2023-02-16 04:00:00+00:00,317.63,303.3,14.329999999999984,True,,1,0,2023-02-16 00:00:00+00:00,2023-02-16 00:05:00+00:00,False,,,BREAK_DURING_K1,2023-02-16 00:10:00+00:00,
120,02:00,5,2023-02-17,Friday,2023-02-16 19:00:00+00:00,2023-02-17 00:00:00+00:00,2023-02-17 00:00:00+00:00,2023-02-17 04:00:00+00:00,321.87,303.81,18.060000000000002,False,OPPOSITE_VISIT_BEFORE_K1,0,1,,,False,,,OPPOSITE_VISIT_BEFORE_K1,2023-02-17 00:00:00+00:00,
120,02:00,5,2023-02-18,Saturday,2023-02-17 19:00:00+00:00,2023-02-18 00:00:00+00:00,2023-02-18 00:00:00+00:00,2023-02-18 04:00:00+00:00,317.0,309.17,7.829999999999984,False,NO_K1,0,0,,,False,,,NO_K1,,
120,02:00,5,2023-02-19,Sunday,2023-02-18 19:00:00+00:00,2023-02-19 00:00:00+00:00,2023-02-19 00:00:00+00:00,2023-02-19 04:00:00+00:00,316.99,313.73,3.259999999999991,True,,1,0,2023-02-19 00:00:00+00:00,2023-02-19 00:05:00+00:00,True,2023-02-19 00:05:00+00:00,2023-02-19 00:10:00+00:00,H2_ARRIVAL,2023-02-19 00:45:00+00:00,40.0
120,02:00,5,2023-02-20,Monday,2023-02-19 19:00:00+00:00,2023-02-20 00:00:00+00:00,2023-02-20 00:00:00+00:00,2023-02-20 04:00:00+00:00,313.64,310.0,3.6399999999999864,False,BREAK_BEFORE_K1,0,0,,,False,,,BREAK_BEFORE_K1,2023-02-20 00:30:00+00:00,
120,02:00,5,2023-02-21,Tuesday,2023-02-20 19:00:00+00:00,2023-02-21 00:00:00+00:00,2023-02-21 00:00:00+00:00,2023-02-21 04:00:00+00:00,315.46,313.0,2.4599999999999795,False,BREAK_BEFORE_K1,0,0,,,False,,,BREAK_BEFORE_K1,2023-02-21 00:00:00+00:00,
120,02:00,5,2023-02-22,Wednesday,2023-02-21 19:00:00+00:00,2023-02-22 00:00:00+00:00,2023-02-22 00:00:00+00:00,2023-02-22 04:00:00+00:00,314.02,309.03,4.990000000000009,False,OPPOSITE_VISIT_BEFORE_K1,0,1,,,False,,,OPPOSITE_VISIT_BEFORE_K1,2023-02-22 00:45:00+00:00,
120,02:00,5,2023-02-23,Thursday,2023-02-22 19:00:00+00:00,2023-02-23 00:00:00+00:00,2023-02-23 00:00:00+00:00,2023-02-23 04:00:00+00:00,312.84,305.4,7.439999999999998,False,BREAK_BEFORE_K1,0,0,,,False,,,BREAK_BEFORE_K1,2023-02-23 02:35:00+00:00,
120,02:00,5,2023-02-24,Friday,2023-02-23 19:00:00+00:00,2023-02-24 00:00:00+00:00,2023-02-24 00:00:00+00:00,2023-02-24 04:00:00+00:00,309.88,306.36,3.519999999999982,False,BREAK_BEFORE_K1,0,0,,,False,,,BREAK_BEFORE_K1,2023-02-24 01:10:00+00:00,
120,02:00,5,2023-02-25,Saturday,2023-02-24 19:00:00+00:00,2023-02-25 00:00:00+00:00,2023-02-25 00:00:00+00:00,2023-02-25 04:00:00+00:00,303.9,298.19,5.7099999999999795,False,NO_K1,0,0,,,False,,,NO_K1,,
120,02:00,5,2023-02-26,Sunday,2023-02-25 19:00:00+00:00,2023-02-26 00:00:00+00:00,2023-02-26 00:00:00+00:00,2023-02-26 04:00:00+00:00,302.34,295.07,7.269999999999982,False,BREAK_BEFORE_K1,0,0,,,False,,,BREAK_BEFORE_K1,2023-02-26 02:40:00+00:00,
120,02:00,5,2023-02-27,Monday,2023-02-26 19:00:00+00:00,2023-02-27 00:00:00+00:00,2023-02-27 00:00:00+00:00,2023-02-27 04:00:00+00:00,309.8,306.81,2.990000000000009,False,NO_K1,0,0,,,False,,,NO_K1,,
120,02:00,5,2023-02-28,Tuesday,2023-02-27 19:00:00+00:00,2023-02-28 00:00:00+00:00,2023-02-28 00:00:00+00:00,2023-02-28 04:00:00+00:00,304.82,301.22,3.599999999999966,False,BREAK_BEFORE_K1,0,0,,,False,,,BREAK_BEFORE_K1,2023-02-28 03:10:00+00:00,
120,02:00,5,2023-03-01,Wednesday,2023-02-28 19:00:00+00:00,2023-03-01 00:00:00+00:00,2023-03-01 00:00:00+00:00,2023-03-01 04:00:00+00:00,303.14,299.52,3.6200000000000045,False,BREAK_BEFORE_K1,0,0,,,False,,,BREAK_BEFORE_K1,2023-03-01 03:10:00+00:00,
120,02:00,5,2023-03-02,Thursday,2023-03-01 19:00:00+00:00,2023-03-02 00:00:00+00:00,2023-03-02 00:00:00+00:00,2023-03-02 04:00:00+00:00,302.8,300.44,2.3600000000000136,False,BREAK_BEFORE_K1,0,0,,,False,,,BREAK_BEFORE_K1,2023-03-02 00:15:00+00:00,
120,02:00,5,2023-03-03,Friday,2023-03-02 19:00:00+00:00,2023-03-03 00:00:00+00:00,2023-03-03 00:00:00+00:00,2023-03-03 04:00:00+00:00,300.68,298.68,2.0,False,OPPOSITE_VISIT_BEFORE_K1,0,1,,,False,,,OPPOSITE_VISIT_BEFORE_K1,2023-03-03 00:30:00+00:00,
120,02:00,5,2023-03-04,Saturday,2023-03-03 19:00:00+00:00,2023-03-04 00:00:00+00:00,2023-03-04 00:00:00+00:00,2023-03-04 04:00:00+00:00,290.34,287.23,3.109999999999957,False,BREAK_BEFORE_K1,0,0,,,False,,,BREAK_BEFORE_K1,2023-03-04 00:05:00+00:00,
120,02:00,5,2023-03-05,Sunday,2023-03-04 19:00:00+00:00,2023-03-05 00:00:00+00:00,2023-03-05 00:00:00+00:00,2023-03-05 04:00:00+00:00,290.08,285.51,4.569999999999993,False,BREAK_BEFORE_K1,0,0,,,False,,,BREAK_BEFORE_K1,2023-03-05 01:15:00+00:00,
120,02:00,5,2023-03-06,Monday,2023-03-05 19:00:00+00:00,2023-03-06 00:00:00+00:00,2023-03-06 00:00:00+00:00,2023-03-06 04:00:00+00:00,290.51,287.13,3.3799999999999955,False,OPPOSITE_VISIT_BEFORE_K1,0,1,,,False,,,OPPOSITE_VISIT_BEFORE_K1,2023-03-06 00:15:00+00:00,
120,02:00,5,2023-03-07,Tuesday,2023-03-06 19:00:00+00:00,2023-03-07 00:00:00+00:00,2023-03-07 00:00:00+00:00,2023-03-07 04:00:00+00:00,288.75,286.37,2.3799999999999955,False,BREAK_BEFORE_K1,0,0,,,False,,,BREAK_BEFORE_K1,2023-03-07 01:20:00+00:00,
120,02:00,5,2023-03-08,Wednesday,2023-03-07 19:00:00+00:00,2023-03-08 00:00:00+00:00,2023-03-08 00:00:00+00:00,2023-03-08 04:00:00+00:00,289.23,285.32,3.910000000000025,False,BREAK_BEFORE_K1,0,0,,,False,,,BREAK_BEFORE_K1,2023-03-08 00:00:00+00:00,
120,02:00,5,2023-03-09,Thursday,2023-03-08 19:00:00+00:00,2023-03-09 00:00:00+00:00,2023-03-09 00:00:00+00:00,2023-03-09 04:00:00+00:00,291.95,285.85,6.099999999999966,False,OPPOSITE_VISIT_BEFORE_K1,0,1,,,False,,,OPPOSITE_VISIT_BEFORE_K1,2023-03-09 00:10:00+00:00,
120,02:00,5,2023-03-10,Friday,2023-03-09 19:00:00+00:00,2023-03-10 00:00:00+00:00,2023-03-10 00:00:00+00:00,2023-03-10 04:00:00+00:00,284.01,270.82,13.189999999999998,False,NO_K1,0,0,,,False,,,NO_K1,,
120,02:00,5,2023-03-11,Saturday,2023-03-10 19:00:00+00:00,2023-03-11 00:00:00+00:00,2023-03-11 00:00:00+00:00,2023-03-11 04:00:00+00:00,277.97,274.51,3.4600000000000364,False,BREAK_BEFORE_K1,0,0,,,False,,,BREAK_BEFORE_K1,2023-03-11 00:25:00+00:00,
120,02:00,5,2023-03-12,Sunday,2023-03-11 19:00:00+00:00,2023-03-12 00:00:00+00:00,2023-03-12 00:00:00+00:00,2023-03-12 04:00:00+00:00,276.06,271.76,4.300000000000011,False,BREAK_BEFORE_K1,0,0,,,False,,,BREAK_BEFORE_K1,2023-03-12 01:00:00+00:00,
120,02:00,5,2023-03-13,Monday,2023-03-12 19:00:00+00:00,2023-03-13 00:00:00+00:00,2023-03-13 00:00:00+00:00,2023-03-13 04:00:00+00:00,288.77,277.41,11.359999999999957,True,,1,0,2023-03-13 00:20:00+00:00,2023-03-13 00:25:00+00:00,False,,,BREAK_DURING_K1,2023-03-13 00:25:00+00:00,
120,02:00,5,2023-03-14,Tuesday,2023-03-13 19:00:00+00:00,2023-03-14 00:00:00+00:00,2023-03-14 00:00:00+00:00,2023-03-14 04:00:00+00:00,309.93,305.23,4.699999999999989,False,OPPOSITE_VISIT_BEFORE_K1,0,1,,,False,,,OPPOSITE_VISIT_BEFORE_K1,2023-03-14 03:05:00+00:00,
120,02:00,5,2023-03-15,Wednesday,2023-03-14 19:00:00+00:00,2023-03-15 00:00:00+00:00,2023-03-15 00:00:00+00:00,2023-03-15 04:00:00+00:00,313.55,304.49,9.060000000000002,False,NO_K1,0,0,,,False,,,NO_K1,,
120,02:00,5,2023-03-16,Thursday,2023-03-15 19:00:00+00:00,2023-03-16 00:00:00+00:00,2023-03-16 00:00:00+00:00,2023-03-16 04:00:00+00:00,308.03,304.09,3.9399999999999977,False,BREAK_BEFORE_K1,0,0,,,False,,,BREAK_BEFORE_K1,2023-03-16 00:40:00+00:00,
120,02:00,5,2023-03-17,Friday,2023-03-16 19:00:00+00:00,2023-03-17 00:00:00+00:00,2023-03-17 00:00:00+00:00,2023-03-17 04:00:00+00:00,332.32,325.84,6.480000000000018,False,BREAK_BEFORE_K1,0,0,,,False,,,BREAK_BEFORE_K1,2023-03-17 00:35:00+00:00,
120,02:00,5,2023-03-18,Saturday,2023-03-17 19:00:00+00:00,2023-03-18 00:00:00+00:00,2023-03-18 00:00:00+00:00,2023-03-18 04:00:00+00:00,339.94,331.6,8.339999999999975,True,,1,0,2023-03-18 00:20:00+00:00,2023-03-18 00:25:00+00:00,False,,,BREAK_DURING_K1,2023-03-18 00:30:00+00:00,
120,02:00,5,2023-03-19,Sunday,2023-03-18 19:00:00+00:00,2023-03-19 00:00:00+00:00,2023-03-19 00:00:00+00:00,2023-03-19 04:00:00+00:00,337.33,329.36,7.96999999999997,False,NO_K1,0,0,,,False,,,NO_K1,,
120,02:00,5,2023-03-20,Monday,2023-03-19 19:00:00+00:00,2023-03-20 00:00:00+00:00,2023-03-20 00:00:00+00:00,2023-03-20 04:00:00+00:00,340.21,334.0,6.2099999999999795,False,OPPOSITE_VISIT_BEFORE_K1,0,1,,,False,,,OPPOSITE_VISIT_BEFORE_K1,2023-03-20 00:05:00+00:00,
120,02:00,5,2023-03-21,Tuesday,2023-03-20 19:00:00+00:00,2023-03-21 00:00:00+00:00,2023-03-21 00:00:00+00:00,2023-03-21 04:00:00+00:00,338.14,331.0,7.139999999999986,False,NO_K1,0,0,,,False,,,NO_K1,,
120,02:00,5,2023-03-22,Wednesday,2023-03-21 19:00:00+00:00,2023-03-22 00:00:00+00:00,2023-03-22 00:00:00+00:00,2023-03-22 04:00:00+00:00,337.62,334.01,3.6100000000000136,False,OPPOSITE_VISIT_BEFORE_K1,0,1,,,False,,,OPPOSITE_VISIT_BEFORE_K1,2023-03-22 00:00:00+00:00,
120,02:00,5,2023-03-23,Thursday,2023-03-22 19:00:00+00:00,2023-03-23 00:00:00+00:00,2023-03-23 00:00:00+00:00,2023-03-23 04:00:00+00:00,326.95,316.0,10.949999999999989,False,NO_K1,0,0,,,False,,,NO_K1,,
120,02:00,5,2023-03-24,Friday,2023-03-23 19:00:00+00:00,2023-03-24 00:00:00+00:00,2023-03-24 00:00:00+00:00,2023-03-24 04:00:00+00:00,329.99,326.4,3.590000000000032,False,NO_K1,0,0,,,False,,,NO_K1,,
120,02:00,5,2023-03-25,Saturday,2023-03-24 19:00:00+00:00,2023-03-25 00:00:00+00:00,2023-03-25 00:00:00+00:00,2023-03-25 04:00:00+00:00,322.78,318.3,4.479999999999961,True,,1,0,2023-03-25 00:45:00+00:00,2023-03-25 00:50:00+00:00,False,,,BREAK_DURING_K1,2023-03-25 00:55:00+00:00,
120,02:00,5,2023-03-26,Sunday,2023-03-25 19:00:00+00:00,2023-03-26 00:00:00+00:00,2023-03-26 00:00:00+00:00,2023-03-26 04:00:00+00:00,322.67,318.86,3.8100000000000023,True,,1,0,2023-03-26 00:40:00+00:00,2023-03-26 00:45:00+00:00,False,,,BREAK_DURING_K1,2023-03-26 00:45:00+00:00,
120,02:00,5,2023-03-27,Monday,2023-03-26 19:00:00+00:00,2023-03-27 00:00:00+00:00,2023-03-27 00:00:00+00:00,2023-03-27 04:00:00+00:00,329.14,326.0,3.1399999999999864,False,NO_K1,0,0,,,False,,,NO_K1,,
120,02:00,5,2023-03-28,Tuesday,2023-03-27 19:00:00+00:00,2023-03-28 00:00:00+00:00,2023-03-28 00:00:00+00:00,2023-03-28 04:00:00+00:00,311.67,305.46,6.210000000000036,True,,1,0,2023-03-28 01:35:00+00:00,2023-03-28 01:40:00+00:00,True,2023-03-28 01:50:00+00:00,2023-03-28 01:55:00+00:00,NO_H2_BY_END,,
120,02:00,5,2023-03-29,Wednesday,2023-03-28 19:00:00+00:00,2023-03-29 00:00:00+00:00,2023-03-29 00:00:00+00:00,2023-03-29 04:00:00+00:00,315.85,311.45,4.400000000000034,False,NO_K1,0,0,,,False,,,NO_K1,,
120,02:00,5,2023-03-30,Thursday,2023-03-29 19:00:00+00:00,2023-03-30 00:00:00+00:00,2023-03-30 00:00:00+00:00,2023-03-30 04:00:00+00:00,316.45,312.63,3.819999999999993,False,BREAK_BEFORE_K1,0,0,,,False,,,BREAK_BEFORE_K1,2023-03-30 00:50:00+00:00,
120,02:00,5,2023-03-31,Friday,2023-03-30 19:00:00+00:00,2023-03-31 00:00:00+00:00,2023-03-31 00:00:00+00:00,2023-03-31 04:00:00+00:00,317.17,314.86,2.3100000000000023,True,,1,0,2023-03-31 00:25:00+00:00,2023-03-31 00:30:00+00:00,True,2023-03-31 00:30:00+00:00,2023-03-31 00:35:00+00:00,H2_ARRIVAL,2023-03-31 01:00:00+00:00,30.0
120,02:00,5,2023-04-01,Saturday,2023-03-31 19:00:00+00:00,2023-04-01 00:00:00+00:00,2023-04-01 00:00:00+00:00,2023-04-01 04:00:00+00:00,317.38,314.79,2.589999999999975,True,,1,0,2023-04-01 00:20:00+00:00,2023-04-01 00:25:00+00:00,True,2023-04-01 00:25:00+00:00,2023-04-01 00:30:00+00:00,H2_ARRIVAL,2023-04-01 02:00:00+00:00,95.0
120,02:00,5,2023-04-02,Sunday,2023-04-01 19:00:00+00:00,2023-04-02 00:00:00+00:00,2023-04-02 00:00:00+00:00,2023-04-02 04:00:00+00:00,315.53,313.86,1.669999999999959,False,BREAK_BEFORE_K1,0,0,,,False,,,BREAK_BEFORE_K1,2023-04-02 00:45:00+00:00,
120,02:00,5,2023-04-03,Monday,2023-04-02 19:00:00+00:00,2023-04-03 00:00:00+00:00,2023-04-03 00:00:00+00:00,2023-04-03 04:00:00+00:00,313.77,310.36,3.409999999999968,True,,1,0,2023-04-03 00:00:00+00:00,2023-04-03 00:05:00+00:00,True,2023-04-03 00:05:00+00:00,2023-04-03 00:10:00+00:00,H2_ARRIVAL,2023-04-03 00:15:00+00:00,10.0
120,02:00,5,2023-04-04,Tuesday,2023-04-03 19:00:00+00:00,2023-04-04 00:00:00+00:00,2023-04-04 00:00:00+00:00,2023-04-04 04:00:00+00:00,312.0,297.43,14.569999999999993,False,NO_K1,0,0,,,False,,,NO_K1,,
120,02:00,5,2023-04-05,Wednesday,2023-04-04 19:00:00+00:00,2023-04-05 00:00:00+00:00,2023-04-05 00:00:00+00:00,2023-04-05 04:00:00+00:00,311.75,310.23,1.5199999999999818,False,OPPOSITE_VISIT_BEFORE_K1,0,1,,,False,,,OPPOSITE_VISIT_BEFORE_K1,2023-04-05 00:10:00+00:00,
120,02:00,5,2023-04-06,Thursday,2023-04-05 19:00:00+00:00,2023-04-06 00:00:00+00:00,2023-04-06 00:00:00+00:00,2023-04-06 04:00:00+00:00,314.75,311.85,2.8999999999999773,False,BREAK_BEFORE_K1,0,0,,,False,,,BREAK_BEFORE_K1,2023-04-06 01:20:00+00:00,
120,02:00,5,2023-04-07,Friday,2023-04-06 19:00:00+00:00,2023-04-07 00:00:00+00:00,2023-04-07 00:00:00+00:00,2023-04-07 04:00:00+00:00,312.93,311.73,1.1999999999999886,False,BREAK_BEFORE_K1,0,0,,,False,,,BREAK_BEFORE_K1,2023-04-07 00:05:00+00:00,
120,02:00,5,2023-04-08,Saturday,2023-04-07 19:00:00+00:00,2023-04-08 00:00:00+00:00,2023-04-08 00:00:00+00:00,2023-04-08 04:00:00+00:00,311.35,309.91,1.4399999999999977,False,OPPOSITE_VISIT_BEFORE_K1,0,1,,,False,,,OPPOSITE_VISIT_BEFORE_K1,2023-04-08 00:10:00+00:00,
120,02:00,5,2023-04-09,Sunday,2023-04-08 19:00:00+00:00,2023-04-09 00:00:00+00:00,2023-04-09 00:00:00+00:00,2023-04-09 04:00:00+00:00,310.95,310.0,0.9499999999999886,True,,1,0,2023-04-09 00:35:00+00:00,2023-04-09 00:40:00+00:00,False,,,BREAK_DURING_K1,2023-04-09 00:40:00+00:00,
120,02:00,5,2023-04-10,Monday,2023-04-09 19:00:00+00:00,2023-04-10 00:00:00+00:00,2023-04-10 00:00:00+00:00,2023-04-10 04:00:00+00:00,313.81,311.3,2.509999999999991,False,NO_K1,0,0,,,False,,,NO_K1,,
120,02:00,5,2023-04-11,Tuesday,2023-04-10 19:00:00+00:00,2023-04-11 00:00:00+00:00,2023-04-11 00:00:00+00:00,2023-04-11 04:00:00+00:00,318.57,312.53,6.0400000000000205,True,,1,0,2023-04-11 00:00:00+00:00,2023-04-11 00:05:00+00:00,True,2023-04-11 00:05:00+00:00,2023-04-11 00:10:00+00:00,H2_ARRIVAL,2023-04-11 00:40:00+00:00,35.0
120,02:00,5,2023-04-12,Wednesday,2023-04-11 19:00:00+00:00,2023-04-12 00:00:00+00:00,2023-04-12 00:00:00+00:00,2023-04-12 04:00:00+00:00,327.48,322.23,5.25,False,OPPOSITE_VISIT_BEFORE_K1,0,1,,,False,,,OPPOSITE_VISIT_BEFORE_K1,2023-04-12 00:00:00+00:00,
120,02:00,5,2023-04-13,Thursday,2023-04-12 19:00:00+00:00,2023-04-13 00:00:00+00:00,2023-04-13 00:00:00+00:00,2023-04-13 04:00:00+00:00,320.75,318.0,2.75,False,NO_K1,0,0,,,False,,,NO_K1,,
120,02:00,5,2023-04-14,Friday,2023-04-13 19:00:00+00:00,2023-04-14 00:00:00+00:00,2023-04-14 00:00:00+00:00,2023-04-14 04:00:00+00:00,325.04,323.65,1.3900000000000432,False,BREAK_BEFORE_K1,0,0,,,False,,,BREAK_BEFORE_K1,2023-04-14 00:00:00+00:00,
120,02:00,5,2023-04-15,Saturday,2023-04-14 19:00:00+00:00,2023-04-15 00:00:00+00:00,2023-04-15 00:00:00+00:00,2023-04-15 04:00:00+00:00,330.42,326.94,3.480000000000018,False,NO_K1,0,0,,,False,,,NO_K1,,
120,02:00,5,2023-04-16,Sunday,2023-04-15 19:00:00+00:00,2023-04-16 00:00:00+00:00,2023-04-16 00:00:00+00:00,2023-04-16 04:00:00+00:00,335.17,331.29,3.8799999999999955,False,BREAK_BEFORE_K1,0,0,,,False,,,BREAK_BEFORE_K1,2023-04-16 01:10:00+00:00,
120,02:00,5,2023-04-17,Monday,2023-04-16 19:00:00+00:00,2023-04-17 00:00:00+00:00,2023-04-17 00:00:00+00:00,2023-04-17 04:00:00+00:00,350.39,346.43,3.9599999999999795,False,BREAK_BEFORE_K1,0,0,,,False,,,BREAK_BEFORE_K1,2023-04-17 00:25:00+00:00,
120,02:00,5,2023-04-18,Tuesday,2023-04-17 19:00:00+00:00,2023-04-18 00:00:00+00:00,2023-04-18 00:00:00+00:00,2023-04-18 04:00:00+00:00,343.16,339.55,3.6100000000000136,False,OPPOSITE_VISIT_BEFORE_K1,0,1,,,False,,,OPPOSITE_VISIT_BEFORE_K1,2023-04-18 00:40:00+00:00,
120,02:00,5,2023-04-19,Wednesday,2023-04-18 19:00:00+00:00,2023-04-19 00:00:00+00:00,2023-04-19 00:00:00+00:00,2023-04-19 04:00:00+00:00,343.7,340.82,2.8799999999999955,False,BREAK_BEFORE_K1,0,0,,,False,,,BREAK_BEFORE_K1,2023-04-19 01:05:00+00:00,
120,02:00,5,2023-04-20,Thursday,2023-04-19 19:00:00+00:00,2023-04-20 00:00:00+00:00,2023-04-20 00:00:00+00:00,2023-04-20 04:00:00+00:00,325.92,319.63,6.2900000000000205,True,,1,0,2023-04-20 01:35:00+00:00,2023-04-20 01:40:00+00:00,True,2023-04-20 01:40:00+00:00,2023-04-20 01:45:00+00:00,NO_H2_BY_END,,
120,02:00,5,2023-04-21,Friday,2023-04-20 19:00:00+00:00,2023-04-21 00:00:00+00:00,2023-04-21 00:00:00+00:00,2023-04-21 04:00:00+00:00,319.37,315.14,4.230000000000018,False,BREAK_BEFORE_K1,0,0,,,False,,,BREAK_BEFORE_K1,2023-04-21 00:45:00+00:00,
120,02:00,5,2023-04-22,Saturday,2023-04-21 19:00:00+00:00,2023-04-22 00:00:00+00:00,2023-04-22 00:00:00+00:00,2023-04-22 04:00:00+00:00,325.18,316.45,8.730000000000018,False,NO_K1,0,0,,,False,,,NO_K1,,
120,02:00,5,2023-04-23,Sunday,2023-04-22 19:00:00+00:00,2023-04-23 00:00:00+00:00,2023-04-23 00:00:00+00:00,2023-04-23 04:00:00+00:00,333.96,329.02,4.939999999999998,False,BREAK_BEFORE_K1,0,0,,,False,,,BREAK_BEFORE_K1,2023-04-23 00:30:00+00:00,
120,02:00,5,2023-04-24,Monday,2023-04-23 19:00:00+00:00,2023-04-24 00:00:00+00:00,2023-04-24 00:00:00+00:00,2023-04-24 04:00:00+00:00,330.54,327.01,3.5300000000000296,True,,1,0,2023-04-24 00:00:00+00:00,2023-04-24 00:05:00+00:00,True,2023-04-24 00:20:00+00:00,2023-04-24 00:25:00+00:00,H2_ARRIVAL,2023-04-24 00:45:00+00:00,25.0
120,02:00,5,2023-04-25,Tuesday,2023-04-24 19:00:00+00:00,2023-04-25 00:00:00+00:00,2023-04-25 00:00:00+00:00,2023-04-25 04:00:00+00:00,332.32,330.4,1.920000000000016,False,OPPOSITE_VISIT_BEFORE_K1,0,1,,,False,,,OPPOSITE_VISIT_BEFORE_K1,2023-04-25 00:05:00+00:00,
120,02:00,5,2023-04-26,Wednesday,2023-04-25 19:00:00+00:00,2023-04-26 00:00:00+00:00,2023-04-26 00:00:00+00:00,2023-04-26 04:00:00+00:00,340.64,331.72,8.919999999999959,False,NO_K1,0,0,,,False,,,NO_K1,,
120,02:00,5,2023-04-27,Thursday,2023-04-26 19:00:00+00:00,2023-04-27 00:00:00+00:00,2023-04-27 00:00:00+00:00,2023-04-27 04:00:00+00:00,340.6,321.63,18.970000000000027,False,NO_K1,0,0,,,False,,,NO_K1,,
120,02:00,5,2023-04-28,Friday,2023-04-27 19:00:00+00:00,2023-04-28 00:00:00+00:00,2023-04-28 00:00:00+00:00,2023-04-28 04:00:00+00:00,335.65,330.13,5.519999999999982,False,BREAK_BEFORE_K1,0,0,,,False,,,BREAK_BEFORE_K1,2023-04-28 00:00:00+00:00,
120,02:00,5,2023-04-29,Saturday,2023-04-28 19:00:00+00:00,2023-04-29 00:00:00+00:00,2023-04-29 00:00:00+00:00,2023-04-29 04:00:00+00:00,324.68,322.41,2.269999999999982,False,BREAK_BEFORE_K1,0,0,,,False,,,BREAK_BEFORE_K1,2023-04-29 01:00:00+00:00,
120,02:00,5,2023-04-30,Sunday,2023-04-29 19:00:00+00:00,2023-04-30 00:00:00+00:00,2023-04-30 00:00:00+00:00,2023-04-30 04:00:00+00:00,322.87,321.32,1.5500000000000114,False,OPPOSITE_VISIT_BEFORE_K1,0,1,,,False,,,OPPOSITE_VISIT_BEFORE_K1,2023-04-30 00:05:00+00:00,
120,02:00,5,2023-05-01,Monday,2023-04-30 19:00:00+00:00,2023-05-01 00:00:00+00:00,2023-05-01 00:00:00+00:00,2023-05-01 04:00:00+00:00,337.78,332.16,5.619999999999948,True,,1,0,2023-05-01 00:25:00+00:00,2023-05-01 00:30:00+00:00,False,,,BREAK_DURING_K1,2023-05-01 00:35:00+00:00,
120,02:00,5,2023-05-02,Tuesday,2023-05-01 19:00:00+00:00,2023-05-02 00:00:00+00:00,2023-05-02 00:00:00+00:00,2023-05-02 04:00:00+00:00,328.82,325.34,3.480000000000018,False,OPPOSITE_VISIT_BEFORE_K1,0,1,,,False,,,OPPOSITE_VISIT_BEFORE_K1,2023-05-02 02:50:00+00:00,
120,02:00,5,2023-05-03,Wednesday,2023-05-02 19:00:00+00:00,2023-05-03 00:00:00+00:00,2023-05-03 00:00:00+00:00,2023-05-03 04:00:00+00:00,325.59,320.6,4.989999999999952,False,NO_K1,0,0,,,False,,,NO_K1,,
120,02:00,5,2023-05-04,Thursday,2023-05-03 19:00:00+00:00,2023-05-04 00:00:00+00:00,2023-05-04 00:00:00+00:00,2023-05-04 04:00:00+00:00,327.36,322.65,4.710000000000036,False,NO_K1,0,0,,,False,,,NO_K1,,
120,02:00,5,2023-05-05,Friday,2023-05-04 19:00:00+00:00,2023-05-05 00:00:00+00:00,2023-05-05 00:00:00+00:00,2023-05-05 04:00:00+00:00,324.43,323.04,1.3899999999999864,True,,1,0,2023-05-05 00:40:00+00:00,2023-05-05 00:45:00+00:00,False,,,BREAK_DURING_K1,2023-05-05 00:50:00+00:00,
120,02:00,5,2023-05-06,Saturday,2023-05-05 19:00:00+00:00,2023-05-06 00:00:00+00:00,2023-05-06 00:00:00+00:00,2023-05-06 04:00:00+00:00,327.84,324.49,3.349999999999966,False,BREAK_BEFORE_K1,0,0,,,False,,,BREAK_BEFORE_K1,2023-05-06 00:35:00+00:00,
120,02:00,5,2023-05-07,Sunday,2023-05-06 19:00:00+00:00,2023-05-07 00:00:00+00:00,2023-05-07 00:00:00+00:00,2023-05-07 04:00:00+00:00,323.64,321.47,2.169999999999959,False,BREAK_BEFORE_K1,0,0,,,False,,,BREAK_BEFORE_K1,2023-05-07 00:25:00+00:00,
120,02:00,5,2023-05-08,Monday,2023-05-07 19:00:00+00:00,2023-05-08 00:00:00+00:00,2023-05-08 00:00:00+00:00,2023-05-08 04:00:00+00:00,323.93,320.44,3.490000000000009,False,OPPOSITE_VISIT_BEFORE_K1,0,1,,,False,,,OPPOSITE_VISIT_BEFORE_K1,2023-05-08 00:00:00+00:00,
120,02:00,5,2023-05-09,Tuesday,2023-05-08 19:00:00+00:00,2023-05-09 00:00:00+00:00,2023-05-09 00:00:00+00:00,2023-05-09 04:00:00+00:00,313.65,311.04,2.609999999999957,True,,1,0,2023-05-09 00:15:00+00:00,2023-05-09 00:20:00+00:00,True,2023-05-09 00:20:00+00:00,2023-05-09 00:25:00+00:00,H2_ARRIVAL,2023-05-09 00:50:00+00:00,30.0
120,02:00,5,2023-05-10,Wednesday,2023-05-09 19:00:00+00:00,2023-05-10 00:00:00+00:00,2023-05-10 00:00:00+00:00,2023-05-10 04:00:00+00:00,313.05,311.0,2.0500000000000114,False,BREAK_BEFORE_K1,0,0,,,False,,,BREAK_BEFORE_K1,2023-05-10 00:25:00+00:00,
120,02:00,5,2023-05-11,Thursday,2023-05-10 19:00:00+00:00,2023-05-11 00:00:00+00:00,2023-05-11 00:00:00+00:00,2023-05-11 04:00:00+00:00,316.56,311.87,4.689999999999998,False,NO_K1,0,0,,,False,,,NO_K1,,
120,02:00,5,2023-05-12,Friday,2023-05-11 19:00:00+00:00,2023-05-12 00:00:00+00:00,2023-05-12 00:00:00+00:00,2023-05-12 04:00:00+00:00,308.01,304.63,3.3799999999999955,True,,1,0,2023-05-12 00:40:00+00:00,2023-05-12 00:45:00+00:00,False,,,BREAK_DURING_K1,2023-05-12 00:45:00+00:00,
120,02:00,5,2023-05-13,Saturday,2023-05-12 19:00:00+00:00,2023-05-13 00:00:00+00:00,2023-05-13 00:00:00+00:00,2023-05-13 04:00:00+00:00,308.55,301.2,7.350000000000023,True,,1,0,2023-05-13 00:00:00+00:00,2023-05-13 00:05:00+00:00,True,2023-05-13 00:05:00+00:00,2023-05-13 00:10:00+00:00,H2_ARRIVAL,2023-05-13 01:00:00+00:00,55.0
120,02:00,5,2023-05-14,Sunday,2023-05-13 19:00:00+00:00,2023-05-14 00:00:00+00:00,2023-05-14 00:00:00+00:00,2023-05-14 04:00:00+00:00,311.76,308.97,2.7899999999999636,False,NO_K1,0,0,,,False,,,NO_K1,,
120,02:00,5,2023-05-15,Monday,2023-05-14 19:00:00+00:00,2023-05-15 00:00:00+00:00,2023-05-15 00:00:00+00:00,2023-05-15 04:00:00+00:00,311.93,310.55,1.3799999999999955,False,BREAK_BEFORE_K1,0,0,,,False,,,BREAK_BEFORE_K1,2023-05-15 00:00:00+00:00,
120,02:00,5,2023-05-16,Tuesday,2023-05-15 19:00:00+00:00,2023-05-16 00:00:00+00:00,2023-05-16 00:00:00+00:00,2023-05-16 04:00:00+00:00,314.15,312.9,1.25,False,BREAK_BEFORE_K1,0,0,,,False,,,BREAK_BEFORE_K1,2023-05-16 00:40:00+00:00,
120,02:00,5,2023-05-17,Wednesday,2023-05-16 19:00:00+00:00,2023-05-17 00:00:00+00:00,2023-05-17 00:00:00+00:00,2023-05-17 04:00:00+00:00,311.74,309.67,2.069999999999993,True,,1,0,2023-05-17 00:35:00+00:00,2023-05-17 00:40:00+00:00,True,2023-05-17 00:40:00+00:00,2023-05-17 00:45:00+00:00,H2_ARRIVAL,2023-05-17 00:50:00+00:00,10.0
120,02:00,5,2023-05-18,Thursday,2023-05-17 19:00:00+00:00,2023-05-18 00:00:00+00:00,2023-05-18 00:00:00+00:00,2023-05-18 04:00:00+00:00,314.41,311.75,2.660000000000025,False,BREAK_BEFORE_K1,0,0,,,False,,,BREAK_BEFORE_K1,2023-05-18 03:15:00+00:00,
120,02:00,5,2023-05-19,Friday,2023-05-18 19:00:00+00:00,2023-05-19 00:00:00+00:00,2023-05-19 00:00:00+00:00,2023-05-19 04:00:00+00:00,310.59,306.72,3.8699999999999477,False,NO_K1,0,0,,,False,,,NO_K1,,
120,02:00,5,2023-05-20,Saturday,2023-05-19 19:00:00+00:00,2023-05-20 00:00:00+00:00,2023-05-20 00:00:00+00:00,2023-05-20 04:00:00+00:00,308.89,307.65,1.240000000000009,False,NO_K1,0,0,,,False,,,NO_K1,,
120,02:00,5,2023-05-21,Sunday,2023-05-20 19:00:00+00:00,2023-05-21 00:00:00+00:00,2023-05-21 00:00:00+00:00,2023-05-21 04:00:00+00:00,311.58,310.0,1.579999999999984,True,,1,0,2023-05-21 00:50:00+00:00,2023-05-21 00:55:00+00:00,True,2023-05-21 00:55:00+00:00,2023-05-21 01:00:00+00:00,NO_H2_BY_END,,
120,02:00,5,2023-05-22,Monday,2023-05-21 19:00:00+00:00,2023-05-22 00:00:00+00:00,2023-05-22 00:00:00+00:00,2023-05-22 04:00:00+00:00,308.9,305.55,3.349999999999966,False,OPPOSITE_VISIT_BEFORE_K1,0,1,,,False,,,OPPOSITE_VISIT_BEFORE_K1,2023-05-22 00:30:00+00:00,
120,02:00,5,2023-05-23,Tuesday,2023-05-22 19:00:00+00:00,2023-05-23 00:00:00+00:00,2023-05-23 00:00:00+00:00,2023-05-23 04:00:00+00:00,310.77,309.16,1.6099999999999568,False,OPPOSITE_VISIT_BEFORE_K1,0,1,,,False,,,OPPOSITE_VISIT_BEFORE_K1,2023-05-23 00:00:00+00:00,
120,02:00,5,2023-05-24,Wednesday,2023-05-23 19:00:00+00:00,2023-05-24 00:00:00+00:00,2023-05-24 00:00:00+00:00,2023-05-24 04:00:00+00:00,313.92,312.32,1.6000000000000227,False,BREAK_BEFORE_K1,0,0,,,False,,,BREAK_BEFORE_K1,2023-05-24 03:20:00+00:00,
120,02:00,5,2023-05-25,Thursday,2023-05-24 19:00:00+00:00,2023-05-25 00:00:00+00:00,2023-05-25 00:00:00+00:00,2023-05-25 04:00:00+00:00,306.62,304.91,1.7099999999999795,False,BREAK_BEFORE_K1,0,0,,,False,,,BREAK_BEFORE_K1,2023-05-25 00:40:00+00:00,
120,02:00,5,2023-05-26,Friday,2023-05-25 19:00:00+00:00,2023-05-26 00:00:00+00:00,2023-05-26 00:00:00+00:00,2023-05-26 04:00:00+00:00,305.94,304.06,1.8799999999999955,False,OPPOSITE_VISIT_BEFORE_K1,0,1,,,False,,,OPPOSITE_VISIT_BEFORE_K1,2023-05-26 00:45:00+00:00,
120,02:00,5,2023-05-27,Saturday,2023-05-26 19:00:00+00:00,2023-05-27 00:00:00+00:00,2023-05-27 00:00:00+00:00,2023-05-27 04:00:00+00:00,307.45,306.61,0.839999999999975,False,OPPOSITE_VISIT_BEFORE_K1,0,1,,,False,,,OPPOSITE_VISIT_BEFORE_K1,2023-05-27 00:00:00+00:00,
120,02:00,5,2023-05-28,Sunday,2023-05-27 19:00:00+00:00,2023-05-28 00:00:00+00:00,2023-05-28 00:00:00+00:00,2023-05-28 04:00:00+00:00,307.9,304.75,3.1499999999999773,False,BREAK_BEFORE_K1,0,0,,,False,,,BREAK_BEFORE_K1,2023-05-28 00:40:00+00:00,
120,02:00,5,2023-05-29,Monday,2023-05-28 19:00:00+00:00,2023-05-29 00:00:00+00:00,2023-05-29 00:00:00+00:00,2023-05-29 04:00:00+00:00,314.95,308.91,6.039999999999964,True,,1,0,2023-05-29 00:00:00+00:00,2023-05-29 00:05:00+00:00,False,,,BREAK_DURING_K1,2023-05-29 00:10:00+00:00,
120,02:00,5,2023-05-30,Tuesday,2023-05-29 19:00:00+00:00,2023-05-30 00:00:00+00:00,2023-05-30 00:00:00+00:00,2023-05-30 04:00:00+00:00,312.87,310.65,2.2200000000000273,False,BREAK_BEFORE_K1,0,0,,,False,,,BREAK_BEFORE_K1,2023-05-30 01:55:00+00:00,
120,02:00,5,2023-05-31,Wednesday,2023-05-30 19:00:00+00:00,2023-05-31 00:00:00+00:00,2023-05-31 00:00:00+00:00,2023-05-31 04:00:00+00:00,313.34,311.49,1.849999999999966,False,OPPOSITE_VISIT_BEFORE_K1,0,1,,,False,,,OPPOSITE_VISIT_BEFORE_K1,2023-05-31 00:00:00+00:00,
120,02:00,5,2023-06-01,Thursday,2023-05-31 19:00:00+00:00,2023-06-01 00:00:00+00:00,2023-06-01 00:00:00+00:00,2023-06-01 04:00:00+00:00,307.29,305.35,1.9399999999999977,False,BREAK_BEFORE_K1,0,0,,,False,,,BREAK_BEFORE_K1,2023-06-01 00:10:00+00:00,
120,02:00,5,2023-06-02,Friday,2023-06-01 19:00:00+00:00,2023-06-02 00:00:00+00:00,2023-06-02 00:00:00+00:00,2023-06-02 04:00:00+00:00,306.03,303.52,2.509999999999991,False,OPPOSITE_VISIT_BEFORE_K1,0,1,,,False,,,OPPOSITE_VISIT_BEFORE_K1,2023-06-02 00:35:00+00:00,
120,02:00,5,2023-06-03,Saturday,2023-06-02 19:00:00+00:00,2023-06-03 00:00:00+00:00,2023-06-03 00:00:00+00:00,2023-06-03 04:00:00+00:00,308.5,307.03,1.4700000000000273,False,OPPOSITE_VISIT_BEFORE_K1,0,1,,,False,,,OPPOSITE_VISIT_BEFORE_K1,2023-06-03 00:00:00+00:00,
120,02:00,5,2023-06-04,Sunday,2023-06-03 19:00:00+00:00,2023-06-04 00:00:00+00:00,2023-06-04 00:00:00+00:00,2023-06-04 04:00:00+00:00,306.82,305.61,1.2099999999999795,False,BREAK_BEFORE_K1,0,0,,,False,,,BREAK_BEFORE_K1,2023-06-04 00:15:00+00:00,
120,02:00,5,2023-06-05,Monday,2023-06-04 19:00:00+00:00,2023-06-05 00:00:00+00:00,2023-06-05 00:00:00+00:00,2023-06-05 04:00:00+00:00,307.69,304.65,3.0400000000000205,False,OPPOSITE_VISIT_BEFORE_K1,0,1,,,False,,,OPPOSITE_VISIT_BEFORE_K1,2023-06-05 00:00:00+00:00,
120,02:00,5,2023-06-06,Tuesday,2023-06-05 19:00:00+00:00,2023-06-06 00:00:00+00:00,2023-06-06 00:00:00+00:00,2023-06-06 04:00:00+00:00,277.39,271.88,5.509999999999991,False,BREAK_BEFORE_K1,0,0,,,False,,,BREAK_BEFORE_K1,2023-06-06 00:10:00+00:00,
120,02:00,5,2023-06-07,Wednesday,2023-06-06 19:00:00+00:00,2023-06-07 00:00:00+00:00,2023-06-07 00:00:00+00:00,2023-06-07 04:00:00+00:00,285.87,280.42,5.449999999999989,False,OPPOSITE_VISIT_BEFORE_K1,0,1,,,False,,,OPPOSITE_VISIT_BEFORE_K1,2023-06-07 00:10:00+00:00,
120,02:00,5,2023-06-08,Thursday,2023-06-07 19:00:00+00:00,2023-06-08 00:00:00+00:00,2023-06-08 00:00:00+00:00,2023-06-08 04:00:00+00:00,261.38,257.25,4.1299999999999955,False,BREAK_BEFORE_K1,0,0,,,False,,,BREAK_BEFORE_K1,2023-06-08 01:10:00+00:00,
120,02:00,5,2023-06-09,Friday,2023-06-08 19:00:00+00:00,2023-06-09 00:00:00+00:00,2023-06-09 00:00:00+00:00,2023-06-09 04:00:00+00:00,265.26,261.51,3.75,False,OPPOSITE_VISIT_BEFORE_K1,0,1,,,False,,,OPPOSITE_VISIT_BEFORE_K1,2023-06-09 00:05:00+00:00,
120,02:00,5,2023-06-10,Saturday,2023-06-09 19:00:00+00:00,2023-06-10 00:00:00+00:00,2023-06-10 00:00:00+00:00,2023-06-10 04:00:00+00:00,262.5,259.12,3.3799999999999955,False,OPPOSITE_VISIT_BEFORE_K1,0,1,,,False,,,OPPOSITE_VISIT_BEFORE_K1,2023-06-10 00:50:00+00:00,
120,02:00,5,2023-06-11,Sunday,2023-06-10 19:00:00+00:00,2023-06-11 00:00:00+00:00,2023-06-11 00:00:00+00:00,2023-06-11 04:00:00+00:00,240.18,236.42,3.7600000000000193,False,OPPOSITE_VISIT_BEFORE_K1,0,1,,,False,,,OPPOSITE_VISIT_BEFORE_K1,2023-06-11 02:05:00+00:00,
120,02:00,5,2023-06-12,Monday,2023-06-11 19:00:00+00:00,2023-06-12 00:00:00+00:00,2023-06-12 00:00:00+00:00,2023-06-12 04:00:00+00:00,238.46,233.68,4.780000000000001,False,BREAK_BEFORE_K1,0,0,,,False,,,BREAK_BEFORE_K1,2023-06-12 01:30:00+00:00,
120,02:00,5,2023-06-13,Tuesday,2023-06-12 19:00:00+00:00,2023-06-13 00:00:00+00:00,2023-06-13 00:00:00+00:00,2023-06-13 04:00:00+00:00,232.95,228.11,4.839999999999975,True,,1,0,2023-06-13 00:15:00+00:00,2023-06-13 00:20:00+00:00,True,2023-06-13 00:20:00+00:00,2023-06-13 00:25:00+00:00,H2_ARRIVAL,2023-06-13 02:35:00+00:00,135.0
120,02:00,5,2023-06-14,Wednesday,2023-06-13 19:00:00+00:00,2023-06-14 00:00:00+00:00,2023-06-14 00:00:00+00:00,2023-06-14 04:00:00+00:00,245.0,236.63,8.370000000000005,True,,1,0,2023-06-14 00:00:00+00:00,2023-06-14 00:05:00+00:00,False,,,BREAK_DURING_K1,2023-06-14 00:05:00+00:00,
120,02:00,5,2023-06-15,Thursday,2023-06-14 19:00:00+00:00,2023-06-15 00:00:00+00:00,2023-06-15 00:00:00+00:00,2023-06-15 04:00:00+00:00,246.85,232.32,14.530000000000001,False,NO_K1,0,0,,,False,,,NO_K1,,
120,02:00,5,2023-06-16,Friday,2023-06-15 19:00:00+00:00,2023-06-16 00:00:00+00:00,2023-06-16 00:00:00+00:00,2023-06-16 04:00:00+00:00,238.97,234.45,4.52000000000001,False,NO_K1,0,0,,,False,,,NO_K1,,
120,02:00,5,2023-06-17,Saturday,2023-06-16 19:00:00+00:00,2023-06-17 00:00:00+00:00,2023-06-17 00:00:00+00:00,2023-06-17 04:00:00+00:00,240.65,238.5,2.1500000000000057,False,OPPOSITE_VISIT_BEFORE_K1,0,1,,,False,,,OPPOSITE_VISIT_BEFORE_K1,2023-06-17 00:00:00+00:00,
120,02:00,5,2023-06-18,Sunday,2023-06-17 19:00:00+00:00,2023-06-18 00:00:00+00:00,2023-06-18 00:00:00+00:00,2023-06-18 04:00:00+00:00,246.15,244.25,1.9000000000000057,False,OPPOSITE_VISIT_BEFORE_K1,0,1,,,False,,,OPPOSITE_VISIT_BEFORE_K1,2023-06-18 00:00:00+00:00,
120,02:00,5,2023-06-19,Monday,2023-06-18 19:00:00+00:00,2023-06-19 00:00:00+00:00,2023-06-19 00:00:00+00:00,2023-06-19 04:00:00+00:00,246.68,242.52,4.159999999999997,False,BREAK_BEFORE_K1,0,0,,,False,,,BREAK_BEFORE_K1,2023-06-19 00:45:00+00:00,
120,02:00,5,2023-06-20,Tuesday,2023-06-19 19:00:00+00:00,2023-06-20 00:00:00+00:00,2023-06-20 00:00:00+00:00,2023-06-20 04:00:00+00:00,243.38,239.52,3.859999999999985,False,BREAK_BEFORE_K1,0,0,,,False,,,BREAK_BEFORE_K1,2023-06-20 00:10:00+00:00,
120,02:00,5,2023-06-21,Wednesday,2023-06-20 19:00:00+00:00,2023-06-21 00:00:00+00:00,2023-06-21 00:00:00+00:00,2023-06-21 04:00:00+00:00,248.26,242.14,6.1200000000000045,True,,1,0,2023-06-21 00:15:00+00:00,2023-06-21 00:20:00+00:00,False,,,BREAK_DURING_K1,2023-06-21 00:20:00+00:00,
120,02:00,5,2023-06-22,Thursday,2023-06-21 19:00:00+00:00,2023-06-22 00:00:00+00:00,2023-06-22 00:00:00+00:00,2023-06-22 04:00:00+00:00,251.07,247.29,3.780000000000001,True,,1,0,2023-06-22 00:25:00+00:00,2023-06-22 00:30:00+00:00,False,,,BREAK_DURING_K1,2023-06-22 00:30:00+00:00,
120,02:00,5,2023-06-23,Friday,2023-06-22 19:00:00+00:00,2023-06-23 00:00:00+00:00,2023-06-23 00:00:00+00:00,2023-06-23 04:00:00+00:00,245.24,239.24,6.0,False,NO_K1,0,0,,,False,,,NO_K1,,
120,02:00,5,2023-06-24,Saturday,2023-06-23 19:00:00+00:00,2023-06-24 00:00:00+00:00,2023-06-24 00:00:00+00:00,2023-06-24 04:00:00+00:00,247.5,243.3,4.199999999999989,False,OPPOSITE_VISIT_BEFORE_K1,0,1,,,False,,,OPPOSITE_VISIT_BEFORE_K1,2023-06-24 01:30:00+00:00,
120,02:00,5,2023-06-25,Sunday,2023-06-24 19:00:00+00:00,2023-06-25 00:00:00+00:00,2023-06-25 00:00:00+00:00,2023-06-25 04:00:00+00:00,237.46,233.61,3.8499999999999943,True,,1,0,2023-06-25 01:40:00+00:00,2023-06-25 01:45:00+00:00,True,2023-06-25 01:45:00+00:00,2023-06-25 01:50:00+00:00,H2_ARRIVAL,2023-06-25 01:50:00+00:00,5.0
120,02:00,5,2023-06-26,Monday,2023-06-25 19:00:00+00:00,2023-06-26 00:00:00+00:00,2023-06-26 00:00:00+00:00,2023-06-26 04:00:00+00:00,239.47,236.78,2.6899999999999977,False,BREAK_BEFORE_K1,0,0,,,False,,,BREAK_BEFORE_K1,2023-06-26 00:05:00+00:00,
120,02:00,5,2023-06-27,Tuesday,2023-06-26 19:00:00+00:00,2023-06-27 00:00:00+00:00,2023-06-27 00:00:00+00:00,2023-06-27 04:00:00+00:00,236.96,233.62,3.3400000000000034,True,,1,0,2023-06-27 01:50:00+00:00,2023-06-27 01:55:00+00:00,True,2023-06-27 01:55:00+00:00,2023-06-27 02:00:00+00:00,H2_ARRIVAL,2023-06-27 02:30:00+00:00,35.0
120,02:00,5,2023-06-28,Wednesday,2023-06-27 19:00:00+00:00,2023-06-28 00:00:00+00:00,2023-06-28 00:00:00+00:00,2023-06-28 04:00:00+00:00,239.3,236.82,2.480000000000018,False,OPPOSITE_VISIT_BEFORE_K1,0,1,,,False,,,OPPOSITE_VISIT_BEFORE_K1,2023-06-28 00:10:00+00:00,
120,02:00,5,2023-06-29,Thursday,2023-06-28 19:00:00+00:00,2023-06-29 00:00:00+00:00,2023-06-29 00:00:00+00:00,2023-06-29 04:00:00+00:00,233.15,221.2,11.950000000000017,False,BREAK_BEFORE_K1,0,0,,,False,,,BREAK_BEFORE_K1,2023-06-29 03:20:00+00:00,
120,02:00,5,2023-06-30,Friday,2023-06-29 19:00:00+00:00,2023-06-30 00:00:00+00:00,2023-06-30 00:00:00+00:00,2023-06-30 04:00:00+00:00,234.05,232.2,1.8500000000000227,True,,1,0,2023-06-30 00:25:00+00:00,2023-06-30 00:30:00+00:00,False,,,BREAK_DURING_K1,2023-06-30 00:30:00+00:00,
120,02:00,5,2023-07-01,Saturday,2023-06-30 19:00:00+00:00,2023-07-01 00:00:00+00:00,2023-07-01 00:00:00+00:00,2023-07-01 04:00:00+00:00,241.52,239.82,1.700000000000017,False,BREAK_BEFORE_K1,0,0,,,False,,,BREAK_BEFORE_K1,2023-07-01 00:20:00+00:00,
120,02:00,5,2023-07-02,Sunday,2023-07-01 19:00:00+00:00,2023-07-02 00:00:00+00:00,2023-07-02 00:00:00+00:00,2023-07-02 04:00:00+00:00,249.54,246.34,3.1999999999999886,False,OPPOSITE_VISIT_BEFORE_K1,0,1,,,False,,,OPPOSITE_VISIT_BEFORE_K1,2023-07-02 01:45:00+00:00,
120,02:00,5,2023-07-03,Monday,2023-07-02 19:00:00+00:00,2023-07-03 00:00:00+00:00,2023-07-03 00:00:00+00:00,2023-07-03 04:00:00+00:00,248.0,244.31,3.6899999999999977,False,BREAK_BEFORE_K1,0,0,,,False,,,BREAK_BEFORE_K1,2023-07-03 02:00:00+00:00,
120,02:00,5,2023-07-04,Tuesday,2023-07-03 19:00:00+00:00,2023-07-04 00:00:00+00:00,2023-07-04 00:00:00+00:00,2023-07-04 04:00:00+00:00,248.6,245.1,3.5,False,OPPOSITE_VISIT_BEFORE_K1,0,1,,,False,,,OPPOSITE_VISIT_BEFORE_K1,2023-07-04 03:05:00+00:00,
120,02:00,5,2023-07-05,Wednesday,2023-07-04 19:00:00+00:00,2023-07-05 00:00:00+00:00,2023-07-05 00:00:00+00:00,2023-07-05 04:00:00+00:00,243.22,240.15,3.069999999999993,False,BREAK_BEFORE_K1,0,0,,,False,,,BREAK_BEFORE_K1,2023-07-05 00:20:00+00:00,
120,02:00,5,2023-07-06,Thursday,2023-07-05 19:00:00+00:00,2023-07-06 00:00:00+00:00,2023-07-06 00:00:00+00:00,2023-07-06 04:00:00+00:00,239.67,237.81,1.8599999999999852,False,BREAK_BEFORE_K1,0,0,,,False,,,BREAK_BEFORE_K1,2023-07-06 01:20:00+00:00,
120,02:00,5,2023-07-07,Friday,2023-07-06 19:00:00+00:00,2023-07-07 00:00:00+00:00,2023-07-07 00:00:00+00:00,2023-07-07 04:00:00+00:00,238.85,231.1,7.75,False,OPPOSITE_VISIT_BEFORE_K1,0,1,,,False,,,OPPOSITE_VISIT_BEFORE_K1,2023-07-07 00:00:00+00:00,
120,02:00,5,2023-07-08,Saturday,2023-07-07 19:00:00+00:00,2023-07-08 00:00:00+00:00,2023-07-08 00:00:00+00:00,2023-07-08 04:00:00+00:00,235.82,233.85,1.9699999999999989,False,BREAK_BEFORE_K1,0,0,,,False,,,BREAK_BEFORE_K1,2023-07-08 00:25:00+00:00,
120,02:00,5,2023-07-09,Sunday,2023-07-08 19:00:00+00:00,2023-07-09 00:00:00+00:00,2023-07-09 00:00:00+00:00,2023-07-09 04:00:00+00:00,236.23,233.53,2.6999999999999886,True,,1,0,2023-07-09 00:00:00+00:00,2023-07-09 00:05:00+00:00,True,2023-07-09 00:05:00+00:00,2023-07-09 00:10:00+00:00,H2_ARRIVAL,2023-07-09 00:30:00+00:00,25.0
120,02:00,5,2023-07-10,Monday,2023-07-09 19:00:00+00:00,2023-07-10 00:00:00+00:00,2023-07-10 00:00:00+00:00,2023-07-10 04:00:00+00:00,234.78,233.36,1.4199999999999875,False,BREAK_BEFORE_K1,0,0,,,False,,,BREAK_BEFORE_K1,2023-07-10 00:05:00+00:00,
120,02:00,5,2023-07-11,Tuesday,2023-07-10 19:00:00+00:00,2023-07-11 00:00:00+00:00,2023-07-11 00:00:00+00:00,2023-07-11 04:00:00+00:00,246.3,242.0,4.300000000000011,False,BREAK_BEFORE_K1,0,0,,,False,,,BREAK_BEFORE_K1,2023-07-11 02:35:00+00:00,
120,02:00,5,2023-07-12,Wednesday,2023-07-11 19:00:00+00:00,2023-07-12 00:00:00+00:00,2023-07-12 00:00:00+00:00,2023-07-12 04:00:00+00:00,249.44,246.6,2.8400000000000034,True,,1,0,2023-07-12 00:50:00+00:00,2023-07-12 00:55:00+00:00,True,2023-07-12 00:55:00+00:00,2023-07-12 01:00:00+00:00,H2_ARRIVAL,2023-07-12 01:05:00+00:00,10.0
120,02:00,5,2023-07-13,Thursday,2023-07-12 19:00:00+00:00,2023-07-13 00:00:00+00:00,2023-07-13 00:00:00+00:00,2023-07-13 04:00:00+00:00,244.15,242.12,2.030000000000001,True,,1,0,2023-07-13 00:15:00+00:00,2023-07-13 00:20:00+00:00,True,2023-07-13 00:20:00+00:00,2023-07-13 00:25:00+00:00,NO_H2_BY_END,,
120,02:00,5,2023-07-14,Friday,2023-07-13 19:00:00+00:00,2023-07-14 00:00:00+00:00,2023-07-14 00:00:00+00:00,2023-07-14 04:00:00+00:00,256.49,250.44,6.050000000000011,False,BREAK_BEFORE_K1,0,0,,,False,,,BREAK_BEFORE_K1,2023-07-14 00:10:00+00:00,
120,02:00,5,2023-07-15,Saturday,2023-07-14 19:00:00+00:00,2023-07-15 00:00:00+00:00,2023-07-15 00:00:00+00:00,2023-07-15 04:00:00+00:00,248.79,242.93,5.859999999999985,False,BREAK_BEFORE_K1,0,0,,,False,,,BREAK_BEFORE_K1,2023-07-15 01:30:00+00:00,
120,02:00,5,2023-07-16,Sunday,2023-07-15 19:00:00+00:00,2023-07-16 00:00:00+00:00,2023-07-16 00:00:00+00:00,2023-07-16 04:00:00+00:00,251.74,249.63,2.1100000000000136,False,OPPOSITE_VISIT_BEFORE_K1,0,1,,,False,,,OPPOSITE_VISIT_BEFORE_K1,2023-07-16 02:15:00+00:00,
120,02:00,5,2023-07-17,Monday,2023-07-16 19:00:00+00:00,2023-07-17 00:00:00+00:00,2023-07-17 00:00:00+00:00,2023-07-17 04:00:00+00:00,244.88,241.12,3.759999999999991,False,BREAK_BEFORE_K1,0,0,,,False,,,BREAK_BEFORE_K1,2023-07-17 00:00:00+00:00,
120,02:00,5,2023-07-18,Tuesday,2023-07-17 19:00:00+00:00,2023-07-18 00:00:00+00:00,2023-07-18 00:00:00+00:00,2023-07-18 04:00:00+00:00,244.77,240.46,4.310000000000002,True,,1,0,2023-07-18 00:15:00+00:00,2023-07-18 00:20:00+00:00,False,,,BREAK_DURING_K1,2023-07-18 00:20:00+00:00,
120,02:00,5,2023-07-19,Wednesday,2023-07-18 19:00:00+00:00,2023-07-19 00:00:00+00:00,2023-07-19 00:00:00+00:00,2023-07-19 04:00:00+00:00,241.45,239.23,2.219999999999999,False,BREAK_BEFORE_K1,0,0,,,False,,,BREAK_BEFORE_K1,2023-07-19 00:30:00+00:00,
120,02:00,5,2023-07-20,Thursday,2023-07-19 19:00:00+00:00,2023-07-20 00:00:00+00:00,2023-07-20 00:00:00+00:00,2023-07-20 04:00:00+00:00,243.0,240.27,2.7299999999999898,True,,1,0,2023-07-20 02:10:00+00:00,2023-07-20 02:15:00+00:00,True,2023-07-20 02:15:00+00:00,2023-07-20 02:20:00+00:00,H2_ARRIVAL,2023-07-20 02:20:00+00:00,5.0
120,02:00,5,2023-07-21,Friday,2023-07-20 19:00:00+00:00,2023-07-21 00:00:00+00:00,2023-07-21 00:00:00+00:00,2023-07-21 04:00:00+00:00,243.55,240.69,2.8600000000000136,True,,1,0,2023-07-21 01:10:00+00:00,2023-07-21 01:15:00+00:00,False,,,BREAK_DURING_K1,2023-07-21 01:15:00+00:00,
120,02:00,5,2023-07-22,Saturday,2023-07-21 19:00:00+00:00,2023-07-22 00:00:00+00:00,2023-07-22 00:00:00+00:00,2023-07-22 04:00:00+00:00,244.58,242.8,1.7800000000000011,False,BREAK_BEFORE_K1,0,0,,,False,,,BREAK_BEFORE_K1,2023-07-22 00:35:00+00:00,
120,02:00,5,2023-07-23,Sunday,2023-07-22 19:00:00+00:00,2023-07-23 00:00:00+00:00,2023-07-23 00:00:00+00:00,2023-07-23 04:00:00+00:00,242.82,240.18,2.6399999999999864,False,NO_K1,0,0,,,False,,,NO_K1,,
120,02:00,5,2023-07-24,Monday,2023-07-23 19:00:00+00:00,2023-07-24 00:00:00+00:00,2023-07-24 00:00:00+00:00,2023-07-24 04:00:00+00:00,243.82,241.68,2.1399999999999864,False,BREAK_BEFORE_K1,0,0,,,False,,,BREAK_BEFORE_K1,2023-07-24 02:10:00+00:00,
120,02:00,5,2023-07-25,Tuesday,2023-07-24 19:00:00+00:00,2023-07-25 00:00:00+00:00,2023-07-25 00:00:00+00:00,2023-07-25 04:00:00+00:00,239.31,237.66,1.6500000000000057,True,,1,0,2023-07-25 00:00:00+00:00,2023-07-25 00:05:00+00:00,True,2023-07-25 00:10:00+00:00,2023-07-25 00:15:00+00:00,H2_ARRIVAL,2023-07-25 00:15:00+00:00,5.0
120,02:00,5,2023-07-26,Wednesday,2023-07-25 19:00:00+00:00,2023-07-26 00:00:00+00:00,2023-07-26 00:00:00+00:00,2023-07-26 04:00:00+00:00,238.12,236.95,1.170000000000016,True,,1,0,2023-07-26 00:15:00+00:00,2023-07-26 00:20:00+00:00,True,2023-07-26 00:20:00+00:00,2023-07-26 00:25:00+00:00,OPPOSITE_BREAK_BEFORE_H2,2023-07-26 01:30:00+00:00,
120,02:00,5,2023-07-27,Thursday,2023-07-26 19:00:00+00:00,2023-07-27 00:00:00+00:00,2023-07-27 00:00:00+00:00,2023-07-27 04:00:00+00:00,240.65,237.3,3.3499999999999943,False,NO_K1,0,0,,,False,,,NO_K1,,
120,02:00,5,2023-07-28,Friday,2023-07-27 19:00:00+00:00,2023-07-28 00:00:00+00:00,2023-07-28 00:00:00+00:00,2023-07-28 04:00:00+00:00,240.95,239.46,1.4899999999999807,True,,1,0,2023-07-28 00:30:00+00:00,2023-07-28 00:35:00+00:00,False,,,BREAK_DURING_K1,2023-07-28 00:40:00+00:00,
120,02:00,5,2023-07-29,Saturday,2023-07-28 19:00:00+00:00,2023-07-29 00:00:00+00:00,2023-07-29 00:00:00+00:00,2023-07-29 04:00:00+00:00,243.11,241.89,1.2200000000000273,False,OPPOSITE_VISIT_BEFORE_K1,0,1,,,False,,,OPPOSITE_VISIT_BEFORE_K1,2023-07-29 00:00:00+00:00,
120,02:00,5,2023-07-30,Sunday,2023-07-29 19:00:00+00:00,2023-07-30 00:00:00+00:00,2023-07-30 00:00:00+00:00,2023-07-30 04:00:00+00:00,243.08,241.82,1.2600000000000193,False,NO_K1,0,0,,,False,,,NO_K1,,
120,02:00,5,2023-07-31,Monday,2023-07-30 19:00:00+00:00,2023-07-31 00:00:00+00:00,2023-07-31 00:00:00+00:00,2023-07-31 04:00:00+00:00,243.63,240.39,3.240000000000009,False,BREAK_BEFORE_K1,0,0,,,False,,,BREAK_BEFORE_K1,2023-07-31 00:55:00+00:00,
120,02:00,5,2023-08-01,Tuesday,2023-07-31 19:00:00+00:00,2023-08-01 00:00:00+00:00,2023-08-01 00:00:00+00:00,2023-08-01 04:00:00+00:00,242.03,240.57,1.460000000000008,True,,1,0,2023-08-01 00:40:00+00:00,2023-08-01 00:45:00+00:00,True,2023-08-01 00:50:00+00:00,2023-08-01 00:55:00+00:00,H2_ARRIVAL,2023-08-01 00:55:00+00:00,5.0
120,02:00,5,2023-08-02,Wednesday,2023-08-01 19:00:00+00:00,2023-08-02 00:00:00+00:00,2023-08-02 00:00:00+00:00,2023-08-02 04:00:00+00:00,248.0,245.44,2.5600000000000023,False,BREAK_BEFORE_K1,0,0,,,False,,,BREAK_BEFORE_K1,2023-08-02 00:00:00+00:00,
120,02:00,5,2023-08-03,Thursday,2023-08-02 19:00:00+00:00,2023-08-03 00:00:00+00:00,2023-08-03 00:00:00+00:00,2023-08-03 04:00:00+00:00,242.26,240.43,1.829999999999984,False,BREAK_BEFORE_K1,0,0,,,False,,,BREAK_BEFORE_K1,2023-08-03 00:00:00+00:00,
120,02:00,5,2023-08-04,Friday,2023-08-03 19:00:00+00:00,2023-08-04 00:00:00+00:00,2023-08-04 00:00:00+00:00,2023-08-04 04:00:00+00:00,241.74,240.0,1.740000000000009,True,,1,0,2023-08-04 01:15:00+00:00,2023-08-04 01:20:00+00:00,True,2023-08-04 01:20:00+00:00,2023-08-04 01:25:00+00:00,H2_ARRIVAL,2023-08-04 01:35:00+00:00,15.0
120,02:00,5,2023-08-05,Saturday,2023-08-04 19:00:00+00:00,2023-08-05 00:00:00+00:00,2023-08-05 00:00:00+00:00,2023-08-05 04:00:00+00:00,241.96,240.11,1.8499999999999943,True,,1,0,2023-08-05 00:05:00+00:00,2023-08-05 00:10:00+00:00,True,2023-08-05 00:20:00+00:00,2023-08-05 00:25:00+00:00,H2_ARRIVAL,2023-08-05 00:35:00+00:00,15.0
120,02:00,5,2023-08-06,Sunday,2023-08-05 19:00:00+00:00,2023-08-06 00:00:00+00:00,2023-08-06 00:00:00+00:00,2023-08-06 04:00:00+00:00,243.37,242.68,0.6899999999999977,True,,1,0,2023-08-06 00:00:00+00:00,2023-08-06 00:05:00+00:00,False,,,BREAK_DURING_K1,2023-08-06 00:15:00+00:00,
120,02:00,5,2023-08-07,Monday,2023-08-06 19:00:00+00:00,2023-08-07 00:00:00+00:00,2023-08-07 00:00:00+00:00,2023-08-07 04:00:00+00:00,244.04,242.77,1.2699999999999818,True,,1,0,2023-08-07 01:10:00+00:00,2023-08-07 01:15:00+00:00,False,,,BREAK_DURING_K1,2023-08-07 01:15:00+00:00,
120,02:00,5,2023-08-08,Tuesday,2023-08-07 19:00:00+00:00,2023-08-08 00:00:00+00:00,2023-08-08 00:00:00+00:00,2023-08-08 04:00:00+00:00,242.08,240.87,1.210000000000008,True,,1,0,2023-08-08 00:05:00+00:00,2023-08-08 00:10:00+00:00,True,2023-08-08 00:10:00+00:00,2023-08-08 00:15:00+00:00,H2_ARRIVAL,2023-08-08 00:50:00+00:00,40.0
120,02:00,5,2023-08-09,Wednesday,2023-08-08 19:00:00+00:00,2023-08-09 00:00:00+00:00,2023-08-09 00:00:00+00:00,2023-08-09 04:00:00+00:00,247.38,245.14,2.240000000000009,False,OPPOSITE_VISIT_BEFORE_K1,0,1,,,False,,,OPPOSITE_VISIT_BEFORE_K1,2023-08-09 00:00:00+00:00,
120,02:00,5,2023-08-10,Thursday,2023-08-09 19:00:00+00:00,2023-08-10 00:00:00+00:00,2023-08-10 00:00:00+00:00,2023-08-10 04:00:00+00:00,244.2,242.75,1.4499999999999886,False,NO_K1,0,0,,,False,,,NO_K1,,
120,02:00,5,2023-08-11,Friday,2023-08-10 19:00:00+00:00,2023-08-11 00:00:00+00:00,2023-08-11 00:00:00+00:00,2023-08-11 04:00:00+00:00,241.39,240.34,1.049999999999983,False,BREAK_BEFORE_K1,0,0,,,False,,,BREAK_BEFORE_K1,2023-08-11 00:05:00+00:00,
120,02:00,5,2023-08-12,Saturday,2023-08-11 19:00:00+00:00,2023-08-12 00:00:00+00:00,2023-08-12 00:00:00+00:00,2023-08-12 04:00:00+00:00,240.67,238.67,2.0,False,NO_K1,0,0,,,False,,,NO_K1,,
120,02:00,5,2023-08-13,Sunday,2023-08-12 19:00:00+00:00,2023-08-13 00:00:00+00:00,2023-08-13 00:00:00+00:00,2023-08-13 04:00:00+00:00,240.62,239.71,0.9099999999999966,False,OPPOSITE_VISIT_BEFORE_K1,0,1,,,False,,,OPPOSITE_VISIT_BEFORE_K1,2023-08-13 03:00:00+00:00,
120,02:00,5,2023-08-14,Monday,2023-08-13 19:00:00+00:00,2023-08-14 00:00:00+00:00,2023-08-14 00:00:00+00:00,2023-08-14 04:00:00+00:00,241.75,239.57,2.180000000000007,False,OPPOSITE_VISIT_BEFORE_K1,0,1,,,False,,,OPPOSITE_VISIT_BEFORE_K1,2023-08-14 02:20:00+00:00,
120,02:00,5,2023-08-15,Tuesday,2023-08-14 19:00:00+00:00,2023-08-15 00:00:00+00:00,2023-08-15 00:00:00+00:00,2023-08-15 04:00:00+00:00,240.7,239.7,1.0,False,BREAK_BEFORE_K1,0,0,,,False,,,BREAK_BEFORE_K1,2023-08-15 03:55:00+00:00,
120,02:00,5,2023-08-16,Wednesday,2023-08-15 19:00:00+00:00,2023-08-16 00:00:00+00:00,2023-08-16 00:00:00+00:00,2023-08-16 04:00:00+00:00,238.94,232.21,6.72999999999999,False,NO_K1,0,0,,,False,,,NO_K1,,
120,02:00,5,2023-08-17,Thursday,2023-08-16 19:00:00+00:00,2023-08-17 00:00:00+00:00,2023-08-17 00:00:00+00:00,2023-08-17 04:00:00+00:00,234.67,230.1,4.569999999999993,False,BREAK_BEFORE_K1,0,0,,,False,,,BREAK_BEFORE_K1,2023-08-17 00:40:00+00:00,
120,02:00,5,2023-08-18,Friday,2023-08-17 19:00:00+00:00,2023-08-18 00:00:00+00:00,2023-08-18 00:00:00+00:00,2023-08-18 04:00:00+00:00,226.64,204.43,22.20999999999998,False,NO_K1,0,0,,,False,,,NO_K1,,
120,02:00,5,2023-08-19,Saturday,2023-08-18 19:00:00+00:00,2023-08-19 00:00:00+00:00,2023-08-19 00:00:00+00:00,2023-08-19 04:00:00+00:00,217.15,215.54,1.6100000000000136,False,BREAK_BEFORE_K1,0,0,,,False,,,BREAK_BEFORE_K1,2023-08-19 01:35:00+00:00,
120,02:00,5,2023-08-20,Sunday,2023-08-19 19:00:00+00:00,2023-08-20 00:00:00+00:00,2023-08-20 00:00:00+00:00,2023-08-20 04:00:00+00:00,217.6,215.5,2.0999999999999943,False,NO_K1,0,0,,,False,,,NO_K1,,
120,02:00,5,2023-08-21,Monday,2023-08-20 19:00:00+00:00,2023-08-21 00:00:00+00:00,2023-08-21 00:00:00+00:00,2023-08-21 04:00:00+00:00,218.0,216.22,1.7800000000000011,False,OPPOSITE_VISIT_BEFORE_K1,0,1,,,False,,,OPPOSITE_VISIT_BEFORE_K1,2023-08-21 00:00:00+00:00,
120,02:00,5,2023-08-22,Tuesday,2023-08-21 19:00:00+00:00,2023-08-22 00:00:00+00:00,2023-08-22 00:00:00+00:00,2023-08-22 04:00:00+00:00,212.12,209.5,2.6200000000000045,False,OPPOSITE_VISIT_BEFORE_K1,0,1,,,False,,,OPPOSITE_VISIT_BEFORE_K1,2023-08-22 03:30:00+00:00,
120,02:00,5,2023-08-23,Wednesday,2023-08-22 19:00:00+00:00,2023-08-23 00:00:00+00:00,2023-08-23 00:00:00+00:00,2023-08-23 04:00:00+00:00,213.17,204.06,9.109999999999985,True,,1,0,2023-08-23 00:05:00+00:00,2023-08-23 00:10:00+00:00,False,,,BREAK_DURING_K1,2023-08-23 00:10:00+00:00,
120,02:00,5,2023-08-24,Thursday,2023-08-23 19:00:00+00:00,2023-08-24 00:00:00+00:00,2023-08-24 00:00:00+00:00,2023-08-24 04:00:00+00:00,218.63,214.54,4.090000000000003,False,NO_K1,0,0,,,False,,,NO_K1,,
120,02:00,5,2023-08-25,Friday,2023-08-24 19:00:00+00:00,2023-08-25 00:00:00+00:00,2023-08-25 00:00:00+00:00,2023-08-25 04:00:00+00:00,219.35,215.4,3.9499999999999886,False,BREAK_BEFORE_K1,0,0,,,False,,,BREAK_BEFORE_K1,2023-08-25 00:00:00+00:00,
120,02:00,5,2023-08-26,Saturday,2023-08-25 19:00:00+00:00,2023-08-26 00:00:00+00:00,2023-08-26 00:00:00+00:00,2023-08-26 04:00:00+00:00,218.7,216.96,1.7399999999999807,True,,1,0,2023-08-26 00:00:00+00:00,2023-08-26 00:05:00+00:00,True,2023-08-26 00:05:00+00:00,2023-08-26 00:10:00+00:00,H2_ARRIVAL,2023-08-26 00:25:00+00:00,20.0
120,02:00,5,2023-08-27,Sunday,2023-08-26 19:00:00+00:00,2023-08-27 00:00:00+00:00,2023-08-27 00:00:00+00:00,2023-08-27 04:00:00+00:00,216.77,216.02,0.75,False,OPPOSITE_VISIT_BEFORE_K1,0,1,,,False,,,OPPOSITE_VISIT_BEFORE_K1,2023-08-27 00:40:00+00:00,
120,02:00,5,2023-08-28,Monday,2023-08-27 19:00:00+00:00,2023-08-28 00:00:00+00:00,2023-08-28 00:00:00+00:00,2023-08-28 04:00:00+00:00,219.08,217.56,1.5200000000000102,False,BREAK_BEFORE_K1,0,0,,,False,,,BREAK_BEFORE_K1,2023-08-28 00:50:00+00:00,
120,02:00,5,2023-08-29,Tuesday,2023-08-28 19:00:00+00:00,2023-08-29 00:00:00+00:00,2023-08-29 00:00:00+00:00,2023-08-29 04:00:00+00:00,219.19,217.28,1.9099999999999966,False,BREAK_BEFORE_K1,0,0,,,False,,,BREAK_BEFORE_K1,2023-08-29 01:15:00+00:00,
120,02:00,5,2023-08-30,Wednesday,2023-08-29 19:00:00+00:00,2023-08-30 00:00:00+00:00,2023-08-30 00:00:00+00:00,2023-08-30 04:00:00+00:00,228.31,225.79,2.5200000000000102,False,OPPOSITE_VISIT_BEFORE_K1,0,1,,,False,,,OPPOSITE_VISIT_BEFORE_K1,2023-08-30 00:25:00+00:00,
120,02:00,5,2023-08-31,Thursday,2023-08-30 19:00:00+00:00,2023-08-31 00:00:00+00:00,2023-08-31 00:00:00+00:00,2023-08-31 04:00:00+00:00,224.12,222.63,1.490000000000009,False,NO_K1,0,0,,,False,,,NO_K1,,
120,02:00,5,2023-09-01,Friday,2023-08-31 19:00:00+00:00,2023-09-01 00:00:00+00:00,2023-09-01 00:00:00+00:00,2023-09-01 04:00:00+00:00,217.74,213.91,3.8300000000000125,True,,1,0,2023-09-01 00:15:00+00:00,2023-09-01 00:20:00+00:00,False,,,BREAK_DURING_K1,2023-09-01 00:20:00+00:00,
120,02:00,5,2023-09-02,Saturday,2023-09-01 19:00:00+00:00,2023-09-02 00:00:00+00:00,2023-09-02 00:00:00+00:00,2023-09-02 04:00:00+00:00,215.03,212.2,2.8300000000000125,True,,1,0,2023-09-02 01:15:00+00:00,2023-09-02 01:20:00+00:00,True,2023-09-02 01:20:00+00:00,2023-09-02 01:25:00+00:00,H2_ARRIVAL,2023-09-02 01:40:00+00:00,20.0
120,02:00,5,2023-09-03,Sunday,2023-09-02 19:00:00+00:00,2023-09-03 00:00:00+00:00,2023-09-03 00:00:00+00:00,2023-09-03 04:00:00+00:00,214.37,213.17,1.200000000000017,False,BREAK_BEFORE_K1,0,0,,,False,,,BREAK_BEFORE_K1,2023-09-03 00:00:00+00:00,
120,02:00,5,2023-09-04,Monday,2023-09-03 19:00:00+00:00,2023-09-04 00:00:00+00:00,2023-09-04 00:00:00+00:00,2023-09-04 04:00:00+00:00,214.82,213.87,0.9499999999999886,True,,1,0,2023-09-04 02:45:00+00:00,2023-09-04 02:50:00+00:00,False,,,BREAK_DURING_K1,2023-09-04 02:50:00+00:00,
120,02:00,5,2023-09-05,Tuesday,2023-09-04 19:00:00+00:00,2023-09-05 00:00:00+00:00,2023-09-05 00:00:00+00:00,2023-09-05 04:00:00+00:00,215.86,213.55,2.3100000000000023,False,OPPOSITE_VISIT_BEFORE_K1,0,1,,,False,,,OPPOSITE_VISIT_BEFORE_K1,2023-09-05 03:05:00+00:00,
120,02:00,5,2023-09-06,Wednesday,2023-09-05 19:00:00+00:00,2023-09-06 00:00:00+00:00,2023-09-06 00:00:00+00:00,2023-09-06 04:00:00+00:00,215.38,214.07,1.3100000000000023,False,BREAK_BEFORE_K1,0,0,,,False,,,BREAK_BEFORE_K1,2023-09-06 02:55:00+00:00,
120,02:00,5,2023-09-07,Thursday,2023-09-06 19:00:00+00:00,2023-09-07 00:00:00+00:00,2023-09-07 00:00:00+00:00,2023-09-07 04:00:00+00:00,215.35,214.29,1.0600000000000023,True,,1,0,2023-09-07 02:10:00+00:00,2023-09-07 02:15:00+00:00,True,2023-09-07 02:15:00+00:00,2023-09-07 02:20:00+00:00,H2_ARRIVAL,2023-09-07 03:25:00+00:00,70.0
120,02:00,5,2023-09-08,Friday,2023-09-07 19:00:00+00:00,2023-09-08 00:00:00+00:00,2023-09-08 00:00:00+00:00,2023-09-08 04:00:00+00:00,217.9,214.44,3.460000000000008,True,,1,0,2023-09-08 00:45:00+00:00,2023-09-08 00:50:00+00:00,False,,,BREAK_DURING_K1,2023-09-08 00:50:00+00:00,
120,02:00,5,2023-09-09,Saturday,2023-09-08 19:00:00+00:00,2023-09-09 00:00:00+00:00,2023-09-09 00:00:00+00:00,2023-09-09 04:00:00+00:00,214.66,213.4,1.259999999999991,False,BREAK_BEFORE_K1,0,0,,,False,,,BREAK_BEFORE_K1,2023-09-09 00:00:00+00:00,
120,02:00,5,2023-09-10,Sunday,2023-09-09 19:00:00+00:00,2023-09-10 00:00:00+00:00,2023-09-10 00:00:00+00:00,2023-09-10 04:00:00+00:00,214.89,214.14,0.75,False,BREAK_BEFORE_K1,0,0,,,False,,,BREAK_BEFORE_K1,2023-09-10 00:00:00+00:00,
120,02:00,5,2023-09-11,Monday,2023-09-10 19:00:00+00:00,2023-09-11 00:00:00+00:00,2023-09-11 00:00:00+00:00,2023-09-11 04:00:00+00:00,213.82,211.1,2.719999999999999,False,OPPOSITE_VISIT_BEFORE_K1,0,1,,,False,,,OPPOSITE_VISIT_BEFORE_K1,2023-09-11 00:45:00+00:00,
120,02:00,5,2023-09-12,Tuesday,2023-09-11 19:00:00+00:00,2023-09-12 00:00:00+00:00,2023-09-12 00:00:00+00:00,2023-09-12 04:00:00+00:00,206.88,203.75,3.1299999999999955,False,BREAK_BEFORE_K1,0,0,,,False,,,BREAK_BEFORE_K1,2023-09-12 03:10:00+00:00,
120,02:00,5,2023-09-13,Wednesday,2023-09-12 19:00:00+00:00,2023-09-13 00:00:00+00:00,2023-09-13 00:00:00+00:00,2023-09-13 04:00:00+00:00,213.63,210.27,3.359999999999985,False,BREAK_BEFORE_K1,0,0,,,False,,,BREAK_BEFORE_K1,2023-09-13 00:00:00+00:00,
120,02:00,5,2023-09-14,Thursday,2023-09-13 19:00:00+00:00,2023-09-14 00:00:00+00:00,2023-09-14 00:00:00+00:00,2023-09-14 04:00:00+00:00,213.08,211.16,1.920000000000016,True,,1,0,2023-09-14 00:10:00+00:00,2023-09-14 00:15:00+00:00,False,,,BREAK_DURING_K1,2023-09-14 00:15:00+00:00,
120,02:00,5,2023-09-15,Friday,2023-09-14 19:00:00+00:00,2023-09-15 00:00:00+00:00,2023-09-15 00:00:00+00:00,2023-09-15 04:00:00+00:00,212.97,211.6,1.3700000000000045,False,OPPOSITE_VISIT_BEFORE_K1,0,1,,,False,,,OPPOSITE_VISIT_BEFORE_K1,2023-09-15 01:05:00+00:00,
120,02:00,5,2023-09-16,Saturday,2023-09-15 19:00:00+00:00,2023-09-16 00:00:00+00:00,2023-09-16 00:00:00+00:00,2023-09-16 04:00:00+00:00,214.9,211.62,3.280000000000001,True,,1,0,2023-09-16 01:55:00+00:00,2023-09-16 02:00:00+00:00,False,,,BREAK_DURING_K1,2023-09-16 02:00:00+00:00,
120,02:00,5,2023-09-17,Sunday,2023-09-16 19:00:00+00:00,2023-09-17 00:00:00+00:00,2023-09-17 00:00:00+00:00,2023-09-17 04:00:00+00:00,215.0,214.06,0.9399999999999977,False,OPPOSITE_VISIT_BEFORE_K1,0,1,,,False,,,OPPOSITE_VISIT_BEFORE_K1,2023-09-17 00:15:00+00:00,
120,02:00,5,2023-09-18,Monday,2023-09-17 19:00:00+00:00,2023-09-18 00:00:00+00:00,2023-09-18 00:00:00+00:00,2023-09-18 04:00:00+00:00,216.49,214.97,1.5200000000000102,True,,1,0,2023-09-18 00:05:00+00:00,2023-09-18 00:10:00+00:00,True,2023-09-18 00:20:00+00:00,2023-09-18 00:25:00+00:00,H2_ARRIVAL,2023-09-18 01:10:00+00:00,50.0
120,02:00,5,2023-09-19,Tuesday,2023-09-18 19:00:00+00:00,2023-09-19 00:00:00+00:00,2023-09-19 00:00:00+00:00,2023-09-19 04:00:00+00:00,217.21,215.12,2.0900000000000034,False,NO_K1,0,0,,,False,,,NO_K1,,
120,02:00,5,2023-09-20,Wednesday,2023-09-19 19:00:00+00:00,2023-09-20 00:00:00+00:00,2023-09-20 00:00:00+00:00,2023-09-20 04:00:00+00:00,217.44,216.24,1.1999999999999886,False,BREAK_BEFORE_K1,0,0,,,False,,,BREAK_BEFORE_K1,2023-09-20 01:40:00+00:00,
120,02:00,5,2023-09-21,Thursday,2023-09-20 19:00:00+00:00,2023-09-21 00:00:00+00:00,2023-09-21 00:00:00+00:00,2023-09-21 04:00:00+00:00,219.04,212.78,6.259999999999991,False,NO_K1,0,0,,,False,,,NO_K1,,
120,02:00,5,2023-09-22,Friday,2023-09-21 19:00:00+00:00,2023-09-22 00:00:00+00:00,2023-09-22 00:00:00+00:00,2023-09-22 04:00:00+00:00,211.08,209.93,1.1500000000000057,False,BREAK_BEFORE_K1,0,0,,,False,,,BREAK_BEFORE_K1,2023-09-22 00:00:00+00:00,
120,02:00,5,2023-09-23,Saturday,2023-09-22 19:00:00+00:00,2023-09-23 00:00:00+00:00,2023-09-23 00:00:00+00:00,2023-09-23 04:00:00+00:00,211.4,210.18,1.2199999999999989,False,BREAK_BEFORE_K1,0,0,,,False,,,BREAK_BEFORE_K1,2023-09-23 00:05:00+00:00,
120,02:00,5,2023-09-24,Sunday,2023-09-23 19:00:00+00:00,2023-09-24 00:00:00+00:00,2023-09-24 00:00:00+00:00,2023-09-24 04:00:00+00:00,210.88,210.13,0.75,False,BREAK_BEFORE_K1,0,0,,,False,,,BREAK_BEFORE_K1,2023-09-24 01:05:00+00:00,
120,02:00,5,2023-09-25,Monday,2023-09-24 19:00:00+00:00,2023-09-25 00:00:00+00:00,2023-09-25 00:00:00+00:00,2023-09-25 04:00:00+00:00,210.6,206.0,4.599999999999994,False,NO_K1,0,0,,,False,,,NO_K1,,
120,02:00,5,2023-09-26,Tuesday,2023-09-25 19:00:00+00:00,2023-09-26 00:00:00+00:00,2023-09-26 00:00:00+00:00,2023-09-26 04:00:00+00:00,210.69,209.57,1.1200000000000045,False,BREAK_BEFORE_K1,0,0,,,False,,,BREAK_BEFORE_K1,2023-09-26 01:50:00+00:00,
120,02:00,5,2023-09-27,Wednesday,2023-09-26 19:00:00+00:00,2023-09-27 00:00:00+00:00,2023-09-27 00:00:00+00:00,2023-09-27 04:00:00+00:00,212.74,210.73,2.0100000000000193,True,,1,0,2023-09-27 00:00:00+00:00,2023-09-27 00:05:00+00:00,False,,,BREAK_DURING_K1,2023-09-27 00:05:00+00:00,
120,02:00,5,2023-09-28,Thursday,2023-09-27 19:00:00+00:00,2023-09-28 00:00:00+00:00,2023-09-28 00:00:00+00:00,2023-09-28 04:00:00+00:00,212.32,211.19,1.1299999999999955,False,BREAK_BEFORE_K1,0,0,,,False,,,BREAK_BEFORE_K1,2023-09-28 00:10:00+00:00,
120,02:00,5,2023-09-29,Friday,2023-09-28 19:00:00+00:00,2023-09-29 00:00:00+00:00,2023-09-29 00:00:00+00:00,2023-09-29 04:00:00+00:00,215.77,214.49,1.2800000000000011,True,,1,0,2023-09-29 00:30:00+00:00,2023-09-29 00:35:00+00:00,True,2023-09-29 00:35:00+00:00,2023-09-29 00:40:00+00:00,NO_H2_BY_END,,
120,02:00,5,2023-09-30,Saturday,2023-09-29 19:00:00+00:00,2023-09-30 00:00:00+00:00,2023-09-30 00:00:00+00:00,2023-09-30 04:00:00+00:00,216.12,214.91,1.210000000000008,False,BREAK_BEFORE_K1,0,0,,,False,,,BREAK_BEFORE_K1,2023-09-30 01:35:00+00:00,
120,02:00,5,2023-10-01,Sunday,2023-09-30 19:00:00+00:00,2023-10-01 00:00:00+00:00,2023-10-01 00:00:00+00:00,2023-10-01 04:00:00+00:00,216.0,214.63,1.3700000000000045,False,OPPOSITE_VISIT_BEFORE_K1,0,1,,,False,,,OPPOSITE_VISIT_BEFORE_K1,2023-10-01 00:00:00+00:00,
120,02:00,5,2023-10-02,Monday,2023-10-01 19:00:00+00:00,2023-10-02 00:00:00+00:00,2023-10-02 00:00:00+00:00,2023-10-02 04:00:00+00:00,219.93,213.62,6.310000000000002,True,,1,0,2023-10-02 01:55:00+00:00,2023-10-02 02:00:00+00:00,True,2023-10-02 02:05:00+00:00,2023-10-02 02:10:00+00:00,H2_ARRIVAL,2023-10-02 03:30:00+00:00,85.0
120,02:00,5,2023-10-03,Tuesday,2023-10-02 19:00:00+00:00,2023-10-03 00:00:00+00:00,2023-10-03 00:00:00+00:00,2023-10-03 04:00:00+00:00,215.22,213.19,2.030000000000001,True,,1,0,2023-10-03 01:25:00+00:00,2023-10-03 01:30:00+00:00,False,,,BREAK_DURING_K1,2023-10-03 01:35:00+00:00,
120,02:00,5,2023-10-04,Wednesday,2023-10-03 19:00:00+00:00,2023-10-04 00:00:00+00:00,2023-10-04 00:00:00+00:00,2023-10-04 04:00:00+00:00,213.8,212.34,1.460000000000008,False,OPPOSITE_VISIT_BEFORE_K1,0,1,,,False,,,OPPOSITE_VISIT_BEFORE_K1,2023-10-04 00:20:00+00:00,
120,02:00,5,2023-10-05,Thursday,2023-10-04 19:00:00+00:00,2023-10-05 00:00:00+00:00,2023-10-05 00:00:00+00:00,2023-10-05 04:00:00+00:00,213.83,212.36,1.4699999999999989,True,,1,0,2023-10-05 00:45:00+00:00,2023-10-05 00:50:00+00:00,True,2023-10-05 01:00:00+00:00,2023-10-05 01:05:00+00:00,NO_H2_BY_END,,
120,02:00,5,2023-10-06,Friday,2023-10-05 19:00:00+00:00,2023-10-06 00:00:00+00:00,2023-10-06 00:00:00+00:00,2023-10-06 04:00:00+00:00,211.38,210.51,0.8700000000000045,True,,1,0,2023-10-06 00:55:00+00:00,2023-10-06 01:00:00+00:00,False,,,BREAK_DURING_K1,2023-10-06 01:00:00+00:00,
120,02:00,5,2023-10-07,Saturday,2023-10-06 19:00:00+00:00,2023-10-07 00:00:00+00:00,2023-10-07 00:00:00+00:00,2023-10-07 04:00:00+00:00,214.69,213.25,1.4399999999999977,False,NO_K1,0,0,,,False,,,NO_K1,,
120,02:00,5,2023-10-08,Sunday,2023-10-07 19:00:00+00:00,2023-10-08 00:00:00+00:00,2023-10-08 00:00:00+00:00,2023-10-08 04:00:00+00:00,212.38,211.63,0.75,False,BREAK_BEFORE_K1,0,0,,,False,,,BREAK_BEFORE_K1,2023-10-08 00:40:00+00:00,
120,02:00,5,2023-10-09,Monday,2023-10-08 19:00:00+00:00,2023-10-09 00:00:00+00:00,2023-10-09 00:00:00+00:00,2023-10-09 04:00:00+00:00,212.14,210.99,1.1499999999999773,False,BREAK_BEFORE_K1,0,0,,,False,,,BREAK_BEFORE_K1,2023-10-09 00:15:00+00:00,
120,02:00,5,2023-10-10,Tuesday,2023-10-09 19:00:00+00:00,2023-10-10 00:00:00+00:00,2023-10-10 00:00:00+00:00,2023-10-10 04:00:00+00:00,206.7,204.74,1.9599999999999795,False,BREAK_BEFORE_K1,0,0,,,False,,,BREAK_BEFORE_K1,2023-10-10 02:40:00+00:00,
120,02:00,5,2023-10-11,Wednesday,2023-10-10 19:00:00+00:00,2023-10-11 00:00:00+00:00,2023-10-11 00:00:00+00:00,2023-10-11 04:00:00+00:00,209.3,207.13,2.170000000000016,False,OPPOSITE_VISIT_BEFORE_K1,0,1,,,False,,,OPPOSITE_VISIT_BEFORE_K1,2023-10-11 02:00:00+00:00,
120,02:00,5,2023-10-12,Thursday,2023-10-11 19:00:00+00:00,2023-10-12 00:00:00+00:00,2023-10-12 00:00:00+00:00,2023-10-12 04:00:00+00:00,206.77,205.66,1.1100000000000136,True,,1,0,2023-10-12 00:05:00+00:00,2023-10-12 00:10:00+00:00,True,2023-10-12 00:10:00+00:00,2023-10-12 00:15:00+00:00,OPPOSITE_BREAK_BEFORE_H2,2023-10-12 01:00:00+00:00,
120,02:00,5,2023-10-13,Friday,2023-10-12 19:00:00+00:00,2023-10-13 00:00:00+00:00,2023-10-13 00:00:00+00:00,2023-10-13 04:00:00+00:00,205.89,204.84,1.049999999999983,True,,1,0,2023-10-13 00:25:00+00:00,2023-10-13 00:30:00+00:00,False,,,BREAK_DURING_K1,2023-10-13 00:30:00+00:00,
120,02:00,5,2023-10-14,Saturday,2023-10-13 19:00:00+00:00,2023-10-14 00:00:00+00:00,2023-10-14 00:00:00+00:00,2023-10-14 04:00:00+00:00,208.43,205.25,3.180000000000007,False,NO_K1,0,0,,,False,,,NO_K1,,
120,02:00,5,2023-10-15,Sunday,2023-10-14 19:00:00+00:00,2023-10-15 00:00:00+00:00,2023-10-15 00:00:00+00:00,2023-10-15 04:00:00+00:00,206.97,206.14,0.8300000000000125,True,,1,0,2023-10-15 00:00:00+00:00,2023-10-15 00:05:00+00:00,False,,,BREAK_DURING_K1,2023-10-15 00:10:00+00:00,
120,02:00,5,2023-10-16,Monday,2023-10-15 19:00:00+00:00,2023-10-16 00:00:00+00:00,2023-10-16 00:00:00+00:00,2023-10-16 04:00:00+00:00,210.5,209.12,1.3799999999999955,True,,1,0,2023-10-16 01:10:00+00:00,2023-10-16 01:15:00+00:00,False,,,BREAK_DURING_K1,2023-10-16 01:15:00+00:00,
120,02:00,5,2023-10-17,Tuesday,2023-10-16 19:00:00+00:00,2023-10-17 00:00:00+00:00,2023-10-17 00:00:00+00:00,2023-10-17 04:00:00+00:00,215.53,213.57,1.960000000000008,False,NO_K1,0,0,,,False,,,NO_K1,,
120,02:00,5,2023-10-18,Wednesday,2023-10-17 19:00:00+00:00,2023-10-18 00:00:00+00:00,2023-10-18 00:00:00+00:00,2023-10-18 04:00:00+00:00,211.8,210.77,1.0300000000000011,False,BREAK_BEFORE_K1,0,0,,,False,,,BREAK_BEFORE_K1,2023-10-18 02:00:00+00:00,
120,02:00,5,2023-10-19,Thursday,2023-10-18 19:00:00+00:00,2023-10-19 00:00:00+00:00,2023-10-19 00:00:00+00:00,2023-10-19 04:00:00+00:00,211.12,210.0,1.1200000000000045,False,BREAK_BEFORE_K1,0,0,,,False,,,BREAK_BEFORE_K1,2023-10-19 01:40:00+00:00,
120,02:00,5,2023-10-20,Friday,2023-10-19 19:00:00+00:00,2023-10-20 00:00:00+00:00,2023-10-20 00:00:00+00:00,2023-10-20 04:00:00+00:00,211.38,210.14,1.240000000000009,False,BREAK_BEFORE_K1,0,0,,,False,,,BREAK_BEFORE_K1,2023-10-20 00:00:00+00:00,
120,02:00,5,2023-10-21,Saturday,2023-10-20 19:00:00+00:00,2023-10-21 00:00:00+00:00,2023-10-21 00:00:00+00:00,2023-10-21 04:00:00+00:00,213.17,212.1,1.0699999999999932,False,BREAK_BEFORE_K1,0,0,,,False,,,BREAK_BEFORE_K1,2023-10-21 01:00:00+00:00,
120,02:00,5,2023-10-22,Sunday,2023-10-21 19:00:00+00:00,2023-10-22 00:00:00+00:00,2023-10-22 00:00:00+00:00,2023-10-22 04:00:00+00:00,215.99,213.86,2.1299999999999955,False,NO_K1,0,0,,,False,,,NO_K1,,
120,02:00,5,2023-10-23,Monday,2023-10-22 19:00:00+00:00,2023-10-23 00:00:00+00:00,2023-10-23 00:00:00+00:00,2023-10-23 04:00:00+00:00,218.82,214.91,3.9099999999999966,True,,1,0,2023-10-23 00:55:00+00:00,2023-10-23 01:00:00+00:00,True,2023-10-23 01:00:00+00:00,2023-10-23 01:05:00+00:00,H2_ARRIVAL,2023-10-23 01:05:00+00:00,5.0
120,02:00,5,2023-10-24,Tuesday,2023-10-23 19:00:00+00:00,2023-10-24 00:00:00+00:00,2023-10-24 00:00:00+00:00,2023-10-24 04:00:00+00:00,231.73,220.92,10.810000000000002,True,,1,0,2023-10-24 00:40:00+00:00,2023-10-24 00:45:00+00:00,False,,,BREAK_DURING_K1,2023-10-24 00:45:00+00:00,
120,02:00,5,2023-10-25,Wednesday,2023-10-24 19:00:00+00:00,2023-10-25 00:00:00+00:00,2023-10-25 00:00:00+00:00,2023-10-25 04:00:00+00:00,227.33,223.57,3.7600000000000193,False,BREAK_BEFORE_K1,0,0,,,False,,,BREAK_BEFORE_K1,2023-10-25 00:50:00+00:00,
120,02:00,5,2023-10-26,Thursday,2023-10-25 19:00:00+00:00,2023-10-26 00:00:00+00:00,2023-10-26 00:00:00+00:00,2023-10-26 04:00:00+00:00,224.3,221.63,2.670000000000016,True,,1,0,2023-10-26 01:00:00+00:00,2023-10-26 01:05:00+00:00,True,2023-10-26 01:05:00+00:00,2023-10-26 01:10:00+00:00,H2_ARRIVAL,2023-10-26 01:25:00+00:00,20.0
120,02:00,5,2023-10-27,Friday,2023-10-26 19:00:00+00:00,2023-10-27 00:00:00+00:00,2023-10-27 00:00:00+00:00,2023-10-27 04:00:00+00:00,223.96,221.64,2.3200000000000216,False,BREAK_BEFORE_K1,0,0,,,False,,,BREAK_BEFORE_K1,2023-10-27 01:45:00+00:00,
120,02:00,5,2023-10-28,Saturday,2023-10-27 19:00:00+00:00,2023-10-28 00:00:00+00:00,2023-10-28 00:00:00+00:00,2023-10-28 04:00:00+00:00,224.98,222.85,2.1299999999999955,False,BREAK_BEFORE_K1,0,0,,,False,,,BREAK_BEFORE_K1,2023-10-28 00:20:00+00:00,
120,02:00,5,2023-10-29,Sunday,2023-10-28 19:00:00+00:00,2023-10-29 00:00:00+00:00,2023-10-29 00:00:00+00:00,2023-10-29 04:00:00+00:00,226.5,225.15,1.3499999999999943,False,BREAK_BEFORE_K1,0,0,,,False,,,BREAK_BEFORE_K1,2023-10-29 01:10:00+00:00,
120,02:00,5,2023-10-30,Monday,2023-10-29 19:00:00+00:00,2023-10-30 00:00:00+00:00,2023-10-30 00:00:00+00:00,2023-10-30 04:00:00+00:00,228.29,226.37,1.9199999999999875,False,OPPOSITE_VISIT_BEFORE_K1,0,1,,,False,,,OPPOSITE_VISIT_BEFORE_K1,2023-10-30 02:25:00+00:00,
120,02:00,5,2023-10-31,Tuesday,2023-10-30 19:00:00+00:00,2023-10-31 00:00:00+00:00,2023-10-31 00:00:00+00:00,2023-10-31 04:00:00+00:00,229.22,227.37,1.8499999999999943,False,BREAK_BEFORE_K1,0,0,,,False,,,BREAK_BEFORE_K1,2023-10-31 00:40:00+00:00,
120,02:00,5,2023-11-01,Wednesday,2023-10-31 19:00:00+00:00,2023-11-01 00:00:00+00:00,2023-11-01 00:00:00+00:00,2023-11-01 04:00:00+00:00,226.7,225.41,1.289999999999992,False,BREAK_BEFORE_K1,0,0,,,False,,,BREAK_BEFORE_K1,2023-11-01 00:15:00+00:00,
120,02:00,5,2023-11-02,Thursday,2023-11-01 19:00:00+00:00,2023-11-02 00:00:00+00:00,2023-11-02 00:00:00+00:00,2023-11-02 04:00:00+00:00,230.15,225.88,4.27000000000001,True,,1,0,2023-11-02 01:00:00+00:00,2023-11-02 01:05:00+00:00,True,2023-11-02 01:05:00+00:00,2023-11-02 01:10:00+00:00,H2_ARRIVAL,2023-11-02 01:10:00+00:00,5.0
120,02:00,5,2023-11-03,Friday,2023-11-02 19:00:00+00:00,2023-11-03 00:00:00+00:00,2023-11-03 00:00:00+00:00,2023-11-03 04:00:00+00:00,233.17,230.53,2.6399999999999864,False,BREAK_BEFORE_K1,0,0,,,False,,,BREAK_BEFORE_K1,2023-11-03 00:30:00+00:00,
120,02:00,5,2023-11-04,Saturday,2023-11-03 19:00:00+00:00,2023-11-04 00:00:00+00:00,2023-11-04 00:00:00+00:00,2023-11-04 04:00:00+00:00,230.9,228.4,2.5,True,,1,0,2023-11-04 02:00:00+00:00,2023-11-04 02:05:00+00:00,True,2023-11-04 02:05:00+00:00,2023-11-04 02:10:00+00:00,H2_ARRIVAL,2023-11-04 02:20:00+00:00,15.0
120,02:00,5,2023-11-05,Sunday,2023-11-04 19:00:00+00:00,2023-11-05 00:00:00+00:00,2023-11-05 00:00:00+00:00,2023-11-05 04:00:00+00:00,238.77,235.8,2.969999999999999,False,BREAK_BEFORE_K1,0,0,,,False,,,BREAK_BEFORE_K1,2023-11-05 01:05:00+00:00,
120,02:00,5,2023-11-06,Monday,2023-11-05 19:00:00+00:00,2023-11-06 00:00:00+00:00,2023-11-06 00:00:00+00:00,2023-11-06 04:00:00+00:00,245.64,240.62,5.019999999999982,False,BREAK_BEFORE_K1,0,0,,,False,,,BREAK_BEFORE_K1,2023-11-06 01:05:00+00:00,
120,02:00,5,2023-11-07,Tuesday,2023-11-06 19:00:00+00:00,2023-11-07 00:00:00+00:00,2023-11-07 00:00:00+00:00,2023-11-07 04:00:00+00:00,256.0,251.38,4.6200000000000045,False,OPPOSITE_VISIT_BEFORE_K1,0,1,,,False,,,OPPOSITE_VISIT_BEFORE_K1,2023-11-07 00:40:00+00:00,
120,02:00,5,2023-11-08,Wednesday,2023-11-07 19:00:00+00:00,2023-11-08 00:00:00+00:00,2023-11-08 00:00:00+00:00,2023-11-08 04:00:00+00:00,249.88,245.64,4.240000000000009,False,OPPOSITE_VISIT_BEFORE_K1,0,1,,,False,,,OPPOSITE_VISIT_BEFORE_K1,2023-11-08 00:30:00+00:00,
120,02:00,5,2023-11-09,Thursday,2023-11-08 19:00:00+00:00,2023-11-09 00:00:00+00:00,2023-11-09 00:00:00+00:00,2023-11-09 04:00:00+00:00,249.67,245.13,4.539999999999992,True,,1,0,2023-11-09 02:25:00+00:00,2023-11-09 02:30:00+00:00,True,2023-11-09 02:30:00+00:00,2023-11-09 02:35:00+00:00,H2_ARRIVAL,2023-11-09 02:35:00+00:00,5.0
120,02:00,5,2023-11-10,Friday,2023-11-09 19:00:00+00:00,2023-11-10 00:00:00+00:00,2023-11-10 00:00:00+00:00,2023-11-10 04:00:00+00:00,251.93,242.83,9.099999999999994,False,BREAK_BEFORE_K1,0,0,,,False,,,BREAK_BEFORE_K1,2023-11-10 00:00:00+00:00,
120,02:00,5,2023-11-11,Saturday,2023-11-10 19:00:00+00:00,2023-11-11 00:00:00+00:00,2023-11-11 00:00:00+00:00,2023-11-11 04:00:00+00:00,252.58,250.06,2.5200000000000102,True,,1,0,2023-11-11 00:25:00+00:00,2023-11-11 00:30:00+00:00,True,2023-11-11 00:35:00+00:00,2023-11-11 00:40:00+00:00,OPPOSITE_BREAK_BEFORE_H2,2023-11-11 01:20:00+00:00,
120,02:00,5,2023-11-12,Sunday,2023-11-11 19:00:00+00:00,2023-11-12 00:00:00+00:00,2023-11-12 00:00:00+00:00,2023-11-12 04:00:00+00:00,254.48,249.52,4.9599999999999795,False,BREAK_BEFORE_K1,0,0,,,False,,,BREAK_BEFORE_K1,2023-11-12 00:25:00+00:00,
120,02:00,5,2023-11-13,Monday,2023-11-12 19:00:00+00:00,2023-11-13 00:00:00+00:00,2023-11-13 00:00:00+00:00,2023-11-13 04:00:00+00:00,249.29,246.62,2.6699999999999875,False,OPPOSITE_VISIT_BEFORE_K1,0,1,,,False,,,OPPOSITE_VISIT_BEFORE_K1,2023-11-13 00:10:00+00:00,
120,02:00,5,2023-11-14,Tuesday,2023-11-13 19:00:00+00:00,2023-11-14 00:00:00+00:00,2023-11-14 00:00:00+00:00,2023-11-14 04:00:00+00:00,246.53,240.22,6.310000000000002,False,BREAK_BEFORE_K1,0,0,,,False,,,BREAK_BEFORE_K1,2023-11-14 00:05:00+00:00,
120,02:00,5,2023-11-15,Wednesday,2023-11-14 19:00:00+00:00,2023-11-15 00:00:00+00:00,2023-11-15 00:00:00+00:00,2023-11-15 04:00:00+00:00,243.05,236.53,6.52000000000001,False,BREAK_BEFORE_K1,0,0,,,False,,,BREAK_BEFORE_K1,2023-11-15 00:05:00+00:00,
120,02:00,5,2023-11-16,Thursday,2023-11-15 19:00:00+00:00,2023-11-16 00:00:00+00:00,2023-11-16 00:00:00+00:00,2023-11-16 04:00:00+00:00,254.7,250.88,3.819999999999993,False,BREAK_BEFORE_K1,0,0,,,False,,,BREAK_BEFORE_K1,2023-11-16 00:45:00+00:00,
120,02:00,5,2023-11-17,Friday,2023-11-16 19:00:00+00:00,2023-11-17 00:00:00+00:00,2023-11-17 00:00:00+00:00,2023-11-17 04:00:00+00:00,244.84,240.1,4.740000000000009,True,,1,0,2023-11-17 00:55:00+00:00,2023-11-17 01:00:00+00:00,False,,,BREAK_DURING_K1,2023-11-17 01:05:00+00:00,
120,02:00,5,2023-11-18,Saturday,2023-11-17 19:00:00+00:00,2023-11-18 00:00:00+00:00,2023-11-18 00:00:00+00:00,2023-11-18 04:00:00+00:00,245.48,242.83,2.6499999999999773,False,BREAK_BEFORE_K1,0,0,,,False,,,BREAK_BEFORE_K1,2023-11-18 03:15:00+00:00,
120,02:00,5,2023-11-19,Sunday,2023-11-18 19:00:00+00:00,2023-11-19 00:00:00+00:00,2023-11-19 00:00:00+00:00,2023-11-19 04:00:00+00:00,245.38,243.58,1.799999999999983,False,BREAK_BEFORE_K1,0,0,,,False,,,BREAK_BEFORE_K1,2023-11-19 00:55:00+00:00,
120,02:00,5,2023-11-20,Monday,2023-11-19 19:00:00+00:00,2023-11-20 00:00:00+00:00,2023-11-20 00:00:00+00:00,2023-11-20 04:00:00+00:00,247.05,244.32,2.730000000000018,False,BREAK_BEFORE_K1,0,0,,,False,,,BREAK_BEFORE_K1,2023-11-20 01:20:00+00:00,
120,02:00,5,2023-11-21,Tuesday,2023-11-20 19:00:00+00:00,2023-11-21 00:00:00+00:00,2023-11-21 00:00:00+00:00,2023-11-21 04:00:00+00:00,259.98,250.85,9.130000000000024,False,BREAK_BEFORE_K1,0,0,,,False,,,BREAK_BEFORE_K1,2023-11-21 00:55:00+00:00,
120,02:00,5,2023-11-22,Wednesday,2023-11-21 19:00:00+00:00,2023-11-22 00:00:00+00:00,2023-11-22 00:00:00+00:00,2023-11-22 04:00:00+00:00,248.4,224.0,24.400000000000006,False,NO_K1,0,0,,,False,,,NO_K1,,
120,02:00,5,2023-11-23,Thursday,2023-11-22 19:00:00+00:00,2023-11-23 00:00:00+00:00,2023-11-23 00:00:00+00:00,2023-11-23 04:00:00+00:00,238.45,234.36,4.089999999999975,False,BREAK_BEFORE_K1,0,0,,,False,,,BREAK_BEFORE_K1,2023-11-23 01:25:00+00:00,
120,02:00,5,2023-11-24,Friday,2023-11-23 19:00:00+00:00,2023-11-24 00:00:00+00:00,2023-11-24 00:00:00+00:00,2023-11-24 04:00:00+00:00,234.58,232.39,2.190000000000026,False,BREAK_BEFORE_K1,0,0,,,False,,,BREAK_BEFORE_K1,2023-11-24 00:20:00+00:00,
120,02:00,5,2023-11-25,Saturday,2023-11-24 19:00:00+00:00,2023-11-25 00:00:00+00:00,2023-11-25 00:00:00+00:00,2023-11-25 04:00:00+00:00,233.6,231.58,2.019999999999982,False,BREAK_BEFORE_K1,0,0,,,False,,,BREAK_BEFORE_K1,2023-11-25 00:10:00+00:00,
120,02:00,5,2023-11-26,Sunday,2023-11-25 19:00:00+00:00,2023-11-26 00:00:00+00:00,2023-11-26 00:00:00+00:00,2023-11-26 04:00:00+00:00,234.52,233.14,1.3800000000000239,False,OPPOSITE_VISIT_BEFORE_K1,0,1,,,False,,,OPPOSITE_VISIT_BEFORE_K1,2023-11-26 01:00:00+00:00,
120,02:00,5,2023-11-27,Monday,2023-11-26 19:00:00+00:00,2023-11-27 00:00:00+00:00,2023-11-27 00:00:00+00:00,2023-11-27 04:00:00+00:00,232.97,230.27,2.6999999999999886,True,,1,0,2023-11-27 00:40:00+00:00,2023-11-27 00:45:00+00:00,True,2023-11-27 00:50:00+00:00,2023-11-27 00:55:00+00:00,H2_ARRIVAL,2023-11-27 01:05:00+00:00,15.0
120,02:00,5,2023-11-28,Tuesday,2023-11-27 19:00:00+00:00,2023-11-28 00:00:00+00:00,2023-11-28 00:00:00+00:00,2023-11-28 04:00:00+00:00,227.86,223.53,4.3300000000000125,False,BREAK_BEFORE_K1,0,0,,,False,,,BREAK_BEFORE_K1,2023-11-28 00:20:00+00:00,
120,02:00,5,2023-11-29,Wednesday,2023-11-28 19:00:00+00:00,2023-11-29 00:00:00+00:00,2023-11-29 00:00:00+00:00,2023-11-29 04:00:00+00:00,231.45,229.16,2.289999999999992,False,OPPOSITE_VISIT_BEFORE_K1,0,1,,,False,,,OPPOSITE_VISIT_BEFORE_K1,2023-11-29 00:10:00+00:00,
120,02:00,5,2023-11-30,Thursday,2023-11-29 19:00:00+00:00,2023-11-30 00:00:00+00:00,2023-11-30 00:00:00+00:00,2023-11-30 04:00:00+00:00,228.16,226.68,1.4799999999999898,False,OPPOSITE_VISIT_BEFORE_K1,0,1,,,False,,,OPPOSITE_VISIT_BEFORE_K1,2023-11-30 01:05:00+00:00,
120,02:00,5,2023-12-01,Friday,2023-11-30 19:00:00+00:00,2023-12-01 00:00:00+00:00,2023-12-01 00:00:00+00:00,2023-12-01 04:00:00+00:00,228.1,227.15,0.9499999999999886,False,BREAK_BEFORE_K1,0,0,,,False,,,BREAK_BEFORE_K1,2023-12-01 01:15:00+00:00,
120,02:00,5,2023-12-02,Saturday,2023-12-01 19:00:00+00:00,2023-12-02 00:00:00+00:00,2023-12-02 00:00:00+00:00,2023-12-02 04:00:00+00:00,229.15,228.22,0.9300000000000068,False,BREAK_BEFORE_K1,0,0,,,False,,,BREAK_BEFORE_K1,2023-12-02 02:10:00+00:00,
120,02:00,5,2023-12-03,Sunday,2023-12-02 19:00:00+00:00,2023-12-03 00:00:00+00:00,2023-12-03 00:00:00+00:00,2023-12-03 04:00:00+00:00,230.57,228.21,2.359999999999985,False,BREAK_BEFORE_K1,0,0,,,False,,,BREAK_BEFORE_K1,2023-12-03 00:45:00+00:00,
120,02:00,5,2023-12-04,Monday,2023-12-03 19:00:00+00:00,2023-12-04 00:00:00+00:00,2023-12-04 00:00:00+00:00,2023-12-04 04:00:00+00:00,229.28,226.62,2.6599999999999966,True,,1,0,2023-12-04 00:45:00+00:00,2023-12-04 00:50:00+00:00,False,,,BREAK_DURING_K1,2023-12-04 00:50:00+00:00,
120,02:00,5,2023-12-05,Tuesday,2023-12-04 19:00:00+00:00,2023-12-05 00:00:00+00:00,2023-12-05 00:00:00+00:00,2023-12-05 04:00:00+00:00,233.68,230.68,3.0,True,,1,0,2023-12-05 00:00:00+00:00,2023-12-05 00:05:00+00:00,True,2023-12-05 00:05:00+00:00,2023-12-05 00:10:00+00:00,H2_ARRIVAL,2023-12-05 00:25:00+00:00,20.0
120,02:00,5,2023-12-06,Wednesday,2023-12-05 19:00:00+00:00,2023-12-06 00:00:00+00:00,2023-12-06 00:00:00+00:00,2023-12-06 04:00:00+00:00,232.34,230.25,2.0900000000000034,True,,1,0,2023-12-06 00:40:00+00:00,2023-12-06 00:45:00+00:00,True,2023-12-06 00:45:00+00:00,2023-12-06 00:50:00+00:00,H2_ARRIVAL,2023-12-06 00:50:00+00:00,5.0
120,02:00,5,2023-12-07,Thursday,2023-12-06 19:00:00+00:00,2023-12-07 00:00:00+00:00,2023-12-07 00:00:00+00:00,2023-12-07 04:00:00+00:00,233.05,229.01,4.0400000000000205,False,NO_K1,0,0,,,False,,,NO_K1,,
120,02:00,5,2023-12-08,Friday,2023-12-07 19:00:00+00:00,2023-12-08 00:00:00+00:00,2023-12-08 00:00:00+00:00,2023-12-08 04:00:00+00:00,233.28,230.2,3.0800000000000125,False,BREAK_BEFORE_K1,0,0,,,False,,,BREAK_BEFORE_K1,2023-12-08 00:00:00+00:00,
120,02:00,5,2023-12-09,Saturday,2023-12-08 19:00:00+00:00,2023-12-09 00:00:00+00:00,2023-12-09 00:00:00+00:00,2023-12-09 04:00:00+00:00,240.22,237.02,3.1999999999999886,False,BREAK_BEFORE_K1,0,0,,,False,,,BREAK_BEFORE_K1,2023-12-09 00:05:00+00:00,
120,02:00,5,2023-12-10,Sunday,2023-12-09 19:00:00+00:00,2023-12-10 00:00:00+00:00,2023-12-10 00:00:00+00:00,2023-12-10 04:00:00+00:00,240.4,236.21,4.189999999999998,False,BREAK_BEFORE_K1,0,0,,,False,,,BREAK_BEFORE_K1,2023-12-10 03:30:00+00:00,
120,02:00,5,2023-12-11,Monday,2023-12-10 19:00:00+00:00,2023-12-11 00:00:00+00:00,2023-12-11 00:00:00+00:00,2023-12-11 04:00:00+00:00,241.08,239.06,2.0200000000000102,False,BREAK_BEFORE_K1,0,0,,,False,,,BREAK_BEFORE_K1,2023-12-11 00:30:00+00:00,
120,02:00,5,2023-12-12,Tuesday,2023-12-11 19:00:00+00:00,2023-12-12 00:00:00+00:00,2023-12-12 00:00:00+00:00,2023-12-12 04:00:00+00:00,246.98,236.88,10.099999999999994,False,BREAK_BEFORE_K1,0,0,,,False,,,BREAK_BEFORE_K1,2023-12-12 00:00:00+00:00,
120,02:00,5,2023-12-13,Wednesday,2023-12-12 19:00:00+00:00,2023-12-13 00:00:00+00:00,2023-12-13 00:00:00+00:00,2023-12-13 04:00:00+00:00,256.66,252.4,4.260000000000019,False,BREAK_BEFORE_K1,0,0,,,False,,,BREAK_BEFORE_K1,2023-12-13 00:05:00+00:00,
120,02:00,5,2023-12-14,Thursday,2023-12-13 19:00:00+00:00,2023-12-14 00:00:00+00:00,2023-12-14 00:00:00+00:00,2023-12-14 04:00:00+00:00,255.95,250.5,5.449999999999989,False,OPPOSITE_VISIT_BEFORE_K1,0,1,,,False,,,OPPOSITE_VISIT_BEFORE_K1,2023-12-14 01:40:00+00:00,
120,02:00,5,2023-12-15,Friday,2023-12-14 19:00:00+00:00,2023-12-15 00:00:00+00:00,2023-12-15 00:00:00+00:00,2023-12-15 04:00:00+00:00,254.0,251.13,2.8700000000000045,False,OPPOSITE_VISIT_BEFORE_K1,0,1,,,False,,,OPPOSITE_VISIT_BEFORE_K1,2023-12-15 00:35:00+00:00,
120,02:00,5,2023-12-16,Saturday,2023-12-15 19:00:00+00:00,2023-12-16 00:00:00+00:00,2023-12-16 00:00:00+00:00,2023-12-16 04:00:00+00:00,247.79,242.1,5.689999999999998,True,,1,0,2023-12-16 03:45:00+00:00,2023-12-16 03:50:00+00:00,False,,,BREAK_DURING_K1,2023-12-16 03:50:00+00:00,
120,02:00,5,2023-12-17,Sunday,2023-12-16 19:00:00+00:00,2023-12-17 00:00:00+00:00,2023-12-17 00:00:00+00:00,2023-12-17 04:00:00+00:00,245.56,243.5,2.0600000000000023,False,BREAK_BEFORE_K1,0,0,,,False,,,BREAK_BEFORE_K1,2023-12-17 00:55:00+00:00,
120,02:00,5,2023-12-18,Monday,2023-12-17 19:00:00+00:00,2023-12-18 00:00:00+00:00,2023-12-18 00:00:00+00:00,2023-12-18 04:00:00+00:00,243.5,238.71,4.789999999999992,False,BREAK_BEFORE_K1,0,0,,,False,,,BREAK_BEFORE_K1,2023-12-18 01:30:00+00:00,
120,02:00,5,2023-12-19,Tuesday,2023-12-18 19:00:00+00:00,2023-12-19 00:00:00+00:00,2023-12-19 00:00:00+00:00,2023-12-19 04:00:00+00:00,241.88,237.75,4.1299999999999955,True,,1,0,2023-12-19 00:00:00+00:00,2023-12-19 00:05:00+00:00,False,,,BREAK_DURING_K1,2023-12-19 00:05:00+00:00,
120,02:00,5,2023-12-20,Wednesday,2023-12-19 19:00:00+00:00,2023-12-20 00:00:00+00:00,2023-12-20 00:00:00+00:00,2023-12-20 04:00:00+00:00,254.41,250.71,3.6999999999999886,False,OPPOSITE_VISIT_BEFORE_K1,0,1,,,False,,,OPPOSITE_VISIT_BEFORE_K1,2023-12-20 03:10:00+00:00,
120,02:00,5,2023-12-21,Thursday,2023-12-20 19:00:00+00:00,2023-12-21 00:00:00+00:00,2023-12-21 00:00:00+00:00,2023-12-21 04:00:00+00:00,260.33,255.0,5.329999999999984,False,NO_K1,0,0,,,False,,,NO_K1,,
120,02:00,5,2023-12-22,Friday,2023-12-21 19:00:00+00:00,2023-12-22 00:00:00+00:00,2023-12-22 00:00:00+00:00,2023-12-22 04:00:00+00:00,271.97,268.79,3.180000000000007,True,,1,0,2023-12-22 00:00:00+00:00,2023-12-22 00:05:00+00:00,True,2023-12-22 00:05:00+00:00,2023-12-22 00:10:00+00:00,H2_ARRIVAL,2023-12-22 00:25:00+00:00,20.0
120,02:00,5,2023-12-23,Saturday,2023-12-22 19:00:00+00:00,2023-12-23 00:00:00+00:00,2023-12-23 00:00:00+00:00,2023-12-23 04:00:00+00:00,272.79,269.38,3.410000000000025,False,OPPOSITE_VISIT_BEFORE_K1,0,1,,,False,,,OPPOSITE_VISIT_BEFORE_K1,2023-12-23 00:50:00+00:00,
120,02:00,5,2023-12-24,Sunday,2023-12-23 19:00:00+00:00,2023-12-24 00:00:00+00:00,2023-12-24 00:00:00+00:00,2023-12-24 04:00:00+00:00,271.7,269.16,2.5399999999999636,True,,1,0,2023-12-24 00:50:00+00:00,2023-12-24 00:55:00+00:00,True,2023-12-24 00:55:00+00:00,2023-12-24 01:00:00+00:00,H2_ARRIVAL,2023-12-24 01:00:00+00:00,5.0
120,02:00,5,2023-12-25,Monday,2023-12-24 19:00:00+00:00,2023-12-25 00:00:00+00:00,2023-12-25 00:00:00+00:00,2023-12-25 04:00:00+00:00,269.06,260.53,8.53000000000003,False,NO_K1,0,0,,,False,,,NO_K1,,
120,02:00,5,2023-12-26,Tuesday,2023-12-25 19:00:00+00:00,2023-12-26 00:00:00+00:00,2023-12-26 00:00:00+00:00,2023-12-26 04:00:00+00:00,267.36,263.72,3.6399999999999864,False,BREAK_BEFORE_K1,0,0,,,False,,,BREAK_BEFORE_K1,2023-12-26 02:40:00+00:00,
120,02:00,5,2023-12-27,Wednesday,2023-12-26 19:00:00+00:00,2023-12-27 00:00:00+00:00,2023-12-27 00:00:00+00:00,2023-12-27 04:00:00+00:00,298.3,292.93,5.3700000000000045,True,,1,0,2023-12-27 00:00:00+00:00,2023-12-27 00:05:00+00:00,True,2023-12-27 00:05:00+00:00,2023-12-27 00:10:00+00:00,OPPOSITE_BREAK_BEFORE_H2,2023-12-27 01:45:00+00:00,
120,02:00,5,2023-12-28,Thursday,2023-12-27 19:00:00+00:00,2023-12-28 00:00:00+00:00,2023-12-28 00:00:00+00:00,2023-12-28 04:00:00+00:00,324.13,310.13,14.0,False,BREAK_BEFORE_K1,0,0,,,False,,,BREAK_BEFORE_K1,2023-12-28 00:45:00+00:00,
120,02:00,5,2023-12-29,Friday,2023-12-28 19:00:00+00:00,2023-12-29 00:00:00+00:00,2023-12-29 00:00:00+00:00,2023-12-29 04:00:00+00:00,333.0,320.7,12.300000000000011,False,BREAK_BEFORE_K1,0,0,,,False,,,BREAK_BEFORE_K1,2023-12-29 00:30:00+00:00,
120,02:00,5,2023-12-30,Saturday,2023-12-29 19:00:00+00:00,2023-12-30 00:00:00+00:00,2023-12-30 00:00:00+00:00,2023-12-30 04:00:00+00:00,313.78,306.46,7.319999999999993,False,BREAK_BEFORE_K1,0,0,,,False,,,BREAK_BEFORE_K1,2023-12-30 00:15:00+00:00,
120,02:00,5,2023-12-31,Sunday,2023-12-30 19:00:00+00:00,2023-12-31 00:00:00+00:00,2023-12-31 00:00:00+00:00,2023-12-31 04:00:00+00:00,317.85,313.0,4.850000000000023,True,,1,0,2023-12-31 00:10:00+00:00,2023-12-31 00:15:00+00:00,False,,,BREAK_DURING_K1,2023-12-31 00:15:00+00:00,
120,02:00,5,2024-01-01,Monday,2023-12-31 19:00:00+00:00,2024-01-01 00:00:00+00:00,2024-01-01 00:00:00+00:00,2024-01-01 04:00:00+00:00,316.24,306.38,9.860000000000014,False,NO_K1,0,0,,,False,,,NO_K1,,
120,02:00,5,2024-01-02,Tuesday,2024-01-01 19:00:00+00:00,2024-01-02 00:00:00+00:00,2024-01-02 00:00:00+00:00,2024-01-02 04:00:00+00:00,315.37,310.55,4.819999999999993,False,BREAK_BEFORE_K1,0,0,,,False,,,BREAK_BEFORE_K1,2024-01-02 00:20:00+00:00,
120,02:00,5,2024-01-03,Wednesday,2024-01-02 19:00:00+00:00,2024-01-03 00:00:00+00:00,2024-01-03 00:00:00+00:00,2024-01-03 04:00:00+00:00,312.16,308.18,3.980000000000018,False,BREAK_BEFORE_K1,0,0,,,False,,,BREAK_BEFORE_K1,2024-01-03 00:00:00+00:00,
120,02:00,5,2024-01-04,Thursday,2024-01-03 19:00:00+00:00,2024-01-04 00:00:00+00:00,2024-01-04 00:00:00+00:00,2024-01-04 04:00:00+00:00,318.5,311.76,6.740000000000009,False,OPPOSITE_VISIT_BEFORE_K1,0,1,,,False,,,OPPOSITE_VISIT_BEFORE_K1,2024-01-04 01:15:00+00:00,
120,02:00,5,2024-01-05,Friday,2024-01-04 19:00:00+00:00,2024-01-05 00:00:00+00:00,2024-01-05 00:00:00+00:00,2024-01-05 04:00:00+00:00,323.1,317.0,6.100000000000023,True,,1,0,2024-01-05 00:00:00+00:00,2024-01-05 00:05:00+00:00,False,,,BREAK_DURING_K1,2024-01-05 00:10:00+00:00,
120,02:00,5,2024-01-06,Saturday,2024-01-05 19:00:00+00:00,2024-01-06 00:00:00+00:00,2024-01-06 00:00:00+00:00,2024-01-06 04:00:00+00:00,317.5,312.59,4.910000000000025,False,BREAK_BEFORE_K1,0,0,,,False,,,BREAK_BEFORE_K1,2024-01-06 00:15:00+00:00,
120,02:00,5,2024-01-07,Sunday,2024-01-06 19:00:00+00:00,2024-01-07 00:00:00+00:00,2024-01-07 00:00:00+00:00,2024-01-07 04:00:00+00:00,307.47,304.15,3.32000000000005,False,BREAK_BEFORE_K1,0,0,,,False,,,BREAK_BEFORE_K1,2024-01-07 00:35:00+00:00,
120,02:00,5,2024-01-08,Monday,2024-01-07 19:00:00+00:00,2024-01-08 00:00:00+00:00,2024-01-08 00:00:00+00:00,2024-01-08 04:00:00+00:00,306.53,299.2,7.329999999999984,False,BREAK_BEFORE_K1,0,0,,,False,,,BREAK_BEFORE_K1,2024-01-08 00:15:00+00:00,
120,02:00,5,2024-01-09,Tuesday,2024-01-08 19:00:00+00:00,2024-01-09 00:00:00+00:00,2024-01-09 00:00:00+00:00,2024-01-09 04:00:00+00:00,307.67,303.82,3.8500000000000227,False,BREAK_BEFORE_K1,0,0,,,False,,,BREAK_BEFORE_K1,2024-01-09 00:00:00+00:00,
120,02:00,5,2024-01-10,Wednesday,2024-01-09 19:00:00+00:00,2024-01-10 00:00:00+00:00,2024-01-10 00:00:00+00:00,2024-01-10 04:00:00+00:00,302.74,295.85,6.889999999999986,True,,1,0,2024-01-10 00:25:00+00:00,2024-01-10 00:30:00+00:00,False,,,BREAK_DURING_K1,2024-01-10 00:30:00+00:00,
120,02:00,5,2024-01-11,Thursday,2024-01-10 19:00:00+00:00,2024-01-11 00:00:00+00:00,2024-01-11 00:00:00+00:00,2024-01-11 04:00:00+00:00,310.42,291.0,19.420000000000016,False,NO_K1,0,0,,,False,,,NO_K1,,
120,02:00,5,2024-01-12,Friday,2024-01-11 19:00:00+00:00,2024-01-12 00:00:00+00:00,2024-01-12 00:00:00+00:00,2024-01-12 04:00:00+00:00,310.32,305.94,4.3799999999999955,False,OPPOSITE_VISIT_BEFORE_K1,0,1,,,False,,,OPPOSITE_VISIT_BEFORE_K1,2024-01-12 01:25:00+00:00,
120,02:00,5,2024-01-13,Saturday,2024-01-12 19:00:00+00:00,2024-01-13 00:00:00+00:00,2024-01-13 00:00:00+00:00,2024-01-13 04:00:00+00:00,302.55,288.48,14.069999999999993,False,NO_K1,0,0,,,False,,,NO_K1,,
120,02:00,5,2024-01-14,Sunday,2024-01-13 19:00:00+00:00,2024-01-14 00:00:00+00:00,2024-01-14 00:00:00+00:00,2024-01-14 04:00:00+00:00,303.27,301.28,1.990000000000009,False,BREAK_BEFORE_K1,0,0,,,False,,,BREAK_BEFORE_K1,2024-01-14 00:25:00+00:00,
120,02:00,5,2024-01-15,Monday,2024-01-14 19:00:00+00:00,2024-01-15 00:00:00+00:00,2024-01-15 00:00:00+00:00,2024-01-15 04:00:00+00:00,306.39,298.89,7.5,False,BREAK_BEFORE_K1,0,0,,,False,,,BREAK_BEFORE_K1,2024-01-15 02:35:00+00:00,
120,02:00,5,2024-01-16,Tuesday,2024-01-15 19:00:00+00:00,2024-01-16 00:00:00+00:00,2024-01-16 00:00:00+00:00,2024-01-16 04:00:00+00:00,318.68,311.69,6.990000000000009,False,NO_K1,0,0,,,False,,,NO_K1,,
120,02:00,5,2024-01-17,Wednesday,2024-01-16 19:00:00+00:00,2024-01-17 00:00:00+00:00,2024-01-17 00:00:00+00:00,2024-01-17 04:00:00+00:00,316.99,313.22,3.769999999999982,False,OPPOSITE_VISIT_BEFORE_K1,0,1,,,False,,,OPPOSITE_VISIT_BEFORE_K1,2024-01-17 03:45:00+00:00,
120,02:00,5,2024-01-18,Thursday,2024-01-17 19:00:00+00:00,2024-01-18 00:00:00+00:00,2024-01-18 00:00:00+00:00,2024-01-18 04:00:00+00:00,310.5,306.17,4.329999999999984,False,OPPOSITE_VISIT_BEFORE_K1,0,1,,,False,,,OPPOSITE_VISIT_BEFORE_K1,2024-01-18 01:30:00+00:00,
120,02:00,5,2024-01-19,Friday,2024-01-18 19:00:00+00:00,2024-01-19 00:00:00+00:00,2024-01-19 00:00:00+00:00,2024-01-19 04:00:00+00:00,314.64,307.35,7.289999999999964,False,NO_K1,0,0,,,False,,,NO_K1,,
120,02:00,5,2024-01-20,Saturday,2024-01-19 19:00:00+00:00,2024-01-20 00:00:00+00:00,2024-01-20 00:00:00+00:00,2024-01-20 04:00:00+00:00,314.4,310.44,3.9599999999999795,True,,1,0,2024-01-20 00:00:00+00:00,2024-01-20 00:05:00+00:00,True,2024-01-20 00:05:00+00:00,2024-01-20 00:10:00+00:00,H2_ARRIVAL,2024-01-20 00:10:00+00:00,5.0
120,02:00,5,2024-01-21,Sunday,2024-01-20 19:00:00+00:00,2024-01-21 00:00:00+00:00,2024-01-21 00:00:00+00:00,2024-01-21 04:00:00+00:00,317.14,313.86,3.2799999999999727,False,BREAK_BEFORE_K1,0,0,,,False,,,BREAK_BEFORE_K1,2024-01-21 00:00:00+00:00,
120,02:00,5,2024-01-22,Monday,2024-01-21 19:00:00+00:00,2024-01-22 00:00:00+00:00,2024-01-22 00:00:00+00:00,2024-01-22 04:00:00+00:00,321.58,317.82,3.759999999999991,False,OPPOSITE_VISIT_BEFORE_K1,0,1,,,False,,,OPPOSITE_VISIT_BEFORE_K1,2024-01-22 01:10:00+00:00,
120,02:00,5,2024-01-23,Tuesday,2024-01-22 19:00:00+00:00,2024-01-23 00:00:00+00:00,2024-01-23 00:00:00+00:00,2024-01-23 04:00:00+00:00,311.2,303.3,7.899999999999977,False,NO_K1,0,0,,,False,,,NO_K1,,
120,02:00,5,2024-01-24,Wednesday,2024-01-23 19:00:00+00:00,2024-01-24 00:00:00+00:00,2024-01-24 00:00:00+00:00,2024-01-24 04:00:00+00:00,298.71,291.99,6.71999999999997,True,,1,0,2024-01-24 00:00:00+00:00,2024-01-24 00:05:00+00:00,True,2024-01-24 00:05:00+00:00,2024-01-24 00:10:00+00:00,H2_ARRIVAL,2024-01-24 00:30:00+00:00,25.0
120,02:00,5,2024-01-25,Thursday,2024-01-24 19:00:00+00:00,2024-01-25 00:00:00+00:00,2024-01-25 00:00:00+00:00,2024-01-25 04:00:00+00:00,293.74,290.63,3.1100000000000136,False,BREAK_BEFORE_K1,0,0,,,False,,,BREAK_BEFORE_K1,2024-01-25 02:10:00+00:00,
120,02:00,5,2024-01-26,Friday,2024-01-25 19:00:00+00:00,2024-01-26 00:00:00+00:00,2024-01-26 00:00:00+00:00,2024-01-26 04:00:00+00:00,292.84,290.37,2.4699999999999704,True,,1,0,2024-01-26 01:20:00+00:00,2024-01-26 01:25:00+00:00,False,,,BREAK_DURING_K1,2024-01-26 01:25:00+00:00,
120,02:00,5,2024-01-27,Saturday,2024-01-26 19:00:00+00:00,2024-01-27 00:00:00+00:00,2024-01-27 00:00:00+00:00,2024-01-27 04:00:00+00:00,302.84,301.13,1.7099999999999795,False,BREAK_BEFORE_K1,0,0,,,False,,,BREAK_BEFORE_K1,2024-01-27 00:25:00+00:00,
120,02:00,5,2024-01-28,Sunday,2024-01-27 19:00:00+00:00,2024-01-28 00:00:00+00:00,2024-01-28 00:00:00+00:00,2024-01-28 04:00:00+00:00,306.66,304.89,1.7700000000000387,False,OPPOSITE_VISIT_BEFORE_K1,0,1,,,False,,,OPPOSITE_VISIT_BEFORE_K1,2024-01-28 00:25:00+00:00,
120,02:00,5,2024-01-29,Monday,2024-01-28 19:00:00+00:00,2024-01-29 00:00:00+00:00,2024-01-29 00:00:00+00:00,2024-01-29 04:00:00+00:00,305.78,303.11,2.669999999999959,True,,1,0,2024-01-29 00:35:00+00:00,2024-01-29 00:40:00+00:00,True,2024-01-29 00:45:00+00:00,2024-01-29 00:50:00+00:00,H2_ARRIVAL,2024-01-29 01:00:00+00:00,15.0
120,02:00,5,2024-01-30,Tuesday,2024-01-29 19:00:00+00:00,2024-01-30 00:00:00+00:00,2024-01-30 00:00:00+00:00,2024-01-30 04:00:00+00:00,311.0,309.63,1.3700000000000045,True,,1,0,2024-01-30 00:15:00+00:00,2024-01-30 00:20:00+00:00,True,2024-01-30 00:20:00+00:00,2024-01-30 00:25:00+00:00,H2_ARRIVAL,2024-01-30 00:25:00+00:00,5.0
120,02:00,5,2024-01-31,Wednesday,2024-01-30 19:00:00+00:00,2024-01-31 00:00:00+00:00,2024-01-31 00:00:00+00:00,2024-01-31 04:00:00+00:00,310.92,306.33,4.590000000000032,False,BREAK_BEFORE_K1,0,0,,,False,,,BREAK_BEFORE_K1,2024-01-31 00:15:00+00:00,
120,02:00,5,2024-02-01,Thursday,2024-01-31 19:00:00+00:00,2024-02-01 00:00:00+00:00,2024-02-01 00:00:00+00:00,2024-02-01 04:00:00+00:00,305.51,298.46,7.050000000000011,False,BREAK_BEFORE_K1,0,0,,,False,,,BREAK_BEFORE_K1,2024-02-01 01:15:00+00:00,
120,02:00,5,2024-02-02,Friday,2024-02-01 19:00:00+00:00,2024-02-02 00:00:00+00:00,2024-02-02 00:00:00+00:00,2024-02-02 04:00:00+00:00,301.2,299.08,2.1200000000000045,True,,1,0,2024-02-02 00:15:00+00:00,2024-02-02 00:20:00+00:00,False,,,BREAK_DURING_K1,2024-02-02 00:20:00+00:00,
120,02:00,5,2024-02-03,Saturday,2024-02-02 19:00:00+00:00,2024-02-03 00:00:00+00:00,2024-02-03 00:00:00+00:00,2024-02-03 04:00:00+00:00,301.55,300.02,1.5300000000000296,False,BREAK_BEFORE_K1,0,0,,,False,,,BREAK_BEFORE_K1,2024-02-03 00:15:00+00:00,
120,02:00,5,2024-02-04,Sunday,2024-02-03 19:00:00+00:00,2024-02-04 00:00:00+00:00,2024-02-04 00:00:00+00:00,2024-02-04 04:00:00+00:00,300.84,299.52,1.3199999999999932,False,BREAK_BEFORE_K1,0,0,,,False,,,BREAK_BEFORE_K1,2024-02-04 00:05:00+00:00,
120,02:00,5,2024-02-05,Monday,2024-02-04 19:00:00+00:00,2024-02-05 00:00:00+00:00,2024-02-05 00:00:00+00:00,2024-02-05 04:00:00+00:00,307.8,303.96,3.840000000000032,False,BREAK_BEFORE_K1,0,0,,,False,,,BREAK_BEFORE_K1,2024-02-05 01:05:00+00:00,
120,02:00,5,2024-02-06,Tuesday,2024-02-05 19:00:00+00:00,2024-02-06 00:00:00+00:00,2024-02-06 00:00:00+00:00,2024-02-06 04:00:00+00:00,301.91,299.34,2.57000000000005,True,,1,0,2024-02-06 01:25:00+00:00,2024-02-06 01:30:00+00:00,True,2024-02-06 01:30:00+00:00,2024-02-06 01:35:00+00:00,H2_ARRIVAL,2024-02-06 01:45:00+00:00,15.0
120,02:00,5,2024-02-07,Wednesday,2024-02-06 19:00:00+00:00,2024-02-07 00:00:00+00:00,2024-02-07 00:00:00+00:00,2024-02-07 04:00:00+00:00,303.62,302.56,1.0600000000000023,False,OPPOSITE_VISIT_BEFORE_K1,0,1,,,False,,,OPPOSITE_VISIT_BEFORE_K1,2024-02-07 00:15:00+00:00,
120,02:00,5,2024-02-08,Thursday,2024-02-07 19:00:00+00:00,2024-02-08 00:00:00+00:00,2024-02-08 00:00:00+00:00,2024-02-08 04:00:00+00:00,308.79,306.34,2.4500000000000455,True,,1,0,2024-02-08 00:25:00+00:00,2024-02-08 00:30:00+00:00,False,,,BREAK_DURING_K1,2024-02-08 00:30:00+00:00,
120,02:00,5,2024-02-09,Friday,2024-02-08 19:00:00+00:00,2024-02-09 00:00:00+00:00,2024-02-09 00:00:00+00:00,2024-02-09 04:00:00+00:00,319.48,316.49,2.990000000000009,False,BREAK_BEFORE_K1,0,0,,,False,,,BREAK_BEFORE_K1,2024-02-09 01:20:00+00:00,
120,02:00,5,2024-02-10,Saturday,2024-02-09 19:00:00+00:00,2024-02-10 00:00:00+00:00,2024-02-10 00:00:00+00:00,2024-02-10 04:00:00+00:00,324.0,321.21,2.7900000000000205,True,,1,0,2024-02-10 00:00:00+00:00,2024-02-10 00:05:00+00:00,False,,,BREAK_DURING_K1,2024-02-10 00:10:00+00:00,
120,02:00,5,2024-02-11,Sunday,2024-02-10 19:00:00+00:00,2024-02-11 00:00:00+00:00,2024-02-11 00:00:00+00:00,2024-02-11 04:00:00+00:00,323.48,321.0,2.480000000000018,True,,1,0,2024-02-11 03:35:00+00:00,2024-02-11 03:40:00+00:00,True,2024-02-11 03:40:00+00:00,2024-02-11 03:45:00+00:00,H2_ARRIVAL,2024-02-11 03:45:00+00:00,5.0
120,02:00,5,2024-02-12,Monday,2024-02-11 19:00:00+00:00,2024-02-12 00:00:00+00:00,2024-02-12 00:00:00+00:00,2024-02-12 04:00:00+00:00,321.86,319.61,2.25,False,OPPOSITE_VISIT_BEFORE_K1,0,1,,,False,,,OPPOSITE_VISIT_BEFORE_K1,2024-02-12 02:20:00+00:00,
120,02:00,5,2024-02-13,Tuesday,2024-02-12 19:00:00+00:00,2024-02-13 00:00:00+00:00,2024-02-13 00:00:00+00:00,2024-02-13 04:00:00+00:00,330.54,323.83,6.710000000000036,False,NO_K1,0,0,,,False,,,NO_K1,,
120,02:00,5,2024-02-14,Wednesday,2024-02-13 19:00:00+00:00,2024-02-14 00:00:00+00:00,2024-02-14 00:00:00+00:00,2024-02-14 04:00:00+00:00,324.55,321.92,2.6299999999999955,True,,1,0,2024-02-14 01:35:00+00:00,2024-02-14 01:40:00+00:00,True,2024-02-14 01:40:00+00:00,2024-02-14 01:45:00+00:00,H2_ARRIVAL,2024-02-14 01:50:00+00:00,10.0
120,02:00,5,2024-02-15,Thursday,2024-02-14 19:00:00+00:00,2024-02-15 00:00:00+00:00,2024-02-15 00:00:00+00:00,2024-02-15 04:00:00+00:00,334.33,331.38,2.9499999999999886,True,,1,0,2024-02-15 00:20:00+00:00,2024-02-15 00:25:00+00:00,False,,,BREAK_DURING_K1,2024-02-15 00:25:00+00:00,
120,02:00,5,2024-02-16,Friday,2024-02-15 19:00:00+00:00,2024-02-16 00:00:00+00:00,2024-02-16 00:00:00+00:00,2024-02-16 04:00:00+00:00,356.14,348.91,7.229999999999961,False,BREAK_BEFORE_K1,0,0,,,False,,,BREAK_BEFORE_K1,2024-02-16 01:35:00+00:00,
120,02:00,5,2024-02-17,Saturday,2024-02-16 19:00:00+00:00,2024-02-17 00:00:00+00:00,2024-02-17 00:00:00+00:00,2024-02-17 04:00:00+00:00,361.0,353.9,7.100000000000023,True,,1,0,2024-02-17 00:05:00+00:00,2024-02-17 00:10:00+00:00,False,,,BREAK_DURING_K1,2024-02-17 00:10:00+00:00,
120,02:00,5,2024-02-18,Sunday,2024-02-17 19:00:00+00:00,2024-02-18 00:00:00+00:00,2024-02-18 00:00:00+00:00,2024-02-18 04:00:00+00:00,354.55,351.5,3.0500000000000114,False,OPPOSITE_VISIT_BEFORE_K1,0,1,,,False,,,OPPOSITE_VISIT_BEFORE_K1,2024-02-18 00:05:00+00:00,
120,02:00,5,2024-02-19,Monday,2024-02-18 19:00:00+00:00,2024-02-19 00:00:00+00:00,2024-02-19 00:00:00+00:00,2024-02-19 04:00:00+00:00,353.5,349.32,4.180000000000007,False,OPPOSITE_VISIT_BEFORE_K1,0,1,,,False,,,OPPOSITE_VISIT_BEFORE_K1,2024-02-19 00:00:00+00:00,
120,02:00,5,2024-02-20,Tuesday,2024-02-19 19:00:00+00:00,2024-02-20 00:00:00+00:00,2024-02-20 00:00:00+00:00,2024-02-20 04:00:00+00:00,355.0,351.31,3.6899999999999977,False,BREAK_BEFORE_K1,0,0,,,False,,,BREAK_BEFORE_K1,2024-02-20 00:40:00+00:00,
120,02:00,5,2024-02-21,Wednesday,2024-02-20 19:00:00+00:00,2024-02-21 00:00:00+00:00,2024-02-21 00:00:00+00:00,2024-02-21 04:00:00+00:00,357.01,349.92,7.089999999999975,False,NO_K1,0,0,,,False,,,NO_K1,,
120,02:00,5,2024-02-22,Thursday,2024-02-21 19:00:00+00:00,2024-02-22 00:00:00+00:00,2024-02-22 00:00:00+00:00,2024-02-22 04:00:00+00:00,378.87,365.8,13.069999999999993,True,,1,0,2024-02-22 00:00:00+00:00,2024-02-22 00:05:00+00:00,True,2024-02-22 00:05:00+00:00,2024-02-22 00:10:00+00:00,H2_ARRIVAL,2024-02-22 00:10:00+00:00,5.0
120,02:00,5,2024-02-23,Friday,2024-02-22 19:00:00+00:00,2024-02-23 00:00:00+00:00,2024-02-23 00:00:00+00:00,2024-02-23 04:00:00+00:00,387.21,380.1,7.109999999999957,False,BREAK_BEFORE_K1,0,0,,,False,,,BREAK_BEFORE_K1,2024-02-23 02:55:00+00:00,
120,02:00,5,2024-02-24,Saturday,2024-02-23 19:00:00+00:00,2024-02-24 00:00:00+00:00,2024-02-24 00:00:00+00:00,2024-02-24 04:00:00+00:00,377.72,372.41,5.310000000000002,False,OPPOSITE_VISIT_BEFORE_K1,0,1,,,False,,,OPPOSITE_VISIT_BEFORE_K1,2024-02-24 01:45:00+00:00,
120,02:00,5,2024-02-25,Sunday,2024-02-24 19:00:00+00:00,2024-02-25 00:00:00+00:00,2024-02-25 00:00:00+00:00,2024-02-25 04:00:00+00:00,382.44,380.91,1.5299999999999727,False,BREAK_BEFORE_K1,0,0,,,False,,,BREAK_BEFORE_K1,2024-02-25 00:15:00+00:00,
120,02:00,5,2024-02-26,Monday,2024-02-25 19:00:00+00:00,2024-02-26 00:00:00+00:00,2024-02-26 00:00:00+00:00,2024-02-26 04:00:00+00:00,391.03,385.47,5.559999999999945,False,BREAK_BEFORE_K1,0,0,,,False,,,BREAK_BEFORE_K1,2024-02-26 01:40:00+00:00,
120,02:00,5,2024-02-27,Tuesday,2024-02-26 19:00:00+00:00,2024-02-27 00:00:00+00:00,2024-02-27 00:00:00+00:00,2024-02-27 04:00:00+00:00,405.0,395.13,9.870000000000005,False,NO_K1,0,0,,,False,,,NO_K1,,
120,02:00,5,2024-02-28,Wednesday,2024-02-27 19:00:00+00:00,2024-02-28 00:00:00+00:00,2024-02-28 00:00:00+00:00,2024-02-28 04:00:00+00:00,396.4,393.66,2.7399999999999523,False,BREAK_BEFORE_K1,0,0,,,False,,,BREAK_BEFORE_K1,2024-02-28 02:25:00+00:00,
120,02:00,5,2024-02-29,Thursday,2024-02-28 19:00:00+00:00,2024-02-29 00:00:00+00:00,2024-02-29 00:00:00+00:00,2024-02-29 04:00:00+00:00,416.11,404.7,11.410000000000025,False,BREAK_BEFORE_K1,0,0,,,False,,,BREAK_BEFORE_K1,2024-02-29 00:15:00+00:00,
120,02:00,5,2024-03-01,Friday,2024-02-29 19:00:00+00:00,2024-03-01 00:00:00+00:00,2024-03-01 00:00:00+00:00,2024-03-01 04:00:00+00:00,407.53,390.93,16.599999999999966,False,NO_K1,0,0,,,False,,,NO_K1,,
120,02:00,5,2024-03-02,Saturday,2024-03-01 19:00:00+00:00,2024-03-02 00:00:00+00:00,2024-03-02 00:00:00+00:00,2024-03-02 04:00:00+00:00,408.8,405.67,3.1299999999999955,True,,1,0,2024-03-02 00:20:00+00:00,2024-03-02 00:25:00+00:00,False,,,BREAK_DURING_K1,2024-03-02 00:25:00+00:00,
120,02:00,5,2024-03-03,Sunday,2024-03-02 19:00:00+00:00,2024-03-03 00:00:00+00:00,2024-03-03 00:00:00+00:00,2024-03-03 04:00:00+00:00,411.2,407.44,3.759999999999991,True,,1,0,2024-03-03 00:00:00+00:00,2024-03-03 00:05:00+00:00,True,2024-03-03 00:05:00+00:00,2024-03-03 00:10:00+00:00,H2_ARRIVAL,2024-03-03 00:15:00+00:00,10.0
120,02:00,5,2024-03-04,Monday,2024-03-03 19:00:00+00:00,2024-03-04 00:00:00+00:00,2024-03-04 00:00:00+00:00,2024-03-04 04:00:00+00:00,417.19,413.23,3.9599999999999795,False,BREAK_BEFORE_K1,0,0,,,False,,,BREAK_BEFORE_K1,2024-03-04 00:30:00+00:00,
120,02:00,5,2024-03-05,Tuesday,2024-03-04 19:00:00+00:00,2024-03-05 00:00:00+00:00,2024-03-05 00:00:00+00:00,2024-03-05 04:00:00+00:00,421.69,413.88,7.810000000000002,False,BREAK_BEFORE_K1,0,0,,,False,,,BREAK_BEFORE_K1,2024-03-05 00:15:00+00:00,
120,02:00,5,2024-03-06,Wednesday,2024-03-05 19:00:00+00:00,2024-03-06 00:00:00+00:00,2024-03-06 00:00:00+00:00,2024-03-06 04:00:00+00:00,405.56,352.01,53.55000000000001,False,NO_K1,0,0,,,False,,,NO_K1,,
120,02:00,5,2024-03-07,Thursday,2024-03-06 19:00:00+00:00,2024-03-07 00:00:00+00:00,2024-03-07 00:00:00+00:00,2024-03-07 04:00:00+00:00,429.75,423.55,6.199999999999989,False,BREAK_BEFORE_K1,0,0,,,False,,,BREAK_BEFORE_K1,2024-03-07 00:00:00+00:00,
120,02:00,5,2024-03-08,Friday,2024-03-07 19:00:00+00:00,2024-03-08 00:00:00+00:00,2024-03-08 00:00:00+00:00,2024-03-08 04:00:00+00:00,477.12,462.45,14.670000000000016,True,,1,0,2024-03-08 00:05:00+00:00,2024-03-08 00:10:00+00:00,True,2024-03-08 00:10:00+00:00,2024-03-08 00:15:00+00:00,NO_H2_BY_END,,
120,02:00,5,2024-03-09,Saturday,2024-03-08 19:00:00+00:00,2024-03-09 00:00:00+00:00,2024-03-09 00:00:00+00:00,2024-03-09 04:00:00+00:00,487.43,477.87,9.560000000000002,False,BREAK_BEFORE_K1,0,0,,,False,,,BREAK_BEFORE_K1,2024-03-09 00:00:00+00:00,
120,02:00,5,2024-03-10,Sunday,2024-03-09 19:00:00+00:00,2024-03-10 00:00:00+00:00,2024-03-10 00:00:00+00:00,2024-03-10 04:00:00+00:00,489.36,481.35,8.009999999999991,True,,1,0,2024-03-10 01:00:00+00:00,2024-03-10 01:05:00+00:00,True,2024-03-10 01:05:00+00:00,2024-03-10 01:10:00+00:00,H2_ARRIVAL,2024-03-10 01:10:00+00:00,5.0
120,02:00,5,2024-03-11,Monday,2024-03-10 19:00:00+00:00,2024-03-11 00:00:00+00:00,2024-03-11 00:00:00+00:00,2024-03-11 04:00:00+00:00,532.19,516.71,15.480000000000018,False,BREAK_BEFORE_K1,0,0,,,False,,,BREAK_BEFORE_K1,2024-03-11 00:50:00+00:00,
120,02:00,5,2024-03-12,Tuesday,2024-03-11 19:00:00+00:00,2024-03-12 00:00:00+00:00,2024-03-12 00:00:00+00:00,2024-03-12 04:00:00+00:00,524.14,517.38,6.759999999999991,False,BREAK_BEFORE_K1,0,0,,,False,,,BREAK_BEFORE_K1,2024-03-12 00:20:00+00:00,
120,02:00,5,2024-03-13,Wednesday,2024-03-12 19:00:00+00:00,2024-03-13 00:00:00+00:00,2024-03-13 00:00:00+00:00,2024-03-13 04:00:00+00:00,546.32,532.65,13.670000000000073,False,OPPOSITE_VISIT_BEFORE_K1,0,1,,,False,,,OPPOSITE_VISIT_BEFORE_K1,2024-03-13 01:00:00+00:00,
120,02:00,5,2024-03-14,Thursday,2024-03-13 19:00:00+00:00,2024-03-14 00:00:00+00:00,2024-03-14 00:00:00+00:00,2024-03-14 04:00:00+00:00,634.68,592.03,42.64999999999998,False,NO_K1,0,0,,,False,,,NO_K1,,
120,02:00,5,2024-03-15,Friday,2024-03-14 19:00:00+00:00,2024-03-15 00:00:00+00:00,2024-03-15 00:00:00+00:00,2024-03-15 04:00:00+00:00,609.72,565.55,44.17000000000007,True,,1,0,2024-03-15 00:20:00+00:00,2024-03-15 00:25:00+00:00,False,,,BREAK_DURING_K1,2024-03-15 00:30:00+00:00,
120,02:00,5,2024-03-16,Saturday,2024-03-15 19:00:00+00:00,2024-03-16 00:00:00+00:00,2024-03-16 00:00:00+00:00,2024-03-16 04:00:00+00:00,636.12,582.1,54.01999999999998,False,BREAK_BEFORE_K1,0,0,,,False,,,BREAK_BEFORE_K1,2024-03-16 00:00:00+00:00,
120,02:00,5,2024-03-17,Sunday,2024-03-16 19:00:00+00:00,2024-03-17 00:00:00+00:00,2024-03-17 00:00:00+00:00,2024-03-17 04:00:00+00:00,592.24,567.06,25.180000000000064,False,NO_K1,0,0,,,False,,,NO_K1,,
120,02:00,5,2024-03-18,Monday,2024-03-17 19:00:00+00:00,2024-03-18 00:00:00+00:00,2024-03-18 00:00:00+00:00,2024-03-18 04:00:00+00:00,584.2,563.37,20.83000000000004,False,BREAK_BEFORE_K1,0,0,,,False,,,BREAK_BEFORE_K1,2024-03-18 00:35:00+00:00,
120,02:00,5,2024-03-19,Tuesday,2024-03-18 19:00:00+00:00,2024-03-19 00:00:00+00:00,2024-03-19 00:00:00+00:00,2024-03-19 04:00:00+00:00,558.32,545.39,12.930000000000064,False,BREAK_BEFORE_K1,0,0,,,False,,,BREAK_BEFORE_K1,2024-03-19 00:15:00+00:00,
120,02:00,5,2024-03-20,Wednesday,2024-03-19 19:00:00+00:00,2024-03-20 00:00:00+00:00,2024-03-20 00:00:00+00:00,2024-03-20 04:00:00+00:00,536.78,501.6,35.17999999999995,False,NO_K1,0,0,,,False,,,NO_K1,,
120,02:00,5,2024-03-21,Thursday,2024-03-20 19:00:00+00:00,2024-03-21 00:00:00+00:00,2024-03-21 00:00:00+00:00,2024-03-21 04:00:00+00:00,559.47,534.95,24.519999999999982,False,BREAK_BEFORE_K1,0,0,,,False,,,BREAK_BEFORE_K1,2024-03-21 02:40:00+00:00,
120,02:00,5,2024-03-22,Friday,2024-03-21 19:00:00+00:00,2024-03-22 00:00:00+00:00,2024-03-22 00:00:00+00:00,2024-03-22 04:00:00+00:00,558.75,546.74,12.009999999999991,False,BREAK_BEFORE_K1,0,0,,,False,,,BREAK_BEFORE_K1,2024-03-22 00:15:00+00:00,
120,02:00,5,2024-03-23,Saturday,2024-03-22 19:00:00+00:00,2024-03-23 00:00:00+00:00,2024-03-23 00:00:00+00:00,2024-03-23 04:00:00+00:00,554.88,534.5,20.379999999999995,False,BREAK_BEFORE_K1,0,0,,,False,,,BREAK_BEFORE_K1,2024-03-23 01:10:00+00:00,
120,02:00,5,2024-03-24,Sunday,2024-03-23 19:00:00+00:00,2024-03-24 00:00:00+00:00,2024-03-24 00:00:00+00:00,2024-03-24 04:00:00+00:00,562.9,550.91,11.990000000000009,False,NO_K1,0,0,,,False,,,NO_K1,,
120,02:00,5,2024-03-25,Monday,2024-03-24 19:00:00+00:00,2024-03-25 00:00:00+00:00,2024-03-25 00:00:00+00:00,2024-03-25 04:00:00+00:00,573.78,562.73,11.049999999999955,False,BREAK_BEFORE_K1,0,0,,,False,,,BREAK_BEFORE_K1,2024-03-25 02:30:00+00:00,
120,02:00,5,2024-03-26,Tuesday,2024-03-25 19:00:00+00:00,2024-03-26 00:00:00+00:00,2024-03-26 00:00:00+00:00,2024-03-26 04:00:00+00:00,596.18,585.06,11.120000000000005,False,NO_K1,0,0,,,False,,,NO_K1,,
120,02:00,5,2024-03-27,Wednesday,2024-03-26 19:00:00+00:00,2024-03-27 00:00:00+00:00,2024-03-27 00:00:00+00:00,2024-03-27 04:00:00+00:00,581.8,573.54,8.259999999999991,True,,1,0,2024-03-27 00:20:00+00:00,2024-03-27 00:25:00+00:00,False,,,BREAK_DURING_K1,2024-03-27 00:30:00+00:00,
120,02:00,5,2024-03-28,Thursday,2024-03-27 19:00:00+00:00,2024-03-28 00:00:00+00:00,2024-03-28 00:00:00+00:00,2024-03-28 04:00:00+00:00,576.57,566.23,10.340000000000032,False,BREAK_BEFORE_K1,0,0,,,False,,,BREAK_BEFORE_K1,2024-03-28 00:05:00+00:00,
120,02:00,5,2024-03-29,Friday,2024-03-28 19:00:00+00:00,2024-03-29 00:00:00+00:00,2024-03-29 00:00:00+00:00,2024-03-29 04:00:00+00:00,586.48,580.03,6.4500000000000455,True,,1,0,2024-03-29 01:15:00+00:00,2024-03-29 01:20:00+00:00,False,,,BREAK_DURING_K1,2024-03-29 01:20:00+00:00,
120,02:00,5,2024-03-30,Saturday,2024-03-29 19:00:00+00:00,2024-03-30 00:00:00+00:00,2024-03-30 00:00:00+00:00,2024-03-30 04:00:00+00:00,618.41,609.39,9.019999999999982,False,OPPOSITE_VISIT_BEFORE_K1,0,1,,,False,,,OPPOSITE_VISIT_BEFORE_K1,2024-03-30 00:00:00+00:00,
120,02:00,5,2024-03-31,Sunday,2024-03-30 19:00:00+00:00,2024-03-31 00:00:00+00:00,2024-03-31 00:00:00+00:00,2024-03-31 04:00:00+00:00,608.6,599.0,9.600000000000023,False,NO_K1,0,0,,,False,,,NO_K1,,
120,02:00,5,2024-04-01,Monday,2024-03-31 19:00:00+00:00,2024-04-01 00:00:00+00:00,2024-04-01 00:00:00+00:00,2024-04-01 04:00:00+00:00,608.12,603.34,4.779999999999973,False,BREAK_BEFORE_K1,0,0,,,False,,,BREAK_BEFORE_K1,2024-04-01 01:35:00+00:00,
120,02:00,5,2024-04-02,Tuesday,2024-04-01 19:00:00+00:00,2024-04-02 00:00:00+00:00,2024-04-02 00:00:00+00:00,2024-04-02 04:00:00+00:00,581.79,574.45,7.339999999999918,False,OPPOSITE_VISIT_BEFORE_K1,0,1,,,False,,,OPPOSITE_VISIT_BEFORE_K1,2024-04-02 00:30:00+00:00,
120,02:00,5,2024-04-03,Wednesday,2024-04-02 19:00:00+00:00,2024-04-03 00:00:00+00:00,2024-04-03 00:00:00+00:00,2024-04-03 04:00:00+00:00,560.42,550.5,9.919999999999959,False,BREAK_BEFORE_K1,0,0,,,False,,,BREAK_BEFORE_K1,2024-04-03 00:10:00+00:00,
120,02:00,5,2024-04-04,Thursday,2024-04-03 19:00:00+00:00,2024-04-04 00:00:00+00:00,2024-04-04 00:00:00+00:00,2024-04-04 04:00:00+00:00,565.65,552.28,13.370000000000005,True,,1,0,2024-04-04 00:10:00+00:00,2024-04-04 00:15:00+00:00,False,,,BREAK_DURING_K1,2024-04-04 00:25:00+00:00,
120,02:00,5,2024-04-05,Friday,2024-04-04 19:00:00+00:00,2024-04-05 00:00:00+00:00,2024-04-05 00:00:00+00:00,2024-04-05 04:00:00+00:00,595.38,578.9,16.480000000000018,False,BREAK_BEFORE_K1,0,0,,,False,,,BREAK_BEFORE_K1,2024-04-05 02:20:00+00:00,
120,02:00,5,2024-04-06,Saturday,2024-04-05 19:00:00+00:00,2024-04-06 00:00:00+00:00,2024-04-06 00:00:00+00:00,2024-04-06 04:00:00+00:00,583.78,577.32,6.459999999999923,False,BREAK_BEFORE_K1,0,0,,,False,,,BREAK_BEFORE_K1,2024-04-06 00:00:00+00:00,
120,02:00,5,2024-04-07,Sunday,2024-04-06 19:00:00+00:00,2024-04-07 00:00:00+00:00,2024-04-07 00:00:00+00:00,2024-04-07 04:00:00+00:00,590.87,582.32,8.549999999999955,False,NO_K1,0,0,,,False,,,NO_K1,,
120,02:00,5,2024-04-08,Monday,2024-04-07 19:00:00+00:00,2024-04-08 00:00:00+00:00,2024-04-08 00:00:00+00:00,2024-04-08 04:00:00+00:00,584.66,577.44,7.219999999999914,False,OPPOSITE_VISIT_BEFORE_K1,0,1,,,False,,,OPPOSITE_VISIT_BEFORE_K1,2024-04-08 02:50:00+00:00,
120,02:00,5,2024-04-09,Tuesday,2024-04-08 19:00:00+00:00,2024-04-09 00:00:00+00:00,2024-04-09 00:00:00+00:00,2024-04-09 04:00:00+00:00,591.32,586.68,4.6400000000001,False,OPPOSITE_VISIT_BEFORE_K1,0,1,,,False,,,OPPOSITE_VISIT_BEFORE_K1,2024-04-09 00:00:00+00:00,
120,02:00,5,2024-04-10,Wednesday,2024-04-09 19:00:00+00:00,2024-04-10 00:00:00+00:00,2024-04-10 00:00:00+00:00,2024-04-10 04:00:00+00:00,583.83,578.67,5.160000000000082,False,BREAK_BEFORE_K1,0,0,,,False,,,BREAK_BEFORE_K1,2024-04-10 01:20:00+00:00,
120,02:00,5,2024-04-11,Thursday,2024-04-10 19:00:00+00:00,2024-04-11 00:00:00+00:00,2024-04-11 00:00:00+00:00,2024-04-11 04:00:00+00:00,610.78,603.33,7.449999999999932,False,BREAK_BEFORE_K1,0,0,,,False,,,BREAK_BEFORE_K1,2024-04-11 00:10:00+00:00,
120,02:00,5,2024-04-12,Friday,2024-04-11 19:00:00+00:00,2024-04-12 00:00:00+00:00,2024-04-12 00:00:00+00:00,2024-04-12 04:00:00+00:00,607.73,602.11,5.6200000000000045,False,BREAK_BEFORE_K1,0,0,,,False,,,BREAK_BEFORE_K1,2024-04-12 00:40:00+00:00,
120,02:00,5,2024-04-13,Saturday,2024-04-12 19:00:00+00:00,2024-04-13 00:00:00+00:00,2024-04-13 00:00:00+00:00,2024-04-13 04:00:00+00:00,598.4,579.5,18.899999999999977,False,BREAK_BEFORE_K1,0,0,,,False,,,BREAK_BEFORE_K1,2024-04-13 01:40:00+00:00,
120,02:00,5,2024-04-14,Sunday,2024-04-13 19:00:00+00:00,2024-04-14 00:00:00+00:00,2024-04-14 00:00:00+00:00,2024-04-14 04:00:00+00:00,582.0,489.0,93.0,False,NO_K1,0,0,,,False,,,NO_K1,,
120,02:00,5,2024-04-15,Monday,2024-04-14 19:00:00+00:00,2024-04-15 00:00:00+00:00,2024-04-15 00:00:00+00:00,2024-04-15 04:00:00+00:00,569.99,546.14,23.850000000000023,False,NO_K1,0,0,,,False,,,NO_K1,,
120,02:00,5,2024-04-16,Tuesday,2024-04-15 19:00:00+00:00,2024-04-16 00:00:00+00:00,2024-04-16 00:00:00+00:00,2024-04-16 04:00:00+00:00,558.32,543.62,14.700000000000045,False,BREAK_BEFORE_K1,0,0,,,False,,,BREAK_BEFORE_K1,2024-04-16 02:10:00+00:00,
120,02:00,5,2024-04-17,Wednesday,2024-04-16 19:00:00+00:00,2024-04-17 00:00:00+00:00,2024-04-17 00:00:00+00:00,2024-04-17 04:00:00+00:00,544.0,533.3,10.700000000000045,False,NO_K1,0,0,,,False,,,NO_K1,,
120,02:00,5,2024-04-18,Thursday,2024-04-17 19:00:00+00:00,2024-04-18 00:00:00+00:00,2024-04-18 00:00:00+00:00,2024-04-18 04:00:00+00:00,540.42,529.8,10.620000000000005,False,BREAK_BEFORE_K1,0,0,,,False,,,BREAK_BEFORE_K1,2024-04-18 00:20:00+00:00,
120,02:00,5,2024-04-19,Friday,2024-04-18 19:00:00+00:00,2024-04-19 00:00:00+00:00,2024-04-19 00:00:00+00:00,2024-04-19 04:00:00+00:00,553.01,547.56,5.4500000000000455,False,OPPOSITE_VISIT_BEFORE_K1,0,1,,,False,,,OPPOSITE_VISIT_BEFORE_K1,2024-04-19 00:15:00+00:00,
120,02:00,5,2024-04-20,Saturday,2024-04-19 19:00:00+00:00,2024-04-20 00:00:00+00:00,2024-04-20 00:00:00+00:00,2024-04-20 04:00:00+00:00,561.75,549.23,12.519999999999982,False,OPPOSITE_VISIT_BEFORE_K1,0,1,,,False,,,OPPOSITE_VISIT_BEFORE_K1,2024-04-20 01:00:00+00:00,
120,02:00,5,2024-04-21,Sunday,2024-04-20 19:00:00+00:00,2024-04-21 00:00:00+00:00,2024-04-21 00:00:00+00:00,2024-04-21 04:00:00+00:00,574.0,568.06,5.940000000000055,False,OPPOSITE_VISIT_BEFORE_K1,0,1,,,False,,,OPPOSITE_VISIT_BEFORE_K1,2024-04-21 00:00:00+00:00,
120,02:00,5,2024-04-22,Monday,2024-04-21 19:00:00+00:00,2024-04-22 00:00:00+00:00,2024-04-22 00:00:00+00:00,2024-04-22 04:00:00+00:00,581.51,573.43,8.080000000000041,False,BREAK_BEFORE_K1,0,0,,,False,,,BREAK_BEFORE_K1,2024-04-22 00:05:00+00:00,
120,02:00,5,2024-04-23,Tuesday,2024-04-22 19:00:00+00:00,2024-04-23 00:00:00+00:00,2024-04-23 00:00:00+00:00,2024-04-23 04:00:00+00:00,606.26,593.64,12.620000000000005,False,BREAK_BEFORE_K1,0,0,,,False,,,BREAK_BEFORE_K1,2024-04-23 00:05:00+00:00,
120,02:00,5,2024-04-24,Wednesday,2024-04-23 19:00:00+00:00,2024-04-24 00:00:00+00:00,2024-04-24 00:00:00+00:00,2024-04-24 04:00:00+00:00,609.5,604.48,5.019999999999982,False,BREAK_BEFORE_K1,0,0,,,False,,,BREAK_BEFORE_K1,2024-04-24 00:15:00+00:00,
120,02:00,5,2024-04-25,Thursday,2024-04-24 19:00:00+00:00,2024-04-25 00:00:00+00:00,2024-04-25 00:00:00+00:00,2024-04-25 04:00:00+00:00,612.7,592.29,20.410000000000082,False,NO_K1,0,0,,,False,,,NO_K1,,
120,02:00,5,2024-04-26,Friday,2024-04-25 19:00:00+00:00,2024-04-26 00:00:00+00:00,2024-04-26 00:00:00+00:00,2024-04-26 04:00:00+00:00,617.31,611.99,5.319999999999936,False,OPPOSITE_VISIT_BEFORE_K1,0,1,,,False,,,OPPOSITE_VISIT_BEFORE_K1,2024-04-26 00:15:00+00:00,
120,02:00,5,2024-04-27,Saturday,2024-04-26 19:00:00+00:00,2024-04-27 00:00:00+00:00,2024-04-27 00:00:00+00:00,2024-04-27 04:00:00+00:00,604.0,596.12,7.8799999999999955,False,BREAK_BEFORE_K1,0,0,,,False,,,BREAK_BEFORE_K1,2024-04-27 00:25:00+00:00,
120,02:00,5,2024-04-28,Sunday,2024-04-27 19:00:00+00:00,2024-04-28 00:00:00+00:00,2024-04-28 00:00:00+00:00,2024-04-28 04:00:00+00:00,596.56,591.88,4.67999999999995,False,BREAK_BEFORE_K1,0,0,,,False,,,BREAK_BEFORE_K1,2024-04-28 00:00:00+00:00,
120,02:00,5,2024-04-29,Monday,2024-04-28 19:00:00+00:00,2024-04-29 00:00:00+00:00,2024-04-29 00:00:00+00:00,2024-04-29 04:00:00+00:00,606.59,596.53,10.06000000000006,False,BREAK_BEFORE_K1,0,0,,,False,,,BREAK_BEFORE_K1,2024-04-29 02:35:00+00:00,
120,02:00,5,2024-04-30,Tuesday,2024-04-29 19:00:00+00:00,2024-04-30 00:00:00+00:00,2024-04-30 00:00:00+00:00,2024-04-30 04:00:00+00:00,596.46,588.31,8.150000000000091,False,BREAK_BEFORE_K1,0,0,,,False,,,BREAK_BEFORE_K1,2024-04-30 00:25:00+00:00,
120,02:00,5,2024-05-01,Wednesday,2024-04-30 19:00:00+00:00,2024-05-01 00:00:00+00:00,2024-05-01 00:00:00+00:00,2024-05-01 04:00:00+00:00,581.57,562.16,19.410000000000082,False,NO_K1,0,0,,,False,,,NO_K1,,
120,02:00,5,2024-05-02,Thursday,2024-05-01 19:00:00+00:00,2024-05-02 00:00:00+00:00,2024-05-02 00:00:00+00:00,2024-05-02 04:00:00+00:00,564.03,547.34,16.68999999999994,False,BREAK_BEFORE_K1,0,0,,,False,,,BREAK_BEFORE_K1,2024-05-02 01:50:00+00:00,
120,02:00,5,2024-05-03,Friday,2024-05-02 19:00:00+00:00,2024-05-03 00:00:00+00:00,2024-05-03 00:00:00+00:00,2024-05-03 04:00:00+00:00,564.09,557.91,6.180000000000064,False,BREAK_BEFORE_K1,0,0,,,False,,,BREAK_BEFORE_K1,2024-05-03 01:20:00+00:00,
120,02:00,5,2024-05-04,Saturday,2024-05-03 19:00:00+00:00,2024-05-04 00:00:00+00:00,2024-05-04 00:00:00+00:00,2024-05-04 04:00:00+00:00,589.83,577.46,12.370000000000005,False,NO_K1,0,0,,,False,,,NO_K1,,
120,02:00,5,2024-05-05,Sunday,2024-05-04 19:00:00+00:00,2024-05-05 00:00:00+00:00,2024-05-05 00:00:00+00:00,2024-05-05 04:00:00+00:00,591.37,582.71,8.659999999999968,False,OPPOSITE_VISIT_BEFORE_K1,0,1,,,False,,,OPPOSITE_VISIT_BEFORE_K1,2024-05-05 00:35:00+00:00,
120,02:00,5,2024-05-06,Monday,2024-05-05 19:00:00+00:00,2024-05-06 00:00:00+00:00,2024-05-06 00:00:00+00:00,2024-05-06 04:00:00+00:00,593.76,588.01,5.75,False,BREAK_BEFORE_K1,0,0,,,False,,,BREAK_BEFORE_K1,2024-05-06 00:55:00+00:00,
120,02:00,5,2024-05-07,Tuesday,2024-05-06 19:00:00+00:00,2024-05-07 00:00:00+00:00,2024-05-07 00:00:00+00:00,2024-05-07 04:00:00+00:00,593.3,585.21,8.089999999999918,False,BREAK_BEFORE_K1,0,0,,,False,,,BREAK_BEFORE_K1,2024-05-07 02:25:00+00:00,
120,02:00,5,2024-05-08,Wednesday,2024-05-07 19:00:00+00:00,2024-05-08 00:00:00+00:00,2024-05-08 00:00:00+00:00,2024-05-08 04:00:00+00:00,589.63,575.33,14.299999999999955,False,OPPOSITE_VISIT_BEFORE_K1,0,1,,,False,,,OPPOSITE_VISIT_BEFORE_K1,2024-05-08 00:00:00+00:00,
120,02:00,5,2024-05-09,Thursday,2024-05-08 19:00:00+00:00,2024-05-09 00:00:00+00:00,2024-05-09 00:00:00+00:00,2024-05-09 04:00:00+00:00,589.88,579.06,10.82000000000005,False,BREAK_BEFORE_K1,0,0,,,False,,,BREAK_BEFORE_K1,2024-05-09 00:05:00+00:00,
120,02:00,5,2024-05-10,Friday,2024-05-09 19:00:00+00:00,2024-05-10 00:00:00+00:00,2024-05-10 00:00:00+00:00,2024-05-10 04:00:00+00:00,599.62,593.57,6.0499999999999545,False,OPPOSITE_VISIT_BEFORE_K1,0,1,,,False,,,OPPOSITE_VISIT_BEFORE_K1,2024-05-10 01:10:00+00:00,
120,02:00,5,2024-05-11,Saturday,2024-05-10 19:00:00+00:00,2024-05-11 00:00:00+00:00,2024-05-11 00:00:00+00:00,2024-05-11 04:00:00+00:00,587.74,583.14,4.600000000000023,False,BREAK_BEFORE_K1,0,0,,,False,,,BREAK_BEFORE_K1,2024-05-11 01:05:00+00:00,
120,02:00,5,2024-05-12,Sunday,2024-05-11 19:00:00+00:00,2024-05-12 00:00:00+00:00,2024-05-12 00:00:00+00:00,2024-05-12 04:00:00+00:00,594.43,591.01,3.419999999999959,False,BREAK_BEFORE_K1,0,0,,,False,,,BREAK_BEFORE_K1,2024-05-12 01:50:00+00:00,
120,02:00,5,2024-05-13,Monday,2024-05-12 19:00:00+00:00,2024-05-13 00:00:00+00:00,2024-05-13 00:00:00+00:00,2024-05-13 04:00:00+00:00,598.0,592.69,5.309999999999945,False,OPPOSITE_VISIT_BEFORE_K1,0,1,,,False,,,OPPOSITE_VISIT_BEFORE_K1,2024-05-13 01:15:00+00:00,
120,02:00,5,2024-05-14,Tuesday,2024-05-13 19:00:00+00:00,2024-05-14 00:00:00+00:00,2024-05-14 00:00:00+00:00,2024-05-14 04:00:00+00:00,595.2,590.75,4.4500000000000455,False,OPPOSITE_VISIT_BEFORE_K1,0,1,,,False,,,OPPOSITE_VISIT_BEFORE_K1,2024-05-14 00:00:00+00:00,
120,02:00,5,2024-05-15,Wednesday,2024-05-14 19:00:00+00:00,2024-05-15 00:00:00+00:00,2024-05-15 00:00:00+00:00,2024-05-15 04:00:00+00:00,568.85,563.32,5.529999999999973,False,BREAK_BEFORE_K1,0,0,,,False,,,BREAK_BEFORE_K1,2024-05-15 00:40:00+00:00,
120,02:00,5,2024-05-16,Thursday,2024-05-15 19:00:00+00:00,2024-05-16 00:00:00+00:00,2024-05-16 00:00:00+00:00,2024-05-16 04:00:00+00:00,586.4,580.05,6.350000000000023,False,NO_K1,0,0,,,False,,,NO_K1,,
120,02:00,5,2024-05-17,Friday,2024-05-16 19:00:00+00:00,2024-05-17 00:00:00+00:00,2024-05-17 00:00:00+00:00,2024-05-17 04:00:00+00:00,569.77,566.05,3.7200000000000273,False,BREAK_BEFORE_K1,0,0,,,False,,,BREAK_BEFORE_K1,2024-05-17 00:15:00+00:00,
120,02:00,5,2024-05-18,Saturday,2024-05-17 19:00:00+00:00,2024-05-18 00:00:00+00:00,2024-05-18 00:00:00+00:00,2024-05-18 04:00:00+00:00,580.83,578.06,2.7700000000000955,False,BREAK_BEFORE_K1,0,0,,,False,,,BREAK_BEFORE_K1,2024-05-18 01:15:00+00:00,
120,02:00,5,2024-05-19,Sunday,2024-05-18 19:00:00+00:00,2024-05-19 00:00:00+00:00,2024-05-19 00:00:00+00:00,2024-05-19 04:00:00+00:00,580.45,576.5,3.9500000000000455,True,,1,0,2024-05-19 00:00:00+00:00,2024-05-19 00:05:00+00:00,True,2024-05-19 00:05:00+00:00,2024-05-19 00:10:00+00:00,H2_ARRIVAL,2024-05-19 00:10:00+00:00,5.0
120,02:00,5,2024-05-20,Monday,2024-05-19 19:00:00+00:00,2024-05-20 00:00:00+00:00,2024-05-20 00:00:00+00:00,2024-05-20 04:00:00+00:00,575.92,571.0,4.919999999999959,False,OPPOSITE_VISIT_BEFORE_K1,0,1,,,False,,,OPPOSITE_VISIT_BEFORE_K1,2024-05-20 01:30:00+00:00,
120,02:00,5,2024-05-21,Tuesday,2024-05-20 19:00:00+00:00,2024-05-21 00:00:00+00:00,2024-05-21 00:00:00+00:00,2024-05-21 04:00:00+00:00,602.25,577.35,24.899999999999977,False,BREAK_BEFORE_K1,0,0,,,False,,,BREAK_BEFORE_K1,2024-05-21 00:10:00+00:00,
120,02:00,5,2024-05-22,Wednesday,2024-05-21 19:00:00+00:00,2024-05-22 00:00:00+00:00,2024-05-22 00:00:00+00:00,2024-05-22 04:00:00+00:00,620.41,608.01,12.399999999999977,True,,1,0,2024-05-22 00:20:00+00:00,2024-05-22 00:25:00+00:00,False,,,BREAK_DURING_K1,2024-05-22 00:25:00+00:00,
120,02:00,5,2024-05-23,Thursday,2024-05-22 19:00:00+00:00,2024-05-23 00:00:00+00:00,2024-05-23 00:00:00+00:00,2024-05-23 04:00:00+00:00,617.24,611.54,5.7000000000000455,False,BREAK_BEFORE_K1,0,0,,,False,,,BREAK_BEFORE_K1,2024-05-23 00:35:00+00:00,
120,02:00,5,2024-05-24,Friday,2024-05-23 19:00:00+00:00,2024-05-24 00:00:00+00:00,2024-05-24 00:00:00+00:00,2024-05-24 04:00:00+00:00,601.62,577.73,23.889999999999986,True,,1,0,2024-05-24 00:35:00+00:00,2024-05-24 00:40:00+00:00,False,,,BREAK_DURING_K1,2024-05-24 00:40:00+00:00,
120,02:00,5,2024-05-25,Saturday,2024-05-24 19:00:00+00:00,2024-05-25 00:00:00+00:00,2024-05-25 00:00:00+00:00,2024-05-25 04:00:00+00:00,602.64,600.27,2.3700000000000045,False,BREAK_BEFORE_K1,0,0,,,False,,,BREAK_BEFORE_K1,2024-05-25 00:00:00+00:00,
120,02:00,5,2024-05-26,Sunday,2024-05-25 19:00:00+00:00,2024-05-26 00:00:00+00:00,2024-05-26 00:00:00+00:00,2024-05-26 04:00:00+00:00,603.18,600.7,2.4799999999999045,False,BREAK_BEFORE_K1,0,0,,,False,,,BREAK_BEFORE_K1,2024-05-26 02:20:00+00:00,
120,02:00,5,2024-05-27,Monday,2024-05-26 19:00:00+00:00,2024-05-27 00:00:00+00:00,2024-05-27 00:00:00+00:00,2024-05-27 04:00:00+00:00,602.09,598.2,3.8899999999999864,False,BREAK_BEFORE_K1,0,0,,,False,,,BREAK_BEFORE_K1,2024-05-27 01:35:00+00:00,
120,02:00,5,2024-05-28,Tuesday,2024-05-27 19:00:00+00:00,2024-05-28 00:00:00+00:00,2024-05-28 00:00:00+00:00,2024-05-28 04:00:00+00:00,610.16,600.77,9.389999999999986,False,OPPOSITE_VISIT_BEFORE_K1,0,1,,,False,,,OPPOSITE_VISIT_BEFORE_K1,2024-05-28 01:50:00+00:00,
120,02:00,5,2024-05-29,Wednesday,2024-05-28 19:00:00+00:00,2024-05-29 00:00:00+00:00,2024-05-29 00:00:00+00:00,2024-05-29 04:00:00+00:00,603.44,599.13,4.310000000000059,False,BREAK_BEFORE_K1,0,0,,,False,,,BREAK_BEFORE_K1,2024-05-29 02:25:00+00:00,
120,02:00,5,2024-05-30,Thursday,2024-05-29 19:00:00+00:00,2024-05-30 00:00:00+00:00,2024-05-30 00:00:00+00:00,2024-05-30 04:00:00+00:00,597.62,593.86,3.759999999999991,True,,1,0,2024-05-30 02:15:00+00:00,2024-05-30 02:20:00+00:00,False,,,BREAK_DURING_K1,2024-05-30 02:20:00+00:00,
120,02:00,5,2024-05-31,Friday,2024-05-30 19:00:00+00:00,2024-05-31 00:00:00+00:00,2024-05-31 00:00:00+00:00,2024-05-31 04:00:00+00:00,600.47,591.51,8.960000000000036,False,NO_K1,0,0,,,False,,,NO_K1,,
120,02:00,5,2024-06-01,Saturday,2024-05-31 19:00:00+00:00,2024-06-01 00:00:00+00:00,2024-06-01 00:00:00+00:00,2024-06-01 04:00:00+00:00,596.34,593.07,3.269999999999982,False,NO_K1,0,0,,,False,,,NO_K1,,
120,02:00,5,2024-06-02,Sunday,2024-06-01 19:00:00+00:00,2024-06-02 00:00:00+00:00,2024-06-02 00:00:00+00:00,2024-06-02 04:00:00+00:00,609.0,596.78,12.220000000000027,False,NO_K1,0,0,,,False,,,NO_K1,,
120,02:00,5,2024-06-03,Monday,2024-06-02 19:00:00+00:00,2024-06-03 00:00:00+00:00,2024-06-03 00:00:00+00:00,2024-06-03 04:00:00+00:00,604.52,597.62,6.899999999999977,False,BREAK_BEFORE_K1,0,0,,,False,,,BREAK_BEFORE_K1,2024-06-03 00:50:00+00:00,
120,02:00,5,2024-06-04,Tuesday,2024-06-03 19:00:00+00:00,2024-06-04 00:00:00+00:00,2024-06-04 00:00:00+00:00,2024-06-04 04:00:00+00:00,629.66,623.02,6.639999999999986,False,BREAK_BEFORE_K1,0,0,,,False,,,BREAK_BEFORE_K1,2024-06-04 00:50:00+00:00,
120,02:00,5,2024-06-05,Wednesday,2024-06-04 19:00:00+00:00,2024-06-05 00:00:00+00:00,2024-06-05 00:00:00+00:00,2024-06-05 04:00:00+00:00,689.75,665.03,24.720000000000027,True,,1,0,2024-06-05 00:00:00+00:00,2024-06-05 00:05:00+00:00,True,2024-06-05 00:05:00+00:00,2024-06-05 00:10:00+00:00,H2_ARRIVAL,2024-06-05 00:15:00+00:00,10.0
120,02:00,5,2024-06-06,Thursday,2024-06-05 19:00:00+00:00,2024-06-06 00:00:00+00:00,2024-06-06 00:00:00+00:00,2024-06-06 04:00:00+00:00,700.0,688.35,11.649999999999977,False,BREAK_BEFORE_K1,0,0,,,False,,,BREAK_BEFORE_K1,2024-06-06 00:00:00+00:00,
120,02:00,5,2024-06-07,Friday,2024-06-06 19:00:00+00:00,2024-06-07 00:00:00+00:00,2024-06-07 00:00:00+00:00,2024-06-07 04:00:00+00:00,712.14,700.37,11.769999999999982,True,,1,0,2024-06-07 00:00:00+00:00,2024-06-07 00:05:00+00:00,True,2024-06-07 00:05:00+00:00,2024-06-07 00:10:00+00:00,NO_H2_BY_END,,
120,02:00,5,2024-06-08,Saturday,2024-06-07 19:00:00+00:00,2024-06-08 00:00:00+00:00,2024-06-08 00:00:00+00:00,2024-06-08 04:00:00+00:00,685.8,675.78,10.019999999999982,False,NO_K1,0,0,,,False,,,NO_K1,,
120,02:00,5,2024-06-09,Sunday,2024-06-08 19:00:00+00:00,2024-06-09 00:00:00+00:00,2024-06-09 00:00:00+00:00,2024-06-09 04:00:00+00:00,687.6,681.24,6.360000000000014,False,BREAK_BEFORE_K1,0,0,,,False,,,BREAK_BEFORE_K1,2024-06-09 00:55:00+00:00,
120,02:00,5,2024-06-10,Monday,2024-06-09 19:00:00+00:00,2024-06-10 00:00:00+00:00,2024-06-10 00:00:00+00:00,2024-06-10 04:00:00+00:00,678.68,670.15,8.529999999999973,False,BREAK_BEFORE_K1,0,0,,,False,,,BREAK_BEFORE_K1,2024-06-10 03:45:00+00:00,
120,02:00,5,2024-06-11,Tuesday,2024-06-10 19:00:00+00:00,2024-06-11 00:00:00+00:00,2024-06-11 00:00:00+00:00,2024-06-11 04:00:00+00:00,652.26,613.48,38.77999999999997,False,NO_K1,0,0,,,False,,,NO_K1,,
120,02:00,5,2024-06-12,Wednesday,2024-06-11 19:00:00+00:00,2024-06-12 00:00:00+00:00,2024-06-12 00:00:00+00:00,2024-06-12 04:00:00+00:00,609.9,598.61,11.289999999999964,False,OPPOSITE_VISIT_BEFORE_K1,0,1,,,False,,,OPPOSITE_VISIT_BEFORE_K1,2024-06-12 00:50:00+00:00,
120,02:00,5,2024-06-13,Thursday,2024-06-12 19:00:00+00:00,2024-06-13 00:00:00+00:00,2024-06-13 00:00:00+00:00,2024-06-13 04:00:00+00:00,625.75,609.5,16.25,False,BREAK_BEFORE_K1,0,0,,,False,,,BREAK_BEFORE_K1,2024-06-13 02:05:00+00:00,
120,02:00,5,2024-06-14,Friday,2024-06-13 19:00:00+00:00,2024-06-14 00:00:00+00:00,2024-06-14 00:00:00+00:00,2024-06-14 04:00:00+00:00,605.72,597.0,8.720000000000027,False,OPPOSITE_VISIT_BEFORE_K1,0,1,,,False,,,OPPOSITE_VISIT_BEFORE_K1,2024-06-14 00:20:00+00:00,
120,02:00,5,2024-06-15,Saturday,2024-06-14 19:00:00+00:00,2024-06-15 00:00:00+00:00,2024-06-15 00:00:00+00:00,2024-06-15 04:00:00+00:00,604.99,593.68,11.31000000000006,False,BREAK_BEFORE_K1,0,0,,,False,,,BREAK_BEFORE_K1,2024-06-15 00:40:00+00:00,
120,02:00,5,2024-06-16,Sunday,2024-06-15 19:00:00+00:00,2024-06-16 00:00:00+00:00,2024-06-16 00:00:00+00:00,2024-06-16 04:00:00+00:00,609.27,604.02,5.25,False,OPPOSITE_VISIT_BEFORE_K1,0,1,,,False,,,OPPOSITE_VISIT_BEFORE_K1,2024-06-16 01:00:00+00:00,
120,02:00,5,2024-06-17,Monday,2024-06-16 19:00:00+00:00,2024-06-17 00:00:00+00:00,2024-06-17 00:00:00+00:00,2024-06-17 04:00:00+00:00,611.92,607.74,4.17999999999995,False,BREAK_BEFORE_K1,0,0,,,False,,,BREAK_BEFORE_K1,2024-06-17 00:35:00+00:00,
120,02:00,5,2024-06-18,Tuesday,2024-06-17 19:00:00+00:00,2024-06-18 00:00:00+00:00,2024-06-18 00:00:00+00:00,2024-06-18 04:00:00+00:00,610.19,603.4,6.790000000000077,False,BREAK_BEFORE_K1,0,0,,,False,,,BREAK_BEFORE_K1,2024-06-18 00:05:00+00:00,
120,02:00,5,2024-06-19,Wednesday,2024-06-18 19:00:00+00:00,2024-06-19 00:00:00+00:00,2024-06-19 00:00:00+00:00,2024-06-19 04:00:00+00:00,589.89,575.67,14.220000000000027,True,,1,0,2024-06-19 00:50:00+00:00,2024-06-19 00:55:00+00:00,False,,,BREAK_DURING_K1,2024-06-19 00:55:00+00:00,
120,02:00,5,2024-06-20,Thursday,2024-06-19 19:00:00+00:00,2024-06-20 00:00:00+00:00,2024-06-20 00:00:00+00:00,2024-06-20 04:00:00+00:00,602.4,597.0,5.399999999999977,False,OPPOSITE_VISIT_BEFORE_K1,0,1,,,False,,,OPPOSITE_VISIT_BEFORE_K1,2024-06-20 00:00:00+00:00,
120,02:00,5,2024-06-21,Friday,2024-06-20 19:00:00+00:00,2024-06-21 00:00:00+00:00,2024-06-21 00:00:00+00:00,2024-06-21 04:00:00+00:00,593.86,584.01,9.850000000000023,False,OPPOSITE_VISIT_BEFORE_K1,0,1,,,False,,,OPPOSITE_VISIT_BEFORE_K1,2024-06-21 00:10:00+00:00,
120,02:00,5,2024-06-22,Saturday,2024-06-21 19:00:00+00:00,2024-06-22 00:00:00+00:00,2024-06-22 00:00:00+00:00,2024-06-22 04:00:00+00:00,587.68,583.71,3.9699999999999136,False,BREAK_BEFORE_K1,0,0,,,False,,,BREAK_BEFORE_K1,2024-06-22 00:25:00+00:00,
120,02:00,5,2024-06-23,Sunday,2024-06-22 19:00:00+00:00,2024-06-23 00:00:00+00:00,2024-06-23 00:00:00+00:00,2024-06-23 04:00:00+00:00,591.34,585.69,5.649999999999977,False,BREAK_BEFORE_K1,0,0,,,False,,,BREAK_BEFORE_K1,2024-06-23 00:05:00+00:00,
120,02:00,5,2024-06-24,Monday,2024-06-23 19:00:00+00:00,2024-06-24 00:00:00+00:00,2024-06-24 00:00:00+00:00,2024-06-24 04:00:00+00:00,585.78,575.52,10.259999999999991,False,BREAK_BEFORE_K1,0,0,,,False,,,BREAK_BEFORE_K1,2024-06-24 02:45:00+00:00,
120,02:00,5,2024-06-25,Tuesday,2024-06-24 19:00:00+00:00,2024-06-25 00:00:00+00:00,2024-06-25 00:00:00+00:00,2024-06-25 04:00:00+00:00,568.48,550.55,17.930000000000064,False,BREAK_BEFORE_K1,0,0,,,False,,,BREAK_BEFORE_K1,2024-06-25 00:15:00+00:00,
120,02:00,5,2024-06-26,Wednesday,2024-06-25 19:00:00+00:00,2024-06-26 00:00:00+00:00,2024-06-26 00:00:00+00:00,2024-06-26 04:00:00+00:00,579.93,575.1,4.829999999999927,False,BREAK_BEFORE_K1,0,0,,,False,,,BREAK_BEFORE_K1,2024-06-26 01:40:00+00:00,
120,02:00,5,2024-06-27,Thursday,2024-06-26 19:00:00+00:00,2024-06-27 00:00:00+00:00,2024-06-27 00:00:00+00:00,2024-06-27 04:00:00+00:00,576.0,570.01,5.990000000000009,True,,1,0,2024-06-27 03:20:00+00:00,2024-06-27 03:25:00+00:00,True,2024-06-27 03:25:00+00:00,2024-06-27 03:30:00+00:00,NO_H2_BY_END,,
120,02:00,5,2024-06-28,Friday,2024-06-27 19:00:00+00:00,2024-06-28 00:00:00+00:00,2024-06-28 00:00:00+00:00,2024-06-28 04:00:00+00:00,581.81,579.13,2.67999999999995,True,,1,0,2024-06-28 00:00:00+00:00,2024-06-28 00:05:00+00:00,True,2024-06-28 00:20:00+00:00,2024-06-28 00:25:00+00:00,OPPOSITE_BREAK_BEFORE_H2,2024-06-28 00:35:00+00:00,
120,02:00,5,2024-06-29,Saturday,2024-06-28 19:00:00+00:00,2024-06-29 00:00:00+00:00,2024-06-29 00:00:00+00:00,2024-06-29 04:00:00+00:00,572.69,566.01,6.680000000000064,True,,1,0,2024-06-29 02:00:00+00:00,2024-06-29 02:05:00+00:00,True,2024-06-29 02:05:00+00:00,2024-06-29 02:10:00+00:00,H2_ARRIVAL,2024-06-29 02:15:00+00:00,10.0
120,02:00,5,2024-06-30,Sunday,2024-06-29 19:00:00+00:00,2024-06-30 00:00:00+00:00,2024-06-30 00:00:00+00:00,2024-06-30 04:00:00+00:00,572.79,568.71,4.079999999999927,False,BREAK_BEFORE_K1,0,0,,,False,,,BREAK_BEFORE_K1,2024-06-30 00:35:00+00:00,
120,02:00,5,2024-07-01,Monday,2024-06-30 19:00:00+00:00,2024-07-01 00:00:00+00:00,2024-07-01 00:00:00+00:00,2024-07-01 04:00:00+00:00,585.3,578.01,7.289999999999964,True,,1,0,2024-07-01 01:05:00+00:00,2024-07-01 01:10:00+00:00,False,,,BREAK_DURING_K1,2024-07-01 01:10:00+00:00,
120,02:00,5,2024-07-02,Tuesday,2024-07-01 19:00:00+00:00,2024-07-02 00:00:00+00:00,2024-07-02 00:00:00+00:00,2024-07-02 04:00:00+00:00,583.39,576.65,6.740000000000009,False,BREAK_BEFORE_K1,0,0,,,False,,,BREAK_BEFORE_K1,2024-07-02 00:05:00+00:00,
120,02:00,5,2024-07-03,Wednesday,2024-07-02 19:00:00+00:00,2024-07-03 00:00:00+00:00,2024-07-03 00:00:00+00:00,2024-07-03 04:00:00+00:00,580.94,577.57,3.3700000000000045,False,BREAK_BEFORE_K1,0,0,,,False,,,BREAK_BEFORE_K1,2024-07-03 00:35:00+00:00,
120,02:00,5,2024-07-04,Thursday,2024-07-03 19:00:00+00:00,2024-07-04 00:00:00+00:00,2024-07-04 00:00:00+00:00,2024-07-04 04:00:00+00:00,558.3,550.05,8.25,True,,1,0,2024-07-04 00:40:00+00:00,2024-07-04 00:45:00+00:00,True,2024-07-04 00:45:00+00:00,2024-07-04 00:50:00+00:00,OPPOSITE_BREAK_BEFORE_H2,2024-07-04 01:30:00+00:00,
120,02:00,5,2024-07-05,Friday,2024-07-04 19:00:00+00:00,2024-07-05 00:00:00+00:00,2024-07-05 00:00:00+00:00,2024-07-05 04:00:00+00:00,529.53,512.02,17.50999999999999,False,BREAK_BEFORE_K1,0,0,,,False,,,BREAK_BEFORE_K1,2024-07-05 00:00:00+00:00,
120,02:00,5,2024-07-06,Saturday,2024-07-05 19:00:00+00:00,2024-07-06 00:00:00+00:00,2024-07-06 00:00:00+00:00,2024-07-06 04:00:00+00:00,499.49,493.78,5.710000000000036,False,BREAK_BEFORE_K1,0,0,,,False,,,BREAK_BEFORE_K1,2024-07-06 00:20:00+00:00,
120,02:00,5,2024-07-07,Sunday,2024-07-06 19:00:00+00:00,2024-07-07 00:00:00+00:00,2024-07-07 00:00:00+00:00,2024-07-07 04:00:00+00:00,530.8,523.6,7.199999999999932,False,OPPOSITE_VISIT_BEFORE_K1,0,1,,,False,,,OPPOSITE_VISIT_BEFORE_K1,2024-07-07 00:30:00+00:00,
120,02:00,5,2024-07-08,Monday,2024-07-07 19:00:00+00:00,2024-07-08 00:00:00+00:00,2024-07-08 00:00:00+00:00,2024-07-08 04:00:00+00:00,502.35,488.3,14.050000000000011,False,BREAK_BEFORE_K1,0,0,,,False,,,BREAK_BEFORE_K1,2024-07-08 00:05:00+00:00,
120,02:00,5,2024-07-09,Tuesday,2024-07-08 19:00:00+00:00,2024-07-09 00:00:00+00:00,2024-07-09 00:00:00+00:00,2024-07-09 04:00:00+00:00,512.8,505.13,7.669999999999959,False,BREAK_BEFORE_K1,0,0,,,False,,,BREAK_BEFORE_K1,2024-07-09 01:10:00+00:00,
120,02:00,5,2024-07-10,Wednesday,2024-07-09 19:00:00+00:00,2024-07-10 00:00:00+00:00,2024-07-10 00:00:00+00:00,2024-07-10 04:00:00+00:00,518.87,514.48,4.389999999999986,False,OPPOSITE_VISIT_BEFORE_K1,0,1,,,False,,,OPPOSITE_VISIT_BEFORE_K1,2024-07-10 00:15:00+00:00,
120,02:00,5,2024-07-11,Thursday,2024-07-10 19:00:00+00:00,2024-07-11 00:00:00+00:00,2024-07-11 00:00:00+00:00,2024-07-11 04:00:00+00:00,525.33,520.85,4.480000000000018,False,BREAK_BEFORE_K1,0,0,,,False,,,BREAK_BEFORE_K1,2024-07-11 01:35:00+00:00,
120,02:00,5,2024-07-12,Friday,2024-07-11 19:00:00+00:00,2024-07-12 00:00:00+00:00,2024-07-12 00:00:00+00:00,2024-07-12 04:00:00+00:00,529.31,522.68,6.6299999999999955,False,BREAK_BEFORE_K1,0,0,,,False,,,BREAK_BEFORE_K1,2024-07-12 00:40:00+00:00,
120,02:00,5,2024-07-13,Saturday,2024-07-12 19:00:00+00:00,2024-07-13 00:00:00+00:00,2024-07-13 00:00:00+00:00,2024-07-13 04:00:00+00:00,536.93,527.19,9.739999999999895,False,NO_K1,0,0,,,False,,,NO_K1,,
120,02:00,5,2024-07-14,Sunday,2024-07-13 19:00:00+00:00,2024-07-14 00:00:00+00:00,2024-07-14 00:00:00+00:00,2024-07-14 04:00:00+00:00,535.83,527.27,8.56000000000006,False,BREAK_BEFORE_K1,0,0,,,False,,,BREAK_BEFORE_K1,2024-07-14 01:30:00+00:00,
120,02:00,5,2024-07-15,Monday,2024-07-14 19:00:00+00:00,2024-07-15 00:00:00+00:00,2024-07-15 00:00:00+00:00,2024-07-15 04:00:00+00:00,547.66,535.95,11.709999999999923,True,,1,0,2024-07-15 00:30:00+00:00,2024-07-15 00:35:00+00:00,True,2024-07-15 00:40:00+00:00,2024-07-15 00:45:00+00:00,H2_ARRIVAL,2024-07-15 00:45:00+00:00,5.0
120,02:00,5,2024-07-16,Tuesday,2024-07-15 19:00:00+00:00,2024-07-16 00:00:00+00:00,2024-07-16 00:00:00+00:00,2024-07-16 04:00:00+00:00,586.66,575.4,11.259999999999991,False,BREAK_BEFORE_K1,0,0,,,False,,,BREAK_BEFORE_K1,2024-07-16 00:00:00+00:00,
120,02:00,5,2024-07-17,Wednesday,2024-07-16 19:00:00+00:00,2024-07-17 00:00:00+00:00,2024-07-17 00:00:00+00:00,2024-07-17 04:00:00+00:00,578.88,569.59,9.289999999999964,False,BREAK_BEFORE_K1,0,0,,,False,,,BREAK_BEFORE_K1,2024-07-17 00:40:00+00:00,
120,02:00,5,2024-07-18,Thursday,2024-07-17 19:00:00+00:00,2024-07-18 00:00:00+00:00,2024-07-18 00:00:00+00:00,2024-07-18 04:00:00+00:00,573.72,567.77,5.9500000000000455,False,BREAK_BEFORE_K1,0,0,,,False,,,BREAK_BEFORE_K1,2024-07-18 00:50:00+00:00,
120,02:00,5,2024-07-19,Friday,2024-07-18 19:00:00+00:00,2024-07-19 00:00:00+00:00,2024-07-19 00:00:00+00:00,2024-07-19 04:00:00+00:00,573.29,565.1,8.18999999999994,False,OPPOSITE_VISIT_BEFORE_K1,0,1,,,False,,,OPPOSITE_VISIT_BEFORE_K1,2024-07-19 01:15:00+00:00,
120,02:00,5,2024-07-20,Saturday,2024-07-19 19:00:00+00:00,2024-07-20 00:00:00+00:00,2024-07-20 00:00:00+00:00,2024-07-20 04:00:00+00:00,597.49,591.18,6.310000000000059,False,OPPOSITE_VISIT_BEFORE_K1,0,1,,,False,,,OPPOSITE_VISIT_BEFORE_K1,2024-07-20 00:20:00+00:00,
120,02:00,5,2024-07-21,Sunday,2024-07-20 19:00:00+00:00,2024-07-21 00:00:00+00:00,2024-07-21 00:00:00+00:00,2024-07-21 04:00:00+00:00,598.15,592.7,5.449999999999932,False,NO_K1,0,0,,,False,,,NO_K1,,
120,02:00,5,2024-07-22,Monday,2024-07-21 19:00:00+00:00,2024-07-22 00:00:00+00:00,2024-07-22 00:00:00+00:00,2024-07-22 04:00:00+00:00,603.97,590.69,13.279999999999973,True,,1,0,2024-07-22 00:00:00+00:00,2024-07-22 00:05:00+00:00,True,2024-07-22 00:20:00+00:00,2024-07-22 00:25:00+00:00,H2_ARRIVAL,2024-07-22 00:30:00+00:00,10.0
120,02:00,5,2024-07-23,Tuesday,2024-07-22 19:00:00+00:00,2024-07-23 00:00:00+00:00,2024-07-23 00:00:00+00:00,2024-07-23 04:00:00+00:00,596.72,585.76,10.960000000000036,False,NO_K1,0,0,,,False,,,NO_K1,,
120,02:00,5,2024-07-24,Wednesday,2024-07-23 19:00:00+00:00,2024-07-24 00:00:00+00:00,2024-07-24 00:00:00+00:00,2024-07-24 04:00:00+00:00,584.97,580.25,4.720000000000027,True,,1,0,2024-07-24 01:05:00+00:00,2024-07-24 01:10:00+00:00,True,2024-07-24 01:15:00+00:00,2024-07-24 01:20:00+00:00,H2_ARRIVAL,2024-07-24 01:20:00+00:00,5.0
120,02:00,5,2024-07-25,Thursday,2024-07-24 19:00:00+00:00,2024-07-25 00:00:00+00:00,2024-07-25 00:00:00+00:00,2024-07-25 04:00:00+00:00,582.21,570.0,12.210000000000036,False,BREAK_BEFORE_K1,0,0,,,False,,,BREAK_BEFORE_K1,2024-07-25 01:05:00+00:00,
120,02:00,5,2024-07-26,Friday,2024-07-25 19:00:00+00:00,2024-07-26 00:00:00+00:00,2024-07-26 00:00:00+00:00,2024-07-26 04:00:00+00:00,573.42,560.89,12.529999999999973,True,,1,0,2024-07-26 00:20:00+00:00,2024-07-26 00:25:00+00:00,True,2024-07-26 00:25:00+00:00,2024-07-26 00:30:00+00:00,H2_ARRIVAL,2024-07-26 00:45:00+00:00,20.0
120,02:00,5,2024-07-27,Saturday,2024-07-26 19:00:00+00:00,2024-07-27 00:00:00+00:00,2024-07-27 00:00:00+00:00,2024-07-27 04:00:00+00:00,583.1,578.76,4.340000000000032,False,OPPOSITE_VISIT_BEFORE_K1,0,1,,,False,,,OPPOSITE_VISIT_BEFORE_K1,2024-07-27 01:05:00+00:00,
120,02:00,5,2024-07-28,Sunday,2024-07-27 19:00:00+00:00,2024-07-28 00:00:00+00:00,2024-07-28 00:00:00+00:00,2024-07-28 04:00:00+00:00,585.83,573.04,12.790000000000077,False,NO_K1,0,0,,,False,,,NO_K1,,
120,02:00,5,2024-07-29,Monday,2024-07-28 19:00:00+00:00,2024-07-29 00:00:00+00:00,2024-07-29 00:00:00+00:00,2024-07-29 04:00:00+00:00,585.34,581.32,4.019999999999982,False,BREAK_BEFORE_K1,0,0,,,False,,,BREAK_BEFORE_K1,2024-07-29 00:05:00+00:00,
120,02:00,5,2024-07-30,Tuesday,2024-07-29 19:00:00+00:00,2024-07-30 00:00:00+00:00,2024-07-30 00:00:00+00:00,2024-07-30 04:00:00+00:00,580.66,574.0,6.659999999999968,False,BREAK_BEFORE_K1,0,0,,,False,,,BREAK_BEFORE_K1,2024-07-30 00:00:00+00:00,
120,02:00,5,2024-07-31,Wednesday,2024-07-30 19:00:00+00:00,2024-07-31 00:00:00+00:00,2024-07-31 00:00:00+00:00,2024-07-31 04:00:00+00:00,588.52,570.08,18.43999999999994,False,BREAK_BEFORE_K1,0,0,,,False,,,BREAK_BEFORE_K1,2024-07-31 00:00:00+00:00,
120,02:00,5,2024-08-01,Thursday,2024-07-31 19:00:00+00:00,2024-08-01 00:00:00+00:00,2024-08-01 00:00:00+00:00,2024-08-01 04:00:00+00:00,590.26,575.17,15.090000000000032,False,BREAK_BEFORE_K1,0,0,,,False,,,BREAK_BEFORE_K1,2024-08-01 00:45:00+00:00,
120,02:00,5,2024-08-02,Friday,2024-08-01 19:00:00+00:00,2024-08-02 00:00:00+00:00,2024-08-02 00:00:00+00:00,2024-08-02 04:00:00+00:00,577.9,556.04,21.860000000000014,True,,1,0,2024-08-02 00:15:00+00:00,2024-08-02 00:20:00+00:00,True,2024-08-02 00:20:00+00:00,2024-08-02 00:25:00+00:00,NO_H2_BY_END,,
120,02:00,5,2024-08-03,Saturday,2024-08-02 19:00:00+00:00,2024-08-03 00:00:00+00:00,2024-08-03 00:00:00+00:00,2024-08-03 04:00:00+00:00,558.33,540.71,17.620000000000005,False,BREAK_BEFORE_K1,0,0,,,False,,,BREAK_BEFORE_K1,2024-08-03 00:30:00+00:00,
120,02:00,5,2024-08-04,Sunday,2024-08-03 19:00:00+00:00,2024-08-04 00:00:00+00:00,2024-08-04 00:00:00+00:00,2024-08-04 04:00:00+00:00,530.69,521.36,9.330000000000041,False,BREAK_BEFORE_K1,0,0,,,False,,,BREAK_BEFORE_K1,2024-08-04 00:05:00+00:00,
120,02:00,5,2024-08-05,Monday,2024-08-04 19:00:00+00:00,2024-08-05 00:00:00+00:00,2024-08-05 00:00:00+00:00,2024-08-05 04:00:00+00:00,511.65,496.16,15.489999999999952,False,BREAK_BEFORE_K1,0,0,,,False,,,BREAK_BEFORE_K1,2024-08-05 00:05:00+00:00,
120,02:00,5,2024-08-06,Tuesday,2024-08-05 19:00:00+00:00,2024-08-06 00:00:00+00:00,2024-08-06 00:00:00+00:00,2024-08-06 04:00:00+00:00,471.45,450.74,20.70999999999998,False,BREAK_BEFORE_K1,0,0,,,False,,,BREAK_BEFORE_K1,2024-08-06 00:05:00+00:00,
120,02:00,5,2024-08-07,Wednesday,2024-08-06 19:00:00+00:00,2024-08-07 00:00:00+00:00,2024-08-07 00:00:00+00:00,2024-08-07 04:00:00+00:00,492.54,483.26,9.28000000000003,False,BREAK_BEFORE_K1,0,0,,,False,,,BREAK_BEFORE_K1,2024-08-07 00:00:00+00:00,
120,02:00,5,2024-08-08,Thursday,2024-08-07 19:00:00+00:00,2024-08-08 00:00:00+00:00,2024-08-08 00:00:00+00:00,2024-08-08 04:00:00+00:00,478.08,468.77,9.310000000000002,False,BREAK_BEFORE_K1,0,0,,,False,,,BREAK_BEFORE_K1,2024-08-08 00:35:00+00:00,
120,02:00,5,2024-08-09,Friday,2024-08-08 19:00:00+00:00,2024-08-09 00:00:00+00:00,2024-08-09 00:00:00+00:00,2024-08-09 04:00:00+00:00,521.74,501.63,20.110000000000014,False,NO_K1,0,0,,,False,,,NO_K1,,
120,02:00,5,2024-08-10,Saturday,2024-08-09 19:00:00+00:00,2024-08-10 00:00:00+00:00,2024-08-10 00:00:00+00:00,2024-08-10 04:00:00+00:00,509.94,504.27,5.670000000000016,False,BREAK_BEFORE_K1,0,0,,,False,,,BREAK_BEFORE_K1,2024-08-10 00:15:00+00:00,
120,02:00,5,2024-08-11,Sunday,2024-08-10 19:00:00+00:00,2024-08-11 00:00:00+00:00,2024-08-11 00:00:00+00:00,2024-08-11 04:00:00+00:00,525.02,521.5,3.519999999999982,True,,1,0,2024-08-11 00:15:00+00:00,2024-08-11 00:20:00+00:00,False,,,BREAK_DURING_K1,2024-08-11 00:20:00+00:00,
120,02:00,5,2024-08-12,Monday,2024-08-11 19:00:00+00:00,2024-08-12 00:00:00+00:00,2024-08-12 00:00:00+00:00,2024-08-12 04:00:00+00:00,519.17,502.3,16.869999999999948,False,OPPOSITE_VISIT_BEFORE_K1,0,1,,,False,,,OPPOSITE_VISIT_BEFORE_K1,2024-08-12 00:30:00+00:00,
120,02:00,5,2024-08-13,Tuesday,2024-08-12 19:00:00+00:00,2024-08-13 00:00:00+00:00,2024-08-13 00:00:00+00:00,2024-08-13 04:00:00+00:00,522.5,508.55,13.949999999999989,False,NO_K1,0,0,,,False,,,NO_K1,,
120,02:00,5,2024-08-14,Wednesday,2024-08-13 19:00:00+00:00,2024-08-14 00:00:00+00:00,2024-08-14 00:00:00+00:00,2024-08-14 04:00:00+00:00,526.0,518.8,7.2000000000000455,False,BREAK_BEFORE_K1,0,0,,,False,,,BREAK_BEFORE_K1,2024-08-14 00:55:00+00:00,
120,02:00,5,2024-08-15,Thursday,2024-08-14 19:00:00+00:00,2024-08-15 00:00:00+00:00,2024-08-15 00:00:00+00:00,2024-08-15 04:00:00+00:00,525.85,519.45,6.399999999999977,False,BREAK_BEFORE_K1,0,0,,,False,,,BREAK_BEFORE_K1,2024-08-15 00:35:00+00:00,
120,02:00,5,2024-08-16,Friday,2024-08-15 19:00:00+00:00,2024-08-16 00:00:00+00:00,2024-08-16 00:00:00+00:00,2024-08-16 04:00:00+00:00,521.96,509.88,12.080000000000041,False,NO_K1,0,0,,,False,,,NO_K1,,
120,02:00,5,2024-08-17,Saturday,2024-08-16 19:00:00+00:00,2024-08-17 00:00:00+00:00,2024-08-17 00:00:00+00:00,2024-08-17 04:00:00+00:00,522.96,518.23,4.730000000000018,False,OPPOSITE_VISIT_BEFORE_K1,0,1,,,False,,,OPPOSITE_VISIT_BEFORE_K1,2024-08-17 00:10:00+00:00,
120,02:00,5,2024-08-18,Sunday,2024-08-17 19:00:00+00:00,2024-08-18 00:00:00+00:00,2024-08-18 00:00:00+00:00,2024-08-18 04:00:00+00:00,547.9,538.17,9.730000000000018,False,BREAK_BEFORE_K1,0,0,,,False,,,BREAK_BEFORE_K1,2024-08-18 01:05:00+00:00,
120,02:00,5,2024-08-19,Monday,2024-08-18 19:00:00+00:00,2024-08-19 00:00:00+00:00,2024-08-19 00:00:00+00:00,2024-08-19 04:00:00+00:00,538.4,530.86,7.539999999999964,False,BREAK_BEFORE_K1,0,0,,,False,,,BREAK_BEFORE_K1,2024-08-19 00:00:00+00:00,
120,02:00,5,2024-08-20,Tuesday,2024-08-19 19:00:00+00:00,2024-08-20 00:00:00+00:00,2024-08-20 00:00:00+00:00,2024-08-20 04:00:00+00:00,561.18,550.7,10.479999999999905,True,,1,0,2024-08-20 00:15:00+00:00,2024-08-20 00:20:00+00:00,False,,,BREAK_DURING_K1,2024-08-20 00:20:00+00:00,
120,02:00,5,2024-08-21,Wednesday,2024-08-20 19:00:00+00:00,2024-08-21 00:00:00+00:00,2024-08-21 00:00:00+00:00,2024-08-21 04:00:00+00:00,574.88,567.9,6.980000000000018,False,OPPOSITE_VISIT_BEFORE_K1,0,1,,,False,,,OPPOSITE_VISIT_BEFORE_K1,2024-08-21 00:40:00+00:00,
120,02:00,5,2024-08-22,Thursday,2024-08-21 19:00:00+00:00,2024-08-22 00:00:00+00:00,2024-08-22 00:00:00+00:00,2024-08-22 04:00:00+00:00,574.76,563.03,11.730000000000018,False,BREAK_BEFORE_K1,0,0,,,False,,,BREAK_BEFORE_K1,2024-08-22 02:45:00+00:00,
120,02:00,5,2024-08-23,Friday,2024-08-22 19:00:00+00:00,2024-08-23 00:00:00+00:00,2024-08-23 00:00:00+00:00,2024-08-23 04:00:00+00:00,586.63,580.14,6.490000000000009,False,BREAK_BEFORE_K1,0,0,,,False,,,BREAK_BEFORE_K1,2024-08-23 00:10:00+00:00,
120,02:00,5,2024-08-24,Saturday,2024-08-23 19:00:00+00:00,2024-08-24 00:00:00+00:00,2024-08-24 00:00:00+00:00,2024-08-24 04:00:00+00:00,597.87,581.72,16.149999999999977,False,BREAK_BEFORE_K1,0,0,,,False,,,BREAK_BEFORE_K1,2024-08-24 03:35:00+00:00,
120,02:00,5,2024-08-25,Sunday,2024-08-24 19:00:00+00:00,2024-08-25 00:00:00+00:00,2024-08-25 00:00:00+00:00,2024-08-25 04:00:00+00:00,591.57,575.33,16.24000000000001,False,OPPOSITE_VISIT_BEFORE_K1,0,1,,,False,,,OPPOSITE_VISIT_BEFORE_K1,2024-08-25 01:45:00+00:00,
120,02:00,5,2024-08-26,Monday,2024-08-25 19:00:00+00:00,2024-08-26 00:00:00+00:00,2024-08-26 00:00:00+00:00,2024-08-26 04:00:00+00:00,578.75,571.48,7.269999999999982,False,OPPOSITE_VISIT_BEFORE_K1,0,1,,,False,,,OPPOSITE_VISIT_BEFORE_K1,2024-08-26 00:40:00+00:00,
120,02:00,5,2024-08-27,Tuesday,2024-08-26 19:00:00+00:00,2024-08-27 00:00:00+00:00,2024-08-27 00:00:00+00:00,2024-08-27 04:00:00+00:00,557.64,546.41,11.230000000000018,False,NO_K1,0,0,,,False,,,NO_K1,,
120,02:00,5,2024-08-28,Wednesday,2024-08-27 19:00:00+00:00,2024-08-28 00:00:00+00:00,2024-08-28 00:00:00+00:00,2024-08-28 04:00:00+00:00,551.2,520.52,30.680000000000064,False,NO_K1,0,0,,,False,,,NO_K1,,
120,02:00,5,2024-08-29,Thursday,2024-08-28 19:00:00+00:00,2024-08-29 00:00:00+00:00,2024-08-29 00:00:00+00:00,2024-08-29 04:00:00+00:00,540.4,531.81,8.590000000000032,True,,1,0,2024-08-29 00:20:00+00:00,2024-08-29 00:25:00+00:00,True,2024-08-29 00:25:00+00:00,2024-08-29 00:30:00+00:00,H2_ARRIVAL,2024-08-29 01:00:00+00:00,35.0
120,02:00,5,2024-08-30,Friday,2024-08-29 19:00:00+00:00,2024-08-30 00:00:00+00:00,2024-08-30 00:00:00+00:00,2024-08-30 04:00:00+00:00,537.47,530.42,7.050000000000068,False,BREAK_BEFORE_K1,0,0,,,False,,,BREAK_BEFORE_K1,2024-08-30 03:25:00+00:00,
120,02:00,5,2024-08-31,Saturday,2024-08-30 19:00:00+00:00,2024-08-31 00:00:00+00:00,2024-08-31 00:00:00+00:00,2024-08-31 04:00:00+00:00,536.25,530.82,5.42999999999995,True,,1,0,2024-08-31 00:20:00+00:00,2024-08-31 00:25:00+00:00,False,,,BREAK_DURING_K1,2024-08-31 00:25:00+00:00,
120,02:00,5,2024-09-01,Sunday,2024-08-31 19:00:00+00:00,2024-09-01 00:00:00+00:00,2024-09-01 00:00:00+00:00,2024-09-01 04:00:00+00:00,534.57,531.08,3.490000000000009,False,BREAK_BEFORE_K1,0,0,,,False,,,BREAK_BEFORE_K1,2024-09-01 00:30:00+00:00,
120,02:00,5,2024-09-02,Monday,2024-09-01 19:00:00+00:00,2024-09-02 00:00:00+00:00,2024-09-02 00:00:00+00:00,2024-09-02 04:00:00+00:00,523.25,507.0,16.25,False,NO_K1,0,0,,,False,,,NO_K1,,
120,02:00,5,2024-09-03,Tuesday,2024-09-02 19:00:00+00:00,2024-09-03 00:00:00+00:00,2024-09-03 00:00:00+00:00,2024-09-03 04:00:00+00:00,530.6,520.61,9.990000000000009,False,BREAK_BEFORE_K1,0,0,,,False,,,BREAK_BEFORE_K1,2024-09-03 01:05:00+00:00,
120,02:00,5,2024-09-04,Wednesday,2024-09-03 19:00:00+00:00,2024-09-04 00:00:00+00:00,2024-09-04 00:00:00+00:00,2024-09-04 04:00:00+00:00,526.24,518.0,8.240000000000009,False,BREAK_BEFORE_K1,0,0,,,False,,,BREAK_BEFORE_K1,2024-09-04 00:55:00+00:00,
120,02:00,5,2024-09-05,Thursday,2024-09-04 19:00:00+00:00,2024-09-05 00:00:00+00:00,2024-09-05 00:00:00+00:00,2024-09-05 04:00:00+00:00,513.5,506.02,7.480000000000018,False,BREAK_BEFORE_K1,0,0,,,False,,,BREAK_BEFORE_K1,2024-09-05 03:05:00+00:00,
120,02:00,5,2024-09-06,Friday,2024-09-05 19:00:00+00:00,2024-09-06 00:00:00+00:00,2024-09-06 00:00:00+00:00,2024-09-06 04:00:00+00:00,503.04,497.62,5.420000000000016,False,BREAK_BEFORE_K1,0,0,,,False,,,BREAK_BEFORE_K1,2024-09-06 00:00:00+00:00,
120,02:00,5,2024-09-07,Saturday,2024-09-06 19:00:00+00:00,2024-09-07 00:00:00+00:00,2024-09-07 00:00:00+00:00,2024-09-07 04:00:00+00:00,487.25,471.0,16.25,False,BREAK_BEFORE_K1,0,0,,,False,,,BREAK_BEFORE_K1,2024-09-07 00:00:00+00:00,
120,02:00,5,2024-09-08,Sunday,2024-09-07 19:00:00+00:00,2024-09-08 00:00:00+00:00,2024-09-08 00:00:00+00:00,2024-09-08 04:00:00+00:00,496.72,490.33,6.390000000000043,False,NO_K1,0,0,,,False,,,NO_K1,,
120,02:00,5,2024-09-09,Monday,2024-09-08 19:00:00+00:00,2024-09-09 00:00:00+00:00,2024-09-09 00:00:00+00:00,2024-09-09 04:00:00+00:00,507.0,494.72,12.279999999999973,False,BREAK_BEFORE_K1,0,0,,,False,,,BREAK_BEFORE_K1,2024-09-09 00:55:00+00:00,
120,02:00,5,2024-09-10,Tuesday,2024-09-09 19:00:00+00:00,2024-09-10 00:00:00+00:00,2024-09-10 00:00:00+00:00,2024-09-10 04:00:00+00:00,527.61,516.7,10.909999999999968,False,BREAK_BEFORE_K1,0,0,,,False,,,BREAK_BEFORE_K1,2024-09-10 00:10:00+00:00,
120,02:00,5,2024-09-11,Wednesday,2024-09-10 19:00:00+00:00,2024-09-11 00:00:00+00:00,2024-09-11 00:00:00+00:00,2024-09-11 04:00:00+00:00,522.84,516.86,5.980000000000018,False,BREAK_BEFORE_K1,0,0,,,False,,,BREAK_BEFORE_K1,2024-09-11 00:00:00+00:00,
120,02:00,5,2024-09-12,Thursday,2024-09-11 19:00:00+00:00,2024-09-12 00:00:00+00:00,2024-09-12 00:00:00+00:00,2024-09-12 04:00:00+00:00,534.78,528.06,6.720000000000027,False,BREAK_BEFORE_K1,0,0,,,False,,,BREAK_BEFORE_K1,2024-09-12 00:20:00+00:00,
120,02:00,5,2024-09-13,Friday,2024-09-12 19:00:00+00:00,2024-09-13 00:00:00+00:00,2024-09-13 00:00:00+00:00,2024-09-13 04:00:00+00:00,545.6,538.55,7.050000000000068,True,,1,0,2024-09-13 01:55:00+00:00,2024-09-13 02:00:00+00:00,True,2024-09-13 02:05:00+00:00,2024-09-13 02:10:00+00:00,NO_H2_BY_END,,
120,02:00,5,2024-09-14,Saturday,2024-09-13 19:00:00+00:00,2024-09-14 00:00:00+00:00,2024-09-14 00:00:00+00:00,2024-09-14 04:00:00+00:00,559.61,553.12,6.490000000000009,False,NO_K1,0,0,,,False,,,NO_K1,,
120,02:00,5,2024-09-15,Sunday,2024-09-14 19:00:00+00:00,2024-09-15 00:00:00+00:00,2024-09-15 00:00:00+00:00,2024-09-15 04:00:00+00:00,553.63,550.25,3.3799999999999955,False,BREAK_BEFORE_K1,0,0,,,False,,,BREAK_BEFORE_K1,2024-09-15 00:00:00+00:00,
120,02:00,5,2024-09-16,Monday,2024-09-15 19:00:00+00:00,2024-09-16 00:00:00+00:00,2024-09-16 00:00:00+00:00,2024-09-16 04:00:00+00:00,560.74,551.48,9.259999999999991,False,BREAK_BEFORE_K1,0,0,,,False,,,BREAK_BEFORE_K1,2024-09-16 00:10:00+00:00,
120,02:00,5,2024-09-17,Tuesday,2024-09-16 19:00:00+00:00,2024-09-17 00:00:00+00:00,2024-09-17 00:00:00+00:00,2024-09-17 04:00:00+00:00,534.92,526.5,8.419999999999959,True,,1,0,2024-09-17 00:05:00+00:00,2024-09-17 00:10:00+00:00,False,,,BREAK_DURING_K1,2024-09-17 00:10:00+00:00,
120,02:00,5,2024-09-18,Wednesday,2024-09-17 19:00:00+00:00,2024-09-18 00:00:00+00:00,2024-09-18 00:00:00+00:00,2024-09-18 04:00:00+00:00,547.96,541.38,6.580000000000041,True,,1,0,2024-09-18 01:30:00+00:00,2024-09-18 01:35:00+00:00,True,2024-09-18 01:35:00+00:00,2024-09-18 01:40:00+00:00,H2_ARRIVAL,2024-09-18 03:00:00+00:00,85.0
120,02:00,5,2024-09-19,Thursday,2024-09-18 19:00:00+00:00,2024-09-19 00:00:00+00:00,2024-09-19 00:00:00+00:00,2024-09-19 04:00:00+00:00,559.63,540.86,18.769999999999982,False,BREAK_BEFORE_K1,0,0,,,False,,,BREAK_BEFORE_K1,2024-09-19 00:00:00+00:00,
120,02:00,5,2024-09-20,Friday,2024-09-19 19:00:00+00:00,2024-09-20 00:00:00+00:00,2024-09-20 00:00:00+00:00,2024-09-20 04:00:00+00:00,568.32,561.5,6.82000000000005,False,OPPOSITE_VISIT_BEFORE_K1,0,1,,,False,,,OPPOSITE_VISIT_BEFORE_K1,2024-09-20 00:25:00+00:00,
120,02:00,5,2024-09-21,Saturday,2024-09-20 19:00:00+00:00,2024-09-21 00:00:00+00:00,2024-09-21 00:00:00+00:00,2024-09-21 04:00:00+00:00,570.24,565.98,4.259999999999991,False,BREAK_BEFORE_K1,0,0,,,False,,,BREAK_BEFORE_K1,2024-09-21 00:20:00+00:00,
120,02:00,5,2024-09-22,Sunday,2024-09-21 19:00:00+00:00,2024-09-22 00:00:00+00:00,2024-09-22 00:00:00+00:00,2024-09-22 04:00:00+00:00,590.8,583.67,7.1299999999999955,False,OPPOSITE_VISIT_BEFORE_K1,0,1,,,False,,,OPPOSITE_VISIT_BEFORE_K1,2024-09-22 02:05:00+00:00,
120,02:00,5,2024-09-23,Monday,2024-09-22 19:00:00+00:00,2024-09-23 00:00:00+00:00,2024-09-23 00:00:00+00:00,2024-09-23 04:00:00+00:00,595.08,576.07,19.00999999999999,True,,1,0,2024-09-23 01:35:00+00:00,2024-09-23 01:40:00+00:00,False,,,BREAK_DURING_K1,2024-09-23 01:55:00+00:00,
120,02:00,5,2024-09-24,Tuesday,2024-09-23 19:00:00+00:00,2024-09-24 00:00:00+00:00,2024-09-24 00:00:00+00:00,2024-09-24 04:00:00+00:00,616.69,602.11,14.580000000000041,False,BREAK_BEFORE_K1,0,0,,,False,,,BREAK_BEFORE_K1,2024-09-24 02:05:00+00:00,
120,02:00,5,2024-09-25,Wednesday,2024-09-24 19:00:00+00:00,2024-09-25 00:00:00+00:00,2024-09-25 00:00:00+00:00,2024-09-25 04:00:00+00:00,613.9,604.74,9.159999999999968,False,BREAK_BEFORE_K1,0,0,,,False,,,BREAK_BEFORE_K1,2024-09-25 00:15:00+00:00,
120,02:00,5,2024-09-26,Thursday,2024-09-25 19:00:00+00:00,2024-09-26 00:00:00+00:00,2024-09-26 00:00:00+00:00,2024-09-26 04:00:00+00:00,591.71,583.98,7.730000000000018,False,BREAK_BEFORE_K1,0,0,,,False,,,BREAK_BEFORE_K1,2024-09-26 00:45:00+00:00,
120,02:00,5,2024-09-27,Friday,2024-09-26 19:00:00+00:00,2024-09-27 00:00:00+00:00,2024-09-27 00:00:00+00:00,2024-09-27 04:00:00+00:00,598.72,591.33,7.389999999999986,False,BREAK_BEFORE_K1,0,0,,,False,,,BREAK_BEFORE_K1,2024-09-27 00:30:00+00:00,
120,02:00,5,2024-09-28,Saturday,2024-09-27 19:00:00+00:00,2024-09-28 00:00:00+00:00,2024-09-28 00:00:00+00:00,2024-09-28 04:00:00+00:00,611.9,604.31,7.590000000000032,True,,1,0,2024-09-28 02:50:00+00:00,2024-09-28 02:55:00+00:00,False,,,BREAK_DURING_K1,2024-09-28 02:55:00+00:00,
120,02:00,5,2024-09-29,Sunday,2024-09-28 19:00:00+00:00,2024-09-29 00:00:00+00:00,2024-09-29 00:00:00+00:00,2024-09-29 04:00:00+00:00,602.12,595.76,6.360000000000014,False,BREAK_BEFORE_K1,0,0,,,False,,,BREAK_BEFORE_K1,2024-09-29 00:15:00+00:00,
120,02:00,5,2024-09-30,Monday,2024-09-29 19:00:00+00:00,2024-09-30 00:00:00+00:00,2024-09-30 00:00:00+00:00,2024-09-30 04:00:00+00:00,601.67,595.02,6.649999999999977,False,BREAK_BEFORE_K1,0,0,,,False,,,BREAK_BEFORE_K1,2024-09-30 00:00:00+00:00,
120,02:00,5,2024-10-01,Tuesday,2024-09-30 19:00:00+00:00,2024-10-01 00:00:00+00:00,2024-10-01 00:00:00+00:00,2024-10-01 04:00:00+00:00,575.82,563.4,12.420000000000073,True,,1,0,2024-10-01 03:15:00+00:00,2024-10-01 03:20:00+00:00,True,2024-10-01 03:25:00+00:00,2024-10-01 03:30:00+00:00,H2_ARRIVAL,2024-10-01 03:30:00+00:00,5.0
120,02:00,5,2024-10-02,Wednesday,2024-10-01 19:00:00+00:00,2024-10-02 00:00:00+00:00,2024-10-02 00:00:00+00:00,2024-10-02 04:00:00+00:00,551.99,536.11,15.879999999999995,False,BREAK_BEFORE_K1,0,0,,,False,,,BREAK_BEFORE_K1,2024-10-02 01:25:00+00:00,
120,02:00,5,2024-10-03,Thursday,2024-10-02 19:00:00+00:00,2024-10-03 00:00:00+00:00,2024-10-03 00:00:00+00:00,2024-10-03 04:00:00+00:00,545.9,534.4,11.5,False,BREAK_BEFORE_K1,0,0,,,False,,,BREAK_BEFORE_K1,2024-10-03 01:00:00+00:00,
120,02:00,5,2024-10-04,Friday,2024-10-03 19:00:00+00:00,2024-10-04 00:00:00+00:00,2024-10-04 00:00:00+00:00,2024-10-04 04:00:00+00:00,546.45,540.99,5.460000000000036,False,BREAK_BEFORE_K1,0,0,,,False,,,BREAK_BEFORE_K1,2024-10-04 01:20:00+00:00,
120,02:00,5,2024-10-05,Saturday,2024-10-04 19:00:00+00:00,2024-10-05 00:00:00+00:00,2024-10-05 00:00:00+00:00,2024-10-05 04:00:00+00:00,557.97,554.52,3.4500000000000455,False,BREAK_BEFORE_K1,0,0,,,False,,,BREAK_BEFORE_K1,2024-10-05 02:45:00+00:00,
120,02:00,5,2024-10-06,Sunday,2024-10-05 19:00:00+00:00,2024-10-06 00:00:00+00:00,2024-10-06 00:00:00+00:00,2024-10-06 04:00:00+00:00,564.12,558.0,6.1200000000000045,False,BREAK_BEFORE_K1,0,0,,,False,,,BREAK_BEFORE_K1,2024-10-06 01:20:00+00:00,
120,02:00,5,2024-10-07,Monday,2024-10-06 19:00:00+00:00,2024-10-07 00:00:00+00:00,2024-10-07 00:00:00+00:00,2024-10-07 04:00:00+00:00,571.85,563.25,8.600000000000023,False,BREAK_BEFORE_K1,0,0,,,False,,,BREAK_BEFORE_K1,2024-10-07 00:35:00+00:00,
120,02:00,5,2024-10-08,Tuesday,2024-10-07 19:00:00+00:00,2024-10-08 00:00:00+00:00,2024-10-08 00:00:00+00:00,2024-10-08 04:00:00+00:00,574.18,563.32,10.8599999999999,False,OPPOSITE_VISIT_BEFORE_K1,0,1,,,False,,,OPPOSITE_VISIT_BEFORE_K1,2024-10-08 00:05:00+00:00,
120,02:00,5,2024-10-09,Wednesday,2024-10-08 19:00:00+00:00,2024-10-09 00:00:00+00:00,2024-10-09 00:00:00+00:00,2024-10-09 04:00:00+00:00,586.8,578.08,8.719999999999914,False,BREAK_BEFORE_K1,0,0,,,False,,,BREAK_BEFORE_K1,2024-10-09 00:35:00+00:00,
120,02:00,5,2024-10-10,Thursday,2024-10-09 19:00:00+00:00,2024-10-10 00:00:00+00:00,2024-10-10 00:00:00+00:00,2024-10-10 04:00:00+00:00,575.37,565.85,9.519999999999982,False,NO_K1,0,0,,,False,,,NO_K1,,
120,02:00,5,2024-10-11,Friday,2024-10-10 19:00:00+00:00,2024-10-11 00:00:00+00:00,2024-10-11 00:00:00+00:00,2024-10-11 04:00:00+00:00,563.76,556.54,7.220000000000027,False,BREAK_BEFORE_K1,0,0,,,False,,,BREAK_BEFORE_K1,2024-10-11 00:10:00+00:00,
120,02:00,5,2024-10-12,Saturday,2024-10-11 19:00:00+00:00,2024-10-12 00:00:00+00:00,2024-10-12 00:00:00+00:00,2024-10-12 04:00:00+00:00,577.48,572.23,5.25,False,NO_K1,0,0,,,False,,,NO_K1,,
120,02:00,5,2024-10-13,Sunday,2024-10-12 19:00:00+00:00,2024-10-13 00:00:00+00:00,2024-10-13 00:00:00+00:00,2024-10-13 04:00:00+00:00,578.18,576.04,2.1399999999999864,False,BREAK_BEFORE_K1,0,0,,,False,,,BREAK_BEFORE_K1,2024-10-13 00:30:00+00:00,
120,02:00,5,2024-10-14,Monday,2024-10-13 19:00:00+00:00,2024-10-14 00:00:00+00:00,2024-10-14 00:00:00+00:00,2024-10-14 04:00:00+00:00,573.13,568.08,5.0499999999999545,False,BREAK_BEFORE_K1,0,0,,,False,,,BREAK_BEFORE_K1,2024-10-14 03:20:00+00:00,
120,02:00,5,2024-10-15,Tuesday,2024-10-14 19:00:00+00:00,2024-10-15 00:00:00+00:00,2024-10-15 00:00:00+00:00,2024-10-15 04:00:00+00:00,592.0,587.44,4.559999999999945,False,BREAK_BEFORE_K1,0,0,,,False,,,BREAK_BEFORE_K1,2024-10-15 00:25:00+00:00,
120,02:00,5,2024-10-16,Wednesday,2024-10-15 19:00:00+00:00,2024-10-16 00:00:00+00:00,2024-10-16 00:00:00+00:00,2024-10-16 04:00:00+00:00,595.69,587.32,8.370000000000005,False,BREAK_BEFORE_K1,0,0,,,False,,,BREAK_BEFORE_K1,2024-10-16 01:20:00+00:00,
120,02:00,5,2024-10-17,Thursday,2024-10-16 19:00:00+00:00,2024-10-17 00:00:00+00:00,2024-10-17 00:00:00+00:00,2024-10-17 04:00:00+00:00,605.84,600.2,5.639999999999986,False,OPPOSITE_VISIT_BEFORE_K1,0,1,,,False,,,OPPOSITE_VISIT_BEFORE_K1,2024-10-17 00:15:00+00:00,
120,02:00,5,2024-10-18,Friday,2024-10-17 19:00:00+00:00,2024-10-18 00:00:00+00:00,2024-10-18 00:00:00+00:00,2024-10-18 04:00:00+00:00,592.91,586.77,6.139999999999986,True,,1,0,2024-10-18 00:00:00+00:00,2024-10-18 00:05:00+00:00,False,,,BREAK_DURING_K1,2024-10-18 00:05:00+00:00,
120,02:00,5,2024-10-19,Saturday,2024-10-18 19:00:00+00:00,2024-10-19 00:00:00+00:00,2024-10-19 00:00:00+00:00,2024-10-19 04:00:00+00:00,602.0,597.75,4.25,False,NO_K1,0,0,,,False,,,NO_K1,,
120,02:00,5,2024-10-20,Sunday,2024-10-19 19:00:00+00:00,2024-10-20 00:00:00+00:00,2024-10-20 00:00:00+00:00,2024-10-20 04:00:00+00:00,598.49,595.95,2.5399999999999636,True,,1,0,2024-10-20 00:10:00+00:00,2024-10-20 00:15:00+00:00,True,2024-10-20 00:15:00+00:00,2024-10-20 00:20:00+00:00,H2_ARRIVAL,2024-10-20 00:20:00+00:00,5.0
120,02:00,5,2024-10-21,Monday,2024-10-20 19:00:00+00:00,2024-10-21 00:00:00+00:00,2024-10-21 00:00:00+00:00,2024-10-21 04:00:00+00:00,607.65,597.9,9.75,False,BREAK_BEFORE_K1,0,0,,,False,,,BREAK_BEFORE_K1,2024-10-21 00:15:00+00:00,
120,02:00,5,2024-10-22,Tuesday,2024-10-21 19:00:00+00:00,2024-10-22 00:00:00+00:00,2024-10-22 00:00:00+00:00,2024-10-22 04:00:00+00:00,601.54,596.86,4.67999999999995,False,BREAK_BEFORE_K1,0,0,,,False,,,BREAK_BEFORE_K1,2024-10-22 00:30:00+00:00,
120,02:00,5,2024-10-23,Wednesday,2024-10-22 19:00:00+00:00,2024-10-23 00:00:00+00:00,2024-10-23 00:00:00+00:00,2024-10-23 04:00:00+00:00,596.64,593.05,3.590000000000032,False,BREAK_BEFORE_K1,0,0,,,False,,,BREAK_BEFORE_K1,2024-10-23 00:10:00+00:00,
120,02:00,5,2024-10-24,Thursday,2024-10-23 19:00:00+00:00,2024-10-24 00:00:00+00:00,2024-10-24 00:00:00+00:00,2024-10-24 04:00:00+00:00,585.6,577.87,7.730000000000018,False,BREAK_BEFORE_K1,0,0,,,False,,,BREAK_BEFORE_K1,2024-10-24 00:45:00+00:00,
120,02:00,5,2024-10-25,Friday,2024-10-24 19:00:00+00:00,2024-10-25 00:00:00+00:00,2024-10-25 00:00:00+00:00,2024-10-25 04:00:00+00:00,598.23,591.96,6.269999999999982,False,NO_K1,0,0,,,False,,,NO_K1,,
120,02:00,5,2024-10-26,Saturday,2024-10-25 19:00:00+00:00,2024-10-26 00:00:00+00:00,2024-10-26 00:00:00+00:00,2024-10-26 04:00:00+00:00,586.68,564.74,21.93999999999994,False,NO_K1,0,0,,,False,,,NO_K1,,
120,02:00,5,2024-10-27,Sunday,2024-10-26 19:00:00+00:00,2024-10-27 00:00:00+00:00,2024-10-27 00:00:00+00:00,2024-10-27 04:00:00+00:00,587.1,583.19,3.909999999999968,False,BREAK_BEFORE_K1,0,0,,,False,,,BREAK_BEFORE_K1,2024-10-27 00:00:00+00:00,
120,02:00,5,2024-10-28,Monday,2024-10-27 19:00:00+00:00,2024-10-28 00:00:00+00:00,2024-10-28 00:00:00+00:00,2024-10-28 04:00:00+00:00,590.94,585.5,5.440000000000055,False,NO_K1,0,0,,,False,,,NO_K1,,
120,02:00,5,2024-10-29,Tuesday,2024-10-28 19:00:00+00:00,2024-10-29 00:00:00+00:00,2024-10-29 00:00:00+00:00,2024-10-29 04:00:00+00:00,605.0,592.03,12.970000000000027,False,BREAK_BEFORE_K1,0,0,,,False,,,BREAK_BEFORE_K1,2024-10-29 02:05:00+00:00,
120,02:00,5,2024-10-30,Wednesday,2024-10-29 19:00:00+00:00,2024-10-30 00:00:00+00:00,2024-10-30 00:00:00+00:00,2024-10-30 04:00:00+00:00,612.0,600.69,11.309999999999945,False,OPPOSITE_VISIT_BEFORE_K1,0,1,,,False,,,OPPOSITE_VISIT_BEFORE_K1,2024-10-30 01:00:00+00:00,
120,02:00,5,2024-10-31,Thursday,2024-10-30 19:00:00+00:00,2024-10-31 00:00:00+00:00,2024-10-31 00:00:00+00:00,2024-10-31 04:00:00+00:00,600.84,595.02,5.82000000000005,False,BREAK_BEFORE_K1,0,0,,,False,,,BREAK_BEFORE_K1,2024-10-31 00:50:00+00:00,
120,02:00,5,2024-11-01,Friday,2024-10-31 19:00:00+00:00,2024-11-01 00:00:00+00:00,2024-11-01 00:00:00+00:00,2024-11-01 04:00:00+00:00,578.34,571.14,7.2000000000000455,False,BREAK_BEFORE_K1,0,0,,,False,,,BREAK_BEFORE_K1,2024-11-01 00:10:00+00:00,
120,02:00,5,2024-11-02,Saturday,2024-11-01 19:00:00+00:00,2024-11-02 00:00:00+00:00,2024-11-02 00:00:00+00:00,2024-11-02 04:00:00+00:00,573.59,567.52,6.07000000000005,False,BREAK_BEFORE_K1,0,0,,,False,,,BREAK_BEFORE_K1,2024-11-02 00:20:00+00:00,
120,02:00,5,2024-11-03,Sunday,2024-11-02 19:00:00+00:00,2024-11-03 00:00:00+00:00,2024-11-03 00:00:00+00:00,2024-11-03 04:00:00+00:00,570.64,566.76,3.8799999999999955,False,OPPOSITE_VISIT_BEFORE_K1,0,1,,,False,,,OPPOSITE_VISIT_BEFORE_K1,2024-11-03 01:00:00+00:00,
120,02:00,5,2024-11-04,Monday,2024-11-03 19:00:00+00:00,2024-11-04 00:00:00+00:00,2024-11-04 00:00:00+00:00,2024-11-04 04:00:00+00:00,560.22,549.71,10.509999999999991,True,,1,0,2024-11-04 01:20:00+00:00,2024-11-04 01:25:00+00:00,True,2024-11-04 01:25:00+00:00,2024-11-04 01:30:00+00:00,H2_ARRIVAL,2024-11-04 01:30:00+00:00,5.0
120,02:00,5,2024-11-05,Tuesday,2024-11-04 19:00:00+00:00,2024-11-05 00:00:00+00:00,2024-11-05 00:00:00+00:00,2024-11-05 04:00:00+00:00,554.83,543.22,11.610000000000014,False,BREAK_BEFORE_K1,0,0,,,False,,,BREAK_BEFORE_K1,2024-11-05 00:45:00+00:00,
120,02:00,5,2024-11-06,Wednesday,2024-11-05 19:00:00+00:00,2024-11-06 00:00:00+00:00,2024-11-06 00:00:00+00:00,2024-11-06 04:00:00+00:00,569.11,559.03,10.080000000000041,False,BREAK_BEFORE_K1,0,0,,,False,,,BREAK_BEFORE_K1,2024-11-06 00:30:00+00:00,
120,02:00,5,2024-11-07,Thursday,2024-11-06 19:00:00+00:00,2024-11-07 00:00:00+00:00,2024-11-07 00:00:00+00:00,2024-11-07 04:00:00+00:00,595.35,586.09,9.259999999999991,False,BREAK_BEFORE_K1,0,0,,,False,,,BREAK_BEFORE_K1,2024-11-07 00:20:00+00:00,
120,02:00,5,2024-11-08,Friday,2024-11-07 19:00:00+00:00,2024-11-08 00:00:00+00:00,2024-11-08 00:00:00+00:00,2024-11-08 04:00:00+00:00,603.17,596.03,7.139999999999986,True,,1,0,2024-11-08 00:10:00+00:00,2024-11-08 00:15:00+00:00,False,,,BREAK_DURING_K1,2024-11-08 00:15:00+00:00,
120,02:00,5,2024-11-09,Saturday,2024-11-08 19:00:00+00:00,2024-11-09 00:00:00+00:00,2024-11-09 00:00:00+00:00,2024-11-09 04:00:00+00:00,599.29,593.13,6.159999999999968,False,BREAK_BEFORE_K1,0,0,,,False,,,BREAK_BEFORE_K1,2024-11-09 00:10:00+00:00,
120,02:00,5,2024-11-10,Sunday,2024-11-09 19:00:00+00:00,2024-11-10 00:00:00+00:00,2024-11-10 00:00:00+00:00,2024-11-10 04:00:00+00:00,628.0,614.19,13.809999999999945,True,,1,0,2024-11-10 00:25:00+00:00,2024-11-10 00:30:00+00:00,True,2024-11-10 00:30:00+00:00,2024-11-10 00:35:00+00:00,H2_ARRIVAL,2024-11-10 00:35:00+00:00,5.0
120,02:00,5,2024-11-11,Monday,2024-11-10 19:00:00+00:00,2024-11-11 00:00:00+00:00,2024-11-11 00:00:00+00:00,2024-11-11 04:00:00+00:00,639.73,612.02,27.710000000000036,False,BREAK_BEFORE_K1,0,0,,,False,,,BREAK_BEFORE_K1,2024-11-11 00:50:00+00:00,
120,02:00,5,2024-11-12,Tuesday,2024-11-11 19:00:00+00:00,2024-11-12 00:00:00+00:00,2024-11-12 00:00:00+00:00,2024-11-12 04:00:00+00:00,666.51,628.51,38.0,False,BREAK_BEFORE_K1,0,0,,,False,,,BREAK_BEFORE_K1,2024-11-12 01:40:00+00:00,
120,02:00,5,2024-11-13,Wednesday,2024-11-12 19:00:00+00:00,2024-11-13 00:00:00+00:00,2024-11-13 00:00:00+00:00,2024-11-13 04:00:00+00:00,635.56,622.83,12.729999999999905,False,OPPOSITE_VISIT_BEFORE_K1,0,1,,,False,,,OPPOSITE_VISIT_BEFORE_K1,2024-11-13 00:20:00+00:00,
120,02:00,5,2024-11-14,Thursday,2024-11-13 19:00:00+00:00,2024-11-14 00:00:00+00:00,2024-11-14 00:00:00+00:00,2024-11-14 04:00:00+00:00,629.32,605.0,24.32000000000005,False,NO_K1,0,0,,,False,,,NO_K1,,
120,02:00,5,2024-11-15,Friday,2024-11-14 19:00:00+00:00,2024-11-15 00:00:00+00:00,2024-11-15 00:00:00+00:00,2024-11-15 04:00:00+00:00,639.26,616.28,22.980000000000018,False,NO_K1,0,0,,,False,,,NO_K1,,
120,02:00,5,2024-11-16,Saturday,2024-11-15 19:00:00+00:00,2024-11-16 00:00:00+00:00,2024-11-16 00:00:00+00:00,2024-11-16 04:00:00+00:00,620.31,610.75,9.559999999999945,True,,1,0,2024-11-16 00:45:00+00:00,2024-11-16 00:50:00+00:00,True,2024-11-16 00:55:00+00:00,2024-11-16 01:00:00+00:00,H2_ARRIVAL,2024-11-16 01:00:00+00:00,5.0
120,02:00,5,2024-11-17,Sunday,2024-11-16 19:00:00+00:00,2024-11-17 00:00:00+00:00,2024-11-17 00:00:00+00:00,2024-11-17 04:00:00+00:00,630.99,620.6,10.389999999999986,False,OPPOSITE_VISIT_BEFORE_K1,0,1,,,False,,,OPPOSITE_VISIT_BEFORE_K1,2024-11-17 01:30:00+00:00,
120,02:00,5,2024-11-18,Monday,2024-11-17 19:00:00+00:00,2024-11-18 00:00:00+00:00,2024-11-18 00:00:00+00:00,2024-11-18 04:00:00+00:00,622.05,611.33,10.719999999999914,True,,1,0,2024-11-18 00:30:00+00:00,2024-11-18 00:35:00+00:00,False,,,BREAK_DURING_K1,2024-11-18 00:35:00+00:00,
120,02:00,5,2024-11-19,Tuesday,2024-11-18 19:00:00+00:00,2024-11-19 00:00:00+00:00,2024-11-19 00:00:00+00:00,2024-11-19 04:00:00+00:00,622.54,612.83,9.709999999999923,False,NO_K1,0,0,,,False,,,NO_K1,,
120,02:00,5,2024-11-20,Wednesday,2024-11-19 19:00:00+00:00,2024-11-20 00:00:00+00:00,2024-11-20 00:00:00+00:00,2024-11-20 04:00:00+00:00,619.81,605.47,14.339999999999918,False,NO_K1,0,0,,,False,,,NO_K1,,
120,02:00,5,2024-11-21,Thursday,2024-11-20 19:00:00+00:00,2024-11-21 00:00:00+00:00,2024-11-21 00:00:00+00:00,2024-11-21 04:00:00+00:00,613.17,600.25,12.919999999999959,False,BREAK_BEFORE_K1,0,0,,,False,,,BREAK_BEFORE_K1,2024-11-21 02:25:00+00:00,
120,02:00,5,2024-11-22,Friday,2024-11-21 19:00:00+00:00,2024-11-22 00:00:00+00:00,2024-11-22 00:00:00+00:00,2024-11-22 04:00:00+00:00,626.08,619.73,6.350000000000023,False,BREAK_BEFORE_K1,0,0,,,False,,,BREAK_BEFORE_K1,2024-11-22 00:20:00+00:00,
120,02:00,5,2024-11-23,Saturday,2024-11-22 19:00:00+00:00,2024-11-23 00:00:00+00:00,2024-11-23 00:00:00+00:00,2024-11-23 04:00:00+00:00,633.76,618.76,15.0,True,,1,0,2024-11-23 00:00:00+00:00,2024-11-23 00:05:00+00:00,True,2024-11-23 00:05:00+00:00,2024-11-23 00:10:00+00:00,H2_ARRIVAL,2024-11-23 00:15:00+00:00,10.0
120,02:00,5,2024-11-24,Sunday,2024-11-23 19:00:00+00:00,2024-11-24 00:00:00+00:00,2024-11-24 00:00:00+00:00,2024-11-24 04:00:00+00:00,659.25,642.65,16.600000000000023,False,BREAK_BEFORE_K1,0,0,,,False,,,BREAK_BEFORE_K1,2024-11-24 00:45:00+00:00,
120,02:00,5,2024-11-25,Monday,2024-11-24 19:00:00+00:00,2024-11-25 00:00:00+00:00,2024-11-25 00:00:00+00:00,2024-11-25 04:00:00+00:00,664.04,648.88,15.159999999999968,False,BREAK_BEFORE_K1,0,0,,,False,,,BREAK_BEFORE_K1,2024-11-25 01:20:00+00:00,
120,02:00,5,2024-11-26,Tuesday,2024-11-25 19:00:00+00:00,2024-11-26 00:00:00+00:00,2024-11-26 00:00:00+00:00,2024-11-26 04:00:00+00:00,647.57,627.0,20.57000000000005,False,NO_K1,0,0,,,False,,,NO_K1,,
120,02:00,5,2024-11-27,Wednesday,2024-11-26 19:00:00+00:00,2024-11-27 00:00:00+00:00,2024-11-27 00:00:00+00:00,2024-11-27 04:00:00+00:00,617.15,603.33,13.819999999999936,True,,1,0,2024-11-27 00:20:00+00:00,2024-11-27 00:25:00+00:00,True,2024-11-27 00:25:00+00:00,2024-11-27 00:30:00+00:00,H2_ARRIVAL,2024-11-27 02:45:00+00:00,140.0
120,02:00,5,2024-11-28,Thursday,2024-11-27 19:00:00+00:00,2024-11-28 00:00:00+00:00,2024-11-28 00:00:00+00:00,2024-11-28 04:00:00+00:00,647.14,636.0,11.139999999999986,True,,1,0,2024-11-28 00:45:00+00:00,2024-11-28 00:50:00+00:00,False,,,BREAK_DURING_K1,2024-11-28 00:50:00+00:00,
120,02:00,5,2024-11-29,Friday,2024-11-28 19:00:00+00:00,2024-11-29 00:00:00+00:00,2024-11-29 00:00:00+00:00,2024-11-29 04:00:00+00:00,660.0,651.52,8.480000000000018,False,BREAK_BEFORE_K1,0,0,,,False,,,BREAK_BEFORE_K1,2024-11-29 02:30:00+00:00,
120,02:00,5,2024-11-30,Saturday,2024-11-29 19:00:00+00:00,2024-11-30 00:00:00+00:00,2024-11-30 00:00:00+00:00,2024-11-30 04:00:00+00:00,657.89,650.39,7.5,False,OPPOSITE_VISIT_BEFORE_K1,0,1,,,False,,,OPPOSITE_VISIT_BEFORE_K1,2024-11-30 00:40:00+00:00,
120,02:00,5,2024-12-01,Sunday,2024-11-30 19:00:00+00:00,2024-12-01 00:00:00+00:00,2024-12-01 00:00:00+00:00,2024-12-01 04:00:00+00:00,658.76,653.03,5.730000000000018,False,BREAK_BEFORE_K1,0,0,,,False,,,BREAK_BEFORE_K1,2024-12-01 00:40:00+00:00,
120,02:00,5,2024-12-02,Monday,2024-12-01 19:00:00+00:00,2024-12-02 00:00:00+00:00,2024-12-02 00:00:00+00:00,2024-12-02 04:00:00+00:00,659.31,651.91,7.399999999999977,True,,1,0,2024-12-02 00:35:00+00:00,2024-12-02 00:40:00+00:00,False,,,BREAK_DURING_K1,2024-12-02 00:40:00+00:00,
120,02:00,5,2024-12-03,Tuesday,2024-12-02 19:00:00+00:00,2024-12-03 00:00:00+00:00,2024-12-03 00:00:00+00:00,2024-12-03 04:00:00+00:00,648.74,634.32,14.419999999999959,True,,1,0,2024-12-03 00:10:00+00:00,2024-12-03 00:15:00+00:00,False,,,BREAK_DURING_K1,2024-12-03 00:15:00+00:00,
120,02:00,5,2024-12-04,Wednesday,2024-12-03 19:00:00+00:00,2024-12-04 00:00:00+00:00,2024-12-04 00:00:00+00:00,2024-12-04 04:00:00+00:00,749.96,678.19,71.76999999999998,False,BREAK_BEFORE_K1,0,0,,,False,,,BREAK_BEFORE_K1,2024-12-04 00:15:00+00:00,
120,02:00,5,2024-12-05,Thursday,2024-12-04 19:00:00+00:00,2024-12-05 00:00:00+00:00,2024-12-05 00:00:00+00:00,2024-12-05 04:00:00+00:00,747.46,726.82,20.639999999999986,False,OPPOSITE_VISIT_BEFORE_K1,0,1,,,False,,,OPPOSITE_VISIT_BEFORE_K1,2024-12-05 00:45:00+00:00,
120,02:00,5,2024-12-06,Friday,2024-12-05 19:00:00+00:00,2024-12-06 00:00:00+00:00,2024-12-06 00:00:00+00:00,2024-12-06 04:00:00+00:00,731.3,694.48,36.819999999999936,True,,1,0,2024-12-06 00:50:00+00:00,2024-12-06 00:55:00+00:00,True,2024-12-06 01:00:00+00:00,2024-12-06 01:05:00+00:00,H2_ARRIVAL,2024-12-06 01:30:00+00:00,30.0
120,02:00,5,2024-12-07,Saturday,2024-12-06 19:00:00+00:00,2024-12-07 00:00:00+00:00,2024-12-07 00:00:00+00:00,2024-12-07 04:00:00+00:00,744.66,727.0,17.659999999999968,False,NO_K1,0,0,,,False,,,NO_K1,,
120,02:00,5,2024-12-08,Sunday,2024-12-07 19:00:00+00:00,2024-12-08 00:00:00+00:00,2024-12-08 00:00:00+00:00,2024-12-08 04:00:00+00:00,761.69,749.06,12.63000000000011,False,BREAK_BEFORE_K1,0,0,,,False,,,BREAK_BEFORE_K1,2024-12-08 01:30:00+00:00,
120,02:00,5,2024-12-09,Monday,2024-12-08 19:00:00+00:00,2024-12-09 00:00:00+00:00,2024-12-09 00:00:00+00:00,2024-12-09 04:00:00+00:00,744.42,735.23,9.18999999999994,False,BREAK_BEFORE_K1,0,0,,,False,,,BREAK_BEFORE_K1,2024-12-09 00:30:00+00:00,
120,02:00,5,2024-12-10,Tuesday,2024-12-09 19:00:00+00:00,2024-12-10 00:00:00+00:00,2024-12-10 00:00:00+00:00,2024-12-10 04:00:00+00:00,721.8,633.0,88.79999999999995,False,NO_K1,0,0,,,False,,,NO_K1,,
120,02:00,5,2024-12-11,Wednesday,2024-12-10 19:00:00+00:00,2024-12-11 00:00:00+00:00,2024-12-11 00:00:00+00:00,2024-12-11 04:00:00+00:00,680.68,662.25,18.42999999999995,False,BREAK_BEFORE_K1,0,0,,,False,,,BREAK_BEFORE_K1,2024-12-11 01:25:00+00:00,
120,02:00,5,2024-12-12,Thursday,2024-12-11 19:00:00+00:00,2024-12-12 00:00:00+00:00,2024-12-12 00:00:00+00:00,2024-12-12 04:00:00+00:00,713.45,704.63,8.82000000000005,True,,1,0,2024-12-12 00:00:00+00:00,2024-12-12 00:05:00+00:00,False,,,BREAK_DURING_K1,2024-12-12 00:10:00+00:00,
120,02:00,5,2024-12-13,Friday,2024-12-12 19:00:00+00:00,2024-12-13 00:00:00+00:00,2024-12-13 00:00:00+00:00,2024-12-13 04:00:00+00:00,722.9,699.68,23.220000000000027,False,OPPOSITE_VISIT_BEFORE_K1,0,1,,,False,,,OPPOSITE_VISIT_BEFORE_K1,2024-12-13 01:15:00+00:00,
120,02:00,5,2024-12-14,Saturday,2024-12-13 19:00:00+00:00,2024-12-14 00:00:00+00:00,2024-12-14 00:00:00+00:00,2024-12-14 04:00:00+00:00,730.24,718.72,11.519999999999982,False,BREAK_BEFORE_K1,0,0,,,False,,,BREAK_BEFORE_K1,2024-12-14 01:20:00+00:00,
120,02:00,5,2024-12-15,Sunday,2024-12-14 19:00:00+00:00,2024-12-15 00:00:00+00:00,2024-12-15 00:00:00+00:00,2024-12-15 04:00:00+00:00,716.72,704.65,12.07000000000005,False,BREAK_BEFORE_K1,0,0,,,False,,,BREAK_BEFORE_K1,2024-12-15 01:45:00+00:00,
120,02:00,5,2024-12-16,Monday,2024-12-15 19:00:00+00:00,2024-12-16 00:00:00+00:00,2024-12-16 00:00:00+00:00,2024-12-16 04:00:00+00:00,724.65,706.15,18.5,False,BREAK_BEFORE_K1,0,0,,,False,,,BREAK_BEFORE_K1,2024-12-16 00:45:00+00:00,
120,02:00,5,2024-12-17,Tuesday,2024-12-16 19:00:00+00:00,2024-12-17 00:00:00+00:00,2024-12-17 00:00:00+00:00,2024-12-17 04:00:00+00:00,730.89,718.74,12.149999999999977,False,BREAK_BEFORE_K1,0,0,,,False,,,BREAK_BEFORE_K1,2024-12-17 00:05:00+00:00,
120,02:00,5,2024-12-18,Wednesday,2024-12-17 19:00:00+00:00,2024-12-18 00:00:00+00:00,2024-12-18 00:00:00+00:00,2024-12-18 04:00:00+00:00,737.22,714.0,23.220000000000027,False,OPPOSITE_VISIT_BEFORE_K1,0,1,,,False,,,OPPOSITE_VISIT_BEFORE_K1,2024-12-18 00:35:00+00:00,
120,02:00,5,2024-12-19,Thursday,2024-12-18 19:00:00+00:00,2024-12-19 00:00:00+00:00,2024-12-19 00:00:00+00:00,2024-12-19 04:00:00+00:00,721.1,680.0,41.10000000000002,False,BREAK_BEFORE_K1,0,0,,,False,,,BREAK_BEFORE_K1,2024-12-19 02:05:00+00:00,
120,02:00,5,2024-12-20,Friday,2024-12-19 19:00:00+00:00,2024-12-20 00:00:00+00:00,2024-12-20 00:00:00+00:00,2024-12-20 04:00:00+00:00,676.0,647.59,28.409999999999968,False,BREAK_BEFORE_K1,0,0,,,False,,,BREAK_BEFORE_K1,2024-12-20 02:30:00+00:00,
120,02:00,5,2024-12-21,Saturday,2024-12-20 19:00:00+00:00,2024-12-21 00:00:00+00:00,2024-12-21 00:00:00+00:00,2024-12-21 04:00:00+00:00,679.69,664.48,15.210000000000036,True,,1,0,2024-12-21 00:20:00+00:00,2024-12-21 00:25:00+00:00,False,,,BREAK_DURING_K1,2024-12-21 00:35:00+00:00,
120,02:00,5,2024-12-22,Sunday,2024-12-21 19:00:00+00:00,2024-12-22 00:00:00+00:00,2024-12-22 00:00:00+00:00,2024-12-22 04:00:00+00:00,670.45,649.64,20.81000000000006,False,NO_K1,0,0,,,False,,,NO_K1,,
120,02:00,5,2024-12-23,Monday,2024-12-22 19:00:00+00:00,2024-12-23 00:00:00+00:00,2024-12-23 00:00:00+00:00,2024-12-23 04:00:00+00:00,657.74,639.2,18.539999999999964,False,BREAK_BEFORE_K1,0,0,,,False,,,BREAK_BEFORE_K1,2024-12-23 01:15:00+00:00,
120,02:00,5,2024-12-24,Tuesday,2024-12-23 19:00:00+00:00,2024-12-24 00:00:00+00:00,2024-12-24 00:00:00+00:00,2024-12-24 04:00:00+00:00,698.38,680.82,17.559999999999945,False,NO_K1,0,0,,,False,,,NO_K1,,
120,02:00,5,2024-12-25,Wednesday,2024-12-24 19:00:00+00:00,2024-12-25 00:00:00+00:00,2024-12-25 00:00:00+00:00,2024-12-25 04:00:00+00:00,699.27,686.09,13.17999999999995,True,,1,0,2024-12-25 00:45:00+00:00,2024-12-25 00:50:00+00:00,True,2024-12-25 00:50:00+00:00,2024-12-25 00:55:00+00:00,H2_ARRIVAL,2024-12-25 01:00:00+00:00,10.0
120,02:00,5,2024-12-26,Thursday,2024-12-25 19:00:00+00:00,2024-12-26 00:00:00+00:00,2024-12-26 00:00:00+00:00,2024-12-26 04:00:00+00:00,704.85,695.51,9.340000000000032,True,,1,0,2024-12-26 01:35:00+00:00,2024-12-26 01:40:00+00:00,True,2024-12-26 01:40:00+00:00,2024-12-26 01:45:00+00:00,H2_ARRIVAL,2024-12-26 01:55:00+00:00,15.0
120,02:00,5,2024-12-27,Friday,2024-12-26 19:00:00+00:00,2024-12-27 00:00:00+00:00,2024-12-27 00:00:00+00:00,2024-12-27 04:00:00+00:00,694.45,685.04,9.410000000000082,False,NO_K1,0,0,,,False,,,NO_K1,,
120,02:00,5,2024-12-28,Saturday,2024-12-27 19:00:00+00:00,2024-12-28 00:00:00+00:00,2024-12-28 00:00:00+00:00,2024-12-28 04:00:00+00:00,696.0,686.93,9.07000000000005,True,,1,0,2024-12-28 00:55:00+00:00,2024-12-28 01:00:00+00:00,True,2024-12-28 01:05:00+00:00,2024-12-28 01:10:00+00:00,H2_ARRIVAL,2024-12-28 01:40:00+00:00,35.0
120,02:00,5,2024-12-29,Sunday,2024-12-28 19:00:00+00:00,2024-12-29 00:00:00+00:00,2024-12-29 00:00:00+00:00,2024-12-29 04:00:00+00:00,731.25,721.11,10.139999999999986,False,BREAK_BEFORE_K1,0,0,,,False,,,BREAK_BEFORE_K1,2024-12-29 00:30:00+00:00,
120,02:00,5,2024-12-30,Monday,2024-12-29 19:00:00+00:00,2024-12-30 00:00:00+00:00,2024-12-30 00:00:00+00:00,2024-12-30 04:00:00+00:00,702.0,689.67,12.330000000000041,True,,1,0,2024-12-30 01:30:00+00:00,2024-12-30 01:35:00+00:00,True,2024-12-30 01:45:00+00:00,2024-12-30 01:50:00+00:00,NO_H2_BY_END,,
120,02:00,5,2024-12-31,Tuesday,2024-12-30 19:00:00+00:00,2024-12-31 00:00:00+00:00,2024-12-31 00:00:00+00:00,2024-12-31 04:00:00+00:00,712.16,695.04,17.120000000000005,False,NO_K1,0,0,,,False,,,NO_K1,,
